-0.128324 0.126118 0.185957 0.110021 -0.038650 0.169004 0.081091 0.164764 0.031344 0.124710 0.006188 -0.080005 -0.033327 -0.101217 -0.164294 0.148939 -0.231198 0.131705 -0.033585 0.118567 0.180192 -0.074644 -0.115494 0.435335 0.184401 0.179959 -0.034678 -0.068148 -0.134035 0.071517 -0.035736 -0.108699 -0.060542 0.054327 -0.105447 0.223797 -0.007386 -0.125237 -0.268371 0.081786 -0.081696 0.094678 -0.176414 0.005225 0.215891 -0.138419 0.128345 -0.169664 0.116908 -0.067942 
-0.141458 0.083660 -0.298520 -0.029545 0.106351 0.110928 -0.003634 0.084923 0.341026 -0.180869 0.342693 -0.015060 -0.176104 0.055085 0.055970 -0.135059 -0.002255 -0.082177 0.006789 0.047217 0.145808 0.011569 0.048681 0.138064 -0.027159 0.012105 -0.073985 0.231022 -0.087380 0.026490 -0.119769 0.163254 0.154330 0.253148 0.146582 0.128603 0.210062 -0.143249 0.179506 0.096950 -0.180989 -0.087610 -0.137574 -0.020097 -0.125180 -0.006158 -0.062104 0.142105 0.171271 0.089967 
-0.138543 -0.157409 -0.026512 -0.177098 -0.241403 -0.102060 -0.003208 0.059148 -0.182055 0.229808 -0.004808 0.072513 0.137140 -0.194086 -0.075275 -0.050078 -0.085036 0.029146 0.267711 -0.085102 0.042499 0.202388 -0.164251 0.005208 0.069952 0.050030 -0.084299 0.006701 0.117126 -0.191383 -0.146251 -0.132416 0.093157 0.094869 0.382047 -0.090735 0.032247 -0.120513 0.260807 0.099611 0.201381 -0.036777 -0.107000 -0.098949 0.106248 -0.101657 0.112601 0.115812 0.205779 -0.129268 
-0.149478 -0.075765 0.107033 0.209619 -0.158253 -0.193160 0.342128 -0.007193 0.071720 -0.183864 -0.012501 -0.050468 0.096467 0.039656 -0.069931 -0.028014 -0.320217 -0.004364 0.028680 0.092455 -0.028079 -0.021128 0.046005 -0.147410 -0.045993 0.007985 0.262553 0.179227 -0.047735 -0.181524 0.150184 -0.263923 0.044104 0.025257 -0.153742 -0.030337 0.151930 -0.001278 -0.046793 0.077108 0.028854 -0.059067 -0.074798 -0.015866 -0.343812 -0.052518 0.292804 0.148127 -0.032533 0.113773 
-0.141227 0.249467 -0.224560 -0.073789 0.000176 -0.000592 0.252479 0.098280 -0.199420 -0.036154 -0.036763 0.160995 -0.109572 -0.031103 -0.042110 0.136616 -0.221468 -0.239806 0.066695 -0.147535 0.019834 -0.167662 0.023005 0.002741 -0.010130 -0.013233 0.212075 -0.048485 -0.216232 0.105846 -0.033058 0.257640 0.097141 0.037966 0.133749 -0.026891 -0.036455 0.167471 0.149609 -0.107670 0.147568 0.203976 -0.063765 0.193944 0.186020 0.096455 0.168076 0.024504 -0.284881 -0.011133 
-0.137826 -0.243592 -0.137842 0.119221 -0.100483 0.197670 -0.003961 -0.034717 -0.097416 0.013479 0.087203 0.028494 0.189453 -0.010205 0.038617 0.041649 -0.075904 -0.074629 0.095818 -0.030783 -0.473362 0.153784 0.105197 0.072684 0.103029 0.130342 -0.018009 0.203340 -0.173047 0.047085 0.201120 0.177416 -0.100189 -0.066924 0.053847 0.015227 -0.068908 -0.196748 -0.048250 -0.251129 -0.266108 -0.128719 0.114801 -0.146624 0.161585 0.128036 0.150399 -0.054239 0.023046 0.068578 
-0.139994 -0.039308 -0.060805 -0.165121 -0.056282 -0.047600 0.058243 0.130260 -0.143806 -0.180988 -0.197386 -0.256526 -0.099791 0.083726 0.207204 0.018475 0.158791 0.061013 0.023295 0.050821 -0.194457 0.130141 -0.171625 0.082612 0.209738 -0.096018 -0.127410 -0.054643 -0.268932 -0.002528 -0.248266 0.086894 -0.135992 0.257828 -0.007759 -0.123717 -0.151354 0.139983 -0.167169 -0.024523 -0.017976 -0.121464 0.001116 0.115557 -0.267035 -0.287321 0.068119 0.054241 -0.067293 -0.028755 
-0.142392 0.302577 0.039539 0.092390 -0.232292 0.070077 0.142152 0.111834 0.077959 -0.186028 0.090558 -0.040969 -0.171082 -0.147747 -0.136388 -0.154564 0.288086 -0.118687 -0.053794 -0.171426 -0.214819 0.047927 -0.008419 0.042126 0.112820 0.054740 -0.043900 -0.282174 0.135710 -0.293843 0.035416 -0.055930 -0.253783 -0.107428 -0.079865 -0.144556 0.194452 -0.131808 0.146597 0.010590 -0.020599 0.094921 -0.010771 -0.069635 0.090654 -0.051120 -0.075068 -0.065237 -0.099209 0.176900 
-0.146368 0.133463 0.078798 0.014606 0.048067 0.036596 -0.127718 0.118035 0.001428 -0.040085 -0.015231 -0.455449 0.344060 -0.198496 -0.073989 -0.215135 0.048835 -0.035719 0.026027 -0.208945 0.052400 -0.011194 0.101572 -0.007724 -0.121362 -0.093062 -0.093693 0.085443 -0.006491 0.243762 -0.011698 -0.057425 0.086076 -0.154483 0.012770 0.010032 -0.130762 -0.196476 -0.024378 -0.052082 -0.072583 0.291492 -0.013054 0.096308 -0.064547 -0.014394 0.039464 0.336790 -0.138668 -0.095992 
-0.154013 -0.138569 0.049249 -0.204473 -0.012402 0.356281 -0.140164 -0.130166 -0.019483 0.124498 0.027016 0.317562 -0.000781 -0.071579 -0.195047 0.100983 0.214687 -0.089573 0.090913 0.097146 0.037424 -0.027501 0.130635 0.156238 -0.078689 -0.023991 -0.118381 -0.092107 0.005501 -0.066004 0.041152 -0.146773 0.063629 0.237454 -0.187427 -0.044752 -0.123579 -0.009496 0.004620 0.072027 0.006108 0.183298 0.116058 0.131279 -0.279937 0.101099 0.241031 0.121723 -0.117630 0.219541 
-0.141302 -0.029660 -0.078822 -0.032819 -0.309787 -0.057161 -0.165294 -0.105312 -0.030422 -0.162288 0.008262 -0.144809 -0.009274 0.266206 -0.061783 0.204093 -0.067885 -0.188480 -0.034964 0.079580 0.017196 -0.186723 -0.005673 0.176038 -0.345314 0.280704 -0.009436 -0.179679 0.070782 -0.002038 0.030738 0.030719 0.136143 -0.046600 -0.076381 0.043296 -0.074827 -0.221571 0.112618 -0.088564 0.141273 -0.202359 0.204331 0.030358 -0.023246 -0.245857 -0.124611 0.022769 -0.048401 -0.178097 
-0.140802 -0.081164 -0.177805 -0.006040 0.019208 -0.036552 -0.338349 0.130268 -0.057631 0.005639 -0.015684 -0.107654 0.054239 -0.064553 -0.094309 0.123157 -0.099707 -0.199733 -0.245606 0.035775 0.006755 -0.334503 0.010824 -0.382175 0.236685 0.063992 0.057720 -0.180115 -0.125203 -0.099141 0.002570 -0.150767 0.035663 0.044610 0.198549 -0.078785 0.061094 0.021572 -0.113198 0.043296 -0.180122 0.144735 0.098582 0.046592 -0.036600 -0.016453 -0.027324 -0.098825 0.281125 0.156619 
-0.120088 -0.162761 0.115435 0.178429 -0.123160 0.032970 0.002212 -0.051592 -0.100847 -0.006398 -0.127018 0.017314 0.073733 0.356649 0.212851 -0.143138 -0.099849 -0.083017 0.140285 0.097197 0.110778 0.057530 0.105187 0.044290 -0.008842 0.108783 -0.015542 -0.088688 -0.016366 -0.214746 -0.286595 0.029806 -0.242773 -0.084082 0.088450 0.303271 -0.019390 0.124877 0.119012 0.077837 -0.186151 0.341191 -0.011554 0.076959 -0.001888 0.182654 -0.198260 0.100657 -0.020887 0.059562 
-0.140806 0.206717 0.179946 0.091029 -0.089579 0.011370 -0.078788 -0.103418 -0.041492 -0.121785 0.112011 0.061529 0.100521 0.142326 -0.118225 -0.234274 0.113876 0.137604 -0.056523 0.033445 0.008287 0.048920 0.427260 0.142662 0.050303 -0.116681 0.318565 -0.031735 -0.109451 -0.008063 -0.102336 -0.114399 0.119185 0.115439 0.302007 -0.161436 -0.263768 0.032244 -0.090459 -0.044847 0.092560 -0.180347 -0.018713 0.076197 0.028614 0.086155 -0.063491 -0.211538 0.107196 -0.049204 
-0.125551 -0.157900 0.024731 -0.103382 0.126768 0.054885 0.046692 -0.038807 0.062692 -0.024012 0.201334 -0.010333 0.071344 -0.167571 0.066340 -0.062788 -0.101402 -0.217349 0.138457 0.085320 0.007896 -0.053326 0.076557 -0.111461 -0.005514 -0.064502 0.150785 -0.131809 0.346223 -0.069537 -0.078073 0.290082 -0.186855 0.133571 0.047192 0.056784 0.006207 -0.145062 -0.361638 -0.109663 0.163867 0.120630 -0.140740 -0.151613 -0.204407 -0.064957 -0.050035 -0.227397 -0.114335 -0.233622 
-0.159150 0.052298 0.064776 -0.354138 0.173249 -0.036489 0.105672 0.019637 -0.202638 -0.082202 0.002472 0.033274 0.155408 0.220775 0.024055 0.017242 -0.066538 0.078598 -0.041420 -0.021163 0.048364 -0.145227 -0.091980 0.157378 0.073559 -0.081827 -0.015285 0.092848 -0.010375 -0.093950 0.162984 0.081767 0.061126 -0.168134 0.118327 -0.060403 -0.041206 -0.163373 -0.167002 0.293506 0.071953 -0.019324 0.044784 -0.340728 0.029673 0.003179 -0.239488 0.075641 -0.148020 0.377554 
-0.150412 -0.207969 -0.130225 0.012554 -0.135233 -0.132835 0.196935 0.129181 -0.143825 0.145524 0.133926 -0.075497 -0.101966 -0.103974 0.120502 0.045796 0.308883 0.232088 -0.198058 0.001586 0.069328 -0.215084 -0.037431 0.003790 -0.028964 -0.069646 0.155661 0.110724 0.189773 -0.131569 -0.119133 -0.072517 0.138340 0.052836 0.017361 0.134687 -0.012850 -0.126071 -0.069151 0.109997 -0.272030 -0.087988 0.164134 0.118423 0.114368 0.205158 0.061689 -0.045640 -0.287247 -0.163560 
-0.152115 0.013269 -0.134389 -0.042857 -0.145769 0.049312 -0.248816 -0.046770 0.008044 -0.082151 -0.090437 -0.114302 0.054902 0.029516 0.269632 -0.146730 0.050771 -0.132944 0.232558 -0.202273 0.096504 -0.066413 -0.215888 0.134016 0.014850 -0.204155 0.074039 0.084327 0.102191 -0.109265 0.340728 -0.160003 0.037822 0.103101 -0.139096 0.170711 0.095186 0.164289 -0.166542 -0.094659 0.151250 -0.126655 -0.150237 0.216219 0.169057 0.165265 -0.014204 -0.116664 0.083115 0.112132 
-0.138230 -0.138658 0.107915 0.039971 -0.108340 -0.002450 -0.148318 0.200257 0.242648 -0.074700 0.148772 0.131665 -0.003434 -0.185105 0.405553 0.204319 -0.131220 0.207109 -0.058913 -0.100470 -0.026206 -0.098882 0.190025 0.154175 -0.019333 -0.130024 -0.067920 0.028789 -0.135501 -0.036882 -0.192295 0.007060 -0.018079 -0.206320 -0.057041 -0.172562 0.167738 0.068291 -0.032064 -0.062412 0.333489 0.110545 0.241705 -0.037809 0.033895 0.039540 0.009382 0.064311 0.051306 0.012724 
-0.163341 -0.081011 0.196722 0.235900 0.145459 0.215202 0.161245 0.150409 -0.029690 0.187983 0.063423 -0.100449 0.040914 -0.062963 0.025997 -0.163413 -0.082676 -0.087410 0.100014 -0.121952 0.095792 0.031498 -0.129111 -0.025868 0.114862 0.245709 -0.060171 -0.274034 -0.035340 0.062891 0.079481 0.142947 0.251974 0.043482 -0.036212 -0.151056 0.073687 0.193044 0.001515 0.092207 0.037248 -0.321356 0.233649 0.056592 -0.163004 0.207749 -0.211531 0.042138 -0.033773 -0.036299 
-0.134884 0.028775 -0.045954 -0.059949 0.156970 0.033074 -0.053470 -0.105758 -0.295017 0.017523 0.184059 -0.317385 -0.197404 0.075204 0.073129 0.060836 -0.150208 -0.015836 0.127732 0.117809 0.030396 0.059936 0.286908 -0.054108 0.290670 -0.043900 0.004897 0.119959 0.236535 0.027528 -0.070293 -0.023908 0.023199 -0.036862 -0.422701 -0.163902 -0.068257 0.007455 0.278038 0.132993 0.045944 0.018594 0.028478 -0.004675 0.142439 -0.012167 0.072137 -0.075653 0.109803 -0.014070 
-0.153443 0.046234 0.004992 -0.025361 -0.023885 0.226526 0.095925 -0.316287 0.128682 0.106115 0.072907 -0.058525 0.266900 0.133627 -0.014326 0.153332 0.051748 0.057988 -0.387806 -0.098130 0.213792 0.067662 -0.196744 -0.027758 0.159956 -0.227900 0.191191 -0.097139 0.025215 -0.118481 0.038895 0.234733 -0.201865 -0.031425 -0.033495 0.014815 -0.006286 0.069704 0.148051 -0.089183 0.012497 -0.078585 0.052550 -0.006972 0.037394 -0.058019 0.150345 0.240655 0.160896 -0.119875 
-0.142791 0.170219 0.094281 0.088479 0.001400 0.053884 -0.407277 0.095474 -0.065283 0.076637 0.047585 -0.003660 -0.181857 0.153012 0.004849 0.148261 -0.125773 0.188438 0.093229 0.033409 0.003664 0.184008 0.015457 -0.078688 0.014009 -0.124226 0.072698 -0.145474 0.183162 0.184874 0.099956 -0.034134 -0.090566 -0.039700 0.273611 0.119682 0.270143 0.088344 0.016481 0.002555 -0.144114 -0.154781 0.006154 -0.117415 -0.096513 -0.084197 0.210144 0.072092 -0.370180 0.036788 
-0.127946 0.196142 0.092547 -0.019576 0.204687 -0.185394 -0.154252 -0.244687 0.228884 0.104646 0.073140 0.112162 0.237668 -0.050295 0.065151 -0.082905 -0.092159 -0.018352 0.172271 0.117225 -0.020545 -0.158619 -0.136501 -0.005080 0.058392 0.079198 -0.088430 0.145308 -0.166226 -0.252887 -0.039838 -0.103784 -0.053889 0.154677 -0.075815 -0.222685 0.035810 0.059617 0.103197 -0.040944 -0.229053 -0.014658 0.116516 0.035899 0.173965 -0.165218 -0.070319 -0.084594 -0.340932 -0.181820 
-0.131853 -0.056298 -0.249936 0.303959 0.103989 -0.261920 -0.065722 -0.154051 0.025124 0.155032 -0.043451 0.125472 -0.005560 0.167991 -0.131957 -0.017564 -0.019573 0.011217 -0.170830 -0.371438 0.047497 -0.022738 0.133433 0.048527 0.169903 0.185546 -0.295583 0.108208 0.138237 0.063220 -0.116762 0.004286 -0.197094 0.062627 -0.006634 -0.050612 -0.041543 -0.107426 -0.188236 0.062351 0.245405 -0.106984 -0.123351 0.132645 -0.044722 0.015741 0.056084 0.060344 -0.131932 0.101225 
-0.132694 0.071791 0.149893 -0.160161 -0.111668 -0.126656 0.020242 -0.295841 0.155458 0.130825 -0.229148 0.009119 -0.417725 -0.014010 0.001930 -0.088316 -0.233444 0.092518 0.086137 -0.067246 -0.131207 -0.029563 -0.014810 -0.028301 -0.048578 -0.086772 0.043366 -0.112395 0.086754 0.037201 -0.036702 0.146183 0.092007 0.038544 -0.011216 -0.191386 0.010984 -0.210557 -0.254857 -0.058615 -0.230445 0.043584 0.054890 0.106721 0.098625 0.163617 -0.053715 0.278626 0.200155 0.011830 
-0.143201 -0.075679 0.101884 0.061425 0.041570 0.058615 0.099197 -0.247914 -0.251635 0.060317 0.185888 0.065089 -0.194574 -0.026865 -0.075216 -0.024486 0.058346 -0.025899 0.162816 -0.266923 0.005662 -0.327535 0.000769 -0.043920 -0.138778 -0.293512 -0.200718 -0.011570 -0.297000 0.048279 -0.047009 -0.120063 -0.090222 -0.263422 0.015824 0.122925 0.077205 0.033851 0.048902 -0.030308 -0.113117 -0.124415 -0.135875 -0.098567 -0.184648 -0.134336 -0.037912 -0.117428 0.126619 -0.159158 
-0.119493 0.050721 -0.158813 -0.116792 0.016696 -0.178988 -0.122641 -0.004258 0.113863 -0.053382 -0.126908 -0.015974 -0.047011 -0.027849 -0.113665 -0.159999 0.106713 0.227219 0.224940 0.035830 0.211335 -0.003182 -0.143671 0.022076 0.062932 0.183935 0.150262 0.014871 -0.160304 0.063856 0.089376 0.209321 -0.222361 -0.274790 -0.027785 0.000367 -0.042391 -0.135502 0.120373 0.108750 0.055633 0.056404 0.231956 0.020231 -0.266002 0.225159 0.225325 -0.282031 0.100500 -0.076197 
-0.137702 -0.160405 -0.247544 -0.029854 0.075847 0.222379 0.039821 -0.068845 0.047552 0.016924 -0.230767 0.074574 -0.009035 -0.101870 0.053114 0.040189 -0.090279 0.264518 0.010886 -0.259359 0.091079 0.157779 0.012498 -0.056411 -0.015954 0.091747 0.359475 -0.048722 -0.044062 0.144852 -0.076114 -0.244593 0.017328 0.063544 -0.133968 -0.044570 0.012404 -0.136032 0.143350 -0.147555 -0.077777 0.075424 -0.082392 -0.067218 -0.069571 -0.216035 -0.381663 -0.127601 -0.117138 0.095012 
-0.145450 -0.052162 0.117074 -0.058793 -0.201474 -0.059075 -0.057553 0.115398 -0.047811 0.254957 0.192113 -0.051963 -0.045034 0.019306 -0.179686 -0.154078 -0.080701 0.185152 -0.149289 0.191951 0.049661 0.008971 -0.143072 -0.085249 -0.083707 -0.003629 -0.112425 0.201827 0.038742 -0.058425 -0.014297 0.236962 0.075867 -0.121448 -0.063669 -0.057241 -0.054526 0.114587 0.073950 -0.417900 0.043191 0.056881 -0.177021 0.195936 -0.100454 -0.097069 -0.139850 -0.161515 -0.054340 0.337734 
-0.147606 -0.011343 -0.027881 0.154606 0.120804 0.157441 0.015226 0.036824 0.060483 -0.267799 -0.190666 0.014896 0.098277 0.242553 -0.121926 0.241379 0.052356 0.016977 0.047166 0.053318 0.020017 0.075668 -0.233029 -0.044021 -0.055654 -0.141846 -0.195958 0.016617 0.130017 -0.072404 -0.246463 -0.039524 0.290947 -0.152043 0.002249 -0.303150 0.082997 -0.096280 -0.034996 -0.118478 -0.066262 0.064354 -0.217272 -0.053211 0.007469 0.284114 0.098209 -0.216080 -0.004315 -0.123533 
-0.167626 -0.211163 0.131694 0.141709 -0.108278 0.030785 -0.078420 -0.113425 0.224429 -0.120014 -0.273952 -0.086627 -0.039483 -0.196816 -0.180198 -0.003572 0.098401 -0.060060 0.046629 -0.090105 -0.027102 -0.121709 0.039196 -0.022539 -0.076955 -0.023073 0.058602 0.171226 0.125203 0.084551 -0.123643 0.288929 0.108053 0.012709 0.021688 0.064258 -0.124330 0.343658 0.069254 0.305225 -0.049768 -0.039711 0.005676 -0.208502 0.194362 -0.218902 0.089298 -0.117677 -0.037736 0.177955 
-0.138066 -0.045530 0.072658 0.099308 0.196518 -0.131573 -0.127456 0.189119 -0.100506 -0.271740 -0.172576 0.188205 -0.177303 -0.258783 -0.191277 0.003764 -0.211747 -0.095649 -0.169846 0.017562 0.095921 0.135709 -0.036119 0.110405 0.084578 -0.242122 -0.087678 0.089453 0.061834 -0.220276 0.115180 -0.007855 -0.070402 0.039980 -0.034106 0.207712 -0.279124 -0.048895 0.154164 -0.168420 -0.035209 -0.122232 0.160842 -0.032354 -0.057589 0.090176 -0.176092 0.103261 -0.004971 -0.143874 
-0.137841 -0.044448 -0.127179 -0.318476 -0.083830 0.088442 0.120895 -0.031831 -0.041688 -0.108387 -0.114892 -0.078044 0.072703 -0.148851 -0.162144 -0.022311 -0.102286 -0.003108 -0.148284 0.174493 0.084357 -0.015730 0.180232 0.092085 -0.163327 0.127891 -0.153405 0.112357 0.094243 0.171453 0.009533 -0.154861 -0.370909 -0.040773 0.085486 -0.187182 0.256595 0.335414 -0.056815 -0.005928 -0.084284 -0.175600 -0.049680 0.030582 0.049117 0.218500 -0.128222 0.033935 -0.007655 -0.137211 
-0.152251 0.197527 -0.213360 0.086547 -0.109530 -0.024370 -0.119208 -0.052041 -0.092936 0.106985 -0.105897 0.251618 -0.014701 -0.151784 0.269381 -0.158884 0.118794 -0.064529 -0.149086 0.222824 -0.030473 -0.043505 0.017090 0.093868 0.128346 0.184722 0.043926 -0.029331 0.056081 0.009438 0.042388 0.015302 0.230133 -0.290012 -0.125995 -0.032586 -0.121047 0.166319 -0.071727 -0.007943 -0.073910 0.005656 -0.301332 -0.283852 -0.169215 -0.044617 0.021086 0.198875 0.028905 -0.170378 
-0.135606 0.090640 0.007281 -0.000170 0.275554 0.015420 0.075085 -0.078609 0.066141 0.260923 -0.071542 -0.274454 -0.201706 -0.024394 0.256688 0.050650 -0.056889 -0.124733 -0.254704 -0.090479 -0.082058 0.178445 0.000854 0.137237 -0.380754 0.107431 -0.039872 0.046210 0.002330 -0.213067 0.126261 -0.142419 -0.011722 0.007120 0.236731 -0.041135 -0.164655 0.076740 0.067713 0.013680 0.030989 0.126376 0.030100 -0.096447 -0.104926 0.031740 0.170563 -0.248065 0.057653 0.052802 
-0.140423 -0.221315 0.047512 0.127461 0.084366 -0.148463 0.030639 -0.295786 -0.147630 -0.228040 0.181472 -0.029205 -0.189574 0.004950 -0.071335 -0.122743 0.194849 -0.001246 -0.083180 0.132023 0.103628 0.166258 -0.193570 0.052371 0.090702 0.119020 0.005765 0.015870 -0.094583 0.204420 0.135639 -0.112831 0.120153 0.101572 0.114038 -0.019054 0.199848 0.106118 -0.111431 -0.179728 0.165971 0.358756 0.188569 -0.150920 0.162962 -0.044867 -0.002748 0.083075 -0.021802 -0.038476 
-0.134479 0.141621 0.069912 -0.016143 -0.029645 -0.304570 0.038156 0.054948 0.064683 -0.037505 0.256702 -0.035376 0.070808 -0.051866 0.016841 0.372716 0.137731 0.039163 0.215950 -0.115860 0.097594 0.022827 -0.068726 -0.109200 -0.114083 0.155879 0.030660 -0.111844 0.016050 0.124990 -0.075846 -0.081063 -0.137369 0.177659 -0.108747 0.039199 -0.309572 0.164225 -0.013232 -0.177134 -0.115897 -0.052121 -0.107195 -0.285529 0.009001 0.247664 -0.060756 0.117787 0.127605 0.173624 
-0.153402 -0.086709 0.079269 -0.148825 -0.205572 -0.282629 -0.055410 -0.002082 0.124615 0.150102 0.079301 0.060903 0.076402 0.022925 -0.021332 0.056183 -0.024730 -0.319136 -0.214563 -0.010329 -0.051430 0.403497 0.007405 -0.026114 0.021535 -0.220618 -0.009171 -0.098672 -0.246474 0.227315 0.010657 -0.003707 0.089095 -0.028859 -0.195525 0.057888 0.085422 -0.078873 0.030239 0.300116 -0.043536 0.023413 -0.110300 0.023404 -0.004492 0.122407 -0.128702 -0.222631 -0.112391 -0.084826 
-0.137839 -0.067067 -0.044213 -0.062013 -0.019758 -0.089827 0.224131 0.128018 0.154419 0.044825 -0.218760 0.042745 0.078013 0.153261 0.143921 -0.251526 -0.012555 0.103959 -0.033138 0.106052 0.153279 -0.158390 0.237037 -0.128620 0.036315 -0.155697 -0.329716 -0.313569 0.011475 0.155340 0.182641 -0.031862 0.050651 0.191167 -0.038060 0.079785 -0.031293 -0.082873 0.173642 -0.216129 -0.003521 -0.018419 0.038771 -0.234055 0.149255 -0.057228 0.201444 -0.123340 -0.004774 0.032161 
-0.139328 -0.221923 0.107676 -0.059986 0.293862 -0.235637 0.113916 0.153596 0.131060 -0.024369 0.048818 0.150682 0.077226 0.107099 0.031804 0.087484 0.132721 -0.073029 0.076724 0.002934 -0.172330 -0.073690 -0.000962 0.274708 0.083791 0.001390 0.141123 -0.123865 0.268064 0.183302 0.169296 -0.045422 -0.025850 -0.209854 0.117801 -0.092976 -0.007585 0.082519 0.151666 -0.024982 -0.180495 0.041400 -0.106680 0.358733 -0.023299 -0.218432 0.008236 0.036502 0.170375 0.008440 
-0.140085 -0.066483 0.178305 -0.202175 0.015099 0.181955 -0.100723 0.141532 0.031335 -0.232932 0.179489 0.173752 -0.094712 0.184618 0.040669 -0.173476 -0.099484 0.237805 -0.175620 -0.211372 -0.202877 -0.026881 -0.131584 -0.311634 -0.091208 0.263577 -0.057036 0.037344 -0.000990 0.007450 0.135724 -0.025130 -0.036968 0.075279 -0.087970 0.050703 -0.204613 0.062370 0.028209 0.203606 0.052464 0.086855 -0.180001 0.069229 0.115975 0.020293 0.083933 0.020888 0.006098 -0.270704 
-0.144215 0.092733 0.050740 -0.247512 0.120675 0.105602 0.105507 0.083284 0.222645 0.114417 -0.046934 0.050804 -0.099241 0.132611 -0.079650 -0.089223 0.100154 -0.260555 0.047465 0.027654 -0.054340 0.075172 -0.032307 -0.194960 0.138200 0.091543 0.082007 0.169208 0.026354 0.042142 -0.328309 -0.281007 0.050211 -0.281122 -0.014621 0.301598 -0.028025 0.018799 -0.143191 -0.200417 0.156682 -0.186415 0.229289 -0.020060 0.108570 -0.053524 0.084482 0.054089 -0.007635 0.039525 
-0.141373 0.025972 0.237324 -0.029057 0.271107 -0.123395 -0.156541 0.133790 -0.232716 0.107175 -0.247088 0.014343 0.083629 0.020138 -0.044703 -0.012573 0.236315 0.011453 -0.094863 -0.005000 -0.132275 -0.076359 0.110430 0.015440 -0.190013 0.120706 0.197252 0.061030 -0.131782 -0.077192 -0.105567 0.182475 -0.025252 0.216114 -0.205329 0.095723 0.422048 -0.119549 0.085802 -0.102512 0.113749 -0.076649 -0.144342 -0.078505 0.057058 0.069797 0.042660 0.079418 0.145637 -0.022813 
-0.142597 0.096602 -0.024631 0.266485 -0.093225 0.128987 0.033882 0.150486 0.074097 0.246211 -0.075051 0.024870 -0.077246 0.137815 -0.013724 0.011609 0.068243 -0.067411 0.042811 0.252952 -0.209332 -0.225153 -0.222191 -0.038576 -0.025464 -0.212045 0.088148 0.236241 0.050863 0.283312 0.080329 -0.109109 -0.255908 0.175688 0.048437 -0.131156 -0.111328 -0.100119 0.124194 0.128005 0.224229 0.109708 0.069826 -0.094848 -0.040004 0.077123 -0.223358 0.059368 0.062572 -0.099810 
-0.141929 0.111820 0.236281 -0.002624 -0.063689 0.070874 0.123568 -0.168250 0.054975 -0.069558 -0.166747 -0.023712 -0.047544 -0.153310 0.189482 0.366117 0.211319 0.033176 0.064549 0.120036 0.112192 0.031994 0.200020 -0.270265 0.208682 0.168338 -0.175207 0.187337 -0.054909 -0.016520 0.262692 0.075596 0.049942 -0.030158 0.208732 0.135097 0.023804 -0.175972 0.051838 0.014461 0.104075 -0.020315 -0.135438 0.236144 -0.054450 -0.012889 -0.168896 -0.027154 -0.042490 -0.032210 
-0.129566 0.353973 -0.113684 -0.013351 -0.070681 -0.059557 0.126871 -0.031095 -0.118771 0.003982 -0.014612 0.140237 0.221504 0.030144 -0.059989 0.073969 -0.058351 0.179160 0.014705 -0.139949 -0.220291 0.091055 0.033009 -0.003409 -0.026436 -0.039780 -0.157123 0.100399 0.239920 0.038667 -0.001589 0.065651 0.177546 0.126929 -0.061083 0.243656 0.162693 0.196255 -0.089287 0.037988 -0.075345 0.209272 0.351975 0.035506 -0.179161 -0.112550 -0.109535 -0.177008 0.237332 -0.091348 
-0.140767 -0.010718 -0.181243 0.122659 0.037960 0.026567 0.039078 0.273660 -0.024147 0.118286 0.013878 0.098426 -0.066928 0.134548 -0.093979 0.047442 0.155165 -0.019442 0.185535 0.034909 0.279537 0.257774 0.172877 -0.176600 -0.263554 -0.076697 0.004458 0.054483 -0.127921 -0.205195 0.200257 0.104107 -0.075930 -0.093568 -0.088063 -0.197851 -0.030600 0.049071 -0.304043 0.093408 -0.079845 0.037947 0.077220 0.039759 0.213854 -0.275918 -0.046972 0.114907 0.108741 -0.107711 
-0.125103 -0.061457 -0.294050 0.040060 0.200542 -0.034989 0.014971 -0.122597 0.160572 0.048148 0.056152 -0.189990 0.036039 -0.086053 -0.218973 0.055716 -0.016727 0.297350 0.105124 0.263542 -0.350106 0.016588 0.048813 -0.029531 -0.058047 -0.103461 -0.035133 -0.308161 -0.138625 -0.180722 0.030230 -0.015267 0.085099 -0.097692 -0.001361 0.259376 -0.034175 0.103590 -0.005644 0.108658 0.245404 -0.025624 -0.132447 0.083738 0.100467 0.101948 -0.121663 0.135836 -0.055855 -0.000941 
-0.143345 0.121715 -0.022685 0.160345 0.113199 0.031300 0.030467 -0.133711 -0.213114 -0.173269 0.053770 0.189377 0.135365 -0.253357 0.240922 -0.114286 -0.062592 -0.002732 -0.065943 0.234444 0.039647 0.094691 -0.192326 -0.162229 -0.284568 -0.027844 -0.041860 -0.129937 0.054548 0.201270 -0.194725 -0.007003 -0.123522 -0.045484 -0.013462 0.019284 -0.052469 -0.199242 -0.025790 0.154648 0.007027 -0.182564 0.063295 0.238271 0.155784 -0.080750 0.113284 -0.047687 0.095318 0.291587 
