-0.152714 -0.004594 -0.190304 0.128957 0.149045 -0.076470 0.180262 -0.035172 0.131633 0.246023 0.241516 0.130208 0.141529 0.187597 -0.007053 0.088413 0.171686 0.132971 0.202672 -0.171407 0.071193 0.162865 -0.018146 -0.101236 -0.162476 -0.245634 0.305894 -0.064807 -0.088097 0.004692 -0.079860 0.067755 0.106006 -0.095546 -0.061115 -0.041256 -0.195244 0.016459 -0.067011 0.107141 0.088133 0.072517 -0.302054 0.023936 0.214088 0.020389 0.039692 -0.182978 0.107102 -0.070501 
-0.152404 -0.198592 -0.079685 0.051508 0.227234 0.140361 -0.022655 -0.121355 -0.176530 -0.029775 -0.085498 0.084120 -0.300199 0.082269 -0.040946 -0.073724 0.105674 -0.109889 -0.052125 0.224019 0.259788 0.035728 -0.036154 0.056786 -0.012754 0.166658 0.269683 -0.237579 -0.257258 0.263353 -0.052864 0.002762 -0.042276 0.161310 -0.067848 -0.082556 0.135785 0.181243 0.012029 0.018721 -0.017746 0.210638 -0.073068 -0.042958 -0.113550 0.092017 -0.032453 0.232790 0.141725 0.082834 
-0.136546 0.096187 0.046289 -0.160772 -0.238781 0.076319 0.369820 0.035243 0.038383 0.050200 -0.268717 -0.032979 -0.006963 0.124466 0.034907 -0.039134 -0.154599 -0.189099 0.000531 0.137593 -0.018417 0.121449 0.197953 -0.185343 -0.275056 -0.012229 0.183782 0.091899 -0.053962 0.019683 -0.092015 -0.040095 -0.193726 -0.260028 -0.124742 -0.140533 0.123264 -0.090342 -0.079647 -0.036315 -0.152912 0.049925 0.068840 0.330977 0.028824 -0.145216 -0.087807 0.060616 -0.064116 0.004362 
-0.141044 -0.027209 -0.147185 0.142261 -0.147918 0.038321 0.139359 -0.191223 -0.087723 -0.094216 0.233576 -0.094726 -0.147386 0.037334 -0.110144 -0.021527 -0.164793 -0.113594 0.174822 -0.014122 0.330472 0.101119 -0.224888 -0.055330 0.170534 0.046097 -0.240359 0.012822 0.326093 -0.014839 0.217238 -0.138371 0.019640 -0.065059 -0.054534 -0.149950 -0.035743 0.042553 -0.185557 0.096823 -0.242968 0.053047 0.094627 0.028558 0.039733 -0.116582 -0.060777 -0.123197 0.230546 -0.024460 
-0.123955 0.144595 0.094805 0.067586 0.025106 -0.117015 -0.224443 0.035128 0.023074 0.096215 -0.239878 -0.106139 0.001747 0.003527 0.341743 0.002255 -0.029306 0.042078 -0.044797 -0.185277 0.059336 0.277704 -0.090724 0.040531 -0.037991 -0.226724 -0.066059 -0.097648 -0.039408 -0.069596 0.231191 0.306403 -0.081223 0.211439 0.112745 -0.176437 0.133719 -0.107988 -0.173263 -0.092182 -0.165344 0.003100 -0.150223 -0.092677 0.008898 -0.190344 -0.194583 0.181628 0.099418 -0.011301 
-0.152037 0.030473 0.291893 0.173400 -0.204173 0.030618 0.067137 0.201404 -0.039988 0.092451 0.065834 -0.033438 -0.041613 -0.092017 0.135523 0.098041 0.150046 -0.147605 0.234048 -0.018913 -0.099852 -0.089527 -0.289956 0.078114 0.314797 0.140940 -0.013501 0.048030 -0.169652 0.077687 -0.246101 0.011734 -0.025399 -0.059846 0.070785 -0.235150 -0.136083 0.108768 -0.128461 -0.091848 0.101432 -0.154922 -0.183457 0.201397 -0.137490 0.084572 -0.154835 -0.025168 -0.076355 0.099124 
-0.147569 0.021918 0.161373 0.026524 -0.159501 0.012304 -0.065391 -0.174022 0.089038 0.292925 0.005869 0.122673 0.065278 -0.035422 -0.024300 -0.208511 -0.093346 0.367803 0.112651 0.093970 0.225993 -0.073247 0.102851 0.115196 0.061098 0.074852 0.111699 0.154221 0.023789 0.022739 0.103094 0.055271 0.007274 0.318827 -0.271680 -0.022968 -0.117922 -0.132671 -0.158124 -0.082060 0.138484 -0.006542 0.255058 0.160686 -0.038803 0.159178 -0.005284 0.070250 -0.121957 -0.173852 
-0.163172 0.061542 -0.222572 -0.221876 -0.221283 -0.068648 -0.081220 -0.033837 0.169688 -0.176190 -0.021858 -0.039446 -0.004004 -0.016454 0.066404 0.259850 -0.063938 0.126900 -0.157826 0.159476 0.021912 0.076662 -0.010196 0.355348 0.088704 -0.261750 -0.008467 0.075369 -0.082811 0.205160 -0.145530 -0.194017 -0.238838 0.027982 -0.027427 -0.072073 0.002251 0.014019 -0.027221 0.053895 -0.020925 -0.212554 -0.108168 -0.011861 -0.063114 0.146559 0.219689 -0.040434 0.233185 -0.165303 
-0.143766 -0.195297 0.002542 -0.094971 -0.159503 -0.071748 0.203684 0.101553 -0.281583 -0.034173 -0.171952 0.292694 0.038493 0.027491 0.105258 -0.107368 0.235679 -0.002760 -0.249030 -0.122956 -0.038225 -0.014810 -0.196760 -0.055133 0.055051 -0.062788 0.108646 0.280285 0.129146 0.086059 0.144720 0.100144 0.354681 -0.029353 0.086578 0.150599 0.073815 -0.061653 0.040171 -0.016090 -0.147913 -0.100165 0.022889 0.058973 -0.045781 0.203062 0.050996 0.028646 0.194194 -0.111302 
-0.145971 -0.280265 0.058510 0.126371 0.054013 0.120266 -0.161482 0.130099 0.167088 -0.105142 -0.016707 -0.064116 -0.120860 0.177731 0.207974 0.037201 0.097793 -0.154110 0.057154 0.281601 0.028291 -0.048946 0.003410 -0.062545 -0.082266 -0.359700 -0.127060 -0.015152 0.076811 0.079113 0.197531 0.024746 0.121610 -0.041129 -0.001679 0.135250 -0.125701 0.217744 -0.046364 0.039392 0.210884 -0.176203 0.200028 0.211166 0.187616 -0.107727 0.099471 0.114427 -0.164952 -0.006607 
-0.152534 0.062020 -0.154359 -0.142153 -0.034637 0.033275 -0.088177 -0.148624 -0.146686 0.057454 0.423881 -0.049784 -0.212981 0.187756 -0.106450 -0.135312 0.068204 0.037740 -0.302599 -0.006191 -0.007782 -0.049851 -0.198386 -0.048729 -0.110002 -0.052885 -0.041858 0.077602 -0.079870 0.057280 -0.103727 0.296235 -0.204387 -0.128789 0.149191 -0.007028 -0.083944 -0.184331 -0.064475 -0.112372 -0.076949 -0.147853 0.062945 -0.043135 -0.005687 -0.005199 -0.021899 0.057062 -0.356240 0.062200 
-0.148256 0.271937 0.000469 0.152067 -0.008703 0.012957 0.208065 -0.141177 0.132270 -0.053969 -0.039226 0.188255 -0.112242 -0.264899 0.004856 0.064532 0.038202 -0.056768 -0.007374 -0.087580 0.150403 -0.205241 -0.020101 0.021240 0.018435 -0.403962 -0.084159 -0.059270 -0.090998 -0.096804 0.051270 -0.080229 0.060995 -0.081192 0.114082 -0.019322 0.239123 0.109105 0.087306 0.072360 -0.021160 0.253019 0.069259 -0.084727 -0.140367 0.218050 -0.067655 -0.000884 -0.359925 -0.104089 
-0.138976 -0.153461 0.031026 -0.047943 0.070874 -0.089243 0.125023 -0.114629 0.141314 -0.184602 0.001737 0.118203 -0.178594 0.111006 -0.110515 0.018793 0.019244 -0.168340 0.045452 -0.283259 -0.063493 0.115058 0.281033 -0.003266 0.265062 -0.009998 0.013302 0.060591 -0.053235 -0.034777 -0.164369 0.134934 -0.152977 0.265352 0.237008 0.202385 -0.041585 0.086214 -0.043001 -0.267825 0.060969 0.075566 0.159687 0.104738 -0.058304 -0.201501 -0.046212 -0.203125 0.060262 -0.214363 
-0.144768 -0.222675 0.027653 0.056363 -0.055831 0.043693 0.108718 -0.090444 -0.177734 0.004691 -0.020036 -0.252981 0.329148 0.079312 0.092538 0.193327 -0.079780 -0.092078 -0.147361 -0.205725 0.284331 0.032192 0.132912 0.212144 -0.001707 0.165394 -0.047911 -0.002359 0.054309 0.018622 0.189201 -0.073886 -0.156029 -0.083536 0.159064 0.062351 -0.136468 -0.025951 0.244887 -0.120838 0.158253 0.126260 -0.183551 0.058286 0.136630 0.175988 -0.046918 0.129126 -0.207346 -0.048021 
-0.133313 -0.046880 0.163780 -0.127897 -0.029725 -0.055354 -0.175220 -0.225005 0.127553 -0.000927 -0.083127 0.080401 0.168893 -0.060158 -0.065889 0.107187 0.071210 0.037641 -0.069292 0.051560 0.061128 -0.151654 -0.008145 -0.241168 -0.011678 -0.064041 0.100320 -0.008164 0.173103 -0.261540 -0.142394 0.011984 -0.194955 -0.007164 0.006562 0.128960 -0.245786 0.363582 -0.036349 -0.087430 -0.333353 -0.026084 -0.017953 -0.035933 0.065016 0.193949 -0.136510 0.121898 0.126801 0.284167 
-0.137966 0.016710 -0.173677 -0.046870 0.063493 -0.019230 -0.186125 0.222712 0.143062 0.285964 0.070134 0.249462 -0.015180 0.090433 -0.066921 -0.003756 -0.371275 0.051323 -0.005615 0.017562 0.052885 0.116220 0.063065 0.215352 0.137901 0.117149 -0.127648 0.054023 0.039356 -0.096678 -0.124657 0.078789 0.187013 -0.150572 0.249588 0.156984 0.185514 0.113242 0.034805 0.130648 -0.080302 0.111052 -0.063782 0.300036 -0.017451 0.015368 0.019004 0.151480 -0.004049 0.196155 
-0.153585 -0.102770 -0.063734 -0.164301 0.250740 -0.116732 0.248403 -0.062999 -0.092183 0.056780 -0.006915 -0.168431 0.091968 0.019319 0.153863 -0.246829 -0.048546 -0.120492 0.253161 0.117045 -0.260145 -0.148061 0.065097 0.223898 -0.044595 0.024073 -0.271031 -0.037337 -0.133681 -0.151493 0.101730 0.228094 -0.118992 -0.050534 -0.088101 0.103216 0.002488 0.072798 -0.238609 0.073954 -0.105842 0.033937 -0.024944 -0.067287 -0.044138 0.303164 0.124511 -0.063584 0.070212 -0.033695 
-0.137553 0.270656 -0.055300 0.057106 -0.036512 -0.194185 -0.005661 0.136730 -0.048062 -0.051136 0.191526 -0.098953 0.003586 0.152587 0.075641 0.125358 0.157023 -0.004430 0.298207 0.152517 -0.011424 0.252416 -0.023470 -0.186908 -0.123939 0.152997 0.000058 0.103485 -0.038386 -0.089343 0.068996 -0.037128 -0.102132 0.171893 0.043592 0.221900 0.009211 0.027603 0.397616 0.130279 -0.077061 -0.074131 0.152068 0.004915 -0.251900 0.132571 -0.078220 0.185823 0.021793 -0.150228 
-0.135358 0.073004 0.240190 0.313353 0.017406 -0.128964 -0.169153 0.225367 -0.232889 -0.111231 0.011067 0.010368 0.116530 0.058385 -0.038108 -0.082015 0.094553 0.223700 -0.064020 0.091324 0.076428 -0.099753 0.024932 0.150567 -0.079077 -0.113719 -0.049146 -0.020539 -0.047991 0.147440 -0.034331 0.032039 -0.219360 -0.212297 -0.075131 0.189814 -0.004162 -0.042145 0.051707 -0.082793 -0.166373 0.325164 0.097700 0.113717 -0.075290 -0.155763 0.091691 -0.332952 0.125033 0.080301 
-0.145912 -0.153542 -0.114346 0.278312 -0.096721 -0.392332 0.020673 -0.175356 -0.153734 -0.118049 -0.125460 0.026782 0.134363 -0.056467 -0.157864 -0.187569 -0.089843 -0.008150 0.013962 -0.091902 -0.019976 0.175829 0.000105 0.061215 -0.076897 -0.039527 0.071184 0.152453 -0.143917 -0.113154 -0.036191 -0.144217 -0.004173 0.035976 -0.067978 0.000582 0.095145 0.151846 -0.082890 0.127397 0.161074 -0.277252 -0.001709 -0.105724 -0.128711 -0.196737 0.106545 0.051051 -0.195491 0.330059 
-0.144031 0.039243 0.009427 -0.189948 -0.175861 -0.064162 -0.170802 -0.054838 0.142647 0.022205 -0.250559 -0.003415 -0.039429 0.180054 0.002264 -0.181405 0.201781 0.034932 0.086721 -0.100804 0.167784 -0.093168 0.022035 -0.176381 0.018887 0.170680 -0.335759 0.121136 -0.405453 0.078557 -0.036886 -0.164402 0.088434 -0.043594 0.162692 -0.065680 -0.106919 -0.073734 0.055926 0.220947 0.001736 0.132110 0.032794 -0.155556 0.277037 -0.024885 0.032491 -0.086638 0.027675 0.034128 
-0.140713 -0.124167 -0.009463 -0.067051 -0.105675 -0.109117 -0.180494 0.070155 0.172621 0.199000 -0.004910 -0.297999 -0.260654 -0.224825 -0.110263 -0.019639 0.133856 -0.201845 -0.219081 -0.065821 -0.010363 -0.003870 0.032322 0.045506 -0.296498 0.059285 0.021254 0.060307 0.106223 -0.091872 0.048569 -0.109027 0.130276 0.043620 -0.083491 0.161901 -0.147874 -0.041207 -0.129278 0.144074 0.076797 0.173882 -0.204440 0.086556 -0.342832 -0.002971 -0.123702 -0.170280 0.020089 -0.076820 
-0.145955 0.154054 0.126167 -0.274139 0.023014 -0.101401 -0.115082 0.039268 -0.165078 -0.247636 0.158871 0.105165 -0.002205 -0.189768 -0.126472 -0.076454 0.075412 -0.133511 0.051651 -0.276490 0.115274 -0.027909 0.118799 0.085278 0.028775 -0.067111 -0.050335 -0.362375 -0.103815 -0.113679 0.002185 0.021532 0.127102 -0.107710 -0.308312 0.014405 -0.098419 -0.131370 0.079020 0.062842 0.038644 -0.150096 -0.006271 0.281412 0.084779 -0.073632 0.040034 0.257505 0.094970 -0.034399 
-0.130267 -0.058950 -0.151258 -0.330549 -0.031600 0.162607 0.139767 0.014728 -0.104752 -0.149820 -0.064631 0.004628 -0.047391 0.028579 0.190418 0.156336 0.101532 0.398394 -0.026844 -0.022140 -0.139205 0.130588 -0.156691 0.092382 0.109656 0.061735 -0.046712 -0.055470 0.036799 -0.139046 0.029488 0.026053 0.027126 0.066470 -0.258346 0.055463 -0.016915 0.180981 0.061283 0.138187 0.124629 0.204123 0.044110 0.032570 -0.021762 -0.211321 -0.269573 -0.165745 -0.208340 0.189765 
-0.131949 0.125294 -0.015557 0.024765 -0.024260 -0.156621 0.035461 -0.026766 0.127017 -0.148854 0.061530 -0.210967 0.095678 0.052875 0.266860 -0.119398 -0.240251 0.114447 -0.086636 -0.149844 -0.054614 -0.154040 -0.046717 -0.302528 0.143735 0.102909 0.068228 -0.072546 0.137323 0.325967 -0.204984 0.028634 0.122370 -0.136031 -0.098298 0.194234 -0.003316 0.119686 -0.165108 0.026017 0.128268 0.184146 -0.048639 -0.132440 -0.127578 -0.083079 0.109975 0.276607 -0.003667 -0.139352 
-0.149847 0.161461 0.027852 0.100528 0.103641 0.163161 0.082274 -0.009708 0.080181 0.069715 -0.201661 -0.036360 -0.112709 0.156842 -0.004985 0.198638 -0.139879 -0.171012 0.023724 -0.162487 0.037449 -0.061470 0.039735 0.171622 -0.033354 0.027946 -0.042435 0.097848 0.046327 0.137445 -0.100296 0.184710 0.244679 0.116575 -0.305799 0.008055 -0.275647 -0.052756 0.247033 -0.040093 -0.287486 -0.124383 0.029835 -0.203761 -0.105439 -0.070442 0.228644 -0.079441 -0.121925 0.193230 
-0.122557 -0.039781 0.010147 0.083201 0.099462 0.187591 0.213181 0.234623 0.135180 0.015928 0.044063 0.067302 0.351347 -0.155320 -0.117592 0.089711 -0.011881 0.014937 -0.293929 -0.000856 0.176983 0.048970 -0.082816 -0.014606 -0.220549 0.156872 -0.193844 -0.137033 -0.173681 -0.012605 -0.124706 0.146050 0.009092 0.042234 0.068198 -0.054497 -0.061856 0.132999 -0.148385 0.150988 0.048040 -0.186595 0.313442 -0.132513 -0.109712 -0.102573 -0.122151 -0.005785 0.136801 -0.164357 
-0.100471 -0.002820 0.048198 0.029992 0.066470 0.110340 -0.071514 0.175173 0.034627 -0.183615 -0.023169 -0.263466 0.033348 0.250049 -0.005455 -0.257240 -0.055217 0.013585 -0.129491 0.071134 0.262665 -0.118428 0.042864 -0.089680 0.183031 -0.042096 0.143844 0.051749 0.058258 -0.403568 -0.204155 0.100703 0.071097 0.070773 -0.114159 -0.129916 0.280174 0.017306 0.143682 0.084088 0.027579 -0.172402 -0.190761 -0.012892 0.012131 0.106509 -0.028150 -0.239436 -0.026482 -0.145107 
-0.145248 -0.227332 0.124277 0.010445 -0.145101 0.026716 -0.051993 0.093715 0.016763 -0.112971 -0.006797 -0.094147 -0.228601 -0.069566 -0.069546 -0.108841 -0.255711 0.242926 0.229183 -0.154398 -0.177714 -0.085620 0.064242 0.183431 -0.168717 0.001774 0.305060 -0.129195 0.026261 0.049497 0.055001 0.052271 0.045494 -0.200678 0.247281 -0.135519 -0.104201 0.070203 0.176064 0.148034 -0.125491 -0.108586 0.157812 -0.217439 0.069061 0.050697 -0.200136 0.002107 0.029304 -0.139918 
-0.132585 -0.184698 -0.028460 -0.036916 -0.172835 0.200080 -0.156136 0.087371 -0.176478 0.102420 -0.067734 -0.106511 0.156086 0.055392 -0.251076 0.244694 -0.030938 -0.138558 0.149753 -0.014337 -0.136197 -0.007791 -0.151263 -0.085831 0.168138 -0.207203 0.127814 0.014647 -0.052424 -0.247469 -0.106254 0.070843 -0.040794 0.019771 -0.018373 -0.002909 0.035280 -0.243396 -0.107354 0.116865 0.093921 0.317017 0.198155 -0.182262 -0.070102 -0.036964 0.237536 0.201500 0.037652 -0.044833 
-0.157859 0.109209 -0.040789 -0.004965 -0.099928 0.223253 0.122610 0.153972 0.331250 -0.124197 0.047919 -0.090025 0.026867 0.136997 -0.160903 -0.197560 0.130309 0.070448 0.082844 -0.222958 -0.075328 -0.058693 -0.184093 0.104611 -0.201314 0.029662 0.006499 -0.085752 0.090617 -0.007128 0.149926 -0.137590 -0.048866 0.115972 0.045978 0.062991 0.213050 -0.043549 -0.007756 -0.350704 0.163320 0.020131 0.023375 -0.006314 -0.004216 0.120423 0.110434 0.093410 0.175602 0.354671 
-0.131138 -0.179124 0.028576 0.120749 0.028586 0.155159 0.133602 0.064525 -0.182286 0.220197 0.209034 -0.243458 -0.129467 -0.168658 0.102927 0.039031 -0.000517 0.266866 -0.102834 -0.088180 -0.133357 0.019768 0.267932 -0.194709 0.032905 -0.139673 -0.184410 -0.022485 -0.177915 -0.039893 -0.146957 -0.341591 0.117650 0.194356 -0.010530 0.025483 0.117695 -0.008892 0.019286 -0.121822 -0.277571 -0.084981 -0.014142 0.051993 0.099931 -0.016660 0.087472 0.106521 0.041464 0.051633 
-0.150073 -0.124881 0.039807 0.007927 0.199228 -0.206524 0.042701 0.093065 0.146079 -0.277072 0.056463 0.036285 -0.088010 -0.079448 0.084177 0.416263 -0.014753 0.090671 0.074028 0.100705 0.152120 -0.164945 0.076531 -0.079834 -0.012140 0.218404 0.135834 0.072145 -0.044643 -0.042432 0.079348 0.005123 0.069471 -0.016133 0.046991 0.081190 0.146299 -0.452299 -0.290839 0.024967 -0.067951 -0.073355 0.013710 -0.037312 0.080942 0.071851 -0.052032 -0.045702 -0.085988 0.203865 
-0.140060 0.042870 0.102072 -0.218944 -0.062320 -0.142557 -0.029033 0.114097 -0.238481 0.137126 -0.037634 0.169034 -0.112469 0.086581 -0.049941 0.220243 -0.025568 0.093267 0.126521 0.034764 0.106162 -0.174889 -0.000933 -0.078407 -0.264562 0.159676 -0.096149 -0.124923 0.161295 -0.103840 0.046228 -0.041223 0.018473 0.039993 0.085695 -0.142387 0.143461 0.282238 -0.091479 -0.253699 0.096717 -0.064133 -0.161726 -0.138092 -0.039246 -0.174148 0.334506 -0.079569 -0.112513 -0.213982 
-0.133571 0.080113 -0.084830 -0.110311 -0.147540 -0.020584 -0.068077 0.040796 -0.068530 0.124738 0.052454 -0.096997 0.205767 0.059557 -0.204393 0.075276 0.115985 -0.049091 0.000193 0.050145 -0.082177 -0.059720 0.423491 -0.180209 0.224694 -0.082108 0.009828 -0.200220 0.095810 0.356193 0.256650 0.176463 0.079854 0.040228 0.053250 -0.145429 0.153089 0.069027 -0.023764 0.100922 0.041503 -0.111359 0.025377 -0.043871 -0.161678 0.089092 -0.131015 -0.198485 -0.019817 0.229118 
-0.118483 -0.118253 0.062023 0.066986 -0.019219 -0.096714 0.085852 -0.185533 0.266360 0.206023 -0.120838 -0.123905 -0.114386 -0.216814 -0.145465 0.058228 0.081914 0.132966 -0.076777 0.157681 -0.035333 0.169082 -0.153870 -0.113760 0.252177 0.140170 -0.024039 -0.160976 -0.114013 -0.070503 0.177350 0.217739 -0.029119 -0.351825 -0.126019 0.114016 0.147002 -0.031131 0.277435 -0.177471 0.039248 -0.119255 -0.018484 -0.022624 0.044825 -0.083823 0.180723 -0.038647 0.066409 -0.084855 
-0.146025 0.048001 0.008866 0.102924 -0.037444 0.396313 -0.290184 -0.220219 -0.145024 0.019941 0.036902 0.223935 -0.049314 -0.046299 0.239308 0.069604 -0.121282 -0.098133 0.090748 -0.152472 -0.043802 0.092184 0.129690 -0.110530 -0.131476 0.073807 -0.070997 0.131379 -0.051575 -0.013750 -0.025686 -0.015797 -0.081579 -0.246605 -0.160030 0.214198 0.194533 -0.021617 -0.053774 -0.047470 0.236315 -0.174025 -0.024036 -0.153255 -0.056230 0.126296 -0.136224 -0.173671 0.173896 -0.012498 
-0.150790 0.314789 -0.135867 -0.098468 0.083768 0.161699 -0.090277 0.001194 -0.057041 0.044884 0.077459 -0.179906 0.155219 -0.258151 0.076588 -0.090908 0.166084 -0.151101 0.035794 0.113912 0.031365 -0.030346 0.041524 0.209648 0.124570 0.124587 0.382503 0.204077 -0.082477 -0.041665 0.137038 -0.109430 0.136491 -0.056131 0.143062 0.134184 0.012975 0.171779 -0.126429 -0.109599 -0.130495 -0.021527 0.099188 -0.090597 0.213489 -0.280933 0.061182 -0.032766 -0.053266 -0.063559 
-0.138750 0.131126 -0.187616 0.231358 -0.216641 -0.097469 0.073230 -0.059624 -0.109711 0.093445 -0.149458 -0.002835 -0.113577 -0.117978 0.106627 -0.020367 0.187622 -0.072219 -0.035252 0.135197 -0.066982 -0.044589 0.081378 0.132169 -0.062519 0.114610 -0.054033 -0.281929 0.363894 -0.044044 -0.375344 0.127004 -0.023328 0.143818 0.078618 0.099215 0.046833 -0.146122 0.028774 0.102488 0.133932 -0.013874 0.096226 -0.036295 0.373745 0.038907 -0.028336 -0.007618 0.046123 0.037590 
-0.150873 -0.258210 -0.021163 -0.141861 0.052422 -0.024857 -0.127970 0.106752 0.159091 0.050999 0.169286 0.198147 0.160601 -0.281776 0.313525 -0.190794 -0.043004 -0.212810 0.028810 -0.090722 -0.012932 0.080442 -0.122685 -0.141359 -0.010528 0.072697 0.086447 -0.071661 0.141626 0.117367 -0.021768 -0.067763 -0.236221 0.152756 -0.046182 -0.202976 0.085634 -0.086820 0.238057 0.086041 -0.124959 0.078384 0.091560 -0.000264 0.009132 -0.012878 0.244888 -0.212238 -0.164498 0.066943 
-0.135963 0.172426 0.196630 0.034004 0.213267 -0.224933 -0.015817 0.155684 -0.029971 0.168277 0.023703 0.019974 -0.158911 0.195746 -0.102639 0.110638 -0.112901 -0.142718 -0.319680 -0.142337 -0.239619 0.071829 -0.097330 0.018160 0.122819 0.058135 0.078770 0.049656 0.017843 0.003498 0.157016 -0.238125 -0.141085 0.010533 -0.219358 -0.093316 0.060995 0.135660 -0.063774 0.096525 0.108981 0.030601 0.221274 -0.087962 0.324467 0.200195 -0.087667 -0.033357 0.011802 -0.044122 
-0.136432 0.013468 0.277585 0.120561 -0.029205 0.124488 -0.017152 -0.313443 0.104842 -0.189385 0.196723 0.036668 0.101855 -0.002426 -0.129877 0.103151 0.073334 0.019218 -0.081632 0.054287 -0.309731 -0.096914 0.031721 0.076195 -0.149501 0.137539 -0.076919 0.243262 0.038463 0.050113 0.058426 0.190119 0.047893 0.166797 0.008971 -0.168021 0.213931 0.069584 0.084951 0.287285 -0.044715 0.128483 -0.231194 0.161064 0.133971 -0.157513 0.094815 0.115754 0.060667 -0.083759 
-0.141761 -0.005194 0.068649 -0.135725 0.213584 0.068310 0.010743 0.014257 -0.083120 0.072295 -0.198394 -0.034813 0.116348 -0.098627 -0.323517 -0.052875 -0.166610 -0.009211 0.192348 0.052767 -0.004009 -0.059272 -0.302535 -0.076834 -0.017254 -0.147846 -0.071826 -0.003887 0.075062 0.306901 -0.073627 -0.115364 -0.103317 0.184841 0.017809 0.342350 0.110160 -0.122814 0.044333 0.052636 -0.037455 -0.170208 -0.238363 0.035384 0.142246 -0.089242 -0.249400 -0.055456 -0.124328 -0.128653 
-0.137203 0.044601 -0.145358 0.034982 0.328908 0.068223 -0.148014 0.096889 -0.052068 -0.198091 -0.214505 -0.095523 -0.028068 -0.223042 -0.203697 -0.035967 0.165437 0.164137 0.094773 -0.052988 -0.038937 0.317739 0.098736 -0.109511 -0.030936 0.044226 -0.137040 0.245203 0.231632 0.098763 -0.142059 0.064331 0.019754 -0.163199 0.006713 -0.309140 -0.093540 0.040327 -0.081480 -0.133681 0.041236 0.080353 0.033305 0.087509 0.018249 0.235196 0.078045 0.079489 -0.117160 -0.078748 
-0.140961 -0.065456 -0.367048 0.095751 0.044244 -0.100891 0.026032 0.207693 0.019373 0.048788 0.026547 0.153773 -0.027827 -0.112101 -0.018243 -0.032481 -0.047025 -0.035765 -0.007123 0.075720 -0.054891 -0.422591 0.104404 -0.054599 0.052998 -0.049166 -0.089437 0.272021 -0.016556 -0.052682 0.105211 0.049740 -0.163844 -0.007386 -0.176270 -0.176608 -0.108874 -0.041410 0.232909 -0.175548 0.124820 0.048693 -0.116508 -0.103275 0.026358 -0.221614 -0.265184 0.193373 0.193137 -0.028171 
-0.137435 -0.005007 -0.289893 0.162769 0.062937 -0.038986 -0.235426 -0.234107 0.017792 -0.066421 -0.138411 0.024843 0.216303 0.197675 0.025456 0.060474 -0.059129 -0.021260 -0.057251 0.029582 -0.293770 -0.148175 -0.159959 -0.028669 -0.056007 0.124028 0.014729 -0.287594 -0.111088 -0.082717 0.025137 -0.207924 0.224717 0.013392 0.023083 -0.148280 -0.036576 -0.096762 0.011394 -0.220518 -0.158955 -0.020876 0.105288 0.272027 -0.113943 0.033165 -0.113646 -0.130093 -0.070526 -0.201427 
-0.141758 0.146203 0.001100 0.147822 0.100853 0.259113 0.096592 0.065740 -0.008750 -0.025001 -0.163401 0.206675 -0.099698 0.058055 0.007000 -0.137376 0.040978 0.124597 -0.121369 0.014640 -0.116141 -0.026380 0.110287 -0.101020 0.193529 0.096487 0.057112 -0.155593 0.105933 -0.146688 0.244362 -0.168678 -0.276515 -0.010118 0.191885 0.060962 -0.302216 -0.149290 -0.101951 0.284632 -0.006140 -0.129528 -0.220827 0.017343 -0.177122 -0.083801 0.212184 0.064502 -0.055758 -0.028798 
-0.136118 -0.116375 0.229383 -0.058452 0.004041 -0.027542 0.024700 -0.003283 0.139409 -0.005527 0.144373 0.202811 0.133765 0.183278 -0.021213 -0.140807 0.169310 -0.076698 -0.003386 0.262389 -0.076675 0.243635 0.148762 0.204492 0.080585 -0.032667 -0.119472 -0.068615 0.173012 -0.019031 -0.121484 -0.243133 0.161444 -0.151840 -0.083432 -0.034781 0.004130 -0.166104 -0.032630 -0.160875 -0.088416 0.058386 -0.112001 -0.393103 -0.088534 -0.099035 -0.210628 0.141914 -0.118756 -0.087173 
-0.152394 0.146301 0.078861 -0.022982 -0.141437 0.001504 0.056126 0.056229 -0.098050 -0.214167 0.083637 0.062439 -0.015558 -0.174792 -0.037597 -0.077707 -0.396837 -0.067027 -0.116635 0.333505 -0.084302 0.221243 -0.025921 -0.176319 -0.043863 -0.056683 -0.008078 -0.042575 -0.174238 -0.062034 0.089633 0.085438 0.217840 0.187137 0.108214 0.000794 -0.286370 -0.034697 0.056184 -0.192159 0.168813 0.170153 -0.150528 -0.074544 0.134570 0.141583 0.037967 -0.165757 0.055026 0.115187 
-0.142479 0.092943 0.206050 -0.191862 0.350613 -0.067543 0.096118 -0.280616 -0.093238 0.157406 -0.013802 -0.125672 0.006024 0.018435 0.134435 0.000340 -0.040427 0.041302 -0.020524 0.083214 0.050910 -0.090914 -0.058207 0.020480 -0.021427 -0.150482 0.021068 0.073272 0.138353 -0.034334 -0.114235 -0.126201 0.094614 -0.070634 0.276065 -0.188312 -0.049219 -0.158655 0.195863 0.043402 0.302021 -0.034956 0.196378 0.071687 -0.205852 -0.136125 -0.000995 -0.039318 0.278408 0.187864 
