-0.146363 -0.030084 0.022185 0.052258 -0.300956 0.021215 0.164141 -0.142348 -0.134309 0.007664 0.012937 0.148569 -0.061180 0.035482 0.172428 0.117583 -0.033502 0.173713 -0.103630 -0.053246 0.029693 -0.218878 -0.144053 -0.305559 0.152274 -0.114749 -0.069785 0.139274 0.381978 -0.261330 0.073147 0.089033 -0.166199 -0.090203 -0.024935 0.086297 -0.002473 -0.119706 -0.120165 0.143775 -0.189443 -0.109994 0.030917 -0.239051 0.003958 0.172148 0.116371 -0.003542 0.042884 0.083883 
-0.159794 0.107060 0.023466 0.231467 0.055080 -0.014537 0.058547 -0.218554 0.155729 0.110025 -0.001471 -0.104107 -0.017171 -0.071863 -0.024375 0.238990 0.077665 -0.024737 0.047624 -0.050299 -0.081643 -0.168659 -0.130850 0.082089 -0.052556 -0.083313 0.032203 -0.344362 -0.214042 -0.006348 0.030365 -0.086998 0.021394 -0.138152 0.185073 -0.013912 0.047300 -0.314575 -0.040432 -0.059170 -0.237489 -0.149291 0.223051 0.104047 -0.150435 -0.052754 -0.164184 -0.190309 -0.123201 0.294337 
-0.139355 0.033517 0.306271 -0.099090 -0.205988 -0.009368 0.021110 0.109668 0.221490 0.014878 0.351806 -0.172785 -0.116499 -0.205045 -0.209175 0.005927 -0.274755 -0.125251 0.047450 0.024200 -0.177342 0.012778 0.015544 -0.153467 -0.208132 0.007995 -0.052205 0.125709 -0.081244 0.049737 0.154358 0.034500 -0.117346 -0.137678 0.061250 0.271698 -0.253063 -0.191440 -0.013556 -0.079303 0.062481 0.151398 0.002271 0.040282 0.023929 0.061124 0.046998 0.015729 0.078264 -0.119627 
-0.140434 -0.050524 -0.187756 0.070582 0.068545 -0.025336 -0.013307 -0.193272 0.119458 -0.193672 0.235257 0.390582 0.083828 -0.190738 -0.108498 0.024216 -0.108916 0.143558 -0.246358 0.001709 0.058481 0.139537 -0.227934 0.229975 -0.056922 -0.055255 0.057834 0.022554 0.190176 0.004504 -0.023044 -0.010717 -0.056599 -0.102155 -0.030663 0.181831 0.022298 0.160525 0.161176 -0.084685 0.240206 0.237122 -0.009177 0.034273 -0.122411 -0.021371 -0.097338 -0.091173 -0.068430 0.226147 
-0.144127 -0.126364 -0.084105 -0.235605 -0.018110 -0.014112 0.034361 -0.063215 0.105454 -0.082635 -0.280388 -0.023542 -0.103388 0.169116 -0.097444 -0.180884 -0.133242 0.025715 -0.061856 0.088625 -0.120740 -0.032069 -0.090721 -0.355017 -0.060085 0.162559 -0.201677 -0.044370 0.098315 0.037919 -0.096635 -0.040947 0.086940 -0.066420 0.051363 -0.035600 0.258371 -0.060672 0.147584 -0.042289 0.123367 0.020746 0.188561 0.151188 -0.439462 -0.053664 0.000800 -0.135425 -0.050459 -0.201852 
-0.156617 0.028576 0.050248 0.033806 -0.048283 -0.186009 -0.070448 -0.246892 -0.160869 0.189409 -0.106051 -0.274534 0.224181 -0.038318 -0.023574 0.118015 -0.147276 -0.208421 -0.099087 -0.299165 -0.061082 -0.252188 0.090422 0.148211 0.017423 0.154849 0.018523 0.305343 0.001607 0.049126 -0.124513 0.193739 0.039121 0.085783 0.109509 -0.086741 -0.003091 0.162842 0.102317 -0.080948 0.157986 0.056393 -0.076198 -0.043223 -0.099726 0.137118 0.165350 -0.201482 -0.058298 0.102352 
-0.123283 0.118560 -0.073044 0.094880 -0.059858 -0.037217 0.252163 0.156617 -0.163364 -0.188269 -0.002313 0.080476 -0.115516 0.127460 -0.013574 -0.014058 -0.146542 -0.039325 0.073062 -0.262989 0.166562 -0.010340 0.177153 0.258602 -0.115758 0.210925 0.007314 0.063404 -0.070647 -0.197700 0.141183 0.079926 0.240172 0.103162 -0.315236 0.106195 0.075420 -0.182215 -0.133829 -0.080990 -0.106111 0.190576 0.236028 -0.033611 -0.170567 -0.135472 0.004142 0.030457 0.116564 0.003997 
-0.149032 -0.068417 0.091902 -0.094754 0.010501 0.049109 -0.139647 -0.077324 0.301082 0.056784 0.188989 -0.046464 -0.184786 0.202096 0.277365 0.044065 0.072739 -0.048645 -0.418585 0.043535 0.194026 0.210939 0.097537 0.090564 -0.070470 -0.051522 0.150240 0.138537 -0.071601 0.029495 0.033653 0.153829 -0.129114 0.079599 0.044295 -0.220437 0.075626 -0.038357 -0.211790 0.083363 -0.097652 -0.000698 0.059457 0.114755 -0.141871 -0.139762 0.275242 0.012326 -0.051988 -0.014150 
-0.141940 0.117635 -0.117297 0.219768 0.106896 -0.227997 -0.177499 0.002806 0.018144 0.034549 -0.059515 -0.028060 -0.066742 0.261376 0.013119 -0.085407 0.095477 -0.059186 0.350990 -0.051579 0.020797 0.096049 -0.086218 -0.036359 -0.102054 -0.219231 -0.205877 -0.029073 -0.006178 -0.072904 0.095523 -0.127370 -0.311299 -0.003654 -0.119258 0.004128 -0.200803 0.072740 -0.168606 0.016951 0.175447 0.059979 -0.233917 -0.015840 -0.293759 -0.036832 0.169441 -0.097328 0.155855 0.093216 
-0.128636 0.056637 0.054126 0.019255 0.190144 -0.268775 -0.017622 0.049599 -0.141866 -0.175401 -0.056185 -0.210107 -0.180021 0.040217 0.107877 0.101438 -0.075754 -0.205757 -0.243780 -0.109521 -0.094488 0.199844 -0.256756 -0.137647 -0.003220 -0.236246 0.196016 0.089627 0.002930 0.099974 0.052639 -0.126442 0.149509 0.141994 -0.077779 0.130764 0.081347 -0.021432 0.134812 0.202601 0.102680 -0.184549 0.082399 -0.074425 0.111511 0.019793 -0.234063 0.001516 0.265682 0.016336 
-0.148264 -0.204595 0.085424 0.068153 0.200696 0.162127 0.144736 -0.201709 0.106223 0.239351 0.032265 0.049410 -0.112012 0.048516 0.319113 -0.202555 -0.055252 0.030826 0.167056 -0.151767 0.089126 -0.286462 0.135159 -0.102236 -0.130412 -0.163731 0.103501 -0.047732 0.022783 0.016182 0.136410 -0.029519 0.118413 -0.032702 0.076971 -0.026896 0.060874 0.125465 0.074914 -0.054635 0.197705 0.191480 0.038421 0.150226 0.087169 0.106566 -0.157435 0.289732 0.192731 0.032522 
-0.148168 -0.264929 -0.054323 0.166075 -0.308150 0.004481 -0.096622 -0.051959 -0.146633 -0.112036 0.071304 0.093879 0.130747 -0.024799 0.076890 -0.210000 0.147495 -0.134017 0.004935 -0.131904 -0.038546 0.158527 -0.054066 -0.064183 -0.100475 -0.281287 0.083969 -0.164689 -0.169462 0.116893 -0.145001 0.141007 0.165912 0.063733 0.060681 0.018507 0.114261 -0.114864 -0.171781 -0.241564 -0.067338 0.101159 -0.141892 -0.180871 -0.019556 0.172780 -0.067564 -0.107286 -0.091200 -0.291882 
-0.135925 0.012709 0.040465 -0.034519 0.265816 -0.068026 -0.167930 -0.240276 -0.179017 -0.152671 -0.079698 0.134823 -0.013096 -0.294514 -0.096687 -0.143407 0.163014 -0.088632 0.002969 0.171768 -0.008132 0.010432 0.178764 0.078117 0.160058 -0.065493 -0.177086 0.138661 -0.156434 -0.096430 0.149735 -0.000177 -0.087588 -0.078489 -0.075922 0.017246 0.221869 -0.295040 -0.005034 0.056557 0.034053 0.007233 0.125222 0.179301 0.135940 0.289900 0.244419 0.027848 0.084623 -0.055798 
-0.132231 0.090069 -0.146447 -0.106779 0.267052 0.151927 -0.158061 -0.061886 -0.178432 0.067421 0.130679 -0.221324 0.187114 0.238328 0.208893 -0.098726 -0.343254 0.029507 -0.023736 0.188609 -0.140663 -0.073479 -0.089835 0.115163 0.023689 0.030884 0.080584 -0.200055 0.090233 -0.076874 -0.188513 0.103103 -0.185931 -0.025836 -0.168764 0.256078 0.065127 -0.200329 -0.019456 -0.182914 -0.053750 -0.013894 -0.059677 -0.033739 0.135711 -0.094135 0.041239 0.078273 -0.059847 -0.084437 
-0.138285 0.009464 -0.111570 0.001608 0.101428 0.206390 0.182027 0.083219 0.007981 -0.249016 0.296104 -0.202489 -0.016814 0.024759 -0.121372 -0.026377 0.153461 -0.264891 -0.039320 -0.166883 0.038929 -0.163027 -0.216441 -0.032242 0.298542 0.018994 -0.017008 0.099604 -0.022258 -0.144452 -0.103129 -0.108019 -0.044159 -0.184938 -0.121335 -0.253681 -0.033758 0.088153 0.025296 -0.007736 -0.143732 0.043644 -0.231496 0.254030 -0.092447 0.081306 -0.116747 0.112503 -0.070783 -0.117834 
-0.132227 -0.142039 0.199059 0.130368 -0.055182 -0.267095 -0.160275 0.194051 -0.059550 -0.021991 0.152867 0.119035 -0.001988 -0.065773 0.030645 0.016301 -0.076875 0.092974 0.134236 0.010569 -0.086012 -0.141907 -0.042814 0.081878 -0.181342 0.067874 -0.057787 -0.036851 -0.063427 -0.211785 -0.387067 0.057244 -0.080116 -0.132016 0.082838 -0.127949 0.297936 0.121373 0.052881 0.347502 -0.120813 0.075612 -0.006588 0.110862 0.130200 -0.219941 -0.019058 -0.028068 0.172491 -0.070437 
-0.127784 -0.218770 0.220907 -0.179827 0.135357 0.004765 -0.124952 -0.201350 -0.036782 -0.115974 0.126256 -0.062139 -0.056213 0.079727 -0.086989 -0.170089 0.053748 0.365410 0.031940 -0.247807 0.044670 0.040847 -0.154188 0.128512 0.175985 0.217562 -0.040450 -0.074140 -0.071326 -0.198032 0.001565 -0.204929 0.122843 0.136342 0.200652 -0.030079 -0.303680 -0.020866 -0.103005 -0.042996 0.081472 -0.141908 0.077429 -0.156850 0.078903 -0.066500 0.027680 -0.125563 0.091234 -0.110383 
-0.124448 -0.379061 -0.023012 -0.056111 0.000300 -0.133041 -0.012311 0.133614 0.020027 -0.057100 -0.159611 -0.003194 0.190115 0.139379 -0.127478 -0.201994 0.127201 -0.145752 -0.106834 -0.040539 -0.088747 -0.171706 0.067869 0.118409 0.043483 -0.095128 0.131887 -0.110769 0.161807 0.217408 0.152912 -0.068212 0.080438 -0.190922 -0.045694 0.152048 -0.257626 -0.055494 0.158027 0.207835 -0.252340 0.097450 0.035759 0.020566 0.046221 -0.180412 0.267239 0.056656 -0.030531 0.142325 
-0.139633 0.060853 -0.128182 -0.056997 -0.089967 0.169822 -0.028840 0.090502 -0.103989 0.155874 -0.036364 -0.129344 -0.160349 -0.246616 -0.046819 -0.098850 0.000136 0.074074 -0.111155 -0.337730 -0.042471 0.232009 0.188629 0.020143 -0.053771 -0.102356 -0.225574 -0.117959 0.245552 0.148167 -0.248313 -0.121983 0.006360 -0.173468 -0.082779 0.040534 0.031514 0.157299 -0.180417 -0.151100 -0.052510 -0.209788 0.101665 0.213335 0.130481 -0.043267 0.111552 -0.021335 0.151739 0.147809 
-0.146083 0.116486 0.016424 -0.249919 -0.335328 -0.190008 0.057460 -0.077984 -0.027215 0.086500 0.030024 0.081322 0.026880 0.121679 0.104524 -0.028015 0.112009 0.063210 0.146456 0.052536 -0.027423 0.166239 -0.194468 0.083824 0.037338 0.363483 0.248859 -0.184913 -0.089667 0.143983 0.006255 0.043210 0.051989 -0.117650 -0.124996 -0.015113 0.036198 -0.031123 0.041590 0.033073 0.053279 -0.110574 -0.159661 0.222270 -0.015604 0.313918 0.067517 0.173354 0.182231 0.181908 
-0.150648 0.007443 0.108654 -0.097882 -0.032194 0.043186 0.012537 -0.025018 -0.010630 -0.009488 0.002977 0.000961 -0.229764 -0.165223 -0.033376 0.178493 -0.067081 -0.265224 -0.009620 0.292734 0.113789 -0.146537 -0.064517 0.091660 0.105261 -0.008395 -0.078860 -0.402582 0.140846 0.068698 0.023241 -0.008315 0.133638 0.003492 -0.143240 -0.322613 -0.003726 0.100675 0.025965 -0.142609 0.113137 0.133767 -0.026910 -0.345467 0.056174 -0.085373 0.188281 -0.090900 0.217932 -0.025205 
-0.117788 0.007285 -0.077601 0.220544 0.094666 -0.116589 0.165408 -0.206527 0.194322 -0.109983 -0.339750 0.029899 0.054068 -0.076949 0.176658 0.133081 -0.066506 -0.080070 0.094129 0.060127 0.033319 0.262682 -0.141729 -0.142954 0.098393 0.186695 -0.045037 0.120609 -0.019712 -0.016080 -0.135591 0.184882 0.095612 -0.211848 0.081785 0.013989 -0.271863 0.036861 -0.116323 -0.127856 -0.097923 0.127867 0.019383 0.110938 0.287412 -0.202628 0.061125 0.070390 0.056882 -0.162375 
-0.154038 0.079140 0.149904 0.013527 0.062482 0.258226 0.221387 -0.047861 0.243489 -0.011535 -0.084983 0.042577 0.361987 0.136086 -0.224830 -0.059979 -0.048070 -0.099906 0.046604 0.060743 0.180050 0.086556 0.208989 0.081042 0.025781 -0.025287 0.145561 0.018044 0.092793 0.028093 -0.082263 -0.005830 -0.028563 -0.129843 0.022923 0.080644 0.139055 -0.030699 -0.175348 0.246928 0.106857 -0.203965 -0.116670 -0.120962 -0.001719 0.046849 -0.136446 -0.271531 0.291651 -0.091732 
-0.148951 0.090225 0.140102 -0.053130 0.054665 -0.079425 -0.206784 0.133114 0.064176 -0.153483 -0.043681 0.041428 -0.092638 0.119091 -0.133092 0.075410 0.045248 -0.028457 0.061981 -0.150212 0.446782 -0.083822 0.087707 -0.233459 0.074574 0.037353 -0.057418 -0.217147 0.187952 0.075636 -0.085729 0.264165 -0.033693 0.253241 0.043180 0.131921 -0.015781 -0.130882 0.071424 -0.012625 0.046429 0.088349 -0.104391 0.226376 0.237335 0.069122 -0.113950 -0.095365 -0.214325 0.133785 
-0.165648 -0.154836 -0.164700 -0.087521 0.004614 -0.098048 0.311418 0.030201 0.075093 -0.031123 0.032159 -0.159852 -0.053251 -0.062314 0.027622 0.060680 0.111522 -0.017621 0.140413 0.204570 -0.068519 0.110259 0.178838 0.027115 0.068651 0.012678 0.135799 -0.030575 0.041428 -0.119255 -0.161812 -0.188573 -0.246940 0.437469 0.163130 0.177508 0.031610 0.197757 0.064315 -0.081836 -0.232451 0.190901 0.133350 0.028850 0.010139 0.192030 0.047428 -0.137839 0.076342 0.039188 
-0.156290 0.122344 -0.098674 -0.159652 -0.150806 0.061573 -0.158998 0.147011 0.152038 -0.065204 -0.233386 0.134311 0.080944 0.213767 0.047959 0.107670 -0.076206 -0.002455 -0.187830 -0.142514 -0.212329 -0.051848 0.083816 -0.030829 -0.008540 0.029197 -0.033653 0.046016 -0.171309 -0.115738 0.102225 -0.401070 -0.105720 -0.072635 0.049465 -0.173345 0.101325 -0.060171 -0.093671 -0.094311 0.056168 0.303918 -0.064373 -0.097022 0.353245 0.076329 -0.111302 -0.058861 -0.032612 0.115996 
-0.155142 0.188571 -0.108032 -0.246344 0.196271 0.005591 0.214069 0.115792 0.039396 -0.025101 -0.189635 0.071030 -0.016158 -0.177610 -0.191847 -0.030645 -0.146458 0.231983 0.058563 -0.065710 -0.040563 -0.073125 -0.163815 -0.009441 -0.297990 -0.309478 0.253809 0.000795 -0.079723 -0.115754 -0.089864 0.124885 0.126121 0.121875 0.048468 -0.214867 -0.093291 -0.050550 -0.058202 0.078009 -0.035668 -0.055873 -0.168890 0.007443 0.017203 0.079673 0.285510 0.069153 -0.147068 -0.024193 
-0.139909 -0.014691 -0.016588 0.172604 -0.012847 0.223171 -0.253379 0.047252 -0.107934 0.028433 -0.102381 -0.098215 0.012538 -0.073702 -0.148203 0.071630 -0.050315 -0.078787 0.166297 -0.103381 -0.049722 0.345578 0.050898 0.027360 -0.001757 0.122185 0.252350 -0.073688 0.287876 -0.130405 0.052268 0.028185 -0.142541 -0.029657 0.205237 -0.240892 -0.029073 -0.129461 0.142079 0.157589 0.043420 0.123650 0.194212 -0.143679 -0.145080 0.090169 -0.062939 0.328213 -0.085090 -0.032980 
-0.121787 -0.027103 -0.084258 -0.073998 0.325872 -0.205370 -0.034309 0.342112 -0.038238 -0.048069 0.151753 0.058429 0.004431 -0.057844 0.199852 -0.031875 0.071496 0.107179 0.057164 0.131394 -0.016539 -0.027131 0.155895 -0.040774 -0.048979 0.151196 0.008524 0.220138 0.194430 0.204209 -0.014418 0.068123 0.107597 -0.224026 0.190777 -0.196141 -0.080526 -0.166076 -0.099998 -0.224928 -0.111152 -0.049369 -0.059659 -0.189364 -0.125576 0.161355 -0.196967 -0.130424 0.073216 0.141454 
-0.146041 -0.169356 -0.238462 -0.112167 0.004857 -0.003643 0.072694 -0.140582 -0.006488 0.090082 0.142266 0.210190 -0.254189 0.104198 -0.192998 -0.102361 -0.030615 -0.300881 0.208008 0.042436 -0.244066 -0.021680 0.007074 -0.003653 0.011053 0.104153 -0.018853 0.137060 -0.025139 0.083514 -0.011757 0.162281 -0.045030 0.113231 -0.030492 -0.057942 0.010839 0.034989 -0.266129 0.153884 0.139221 -0.220786 0.098660 -0.112475 0.219238 -0.150312 -0.156548 0.026370 -0.259570 0.173572 
-0.145922 -0.118084 -0.094290 -0.002991 -0.027960 0.262215 -0.133578 0.104294 0.111439 0.059322 0.015323 0.137344 0.113405 0.021048 -0.009922 0.226601 0.321487 0.032097 0.018400 -0.009055 -0.098244 -0.081900 0.020317 -0.143059 -0.087720 -0.015719 0.026445 0.169078 -0.160413 -0.088745 -0.246038 0.135792 -0.015298 0.137122 -0.285181 -0.013317 -0.201978 -0.169731 0.343388 -0.162144 0.138730 -0.160157 0.143654 -0.033977 -0.007412 -0.096268 0.035869 0.002151 0.266834 0.055796 
-0.127849 -0.244024 0.239853 0.033573 0.013629 0.048527 0.267981 0.037840 -0.236388 -0.121328 -0.166850 0.097977 -0.147608 0.022785 0.126105 0.195711 -0.213443 0.171340 -0.069059 -0.018740 -0.144456 0.121742 0.267181 0.123544 0.146936 -0.080715 -0.074500 -0.109137 -0.187216 0.148377 -0.019265 0.077487 -0.283854 -0.050407 -0.119591 -0.108905 -0.173843 -0.050217 0.131079 0.045634 0.110416 -0.084488 -0.208690 0.086960 -0.119187 0.006091 -0.147825 -0.040969 -0.154176 -0.021493 
-0.144940 0.102449 -0.091154 -0.167389 -0.083334 -0.280244 -0.008165 0.046832 0.195806 0.180262 0.035378 -0.015143 -0.063423 -0.181666 0.138017 0.090019 0.141880 0.031518 0.148330 -0.115446 0.039043 0.003549 0.226993 0.060141 0.324227 -0.132567 0.177532 0.014132 0.062301 -0.168874 -0.001809 -0.124180 0.091422 -0.165758 -0.045922 0.183298 0.134702 -0.089938 0.120533 -0.030348 0.205074 -0.093815 -0.109948 -0.112445 -0.067894 -0.260023 -0.008522 0.046562 -0.250653 -0.257803 
-0.114297 -0.137135 0.010566 0.214114 0.165627 0.059011 -0.097885 0.122570 -0.046962 0.172557 0.000026 0.201090 0.029271 -0.146079 0.047000 0.118706 -0.020768 -0.129410 -0.126585 -0.004420 -0.122945 -0.003964 0.019378 -0.160686 -0.179871 0.324994 0.155192 -0.139690 0.107306 -0.212092 0.324692 -0.140154 0.083990 0.120235 -0.119753 0.078325 -0.004650 0.151896 -0.068759 -0.039872 -0.057897 -0.227851 -0.225222 0.200113 -0.001429 0.049696 0.086099 -0.209227 -0.099287 -0.192610 
-0.152898 -0.149368 -0.021506 0.144570 -0.155459 0.156789 -0.134923 0.227619 0.195022 -0.128469 -0.247563 -0.231458 0.006530 -0.345499 0.170480 -0.232473 -0.096711 0.047356 -0.039860 0.180484 0.058710 -0.121385 -0.119020 0.081658 0.146419 0.102899 -0.063116 0.072461 -0.126037 -0.076072 -0.004998 0.022389 0.067342 0.184900 -0.017393 0.127434 0.041090 -0.027103 -0.186179 0.092828 0.133231 -0.086051 -0.167045 -0.044193 -0.130337 -0.035292 -0.073846 0.145197 -0.020950 0.304705 
-0.143880 -0.096385 -0.355260 0.102340 0.004908 0.006398 -0.008785 0.036213 0.072325 0.079461 0.079533 -0.238741 -0.043076 0.037796 0.042366 0.186562 0.023334 0.195146 -0.042668 0.064335 0.208050 -0.042367 0.005718 0.083330 -0.183656 0.090975 -0.217845 -0.062804 -0.113280 0.135381 -0.010373 -0.043822 0.108873 -0.140499 -0.152604 0.049710 -0.118666 0.037340 0.024002 0.383121 0.114164 0.039801 0.138935 -0.119211 0.120737 0.342276 -0.002115 -0.056604 -0.176998 -0.243512 
-0.117984 0.101601 -0.071905 -0.054744 -0.022259 -0.106621 0.017146 0.114200 -0.079160 -0.122710 0.150301 0.199171 0.281152 0.066337 0.089581 0.019926 -0.206423 -0.236256 -0.108981 0.048892 0.154277 0.015436 0.179823 -0.144148 0.039143 -0.067445 -0.185705 -0.187466 -0.232840 -0.169211 -0.048913 -0.060187 0.075371 -0.023526 0.288169 0.041624 -0.170195 0.214086 0.039390 -0.015919 0.068818 -0.286786 0.192897 -0.036087 -0.113852 0.066826 0.107117 0.290015 -0.030261 0.074053 
-0.151846 0.165351 0.353250 0.065748 0.078509 -0.017515 0.024257 0.016247 0.156040 -0.076987 -0.002044 -0.039984 0.109055 -0.040178 0.112636 -0.297551 0.045965 0.043997 0.115022 -0.047508 -0.017573 0.104953 -0.044875 -0.119007 -0.046176 0.038229 0.029448 0.022367 -0.068332 0.037093 0.030750 0.006269 -0.111760 -0.078573 -0.383753 -0.088950 0.072274 0.308094 0.168652 -0.082332 -0.142998 -0.068278 0.267441 -0.248178 0.070992 0.086858 0.021131 -0.083462 -0.333188 0.095317 
-0.146299 -0.195606 0.302594 -0.164350 0.033685 0.037443 -0.012840 0.004685 -0.139129 0.219208 -0.081185 -0.074169 0.061231 0.179107 -0.136550 0.249175 0.105485 -0.033855 0.058350 0.252524 0.083846 0.210899 -0.098270 0.114119 -0.121653 -0.175656 -0.205332 0.192448 0.074875 -0.238085 -0.044929 -0.086901 0.315386 -0.083465 -0.070309 0.118277 0.056901 0.078444 -0.090627 -0.118543 -0.069063 0.068934 -0.077307 0.056068 -0.035478 0.052524 -0.116554 0.139712 -0.189619 0.154540 
-0.136516 0.060110 0.006975 -0.029916 0.085313 0.032155 0.063777 0.082167 0.077652 -0.077937 0.176402 -0.097691 0.324504 0.010717 0.020053 0.216856 0.128984 0.222646 0.064824 -0.096544 -0.376889 0.085312 -0.006837 -0.075521 0.193781 -0.059484 -0.247569 -0.135135 0.061762 0.139360 0.312368 0.292263 0.145887 0.187730 0.023465 -0.039085 0.199322 0.115319 -0.132583 0.103852 0.065975 0.127918 0.025636 0.049656 -0.008750 -0.106877 0.065493 0.081261 0.064531 -0.000287 
-0.164723 0.107879 -0.103907 -0.039005 -0.128810 0.004940 0.118271 0.133476 -0.138594 0.066545 -0.118207 -0.146317 -0.082156 0.058618 -0.043311 -0.222943 0.244139 0.018729 -0.166907 0.115307 0.050817 -0.000085 -0.080347 0.191291 -0.138349 -0.029818 -0.072463 -0.036131 -0.033848 -0.248797 0.330741 0.352067 -0.183783 -0.141415 0.247345 -0.002989 -0.008273 0.138034 0.210358 -0.128035 0.074172 -0.096858 0.018200 0.024352 0.160538 -0.112509 -0.184045 -0.123254 0.067831 -0.085824 
-0.122679 -0.049058 -0.112671 0.069794 -0.195687 0.131665 -0.208287 0.096649 -0.139365 -0.044412 0.058729 -0.004416 0.001371 0.083913 -0.032364 0.079634 -0.311156 0.156481 0.294771 0.171763 0.157799 -0.025958 -0.059028 -0.016917 0.242269 -0.212379 0.234046 0.224582 -0.080314 0.147219 0.211078 -0.058879 0.105152 -0.055723 0.033895 -0.108151 0.030198 0.150304 0.040547 -0.101928 -0.045201 -0.090520 0.199039 0.258069 0.065874 -0.066319 0.082847 -0.263595 0.023475 -0.022293 
-0.138117 0.164980 0.014510 -0.065015 -0.065283 -0.096812 -0.314092 -0.178577 0.159387 -0.129478 -0.160995 0.097381 -0.080119 0.003878 -0.123411 0.077106 -0.002571 0.078119 -0.053018 0.069718 -0.135071 -0.247276 0.136833 0.199272 -0.020418 -0.076909 0.017829 0.015858 0.098075 0.087987 0.006003 0.079315 -0.020944 0.090901 -0.111489 0.050061 -0.162633 0.255502 -0.132906 -0.058704 -0.294690 -0.111760 0.032719 0.039564 -0.145613 0.106222 -0.325209 0.233332 0.105892 -0.274529 
-0.135782 0.261469 0.044987 0.340487 -0.059861 0.095260 0.051419 0.013408 0.147800 0.090511 0.084883 0.140988 -0.201354 0.218681 0.013621 -0.200942 -0.071581 0.014745 -0.028627 0.094826 -0.198600 0.075596 0.042377 0.192330 0.118196 -0.016166 -0.226795 0.100992 0.121752 0.059893 -0.093148 -0.082411 0.297526 0.184551 0.162860 -0.010434 -0.017213 -0.127084 0.354241 0.041342 -0.109545 -0.078346 -0.191533 -0.002475 0.076308 0.088654 0.142133 0.000107 -0.047096 -0.032929 
-0.138723 0.042185 0.143786 0.008128 0.070586 0.021730 0.122870 0.288644 -0.060249 0.288643 -0.108582 0.246030 0.091369 -0.045566 0.027075 0.042281 0.061423 -0.084970 -0.016668 -0.094408 0.135328 -0.111815 -0.401258 0.199087 0.104094 0.041118 -0.101630 0.099406 0.007419 0.325439 -0.030651 -0.134391 -0.262933 0.148939 0.107392 0.081777 0.054249 -0.069111 -0.116031 -0.069611 0.052518 0.002453 0.213630 0.013486 -0.033361 0.001805 0.034762 0.128340 -0.036594 -0.261780 
-0.142376 -0.091028 -0.132704 0.043664 -0.084846 -0.254687 0.081366 -0.172855 -0.000558 0.220455 0.098777 -0.078119 0.259651 -0.119491 -0.196873 -0.114301 -0.164160 0.126280 -0.095336 0.052829 0.246288 0.100499 0.045566 -0.140933 -0.061040 0.021812 -0.151990 0.051842 -0.004014 0.081281 0.145170 -0.154864 -0.104904 0.221115 -0.165889 -0.303067 0.043257 -0.185329 0.129297 -0.068969 -0.185098 -0.065258 -0.149465 -0.016424 0.074688 -0.209131 -0.184459 0.170818 0.074906 -0.004978 
-0.118253 0.042953 0.036466 0.006330 -0.085875 0.133286 0.055841 -0.172467 -0.117884 -0.447698 0.020367 -0.103182 0.010223 0.005052 0.106824 0.176831 0.175917 0.017905 0.164009 0.027827 0.073294 -0.114778 0.043451 0.041846 -0.388186 0.112325 -0.018295 0.123158 0.109135 0.236572 0.068854 -0.237623 -0.077765 0.007441 0.163889 0.076123 0.179043 0.003405 0.068691 -0.084163 0.056546 -0.198292 -0.150920 -0.057079 0.070934 -0.216979 0.157702 0.164011 -0.107886 -0.029696 
-0.139839 0.033011 -0.011088 0.244966 0.138210 0.010663 0.000520 0.027458 -0.119564 0.117268 -0.001306 -0.018396 -0.215879 0.120577 -0.384920 0.043271 0.079874 0.225831 -0.182900 0.048337 0.042235 -0.046725 0.080046 -0.250639 0.153098 0.132773 0.190572 0.006168 -0.296749 0.133255 -0.051888 0.034611 -0.023728 -0.146821 0.074203 0.208635 0.189479 0.174786 -0.059932 -0.116571 -0.042450 0.084745 -0.121911 -0.231643 -0.039106 -0.053204 0.133571 0.208044 0.062260 0.067407 
-0.169561 0.320529 0.106773 0.086774 -0.105747 0.015275 0.061273 -0.065871 -0.326255 0.047796 0.067205 -0.012842 0.098029 -0.057202 0.054938 -0.156410 0.226067 0.071774 -0.159602 0.273815 -0.072831 -0.092217 0.118871 -0.163207 -0.019597 0.009993 0.154746 0.002685 0.066423 0.045004 -0.145554 -0.157393 0.107196 0.079453 -0.037512 -0.069009 -0.283794 -0.031366 -0.195393 0.175877 0.213178 0.231381 0.124814 0.174548 -0.043699 -0.188879 -0.110561 -0.076502 -0.112485 -0.015382 
-0.129922 0.155044 -0.075870 -0.319324 0.064713 0.283151 -0.133318 -0.119259 -0.170315 0.130208 -0.011829 0.139651 -0.047228 -0.178070 0.184206 -0.010696 -0.005440 -0.103651 0.111870 -0.105697 0.101960 0.112612 -0.035600 -0.098081 0.003247 0.062753 -0.117226 0.049607 -0.217082 0.105167 0.070166 0.024692 0.035772 0.007496 0.088906 0.166702 -0.054804 0.082710 0.169901 0.285487 -0.348055 0.187517 -0.184279 -0.139372 -0.143308 -0.157992 -0.101412 -0.147670 0.056636 0.037252 
