-0.152215 0.085895 -0.100974 -0.129003 0.146687 -0.084010 -0.006983 0.030930 -0.046354 0.014607 0.060196 0.222885 0.082095 -0.152109 -0.183007 -0.220319 0.224459 0.073886 0.057014 0.199999 -0.134011 -0.171284 -0.031620 -0.244029 0.157439 0.009250 0.217273 -0.164972 -0.004080 -0.116136 0.171187 -0.207224 -0.304558 -0.319069 -0.054016 0.062404 -0.042603 0.084336 -0.179964 0.016322 0.089610 -0.093995 0.044595 -0.033099 -0.113390 0.039055 -0.149231 -0.109796 -0.204415 -0.008998 
-0.140214 -0.151806 -0.063489 -0.195170 0.179041 -0.008577 -0.228381 -0.097141 -0.035037 0.058417 -0.184076 0.137280 0.069752 -0.006341 -0.078615 -0.092901 0.101126 -0.063256 -0.263998 0.011976 0.350648 0.178830 -0.014262 -0.039412 -0.078181 -0.146362 0.075224 0.065238 0.055573 0.210296 -0.057069 0.052412 -0.151670 0.054674 0.224653 -0.134089 -0.188945 0.159685 0.087764 -0.105710 -0.005034 0.152956 -0.348101 -0.160541 0.074112 0.208385 0.033295 -0.125968 0.045364 -0.001332 
-0.160223 0.076175 0.017528 -0.174915 0.120261 0.100862 0.045115 0.199317 -0.237039 -0.121540 -0.338469 -0.339552 -0.015311 0.205764 -0.034090 0.121761 0.033809 0.056632 0.053347 -0.052604 0.320270 0.075932 -0.024159 -0.067066 0.056562 0.058641 -0.075659 -0.022645 -0.087616 0.280783 0.036968 -0.117040 0.024294 -0.191569 0.056280 0.038107 0.196557 -0.096691 -0.069794 -0.141297 0.019337 -0.020706 0.095954 0.204557 -0.161390 -0.111714 -0.109281 0.093987 -0.219283 0.006216 
-0.130526 0.010457 -0.026532 0.194701 0.018663 0.226821 -0.171182 -0.055929 -0.023800 0.139145 -0.184693 -0.024152 -0.199534 -0.160168 -0.042418 -0.024852 0.190769 0.255060 0.138962 0.146841 -0.040781 0.022913 -0.055155 -0.056314 0.108963 -0.134647 -0.110856 -0.134253 0.106467 0.118014 -0.068119 0.156184 0.235375 0.135919 -0.331532 -0.050581 -0.225024 0.066143 0.234817 0.081311 -0.043049 -0.143000 -0.071885 0.006987 -0.244056 0.060268 -0.249046 0.105248 -0.018570 0.070019 
-0.155154 -0.044815 0.210949 -0.205549 0.076431 0.034374 -0.080613 0.021671 -0.004068 0.049454 -0.145079 0.032362 0.131828 0.029037 0.045547 -0.126896 -0.076199 0.037320 0.373386 -0.240115 -0.212592 0.061231 -0.072200 -0.004434 0.105418 0.046383 0.090132 -0.149387 0.327113 -0.115400 -0.056024 -0.041115 -0.077739 0.112426 0.167708 0.290146 0.002465 -0.009571 0.346863 -0.093603 0.105655 -0.030028 -0.155274 0.091943 0.169845 -0.149583 0.129711 0.098597 -0.042496 0.023428 
-0.121548 0.033104 -0.214305 -0.004751 0.094304 -0.089195 -0.219186 -0.038581 -0.016031 0.139612 -0.053984 0.136411 -0.155412 -0.107620 0.186324 0.286539 -0.367577 -0.048057 0.147097 -0.086498 -0.003069 0.177500 -0.016005 -0.216881 -0.061162 0.045012 0.169912 -0.067888 -0.114981 -0.026229 0.052972 -0.224308 0.299583 -0.096066 0.092401 0.128282 -0.210071 -0.048706 -0.146305 0.088626 0.148343 0.188297 0.094665 0.000747 0.069046 0.057832 -0.194523 0.022430 0.116991 -0.007142 
-0.119007 0.071866 -0.140423 -0.112741 -0.288884 0.006619 0.036567 -0.221150 -0.035692 -0.073282 0.101021 -0.232268 0.285535 -0.070226 0.167081 0.083758 0.224637 0.120468 0.028457 -0.038693 -0.070213 0.038292 -0.203594 -0.050873 0.111406 0.039659 0.199486 -0.157902 -0.223569 0.149395 0.131271 0.114994 0.117826 -0.125032 0.086221 -0.157400 0.050340 -0.064983 0.005197 0.170040 0.092094 -0.188020 -0.240439 0.029739 0.185597 0.108713 0.087625 0.172420 0.182249 -0.079293 
-0.142474 0.165631 -0.166445 0.101974 -0.160165 0.153194 0.197853 -0.056258 -0.155555 0.010589 0.062966 0.097847 -0.116881 -0.049233 -0.003551 -0.055628 0.042908 0.077407 -0.058637 0.155494 0.172522 0.127958 0.011184 0.243350 0.138281 0.263659 0.147423 0.210390 -0.155860 -0.136937 0.086081 -0.178700 -0.124915 0.284360 0.077217 0.188053 -0.033870 -0.100870 0.201625 -0.217802 0.269125 0.021438 0.044211 -0.047096 -0.086488 0.165940 0.013409 0.130895 0.020727 0.143930 
-0.129080 0.219682 0.060219 -0.222539 0.041858 0.102090 -0.006240 0.095417 -0.150852 0.143003 0.047286 -0.218179 -0.003840 0.041721 0.098757 0.023771 0.100264 -0.016731 -0.216356 -0.228418 -0.312738 0.042958 0.039681 0.207965 -0.200675 0.027225 0.093223 0.240973 0.198632 -0.013784 -0.101740 0.016885 -0.021718 -0.278398 -0.182403 -0.072345 -0.051810 0.100698 0.038733 -0.059304 0.163657 0.000014 0.106022 -0.250584 -0.001252 0.027370 -0.222647 -0.051872 0.195903 0.130837 
-0.143951 0.247896 0.101831 0.263804 -0.135318 -0.331709 -0.158077 -0.109377 0.074802 -0.124497 -0.065918 -0.100192 -0.122682 -0.077445 -0.050181 0.115360 -0.087231 0.019193 0.043529 -0.008517 -0.066281 -0.028998 0.003876 0.116364 0.041399 0.047303 -0.037719 0.079871 0.218699 0.270159 0.157421 -0.062845 -0.345755 0.055559 0.193857 -0.106178 -0.126368 0.142506 0.021765 -0.069305 -0.035900 -0.133289 0.125995 0.191501 -0.029251 -0.006881 -0.125183 -0.049773 0.199100 -0.258549 
-0.138306 -0.094239 -0.233983 -0.312301 -0.051126 -0.077287 -0.143026 -0.065227 -0.000783 -0.125362 -0.175055 0.124302 0.063251 0.319419 -0.092847 0.230503 0.016770 -0.038167 0.057712 0.181740 0.059190 -0.181438 -0.106418 -0.069158 -0.016783 -0.037238 -0.114801 0.136617 -0.010058 -0.239538 -0.000621 0.105066 -0.073115 0.121323 -0.298362 0.011774 -0.055990 0.191287 -0.015418 -0.050235 0.107558 -0.137982 0.191055 0.143647 0.067101 -0.067931 0.141647 0.060396 0.300170 0.042129 
-0.129405 -0.014016 0.119439 0.112035 0.051439 0.080360 0.074634 -0.057871 -0.255359 0.203595 -0.007997 0.268801 0.059740 0.044797 0.343193 0.141956 0.091690 -0.152896 -0.088292 -0.095214 0.049587 -0.088388 0.458769 0.027590 0.092923 0.009995 -0.233166 -0.229779 -0.129246 0.076560 0.047756 0.002846 -0.232026 -0.165662 -0.054645 0.030370 -0.138165 -0.031892 0.060482 0.107836 -0.024892 -0.053535 -0.030154 0.107205 -0.045788 -0.082572 0.151498 0.096361 0.151163 0.066024 
-0.133538 -0.073206 0.014639 0.060748 -0.068251 -0.132051 0.117572 -0.223134 0.074879 0.040547 -0.265620 -0.064281 -0.108581 0.046119 0.281402 -0.189694 0.110673 0.049886 0.083615 -0.250030 -0.044378 -0.038724 0.015215 -0.147758 -0.228090 0.322430 0.002420 -0.003556 -0.177843 -0.083548 -0.083848 0.060995 -0.003674 0.153742 -0.107800 -0.105818 0.045780 0.167518 -0.070268 0.004453 0.174556 0.015536 -0.011454 0.092193 -0.136214 0.079021 0.073578 -0.419174 -0.180806 -0.038659 
-0.138898 0.014343 0.044370 -0.145075 0.018563 0.021849 -0.091008 0.094244 0.033114 0.193435 -0.066260 0.282908 -0.184546 0.033560 -0.099595 0.052490 0.052170 -0.025508 0.039802 -0.090271 -0.002457 0.027027 -0.133670 0.535964 -0.098923 0.107778 0.006158 -0.099676 -0.177225 -0.130541 0.339215 0.104785 0.152829 -0.071468 0.054830 -0.164648 0.097858 0.174311 0.007931 0.063837 -0.156930 -0.045414 0.000484 0.015827 0.056464 -0.039939 -0.009712 0.087795 -0.218986 -0.231738 
-0.141762 -0.194108 -0.042438 0.071388 -0.209803 -0.235365 0.048008 0.230467 0.206630 -0.073494 -0.106095 0.095712 0.310394 -0.077327 -0.049824 0.222747 -0.039137 -0.074773 -0.135135 -0.170247 0.065545 -0.094715 0.048424 0.035236 0.114452 0.268672 -0.110475 0.050363 0.137280 0.075614 0.121995 0.176864 0.073866 0.000596 -0.115734 0.300620 -0.046187 -0.046279 -0.062773 0.000917 -0.006158 -0.112566 -0.155859 -0.240190 -0.081658 0.103221 -0.223406 0.011454 -0.152776 0.112909 
-0.139562 -0.088496 0.022843 0.012488 0.030023 -0.075252 -0.131829 -0.240589 0.304482 0.048020 0.039041 -0.198358 0.143062 0.120920 0.115824 0.041932 0.185799 -0.307308 0.023617 0.071144 0.028553 0.091245 0.182287 0.129381 0.030828 -0.379432 0.184553 -0.038479 -0.175446 -0.125185 0.018859 -0.025813 0.026671 0.085956 0.076385 0.151619 0.102943 -0.080810 0.129827 -0.066412 0.058926 -0.060539 0.168067 -0.142806 -0.255950 -0.169846 -0.192053 -0.043492 -0.072632 -0.113646 
-0.130467 0.072322 -0.028017 0.108385 0.033505 0.204570 -0.138385 -0.054824 0.105392 -0.277672 0.180996 0.004596 -0.014453 0.084687 0.024191 0.171934 -0.065338 0.087239 -0.127937 -0.087657 0.233701 -0.138860 -0.212137 0.022032 0.063356 0.249682 -0.029085 -0.139821 -0.014861 -0.244508 -0.323298 -0.124936 -0.106174 -0.221560 -0.005416 -0.049779 -0.052872 -0.037069 0.304765 0.154046 -0.112092 0.071194 -0.066271 -0.125445 -0.068851 -0.170219 -0.060229 -0.160825 -0.008532 -0.186214 
-0.141784 0.087027 0.215554 0.041974 -0.070957 -0.048618 -0.265485 0.118193 0.122336 -0.231000 0.106557 0.090721 0.195428 -0.091919 0.073257 -0.047403 0.099734 0.290555 0.239993 -0.048024 0.068232 0.026087 0.147056 0.155766 -0.107397 -0.113884 -0.162632 0.037998 -0.182285 -0.049722 -0.020956 -0.330460 0.077735 0.039474 -0.161171 -0.129364 0.052103 0.033366 -0.232760 -0.263101 -0.004129 0.132332 -0.200503 -0.044522 0.025948 -0.062773 0.008665 0.012683 0.106497 0.182761 
-0.135160 -0.250755 -0.066691 0.032081 0.359387 0.065885 0.087073 -0.179244 0.205894 0.078697 0.077045 -0.100355 0.042771 -0.161598 0.057175 0.030041 0.128913 0.074984 0.032036 -0.138073 0.014623 -0.052904 -0.065898 -0.046315 -0.098495 0.060869 -0.161864 0.271962 -0.069508 -0.018318 0.103219 -0.179462 -0.117038 -0.036636 -0.040412 0.042593 0.068567 -0.105040 0.143401 -0.008182 -0.321073 -0.093364 0.176689 0.177071 0.302970 0.257873 -0.148669 0.109036 0.002898 0.092252 
-0.129533 0.322078 -0.035826 0.053740 0.052084 0.047485 -0.212621 0.090904 0.037723 -0.002512 -0.267508 0.020078 0.013491 -0.262790 0.151025 -0.111090 0.105814 -0.131495 -0.091229 0.084125 0.005243 -0.132228 0.031115 -0.104208 0.081979 0.129378 0.207564 0.199346 -0.050249 0.062915 -0.057455 0.090632 0.156126 0.034428 -0.037927 0.109683 0.003496 -0.103497 -0.044711 -0.093654 -0.350000 -0.067495 0.163222 -0.184434 0.143116 -0.201002 0.361304 -0.017810 -0.000743 -0.040100 
-0.150356 -0.237180 -0.146747 0.094120 0.058184 -0.143627 0.044239 0.044110 -0.204110 0.142558 0.102367 -0.091960 0.138801 0.147367 0.005438 -0.068582 0.001025 0.211894 0.024858 0.164149 -0.209230 0.074289 -0.050383 0.147898 0.340817 0.086952 -0.050805 -0.060399 -0.131276 0.123457 -0.042112 0.141988 0.079073 -0.028596 0.017779 0.102803 0.011730 0.096511 0.027226 -0.193761 -0.207851 0.368284 0.115003 -0.007356 0.086456 -0.115421 -0.058337 -0.308415 0.156915 -0.062601 
-0.150135 0.126281 -0.067774 0.096991 0.121554 0.006176 0.025526 -0.279853 0.061625 -0.082712 0.108735 0.006523 0.129804 0.208774 -0.161787 0.091008 -0.177723 -0.005757 0.203208 0.286859 -0.183854 0.135044 0.220701 -0.038152 -0.230701 0.196817 -0.043959 0.148841 -0.009373 0.075037 -0.008445 0.224370 0.054541 -0.228445 0.089502 -0.145548 -0.169038 -0.020831 0.081280 -0.112325 -0.027845 -0.038365 -0.109823 -0.052607 -0.012837 -0.067272 0.113468 0.089825 -0.313795 0.181619 
-0.131212 0.022265 -0.232889 0.008308 -0.152440 -0.299850 -0.150059 0.291094 -0.097372 0.101687 0.152752 -0.222515 -0.111924 0.059602 0.118669 0.033966 0.108209 0.000939 0.018167 0.082772 0.051330 0.066668 0.168902 -0.159720 -0.020836 -0.014121 -0.056071 -0.001347 0.156720 -0.139330 0.119873 -0.153172 -0.053038 0.132956 0.036773 -0.198085 0.173515 0.145395 0.261176 0.309066 -0.106478 0.122194 0.000534 -0.100170 0.076211 -0.010229 0.101010 0.058401 -0.208906 0.206081 
-0.141298 -0.070973 0.002676 0.037912 -0.032979 0.098405 0.033801 -0.194368 0.028257 -0.110028 -0.049000 -0.098899 -0.090796 0.115716 0.169475 0.087409 -0.078365 0.067801 -0.137482 0.069518 -0.103189 0.135476 0.003130 0.234139 0.182196 -0.135558 0.174109 0.106448 0.221807 -0.032253 -0.129337 -0.174251 -0.056689 -0.037485 -0.162760 0.243030 -0.016849 0.218959 -0.358253 0.226992 -0.178853 0.069311 -0.167189 0.139106 -0.045374 0.153463 0.207075 0.102308 -0.224404 -0.015693 
-0.133893 0.254525 0.109722 -0.304904 -0.086569 -0.103814 0.031250 -0.153341 0.052452 0.100737 0.189539 0.010230 0.004084 0.177230 -0.006239 -0.154710 -0.086425 -0.266222 -0.226289 0.049933 -0.027218 -0.173214 -0.041276 -0.022002 0.156226 0.086360 -0.118050 -0.150959 0.089863 0.092013 -0.009208 -0.235481 0.273592 0.203888 -0.121650 -0.118419 -0.150526 -0.185198 0.024422 -0.124118 -0.160875 0.009429 -0.086301 0.232834 0.040411 0.089244 -0.138225 -0.093390 -0.102095 0.076619 
-0.116993 -0.325581 0.182109 -0.060482 -0.157123 0.075897 0.150566 0.095078 0.186844 0.016517 -0.079853 -0.029802 -0.124875 0.004921 -0.050511 0.040148 -0.197806 0.010477 -0.109118 0.088630 -0.092575 0.269685 0.000860 -0.162295 -0.071259 0.108354 0.273078 -0.152943 0.000655 0.063936 0.218340 -0.175377 -0.150616 -0.045285 -0.298379 -0.227094 -0.003976 -0.138599 0.119028 -0.172494 -0.177253 -0.013148 0.010234 -0.116159 -0.129229 -0.083540 0.159577 0.038973 0.172714 -0.031535 
-0.146183 -0.198737 -0.276065 0.097579 0.172612 0.084790 0.074457 0.035380 -0.125874 -0.299528 0.081597 0.091484 0.015264 0.027175 -0.142229 -0.156737 0.021794 0.035096 -0.198137 -0.313518 -0.158547 -0.093783 0.187890 -0.025514 -0.004411 -0.022998 0.165796 0.135940 0.048439 0.035840 0.130538 -0.110740 0.240692 0.188171 0.146582 -0.134131 -0.078838 0.056594 -0.021867 0.083277 -0.003228 -0.129889 -0.080881 0.151970 -0.155460 -0.349566 -0.032917 0.054910 0.089660 -0.000691 
-0.160167 -0.027138 -0.238186 0.083612 -0.227825 -0.002122 -0.044032 -0.067916 0.035356 0.372254 0.055912 -0.098479 -0.041920 -0.030153 -0.191594 -0.275132 -0.187277 0.091053 0.009099 -0.108924 0.283920 0.069201 0.201959 0.026496 -0.012331 -0.048734 -0.006860 0.051874 0.090398 -0.112975 -0.167419 0.079268 -0.091614 -0.136340 -0.178997 0.006552 0.072507 -0.164190 -0.171458 -0.057611 0.066198 -0.166307 -0.113201 0.102098 0.259379 -0.233168 -0.082828 0.023341 -0.006262 -0.180637 
-0.146742 0.223049 -0.012077 -0.125799 0.102255 -0.023074 0.057827 0.292755 0.080750 0.034490 0.017367 0.000192 0.142999 -0.224022 0.007292 0.064969 -0.309170 0.025231 -0.120508 -0.030506 -0.160892 0.195419 0.010123 -0.084079 0.112023 -0.175233 -0.032751 0.131140 -0.312990 -0.203321 -0.151350 0.231715 -0.146646 0.076523 0.014466 -0.064150 0.085348 0.045604 0.105745 0.025327 -0.089535 -0.090013 -0.164592 0.315672 -0.229348 0.121293 -0.020183 -0.074250 0.001790 -0.021685 
-0.148547 -0.074421 0.269639 -0.150276 -0.085167 -0.170031 0.014077 -0.001106 -0.128405 -0.217889 0.238728 0.045287 -0.232867 -0.101581 -0.058654 0.141164 0.273904 0.199273 -0.139172 -0.087456 0.080820 0.299963 0.076524 -0.123156 0.003767 -0.096262 -0.031180 0.008353 0.044819 -0.163200 -0.008899 0.234220 0.111182 -0.020615 0.046521 0.116042 -0.267626 -0.193798 -0.046619 -0.053719 0.028977 -0.070101 0.227115 0.090481 0.134599 -0.007557 0.098253 -0.115723 -0.151065 -0.066477 
-0.130171 -0.084702 0.155189 0.100285 -0.084315 0.129738 -0.030685 -0.029072 0.198204 0.103427 -0.033827 -0.100638 -0.051253 -0.014659 0.086045 -0.053852 -0.198129 0.194744 -0.216763 0.053095 0.136892 -0.267120 0.014590 -0.034148 0.132695 -0.083556 0.039524 -0.118514 0.110590 -0.194474 0.125256 0.113238 0.184932 -0.210168 0.351541 -0.086932 0.068159 0.230246 -0.025125 -0.181997 0.086257 -0.099165 0.167292 0.073350 -0.018216 0.080415 0.083895 -0.027674 0.062120 0.366568 
-0.158786 0.019285 -0.038346 0.021223 -0.147508 0.325709 0.014172 0.174148 0.131096 -0.000281 0.201826 0.134875 0.225599 -0.013239 -0.152018 0.005284 0.000456 -0.083747 0.091072 -0.030640 0.043501 0.066776 0.174605 -0.058603 -0.065512 -0.036900 -0.003258 -0.019388 0.081078 0.314842 -0.084681 -0.114469 0.172719 -0.010319 -0.063303 0.047837 0.096767 0.256454 0.132856 0.060684 0.154955 -0.005255 0.316878 0.089411 0.054687 0.269777 0.194290 -0.176161 -0.051882 -0.250763 
-0.135316 -0.054181 0.198419 0.193864 0.060518 -0.051250 -0.026689 -0.031217 -0.201569 -0.100607 0.227527 -0.209294 -0.118678 -0.143167 -0.142682 -0.130908 -0.088849 -0.431677 0.004179 -0.067890 0.091111 0.039585 -0.216371 -0.107868 -0.014435 0.027699 -0.040553 -0.054579 -0.236059 0.009677 0.054856 0.054922 0.014339 -0.037227 -0.202665 0.185114 -0.024801 0.431909 0.015431 -0.090164 0.059044 -0.027422 -0.094179 -0.026993 0.114117 -0.091972 0.020392 0.146102 0.007194 0.105854 
-0.145892 0.149249 0.182590 -0.037557 0.145195 -0.128912 0.200714 -0.160410 -0.122818 0.017048 0.005162 0.169924 0.024415 0.135529 -0.120876 0.004751 -0.174372 0.182748 0.062982 -0.015221 0.137445 0.146137 -0.003297 -0.000593 0.011001 -0.033111 0.075999 -0.104696 -0.046504 0.113811 -0.130891 -0.039487 0.022290 0.206582 0.029771 0.031754 0.259598 0.076376 -0.075691 0.286398 -0.161057 -0.356544 0.123658 -0.333646 0.068740 -0.021091 -0.098670 -0.134600 0.144410 0.201200 
-0.146291 -0.046633 0.209677 0.099934 -0.047920 0.210270 -0.009542 0.273963 -0.069471 -0.018975 0.023352 -0.109310 -0.133723 0.369311 0.020206 -0.106006 0.049272 -0.118660 0.250396 0.107145 -0.003212 -0.134097 0.134512 -0.153865 0.023167 0.039778 0.082136 0.198049 -0.063372 -0.191929 0.097972 0.062488 0.034322 0.026250 0.169984 0.037071 -0.136000 -0.086043 -0.137698 0.086564 -0.155031 -0.108586 -0.213976 -0.089640 0.058189 0.276148 -0.157429 -0.085765 0.188429 -0.207130 
-0.152195 0.032224 0.146749 0.242123 0.147161 -0.018421 -0.193633 -0.029835 0.029958 0.138777 0.013685 0.118696 0.151939 0.253697 0.028369 -0.171128 -0.014510 0.036112 -0.195565 -0.103941 -0.102563 0.186923 -0.295141 -0.186087 0.199247 0.011307 -0.268765 0.165594 0.039207 -0.038850 0.111010 -0.001149 0.001450 0.031374 -0.023457 -0.148009 0.106637 -0.178257 -0.118823 0.092017 0.258124 0.066957 0.129096 -0.140877 -0.106418 0.033304 0.147227 0.234255 -0.047797 -0.150356 
-0.137890 -0.108835 -0.070838 -0.246731 -0.048979 0.052604 -0.016424 -0.212603 -0.165876 -0.139268 -0.062081 -0.110028 -0.155657 -0.296591 -0.020250 -0.046131 -0.164046 0.005822 -0.061528 0.170801 -0.178669 -0.066593 0.151788 -0.026987 -0.040986 -0.003739 -0.466514 -0.009680 0.046352 -0.077874 0.082599 -0.113001 0.107167 -0.035711 0.124163 0.122366 0.251183 -0.033975 0.014476 -0.038284 0.029383 -0.063312 -0.111845 -0.270528 -0.113342 0.075220 0.075693 -0.036480 0.069272 -0.278835 
-0.163996 0.157344 -0.002987 0.025146 0.296544 -0.036569 0.072325 0.021222 0.084127 0.011890 0.237641 0.011536 -0.105933 0.055996 0.108980 0.146013 0.034409 0.180258 -0.116172 0.059870 0.062358 -0.223133 0.087483 -0.125931 -0.234973 0.036177 0.184667 -0.206549 0.156452 0.067022 0.070751 0.270618 -0.021570 0.209029 -0.124030 0.136829 0.303524 0.001143 -0.067713 -0.180823 0.071182 0.222379 -0.141044 0.019645 0.001844 0.042200 -0.034869 0.200817 0.058575 -0.209045 
-0.136561 0.191124 -0.076418 -0.010046 -0.234717 0.191481 0.016291 0.000964 0.196677 -0.129861 -0.160435 -0.007921 -0.032512 0.131360 -0.123122 -0.236665 -0.006549 0.087371 -0.174346 -0.039734 -0.133982 0.050659 -0.043700 -0.054925 -0.290490 -0.127430 -0.174450 -0.177768 -0.176655 0.065652 0.180236 0.080863 -0.174480 0.032576 0.085160 0.316304 -0.106915 -0.049872 -0.003157 0.238294 -0.098882 0.288250 0.081878 0.018337 0.117773 -0.097021 -0.099257 0.025162 0.055089 0.165858 
-0.133319 -0.031047 0.199968 0.090392 0.048380 -0.138879 -0.032784 -0.035006 -0.071804 0.282050 -0.004753 -0.117675 0.062306 -0.090208 -0.373936 0.167726 0.090421 0.028379 -0.011610 0.075329 0.038967 -0.202458 -0.098816 0.095756 -0.207278 -0.004454 0.079945 0.140820 -0.014541 0.007886 0.055242 -0.124310 0.119860 -0.070604 -0.003974 0.170167 0.022781 -0.227861 0.061665 0.273544 0.091920 0.120263 -0.157805 0.179795 -0.214992 -0.032430 0.284517 -0.206565 0.162417 0.097967 
-0.144868 0.153515 -0.126207 0.137695 0.126254 -0.104544 0.388715 0.056664 0.185346 -0.067498 -0.188785 0.007839 0.015894 -0.079889 -0.113960 -0.034661 0.273918 -0.254389 0.088643 0.051497 0.069752 0.286932 -0.008878 0.042406 0.020244 0.062200 -0.138375 -0.199922 0.248309 -0.254565 -0.131358 -0.024910 0.174101 -0.133018 0.086206 -0.113093 0.027107 0.033638 -0.111044 -0.015755 -0.037448 0.127687 -0.026329 0.058540 -0.019669 0.046690 0.028863 0.071188 0.289543 0.009302 
-0.156424 0.030338 0.094370 -0.048700 -0.126897 -0.206635 0.372567 -0.091171 -0.101202 -0.048181 -0.125289 0.042670 0.070905 -0.051062 -0.027177 -0.092115 -0.157166 0.088783 0.151226 -0.160118 0.127912 -0.318414 0.010454 -0.027914 0.043888 -0.299196 0.085529 0.166953 -0.063444 -0.030250 -0.060496 0.017280 0.055989 -0.087262 -0.068814 -0.147277 -0.190389 0.031768 0.163405 0.033201 -0.065752 0.319738 0.127747 -0.177338 -0.050493 0.083908 0.013663 0.263549 -0.095189 -0.174238 
-0.153830 -0.194947 0.200280 0.048350 0.053241 -0.010030 -0.150828 0.024567 -0.105903 -0.276348 -0.196296 0.027525 0.062438 -0.166065 0.000703 -0.125765 -0.102612 -0.147741 -0.082484 0.272847 -0.057871 -0.057039 0.148536 0.186437 0.020827 0.113125 0.159308 -0.057390 0.001916 -0.011863 -0.142512 0.125384 -0.016650 0.040518 -0.084211 -0.210409 0.170821 -0.200728 0.021618 0.258932 0.238521 0.146648 0.125133 0.154067 0.267586 0.074660 -0.219366 0.043691 -0.028522 0.065108 
-0.118767 0.000134 0.031058 0.074562 -0.046061 0.157560 0.113806 0.010995 0.115966 0.137831 -0.133339 -0.031735 -0.192411 -0.013814 -0.281578 0.425458 0.141906 -0.054404 -0.057959 -0.092491 -0.273321 -0.152406 0.041947 -0.111364 0.211115 -0.093681 -0.045704 -0.027866 -0.170925 0.037482 -0.203456 -0.115387 -0.109881 0.186548 0.113370 -0.166492 0.036302 0.023851 -0.118088 -0.105291 0.149306 0.063501 -0.098608 -0.145436 0.301650 -0.102034 -0.001088 -0.015837 -0.165221 0.037994 
-0.148610 0.009961 0.048419 -0.130197 -0.045203 0.244704 0.208266 -0.034355 0.096572 0.002118 0.153031 0.124939 -0.052663 -0.175828 0.257496 0.076271 -0.015057 -0.125088 0.207545 0.124757 0.160240 0.021007 -0.196090 -0.044114 0.113371 -0.091041 -0.089749 0.299808 0.200154 0.129515 0.248890 0.140525 -0.070247 0.028589 -0.011660 -0.106294 0.062583 -0.013516 -0.089972 0.139780 0.093921 0.148642 -0.086570 0.015309 0.003994 -0.356444 -0.108095 -0.250825 -0.010120 0.099510 
-0.138876 -0.114083 -0.093538 -0.059813 -0.261434 0.015285 -0.209990 -0.114088 -0.074694 -0.022945 0.152193 0.225172 -0.222347 -0.002267 -0.094575 -0.024579 0.094886 -0.183139 0.186832 -0.228359 -0.078682 -0.037556 -0.081514 -0.050310 0.020316 0.033490 0.070477 0.032706 0.029913 0.122298 -0.254800 0.172323 -0.104750 -0.090944 0.125250 -0.033790 0.303818 -0.145513 -0.094838 -0.086736 -0.217727 0.121296 0.075802 0.053579 -0.296340 0.155920 -0.011661 0.132512 0.080378 0.230677 
-0.137739 -0.021575 -0.087057 0.192056 -0.080394 0.198406 -0.005420 -0.014807 -0.392983 0.044238 -0.014753 -0.076243 0.349302 -0.108273 0.031326 0.154330 -0.085404 -0.096906 0.020168 -0.021662 -0.007790 -0.023604 -0.217706 0.035235 -0.295120 -0.144415 0.007267 -0.218960 0.182733 -0.220735 0.070028 0.004060 -0.113731 0.236668 0.041354 -0.126293 -0.092152 -0.117062 -0.184844 -0.163075 -0.170780 -0.041329 0.130035 -0.029570 -0.022560 0.062852 -0.011980 -0.115438 -0.152031 0.001524 
-0.137862 0.003137 -0.232718 0.217480 0.081222 -0.155748 0.087649 0.176980 0.003027 -0.187064 -0.027474 0.129042 -0.243017 0.146639 0.166535 -0.055465 -0.077177 -0.073302 0.014820 -0.009650 -0.086997 -0.086428 -0.201854 0.156732 -0.057451 -0.368145 -0.021509 -0.066260 -0.012550 0.148617 0.015989 -0.023453 0.026567 -0.193122 -0.112754 0.042142 0.062002 -0.259280 0.165177 -0.139091 0.143153 -0.214800 -0.127588 -0.040845 0.150849 0.139211 0.160257 -0.230664 -0.055777 0.090893 
-0.162876 -0.122535 -0.113747 -0.203702 0.215314 -0.009283 0.005590 0.198171 0.200265 0.038399 0.187646 -0.265032 -0.083657 -0.096885 0.037304 -0.123796 -0.081954 -0.002745 0.159826 -0.002633 0.046107 -0.121383 -0.046542 0.232968 0.017910 0.109980 -0.090119 -0.183696 -0.067101 0.156970 -0.150727 0.071935 -0.155868 0.167405 0.087724 -0.071628 -0.348323 -0.105883 -0.237469 0.133622 0.119347 -0.072846 0.152191 -0.155765 -0.140669 0.019174 0.218466 0.105528 0.022570 0.053007 
-0.129265 -0.182973 0.093553 0.010957 -0.168165 -0.115533 0.133563 0.179315 -0.003170 0.152996 0.027198 0.175835 0.026765 0.001025 0.229289 -0.040608 0.104577 0.041441 -0.136033 0.330249 -0.085528 -0.028651 -0.226018 -0.059347 -0.325045 0.020177 -0.043234 0.096989 -0.044527 0.111607 -0.372518 -0.163465 0.059548 -0.020604 0.233814 0.083110 -0.036268 0.113390 -0.001077 -0.032675 -0.003945 -0.163871 -0.012278 0.087678 -0.017105 -0.207393 -0.132766 0.224185 -0.038660 -0.104359 
