-0.141998 -0.050643 -0.254494 -0.046618 -0.136107 0.183461 -0.107631 -0.198457 0.004333 -0.028971 -0.014155 -0.063954 -0.275885 -0.028561 -0.054392 0.131652 0.278539 0.110336 -0.059346 0.162322 0.099990 0.067297 0.061242 -0.088897 -0.104182 0.002536 -0.046953 -0.033500 0.170159 0.186184 0.032857 -0.099079 -0.058526 0.073378 -0.115523 -0.251501 0.052208 0.260684 -0.112249 -0.188766 0.257993 -0.070368 0.115941 0.042565 -0.173274 0.041739 0.049906 -0.102331 0.115505 -0.348055 
-0.133943 -0.137609 -0.140282 0.175016 -0.024245 -0.165495 0.038619 -0.040724 -0.081981 0.183036 -0.039470 -0.073865 0.125963 0.191095 0.148253 -0.002349 -0.084497 -0.046269 0.051950 0.140470 0.114563 -0.171067 -0.166711 -0.114224 -0.303245 0.013937 -0.242421 -0.000626 -0.171511 -0.065694 0.030191 -0.113398 0.110611 0.048697 0.037317 0.266321 0.062186 0.072445 0.007839 0.035326 0.156587 -0.051804 -0.048423 0.143760 -0.373701 0.042509 -0.191798 0.007147 0.298695 0.177874 
-0.155720 0.038220 0.051273 0.038300 -0.200568 0.204448 0.159369 -0.129502 0.123458 -0.138598 0.016032 -0.175456 0.014583 -0.191316 0.061427 -0.077286 0.069270 -0.010282 -0.210441 -0.194296 0.086285 0.027116 -0.308338 0.002660 0.158885 -0.250527 -0.120982 -0.219515 0.242195 -0.003526 -0.033313 0.023191 0.116839 0.001171 0.021545 0.303223 0.120537 0.203865 0.319341 0.075029 -0.094473 -0.123970 -0.112177 0.012380 0.074082 0.105739 -0.051034 0.067207 0.016656 -0.041682 
-0.141789 0.202435 -0.106593 -0.157797 0.049019 0.221916 -0.039723 -0.034519 -0.126697 -0.001822 -0.039306 0.059060 -0.014460 0.023472 0.304972 -0.040479 -0.025761 0.055212 0.007310 -0.159009 0.136057 0.062448 -0.104013 -0.190541 -0.288615 0.249908 -0.034920 -0.093549 0.195548 -0.074499 -0.009569 0.346617 -0.103787 -0.033614 0.202266 -0.156724 -0.121517 -0.066696 0.013996 -0.087955 0.070588 -0.027981 -0.197751 -0.050754 -0.115536 0.070031 0.126275 0.042699 -0.234704 0.265198 
-0.151156 0.354445 0.048396 0.202623 -0.082284 -0.180256 0.028693 0.011427 0.009522 -0.139238 -0.033414 0.185439 0.026338 -0.052928 0.020433 -0.110709 0.029419 0.150494 -0.213515 -0.115506 0.126634 0.131969 0.107004 0.196531 -0.318868 -0.178145 -0.140081 0.072282 -0.251123 -0.037491 -0.037497 -0.268864 0.101324 0.092053 -0.032462 -0.249980 0.021093 0.105951 0.110813 -0.104294 0.000737 -0.121865 0.004416 0.053631 0.139977 -0.171770 0.161272 0.048033 -0.039048 0.143402 
-0.132274 -0.032509 0.155124 -0.145604 0.008839 0.124090 -0.150188 0.131394 -0.219016 0.166023 -0.213504 -0.002456 0.069588 0.003122 -0.070354 -0.118331 -0.065128 0.111453 -0.053642 0.043325 -0.042075 -0.022910 -0.275060 0.210982 0.020680 0.082656 0.110476 -0.171506 -0.172835 -0.010222 0.182769 -0.283313 -0.145203 -0.100996 0.163763 -0.123647 -0.033433 0.216630 -0.139513 0.243127 -0.207955 -0.177986 0.046633 0.089774 -0.143235 0.218090 0.094079 0.025961 -0.142892 -0.127893 
-0.151047 -0.335413 0.190743 0.035715 0.027621 0.046529 -0.062671 0.061781 -0.023751 0.033590 0.054540 -0.066906 0.038202 0.025693 -0.071928 -0.073838 -0.131004 -0.039831 -0.427414 0.076828 0.145338 0.070529 0.048949 -0.212285 0.029701 0.001703 0.134261 0.119196 -0.048067 0.196928 0.012995 -0.042597 0.059693 0.044088 -0.003943 0.114990 0.170874 -0.155877 -0.076224 0.105098 0.396541 -0.058643 -0.143633 0.104220 0.065579 -0.104780 0.236045 0.006668 -0.288356 0.043765 
-0.144853 0.004321 -0.139869 -0.164192 0.024387 0.029802 0.174389 0.215944 0.203954 0.004128 -0.019625 0.379129 -0.206300 0.117686 0.067730 0.269541 -0.008575 -0.091228 0.027958 0.027662 -0.139752 0.017122 0.061345 -0.156732 0.166286 -0.168873 0.036793 0.094233 -0.079184 0.121253 0.131213 -0.035316 -0.046613 -0.018962 -0.006871 0.123000 -0.113130 0.347599 0.042532 0.028272 0.039730 -0.003106 0.112210 0.147390 -0.044298 0.032979 -0.030555 0.277916 -0.184343 0.256089 
-0.134529 -0.157454 0.195072 -0.082880 0.157047 0.140804 0.045567 0.015721 0.033557 -0.138371 0.189800 -0.065220 -0.083285 0.261701 -0.309807 -0.237492 0.144473 -0.014921 -0.035420 -0.116984 -0.119135 -0.230933 0.076129 0.135902 -0.076076 -0.011567 -0.182511 -0.165453 0.094287 -0.151202 -0.035156 0.028231 -0.346119 0.054652 -0.261212 -0.045182 0.062956 -0.004529 0.041257 -0.117284 -0.017031 0.034504 0.103664 0.186692 -0.102777 -0.021825 0.030280 -0.022862 -0.001140 0.277025 
-0.142146 0.118082 -0.019454 -0.088470 0.087484 0.111235 -0.142420 -0.060206 0.015569 -0.307834 0.275384 0.305109 0.357316 0.006245 0.056435 -0.060053 -0.013549 -0.054039 -0.024887 0.207981 -0.093217 0.031303 0.027908 -0.002098 -0.066964 -0.137449 -0.143875 0.082594 -0.057456 0.126274 0.123217 0.146456 -0.273462 -0.096039 0.055003 0.053670 0.050821 -0.014498 -0.108109 0.192365 0.048648 -0.193166 -0.139772 -0.018791 0.103489 -0.028231 -0.276705 -0.126201 0.093077 -0.193489 
-0.157562 0.007482 -0.087638 0.056722 0.269371 -0.057996 -0.040647 0.010300 0.171879 -0.269262 0.121816 0.038790 0.038455 0.270953 0.030138 0.038526 -0.238730 0.031313 -0.037539 -0.046112 -0.039542 0.205679 -0.171409 -0.072113 -0.020930 -0.026784 0.121985 -0.158350 0.194489 -0.262324 0.060414 -0.183189 0.244192 0.023941 -0.001372 -0.058714 0.147234 0.140207 -0.261761 0.029996 -0.058417 0.392483 -0.034782 -0.079380 -0.016218 0.031179 0.077083 -0.111230 0.024043 -0.080298 
-0.130307 -0.175226 -0.298387 -0.105955 -0.204288 -0.116076 -0.102754 0.192109 0.028550 -0.124659 0.004044 -0.147373 0.118908 0.033620 0.122938 -0.164402 0.294277 -0.055199 0.150097 0.053867 0.118820 -0.069640 -0.038812 0.102961 0.111091 -0.037715 0.095610 -0.004306 0.023803 -0.167539 0.006952 -0.050822 -0.059562 0.036936 0.206182 0.082272 0.153902 0.057159 -0.186327 -0.020679 0.051670 -0.162879 0.229844 -0.329231 0.152860 -0.244568 0.072201 -0.022178 -0.082747 0.226046 
-0.153375 0.167563 -0.164619 0.047507 0.172757 0.069341 -0.189981 -0.241766 -0.036370 0.157087 -0.060898 0.048433 -0.087772 -0.061421 -0.115394 0.014867 -0.074778 -0.279295 0.059857 -0.087801 0.177203 0.086839 0.018349 0.117333 0.209201 -0.174567 -0.091637 -0.080736 -0.360976 -0.095044 -0.029943 0.112128 -0.187758 0.067719 -0.097815 0.245200 -0.098927 0.023184 0.011255 0.013186 0.123379 0.141883 -0.012310 -0.218467 -0.066156 0.081148 0.301950 -0.192327 -0.017975 -0.006918 
-0.154841 0.027779 -0.012968 -0.196271 -0.018179 0.050535 0.141538 -0.388353 0.127705 -0.134882 -0.203954 -0.091367 -0.012351 -0.020516 -0.030423 -0.020856 -0.167502 0.149930 0.300301 -0.027698 0.110542 0.009301 -0.072399 0.107738 -0.079056 0.037774 0.351959 0.115840 -0.120134 0.045427 0.127595 -0.101858 -0.059995 0.162427 -0.090889 -0.010273 0.143665 -0.143293 0.103530 0.049865 0.180677 0.031078 0.093060 0.116824 0.165907 0.128545 -0.288168 -0.081733 -0.102757 0.157203 
-0.150559 0.018739 -0.088445 -0.219072 -0.097124 0.059014 0.119008 -0.099824 -0.265362 0.079111 0.106784 0.066108 -0.155703 0.284292 -0.031980 0.256613 -0.055407 0.151687 -0.146286 -0.001025 0.079791 0.012177 0.114407 0.251666 0.074416 0.089089 -0.235860 -0.031882 -0.006060 0.101452 -0.036091 0.149847 0.199609 0.219225 0.179990 0.072380 0.159276 -0.167267 0.018560 0.249573 -0.230102 0.067307 0.164022 0.042078 0.027677 -0.204847 -0.030500 -0.098725 -0.041224 -0.048343 
-0.134993 -0.017136 0.058941 -0.076580 -0.026658 -0.344957 0.240623 -0.032063 0.197660 0.055389 -0.320673 0.041962 0.034307 -0.010252 -0.254536 -0.170711 -0.073510 0.234151 0.157062 0.043395 -0.224539 0.168570 -0.016561 -0.011060 0.013889 -0.013074 -0.227887 0.079970 0.145083 -0.062192 0.076583 0.296328 0.014400 -0.110977 0.010070 0.009518 0.048275 0.058696 0.019546 0.115785 0.136699 -0.123698 -0.038242 -0.108966 -0.199700 -0.135041 0.171225 -0.113123 -0.095588 -0.138934 
-0.146396 0.045653 -0.015328 -0.052441 0.242050 -0.266430 -0.020534 -0.147693 0.019775 0.165452 0.000499 0.000647 0.182929 0.132570 0.036616 0.097225 0.360178 0.190590 -0.114051 -0.224995 -0.042880 -0.109143 -0.212075 -0.020512 0.139499 -0.024867 0.149379 -0.239221 -0.085984 0.318872 0.198386 0.034432 -0.027539 -0.067175 -0.054583 -0.078557 -0.064141 -0.144709 0.025410 -0.078066 0.056538 0.111712 -0.107783 -0.087162 0.030424 -0.197336 -0.023321 0.224243 0.147675 -0.020450 
-0.139934 -0.037566 0.308295 -0.214367 -0.093125 -0.011535 0.042572 -0.075487 -0.112120 -0.142155 0.102666 -0.151735 -0.099444 0.048429 -0.024405 0.137246 0.041364 -0.073742 0.270284 -0.108033 0.011278 0.110180 0.087309 0.007863 0.045078 -0.183680 -0.021802 -0.066147 -0.068907 -0.156898 -0.010379 -0.079215 0.208553 0.131827 0.031971 0.056507 -0.359731 -0.065743 -0.341094 -0.100661 0.071850 -0.260491 -0.311485 0.050712 -0.050720 -0.094120 -0.019792 0.141004 0.039089 -0.065951 
-0.124310 0.073009 -0.064881 -0.045739 -0.094073 0.040481 -0.237308 0.061473 0.070202 0.169721 0.144342 -0.108452 0.387228 -0.100958 -0.232943 0.112962 0.056606 0.232819 0.071038 0.025288 0.213505 0.086605 -0.055910 -0.264207 0.163201 0.024902 -0.123769 0.237184 -0.035570 -0.137413 0.071869 0.114412 0.112326 0.161714 -0.299614 -0.064898 0.012395 0.036664 -0.052690 -0.079478 -0.276685 0.012274 0.040919 0.148893 -0.033253 0.072775 -0.023253 0.057081 -0.144420 0.086898 
-0.124725 0.145886 0.065668 0.021283 0.240700 -0.214431 -0.102200 -0.023807 -0.073662 -0.118463 -0.215042 -0.058862 0.044902 -0.036968 0.158808 -0.010546 0.253799 -0.235602 -0.135344 0.063934 -0.056980 -0.125363 0.272685 0.117037 0.024727 0.154417 0.240226 0.150459 0.209289 -0.069137 0.163770 0.166916 0.130536 0.298619 -0.071186 0.137752 0.040770 0.154183 0.029481 0.101912 -0.123769 -0.127649 -0.058330 0.205912 -0.051556 0.133308 0.108465 -0.076441 0.075238 -0.010759 
-0.124150 -0.184524 -0.023335 0.228427 0.163194 0.120044 -0.107221 -0.123755 0.120644 -0.031154 0.020414 0.003645 0.012133 -0.164947 -0.017843 -0.020337 0.070632 0.274740 -0.140651 0.019153 -0.223945 0.110957 0.253588 0.077430 0.017738 0.077438 -0.017739 -0.036652 0.013923 0.086400 -0.100319 -0.148604 0.095939 0.164231 0.082707 0.080866 -0.263541 -0.043198 0.017453 0.064626 -0.074241 -0.047930 0.021661 -0.388477 -0.258717 0.119220 -0.265826 -0.014511 -0.163333 0.203735 
-0.124744 0.123053 0.242596 0.134607 -0.037766 -0.020428 0.121951 0.029883 -0.085876 0.062066 0.184102 -0.125825 0.069657 0.217532 0.125240 0.033270 -0.165953 0.089509 0.072822 -0.127697 0.000779 0.125520 0.109219 -0.343693 0.169147 0.075814 0.131985 0.081703 0.058980 -0.025750 0.063962 -0.131567 -0.315290 0.198525 0.151782 -0.035046 -0.093092 0.075612 0.259006 0.038002 0.024108 -0.156748 0.263325 -0.151372 -0.022821 -0.038394 0.123058 -0.106327 0.243296 -0.082424 
-0.164999 0.216062 0.068685 0.303857 -0.044541 0.044522 0.057068 0.054164 0.067949 0.002590 -0.230683 0.165323 -0.022328 -0.014927 -0.183264 0.203259 0.124949 -0.051777 -0.045143 0.231418 0.116799 -0.134192 -0.103832 -0.144687 0.000379 -0.157986 0.231356 -0.177049 0.126067 -0.216687 -0.213440 -0.005883 -0.171548 0.034724 0.133645 0.041842 -0.019310 -0.320551 -0.080166 0.000162 -0.074181 -0.019044 0.082743 0.125794 -0.151832 -0.198052 -0.142178 -0.019181 -0.148113 -0.097192 
-0.137018 -0.102457 0.188083 0.234359 -0.102777 -0.020373 -0.157274 -0.188221 -0.035733 -0.154368 -0.215292 0.049661 -0.031704 0.059902 0.022092 0.033684 -0.135070 -0.094307 0.064116 0.169965 0.000774 -0.063628 -0.247857 0.037851 0.191655 0.268252 -0.155026 0.079498 0.040401 0.158254 -0.296428 0.124956 -0.083743 0.132573 -0.089185 -0.187687 -0.107812 0.255321 -0.106456 0.106502 -0.016289 0.093432 -0.052417 -0.060694 0.216696 -0.154033 -0.009226 0.211323 0.117583 0.144777 
-0.136870 -0.000964 0.160143 -0.293864 0.060621 0.032695 -0.063496 0.188021 -0.016007 0.079095 -0.021220 0.093588 -0.040257 -0.316183 -0.032325 -0.062234 0.099384 0.106437 0.140404 0.039816 -0.137025 -0.122248 0.009313 -0.318720 -0.204119 -0.038849 0.069663 -0.217535 -0.141087 0.132927 -0.287774 -0.006741 0.138123 0.161746 0.021646 0.070161 0.034235 0.144617 0.036295 0.114320 -0.038472 0.184071 -0.010783 0.006484 0.148795 -0.115813 0.053667 -0.329212 0.183111 0.079129 
-0.137501 -0.101269 -0.025985 0.030280 0.093124 -0.113975 0.100750 -0.006012 -0.453485 -0.034084 -0.222115 -0.117811 0.067280 0.056551 0.136261 -0.155641 -0.101375 0.023470 0.042426 0.164211 0.030771 0.039858 0.268384 -0.197828 -0.061501 -0.237990 -0.107099 -0.215933 0.010465 0.019081 0.031444 0.046858 -0.058449 -0.047933 -0.172486 0.055801 -0.000967 0.080835 0.036420 -0.183714 -0.117040 0.156187 0.104545 -0.088074 0.211186 0.067914 -0.172669 0.183522 -0.250558 -0.170082 
-0.132614 0.138071 -0.097788 0.000762 -0.132914 0.126438 -0.191718 0.028629 -0.045371 0.060882 0.025979 -0.168140 -0.041040 0.174860 -0.015926 -0.108751 -0.092058 -0.226524 -0.084179 -0.156712 -0.526583 0.023507 -0.171879 -0.036699 -0.128681 -0.029995 0.208877 0.140688 -0.218287 -0.008371 -0.141790 0.180393 0.166162 0.066478 -0.113622 -0.034728 0.103483 0.010186 0.088135 -0.127363 -0.000664 -0.099050 0.104125 -0.065022 -0.112469 -0.166564 -0.153296 0.086021 -0.122239 -0.173302 
-0.146122 -0.021879 -0.030732 -0.050860 0.106236 0.047002 -0.011092 -0.126929 0.231733 0.124902 0.068940 -0.119926 -0.042624 -0.001156 0.057224 -0.189951 -0.145910 -0.049610 0.054482 -0.186872 0.313634 -0.327554 0.218943 -0.006616 -0.143862 -0.120143 0.111676 0.226725 0.101950 0.098840 -0.122600 -0.023767 0.012281 -0.253499 0.000863 -0.050049 -0.144115 0.153660 -0.058111 0.252726 -0.219769 0.054222 0.017884 -0.030120 -0.124733 -0.266947 -0.022728 0.108229 -0.050549 -0.180668 
-0.146931 0.148287 0.046653 0.223379 -0.050599 0.280218 0.285152 0.203708 0.061519 0.296102 0.139691 0.043343 -0.041173 -0.090284 -0.108112 -0.157332 -0.086608 0.065148 0.055858 0.145091 0.015407 -0.098768 0.013758 0.201551 -0.134271 0.120657 0.106458 -0.024916 0.052650 0.043259 0.313054 0.155500 0.040100 0.215328 -0.049464 0.145914 0.011785 0.069791 -0.239058 -0.122250 0.062676 0.082957 -0.081353 -0.186571 0.183340 -0.023079 0.009160 0.164964 0.128282 -0.065384 
-0.145058 -0.170738 0.065233 -0.043393 -0.011004 -0.005722 -0.050415 -0.034381 0.230772 0.381688 -0.011921 0.067535 0.054295 0.197043 -0.032607 -0.028294 -0.002032 -0.209877 -0.012578 0.139358 0.124529 0.303862 0.225563 0.105880 0.062847 0.014983 0.130021 -0.213951 -0.012547 -0.075464 -0.112471 0.090973 0.054272 -0.121989 0.131481 -0.240391 0.140115 0.121858 0.182301 -0.177572 -0.110015 -0.143523 -0.222462 0.031010 0.120923 0.028758 -0.209397 -0.107055 0.110458 0.083996 
-0.118900 0.026290 0.030132 0.068465 0.011021 0.183338 0.098414 -0.280864 -0.081611 -0.125546 -0.040077 0.060105 0.063455 -0.135852 -0.064886 -0.097294 -0.130312 -0.115440 0.029741 0.102984 -0.129620 -0.218565 0.088783 -0.177039 0.223609 -0.069496 -0.029272 -0.002430 -0.059894 0.140693 0.213282 -0.002124 0.284182 -0.227425 0.215044 -0.169657 0.151468 -0.107923 -0.109617 -0.271407 -0.176674 -0.087859 0.149616 0.025644 -0.116497 -0.011898 0.205513 -0.060372 0.146925 0.228858 
-0.153119 0.073623 0.028200 -0.119901 -0.181208 -0.295166 0.187050 -0.140150 0.148203 -0.009856 0.353343 -0.232024 0.133558 -0.135289 0.108488 0.128219 -0.067433 -0.048447 -0.133158 0.327600 -0.131858 -0.195253 -0.020561 0.146107 -0.007357 0.140697 0.028951 -0.085572 -0.118747 -0.026428 -0.103354 0.008726 -0.106983 -0.033621 0.133299 -0.025077 -0.182462 0.099312 0.058742 -0.170445 0.011294 0.204750 -0.001119 0.073988 -0.039791 0.103096 0.117641 -0.065163 -0.253251 -0.069928 
-0.161585 -0.082721 -0.177383 -0.069054 0.044469 -0.065111 -0.277918 0.195549 -0.164223 -0.076641 0.004226 0.067778 -0.029395 -0.289000 -0.168514 -0.000839 -0.312111 0.015665 0.018849 -0.079844 0.016997 -0.118244 0.038773 0.139057 0.164017 0.086159 -0.021137 -0.033369 0.169265 -0.140192 0.194382 -0.078149 0.002872 0.058916 0.159600 -0.049139 -0.123991 0.004373 0.337665 -0.170152 0.197348 0.098677 -0.100669 0.141282 -0.049272 -0.283624 -0.158888 0.053855 0.083434 -0.069402 
-0.154406 0.080002 -0.156415 -0.095837 0.330890 0.074399 0.100126 -0.050323 -0.042892 0.248837 -0.050601 -0.008924 0.158405 -0.081771 0.084915 0.086603 -0.087384 0.085214 0.009859 -0.068688 -0.190593 0.036259 -0.025733 0.123315 0.061555 0.070105 -0.113228 0.181689 0.233564 -0.017857 -0.410371 -0.264438 -0.085893 -0.091019 0.006989 0.192657 0.083828 -0.059015 -0.172520 -0.222886 0.067375 -0.202428 0.050373 0.152292 0.210658 0.017324 0.091759 0.056073 0.058159 -0.032092 
-0.142876 0.238416 0.061884 -0.197252 -0.011682 0.004115 0.135855 0.053870 -0.085237 0.047292 -0.008671 -0.104262 -0.152348 -0.081290 0.008559 -0.317778 0.212711 -0.251359 -0.121484 0.183807 0.040533 0.360878 -0.101428 -0.061854 0.129442 0.148245 -0.109898 0.227180 0.065919 0.045960 0.068422 -0.242932 -0.021564 -0.137050 -0.059510 0.016555 -0.106085 -0.153029 -0.015848 0.065711 -0.040764 0.277166 0.009679 -0.003804 -0.121431 -0.125967 -0.203844 -0.013001 0.081734 0.108296 
-0.143623 -0.262574 0.132021 -0.142580 0.112084 -0.008886 -0.063128 -0.037294 0.047554 0.060841 0.090983 0.242806 -0.170158 -0.056651 0.253766 0.053965 -0.012448 -0.021637 0.057276 0.286816 0.021793 -0.061469 -0.259661 0.059855 -0.131764 -0.109832 -0.005903 0.145195 0.078762 -0.158808 0.085740 -0.065258 0.065788 0.057306 -0.276135 -0.063165 -0.013233 -0.273942 0.287555 -0.062645 -0.179314 -0.136657 0.045491 -0.251717 -0.006784 0.005873 0.210461 0.074783 0.032722 -0.100003 
-0.132821 0.061669 0.080732 0.253472 0.020697 -0.132191 -0.203266 0.215501 -0.036436 -0.050929 0.176438 -0.166381 -0.195911 -0.059364 0.166248 0.059184 -0.101235 0.102925 0.314081 0.036400 0.031475 0.221165 -0.060344 0.211443 0.004934 -0.122940 0.079753 -0.063292 0.109788 0.428855 -0.001879 0.104112 -0.071887 -0.156135 -0.100346 0.121333 0.134809 -0.054883 -0.036904 -0.079701 -0.128854 -0.045860 0.004377 0.175632 -0.160887 -0.044946 0.048834 -0.156925 -0.082894 0.142711 
-0.140951 0.124508 0.241568 -0.078668 -0.046147 -0.081992 -0.227570 0.088967 -0.032695 -0.031971 0.034344 0.112934 0.092635 0.176674 -0.266855 -0.017877 0.086596 -0.058086 0.074264 -0.009539 0.148016 -0.051395 -0.017208 0.101841 -0.124724 -0.050335 -0.000332 0.103918 0.175799 0.136804 -0.136381 0.070990 0.256685 -0.162110 0.204044 0.104215 -0.108826 -0.041016 0.107204 -0.077056 0.237132 0.108041 0.322681 -0.130593 0.051007 0.399292 -0.010595 0.141920 0.046084 -0.034947 
-0.124621 0.103646 -0.011684 0.009034 0.130946 -0.014770 -0.203633 0.066033 0.347712 -0.105108 -0.006974 -0.207840 -0.264892 -0.075843 0.082631 -0.062007 -0.003983 0.083722 0.046874 0.078670 -0.018292 0.035695 0.159020 -0.149169 0.023501 0.236708 -0.218543 -0.198386 -0.259618 -0.116808 0.035914 0.039026 -0.007908 -0.048798 0.128913 0.049300 0.172556 -0.213288 0.007236 0.129558 -0.006258 -0.080939 0.117282 0.123639 0.133096 0.101265 0.034430 0.382046 0.097001 -0.150520 
-0.143057 -0.139599 -0.068165 -0.003733 0.231076 -0.016973 0.149581 0.289313 0.087607 -0.140252 -0.187949 -0.306779 -0.137000 0.000862 -0.107660 0.181691 -0.044604 -0.018739 -0.220170 -0.059866 0.090333 -0.047223 -0.178981 -0.005017 -0.080070 -0.167725 -0.097963 0.280082 -0.157405 0.080940 0.044232 0.179869 -0.109416 0.040474 0.194584 -0.158070 -0.149266 -0.049061 -0.052751 -0.163635 -0.157185 -0.029261 -0.042331 -0.080440 0.150115 0.160768 -0.119217 -0.210237 0.138053 -0.004011 
-0.135778 -0.130636 -0.178951 0.257636 0.139876 0.004321 0.164975 -0.065720 -0.309996 -0.039990 0.282986 0.057821 -0.179428 -0.012318 -0.110360 -0.147926 0.258354 0.221505 0.141255 0.066065 -0.029235 0.044820 -0.078907 -0.027365 0.102421 -0.007600 0.214572 0.197013 -0.160160 -0.227387 -0.153135 0.147610 0.094972 -0.194355 0.120784 -0.071540 -0.034374 0.086701 0.137076 0.180480 0.046231 0.014656 -0.132993 0.163276 0.092316 0.106024 0.048524 0.052350 0.027693 -0.024484 
-0.141364 -0.005866 -0.096217 -0.009065 -0.243716 -0.219254 -0.070265 -0.087908 -0.069261 -0.085732 0.017638 0.144899 -0.216439 0.035493 -0.218144 0.076078 -0.096034 0.051305 -0.187595 -0.125409 0.023789 -0.033486 0.029264 -0.160453 -0.127821 0.345368 0.146288 -0.042347 0.002219 -0.037525 0.074526 -0.060728 -0.067734 -0.321364 -0.210347 0.326368 -0.092278 0.003383 -0.088402 -0.106541 -0.224803 -0.188016 -0.072101 -0.118700 0.180664 0.040694 -0.035220 -0.137557 0.083775 0.045567 
-0.148282 -0.277476 0.056071 0.150621 -0.202524 0.078102 -0.021662 -0.036042 0.106625 -0.038031 -0.112358 0.203662 0.092463 0.054619 0.081963 -0.065233 0.227743 -0.081963 0.207689 -0.265073 -0.079569 0.057397 0.042155 -0.013841 -0.088335 0.133258 -0.118508 0.190345 -0.079374 0.087229 0.072062 -0.131563 -0.122562 0.107592 0.248147 0.163323 0.052489 -0.086441 0.046687 -0.213722 -0.204935 0.297239 -0.142123 0.151073 0.017218 0.028438 0.110845 -0.041585 -0.122340 -0.254292 
-0.145064 -0.005769 -0.127410 -0.058109 -0.391230 0.080430 -0.142299 0.068034 0.048114 0.045574 -0.173549 -0.029592 0.039499 0.119931 0.203421 -0.096787 -0.091698 0.256648 -0.161353 0.052729 -0.188230 -0.035215 0.186491 0.088823 0.105831 -0.294676 0.115810 0.050758 0.071098 -0.080803 -0.052842 0.061027 -0.097285 -0.067640 -0.096954 -0.034023 -0.165479 -0.217545 -0.069319 0.115290 0.030659 0.215591 -0.116063 0.115052 0.016008 0.170142 0.150139 0.018861 0.321540 0.106082 
-0.147823 0.060226 -0.308225 0.082739 -0.088886 -0.207454 0.110171 0.122617 0.006310 0.069209 0.116349 0.067722 -0.045357 0.036730 -0.111133 -0.170415 -0.069076 -0.260508 0.146244 -0.116491 -0.043440 -0.177478 -0.015554 -0.121189 0.099712 0.001207 -0.114917 -0.133663 0.147599 0.224976 -0.066953 -0.186303 0.055413 0.239506 -0.087799 -0.279694 -0.026847 -0.235377 -0.010969 0.215592 -0.013292 -0.151770 -0.172499 -0.030387 0.073887 0.301146 0.007666 -0.055616 -0.122133 -0.033090 
-0.127640 0.034975 0.251364 0.176984 -0.044398 -0.039219 -0.134987 -0.051731 0.001414 0.271729 0.033692 0.007964 -0.172198 -0.071600 0.255520 0.128798 0.104617 0.000948 -0.012714 -0.187355 -0.130950 -0.204092 -0.008721 -0.025752 0.097774 -0.053767 -0.229966 0.071383 0.068485 -0.239470 0.223137 -0.003394 0.070279 -0.179214 -0.038251 -0.130816 0.040784 0.033749 -0.137687 0.098817 0.216733 0.050297 0.107565 0.015107 0.220775 0.029558 -0.243874 -0.301125 -0.185397 0.035480 
-0.136225 -0.110391 0.118070 -0.070707 -0.103224 -0.194142 0.106276 -0.004673 -0.153211 0.011230 0.096359 0.096603 -0.006550 -0.377288 -0.013495 0.179684 -0.045536 -0.113634 -0.081939 -0.254411 0.015032 0.087362 0.084367 0.036819 -0.049160 -0.049793 0.084853 0.063052 -0.005839 -0.089660 -0.111359 0.095873 -0.211662 0.025170 -0.000062 -0.147521 0.426497 -0.002019 -0.190039 0.062352 -0.015260 0.110820 0.021845 -0.166589 -0.247208 0.162216 -0.093906 0.271051 0.156139 0.033867 
-0.136852 -0.169995 -0.115901 0.130635 -0.019416 0.135551 0.080288 -0.027213 -0.025095 0.007229 -0.023066 -0.177486 0.245137 -0.145187 -0.129659 0.314321 0.057629 -0.277752 0.086885 -0.039986 -0.152715 0.236426 0.053619 0.047753 -0.327241 0.033760 -0.012878 -0.129884 0.087833 -0.006025 0.162265 -0.004068 0.026132 -0.169228 -0.084963 -0.081937 -0.209053 -0.071092 0.090371 0.313445 0.015009 0.028535 0.207396 0.093597 0.157919 -0.109695 0.171629 0.049330 0.069689 0.090199 
-0.137343 0.163396 0.064368 -0.003469 -0.015492 0.220886 0.097779 0.243294 -0.054837 -0.160541 -0.136702 -0.148780 0.117256 0.137855 -0.009565 0.300953 0.090555 0.033414 0.146346 0.064200 0.007151 -0.201896 0.174057 0.056531 0.094287 0.168406 -0.040517 0.066771 -0.100997 -0.003254 -0.064715 -0.180243 0.059466 -0.247160 -0.185365 -0.038684 0.244620 0.017157 0.220477 0.048407 0.098425 0.054861 -0.345747 -0.279869 -0.107943 0.003858 0.047703 -0.033043 -0.048351 -0.024049 
-0.137386 -0.137856 0.006069 0.023787 -0.008984 0.076904 0.243607 0.221205 0.058244 -0.155115 -0.048745 0.191178 0.166741 -0.067079 0.254183 -0.115186 -0.023413 -0.009403 -0.053632 -0.183081 0.194027 0.038525 -0.003732 0.117010 0.197486 0.242808 0.039197 -0.159431 -0.198510 -0.008418 -0.145276 0.161555 0.172633 -0.074047 -0.279976 -0.058126 -0.181231 -0.069167 -0.064911 -0.071739 0.118205 -0.076703 0.293855 0.120221 -0.143700 0.020519 -0.074731 -0.150190 0.054400 -0.179890 
