-0.144095 -0.137424 0.046878 -0.012890 -0.108526 0.107446 -0.123312 0.035688 -0.210328 0.024745 0.068226 -0.013559 0.214168 -0.053931 -0.161596 0.311570 0.077428 -0.060136 0.081588 -0.104573 0.006520 -0.145679 -0.215879 -0.199173 0.034740 0.175422 0.227040 0.119302 0.062699 -0.100859 -0.188072 -0.059482 0.083196 0.392756 0.195476 -0.085901 -0.140443 0.194559 0.088006 -0.244688 -0.039740 0.221626 -0.079950 0.042280 0.029506 -0.043034 0.004052 0.094603 -0.071326 0.058313 
-0.126940 -0.021806 0.043214 0.160268 -0.140254 -0.020684 0.086275 -0.305219 -0.041067 0.070341 -0.183000 0.006619 -0.213949 0.051509 0.053356 0.082191 0.324280 -0.261521 0.046894 -0.127493 0.163564 0.051034 0.291219 -0.107542 -0.182285 0.136602 -0.137330 0.042303 0.132617 0.120561 0.195821 -0.245947 -0.108376 0.063036 -0.082720 0.071252 0.015504 0.175509 0.110549 0.007023 0.158042 0.023261 0.073392 0.125941 0.050724 0.188246 0.177760 0.060067 -0.145294 0.060699 
-0.151644 -0.063958 -0.143699 -0.049934 0.224432 -0.135267 0.089053 0.002917 -0.044245 -0.034383 0.142538 0.028870 -0.109804 0.252325 0.256587 0.105136 -0.070335 -0.159251 0.118843 -0.057141 -0.023982 0.123285 -0.151783 0.075906 -0.229320 0.363386 -0.128095 -0.013393 -0.132326 0.056610 -0.107882 0.076746 0.115403 -0.004583 -0.048402 0.056569 -0.000326 0.126239 -0.192565 0.139250 -0.333856 0.243709 0.210961 0.093777 -0.046158 -0.069237 -0.060306 -0.194091 -0.019702 0.021401 
-0.132317 0.142283 -0.106401 0.076165 -0.296285 -0.034394 0.179999 0.042501 0.166940 0.089223 -0.222059 -0.083214 0.177483 0.025294 -0.054992 0.085312 0.177241 0.224660 0.190065 0.204141 0.113154 -0.075041 -0.127953 0.080623 -0.126444 0.182699 0.067464 -0.213024 0.037415 0.003551 -0.107419 0.056356 0.055713 -0.059479 0.091635 0.019707 -0.160342 -0.041760 -0.022446 0.092518 0.166182 -0.209601 0.206223 0.124336 0.094187 -0.317344 0.079549 -0.175914 -0.097987 -0.181918 
-0.125563 -0.004478 -0.223297 0.147349 0.151513 0.204843 -0.053390 -0.058674 0.167820 -0.176613 0.258302 -0.020911 0.020831 0.067416 0.040118 0.270618 0.006512 0.035597 -0.113082 -0.014164 0.155911 -0.083471 0.006999 -0.094194 0.053718 0.138312 0.065190 -0.124745 -0.260593 -0.054826 -0.028334 -0.127702 -0.205118 -0.144489 -0.115097 -0.049877 0.274182 -0.092866 -0.226983 -0.174459 0.201111 -0.171636 -0.132316 -0.006781 0.114104 -0.137601 0.030375 0.047294 -0.153149 0.245520 
-0.147910 0.088813 0.019322 -0.159421 0.148269 0.252587 -0.031371 -0.129909 0.237657 0.139818 0.060273 -0.219758 0.052813 -0.030542 0.111891 -0.055458 0.065985 0.078206 0.276005 0.196611 -0.067360 0.143228 -0.101644 -0.145587 -0.118205 -0.019281 -0.066195 0.409117 -0.129748 -0.136786 0.208810 0.126817 0.018465 -0.009143 -0.128402 0.003713 -0.004687 -0.008164 0.037834 -0.184666 -0.047075 0.011535 0.018539 -0.162469 -0.067572 -0.015608 0.253435 0.151186 -0.074940 -0.226198 
-0.152706 0.007628 0.134655 0.010187 -0.049551 0.099976 0.080047 0.114084 -0.124353 -0.139867 -0.300468 -0.102009 0.086417 0.153520 0.009507 0.049071 -0.219931 -0.009306 -0.269210 0.035094 0.121308 0.200414 -0.103692 -0.107098 -0.104031 0.183382 -0.102424 -0.119846 -0.112397 0.449171 0.121060 0.144405 -0.140660 0.199473 -0.072629 -0.015137 -0.103706 -0.142370 -0.002667 -0.116427 -0.029499 -0.087330 -0.113381 -0.209686 0.012263 0.012590 -0.053382 0.190798 0.098249 -0.120824 
-0.140949 -0.056386 0.123288 -0.235456 0.074231 0.160470 -0.371642 -0.038219 -0.177213 -0.154949 -0.303273 -0.074216 -0.071446 -0.004795 0.063102 0.070721 -0.117282 0.191746 0.225128 -0.232274 -0.054547 -0.085030 0.231606 0.161244 -0.053067 0.048793 0.063805 -0.019662 0.094561 -0.103671 -0.083218 0.019678 0.033718 0.014936 -0.160785 0.048523 -0.031266 -0.201715 -0.047082 0.004878 0.062861 -0.082756 0.353629 -0.132661 0.031904 -0.052358 0.001163 0.026964 0.005450 0.235300 
-0.148904 -0.018889 -0.056791 -0.011841 -0.080689 -0.147130 -0.189966 -0.044405 -0.018555 -0.031911 0.109418 -0.016925 0.279163 -0.012954 0.094934 -0.350678 0.307775 -0.394779 0.098621 -0.050002 -0.128725 0.013985 0.005501 -0.184581 -0.035354 -0.172616 0.129066 -0.142838 -0.068820 0.230697 0.057114 0.106283 0.098394 0.006325 0.032117 -0.160014 0.040576 -0.051883 -0.142321 -0.135604 0.049315 -0.135995 0.182420 -0.158756 -0.129428 -0.108962 -0.166512 -0.042046 -0.037237 0.107879 
-0.123681 -0.068918 -0.071090 -0.247155 0.071785 0.188597 0.106215 0.131033 -0.085641 0.072909 -0.067226 0.025084 -0.140848 -0.049917 0.025976 -0.097853 0.250886 -0.013122 -0.047553 0.018279 0.188644 0.255111 -0.248459 0.199259 0.187681 -0.056816 -0.244761 -0.002195 0.050597 -0.094486 -0.077993 -0.021343 0.101792 -0.049754 -0.069023 -0.140843 -0.331609 0.063350 -0.201750 -0.089056 0.299497 0.026508 -0.122582 -0.040175 0.003324 0.156739 -0.157562 -0.097852 -0.110373 0.178333 
-0.140790 0.011825 -0.062812 -0.063063 0.009111 -0.033225 0.038957 0.294434 0.219547 0.243155 -0.065635 0.050812 -0.075076 -0.072601 0.017810 -0.042157 0.054318 0.198733 -0.049085 -0.437053 -0.161465 0.027303 -0.086113 -0.243082 0.067884 -0.126580 -0.132625 -0.095342 -0.161578 -0.011543 0.024062 0.135432 -0.226505 0.189829 0.054949 0.197041 0.184988 0.080693 -0.052354 -0.007475 0.166936 0.115963 0.242111 0.177451 0.073043 0.069475 -0.084286 0.072332 0.026031 -0.080814 
-0.114037 -0.019145 -0.028312 -0.061374 -0.085289 0.065676 -0.078365 -0.002237 -0.128057 0.129218 0.193507 -0.025246 -0.264849 -0.120121 0.084955 -0.166027 0.060518 0.067054 -0.076384 0.057876 -0.296554 -0.040103 0.044995 -0.055189 -0.151644 0.100667 -0.011781 -0.017686 0.136381 0.207395 -0.436239 -0.048982 0.047552 -0.135813 -0.064261 0.231012 -0.104210 -0.037810 -0.094328 -0.167964 -0.095646 -0.253920 -0.180521 0.209499 0.080831 -0.012009 0.021552 0.276685 -0.026890 -0.108658 
-0.146314 -0.202753 0.077494 -0.084334 0.047600 -0.107792 0.272425 -0.146362 0.232213 0.032575 -0.031157 -0.247276 0.108390 -0.024503 -0.027636 0.115285 0.140922 0.122045 0.084060 -0.105136 -0.092122 -0.304336 -0.115413 -0.000435 0.306930 -0.009419 -0.117768 -0.113687 0.096583 0.181698 -0.052416 -0.307999 -0.056664 -0.120235 -0.091965 -0.050725 -0.060955 -0.051501 -0.072506 0.011643 -0.282113 0.000225 0.033674 -0.185818 -0.129860 0.142306 0.030435 0.063958 0.206088 0.051816 
-0.153637 -0.018758 0.039979 0.084530 -0.008931 -0.111836 -0.195727 -0.084154 -0.111904 -0.027899 -0.094009 -0.068961 -0.089630 0.074080 -0.221310 -0.195107 -0.032244 -0.186604 -0.139407 -0.191861 0.146875 -0.411394 -0.239027 0.069024 0.199237 0.093810 -0.201902 0.186489 -0.162931 -0.122177 0.072434 0.145378 0.132152 -0.122748 -0.117417 -0.004682 0.023752 0.081265 -0.022538 0.165532 -0.028779 -0.141430 -0.018019 0.012640 0.188439 -0.091781 0.003908 0.112935 -0.161483 -0.244205 
-0.118434 -0.219104 0.200904 0.048055 0.170920 -0.130826 0.011602 -0.149612 0.152180 -0.143480 -0.109742 0.254329 -0.047472 -0.225502 -0.048365 -0.030500 -0.030320 0.090297 -0.141196 0.096061 -0.199147 -0.045284 -0.088006 0.090299 -0.232227 0.089262 0.006734 0.209831 -0.107110 -0.016738 0.130021 -0.272280 0.044431 0.126010 0.348639 -0.036708 -0.019001 -0.213223 -0.258495 -0.023208 0.134416 -0.080843 0.052602 0.038965 -0.050140 0.068217 -0.140272 -0.071464 -0.115859 -0.129592 
-0.132491 -0.120639 -0.100716 0.024173 0.122449 0.238766 0.004573 -0.055793 0.053115 0.222105 -0.134497 0.015933 0.136454 0.068884 0.077298 -0.146867 0.320187 0.100731 -0.363368 0.105337 0.168397 -0.114146 0.105036 0.038821 0.013217 0.041216 0.122550 0.176717 0.018870 0.006818 -0.027530 0.211333 0.118739 0.156421 0.090191 0.161338 0.127175 -0.242279 0.071944 0.214211 -0.210552 0.028826 -0.070273 0.136786 -0.051923 -0.005964 0.016440 -0.048776 0.108591 0.268894 
-0.136352 -0.026597 0.298299 -0.142585 -0.009474 -0.192244 -0.289147 0.170440 0.112481 0.206265 -0.110545 0.018176 -0.079828 -0.121575 0.215815 -0.000118 -0.102931 0.016553 0.047132 0.347499 0.145195 -0.129740 0.043101 -0.086125 0.069970 0.101482 -0.009517 -0.082736 -0.087044 0.118439 -0.199967 0.016059 -0.026603 0.058315 -0.015767 -0.187828 0.271328 0.264339 -0.041596 0.148124 0.111852 -0.005097 -0.149395 -0.049002 -0.090721 0.141961 0.160580 -0.133332 -0.034817 0.063059 
-0.125099 -0.148149 0.047650 -0.030072 0.041705 -0.027680 0.298438 -0.179123 -0.093755 0.070733 0.111390 0.160382 -0.050740 0.160116 0.174600 -0.125067 -0.150813 0.026399 -0.142842 -0.132273 -0.045936 -0.086384 -0.020590 -0.097999 0.024762 -0.077904 0.125717 0.075545 0.154147 0.060494 -0.216155 0.042079 0.099551 0.006843 -0.129967 -0.158174 0.084165 -0.177457 0.122359 -0.060746 0.362468 0.207096 0.039497 -0.205021 0.175173 -0.154774 0.264699 -0.212065 0.055531 -0.156614 
-0.140134 0.294324 -0.097499 0.096492 -0.046622 -0.198807 0.013050 0.089431 -0.102470 0.060495 -0.072711 0.076008 -0.180654 0.191719 -0.098906 -0.050289 0.104747 0.202610 -0.002720 0.090141 0.037507 0.052804 0.025768 0.129763 0.154531 0.019141 0.226789 0.195557 -0.095878 0.140793 -0.011115 -0.153706 0.114843 -0.142735 0.210497 0.274753 0.141184 0.133111 -0.034642 -0.183511 -0.011324 0.163617 0.079678 -0.425811 0.041990 0.018765 -0.072616 0.100766 -0.059698 0.089615 
-0.151272 0.135593 0.140380 0.116138 0.135630 0.217262 0.198803 0.053131 -0.193552 -0.211051 -0.119314 0.259977 0.026197 -0.234341 -0.018996 -0.151240 0.075157 0.021050 0.062690 0.029730 0.036383 -0.024363 -0.032413 -0.343583 0.052339 0.173745 0.042796 -0.126022 -0.023544 -0.197049 -0.075126 0.089206 -0.063432 -0.282149 0.015204 0.005916 0.061582 0.035588 0.164222 -0.119165 -0.222520 -0.098884 0.105432 -0.043587 0.039706 0.277278 -0.032835 -0.233137 0.015664 -0.053022 
-0.150177 -0.233154 0.054172 0.396380 -0.145502 0.087185 -0.094520 -0.054391 0.085228 -0.107672 0.045882 -0.089092 0.028718 0.012441 -0.344351 -0.083806 -0.012115 0.171678 0.022487 0.102607 -0.136495 0.111121 0.105097 0.015737 -0.059734 0.012538 -0.158096 -0.056712 -0.009695 0.036360 -0.180994 0.237718 0.009985 -0.182931 -0.104534 -0.078153 0.012251 -0.017807 -0.017828 0.079823 0.111594 0.423262 0.029988 -0.007269 -0.262814 0.087800 -0.039250 0.080403 -0.156079 0.043431 
-0.149378 0.196700 -0.015847 0.030761 -0.147927 0.013226 -0.072124 -0.235435 -0.009029 -0.121071 0.072788 -0.235955 -0.028363 -0.157697 0.266314 0.012927 -0.072115 0.100396 -0.257173 0.200988 0.026052 -0.161730 -0.204979 0.080080 -0.159368 -0.191043 -0.101822 0.069590 0.221584 -0.022411 0.036159 0.030904 -0.206770 0.001811 -0.022799 -0.066548 0.072192 0.167619 0.109614 -0.112204 -0.023271 0.165970 0.198355 0.051842 0.179532 -0.000006 -0.365171 -0.063925 0.067135 0.081676 
-0.126509 -0.123417 -0.216897 0.048001 -0.155299 -0.158191 -0.220692 0.045287 -0.077048 0.153010 0.101072 0.242568 0.327804 -0.027100 0.152696 0.167687 -0.126824 -0.018284 -0.020502 0.103334 -0.064732 -0.020406 0.074722 0.024711 0.145485 -0.055401 -0.161076 0.130018 -0.032659 0.057844 0.061171 0.025332 -0.244678 -0.102809 -0.046209 0.221573 -0.310924 -0.188445 0.043541 0.000965 -0.061972 0.003425 0.033522 -0.081654 0.174382 0.248874 0.125185 -0.181614 -0.197143 -0.005472 
-0.140485 0.169420 0.088092 0.260470 0.204002 0.119506 0.037700 0.012984 0.057858 0.132675 0.017088 -0.293138 -0.083008 -0.017608 -0.007099 -0.104687 -0.112067 -0.210222 0.257927 -0.049886 -0.113063 -0.092101 0.072418 0.363024 0.146373 0.059194 0.228673 -0.059727 -0.096053 0.149086 0.020857 0.110043 -0.108901 0.119584 0.118067 -0.025899 -0.080724 -0.143994 0.024903 -0.138946 0.078196 0.069702 -0.127631 0.184757 0.191863 0.227956 -0.031420 -0.204182 0.047500 -0.034378 
-0.142531 0.080397 0.064843 -0.142483 -0.159407 0.180648 0.007158 -0.107516 -0.231075 0.271144 -0.039273 -0.029035 0.224333 0.371417 -0.117119 0.129396 -0.169247 0.004732 -0.117172 -0.014314 -0.108300 -0.032323 0.051403 0.036807 -0.081042 -0.124507 -0.015961 -0.016212 -0.069252 -0.092889 0.080827 -0.130048 0.140725 -0.194629 0.013731 -0.011953 0.201230 0.088153 -0.188585 -0.151999 0.066055 -0.106666 0.004967 0.230880 -0.253696 0.213427 -0.077807 -0.170428 0.120619 -0.136434 
-0.145509 -0.033571 -0.034445 0.122209 0.042936 0.094142 -0.179196 0.081693 0.130319 0.262122 0.252690 0.139962 0.107761 -0.036298 0.041195 -0.183647 -0.091601 0.163518 -0.016740 -0.067571 0.135625 -0.004874 0.146168 0.051957 -0.143691 0.238708 -0.065581 -0.261065 0.006421 -0.087697 0.234432 -0.244210 0.285692 -0.018371 -0.032152 -0.163964 -0.140491 0.063821 0.179620 0.007774 0.010758 0.049328 0.014602 -0.130680 0.190785 0.029465 -0.152892 0.169903 0.243922 -0.069802 
-0.133736 0.080738 -0.109404 -0.108419 -0.230769 0.098500 -0.070048 0.041781 0.204050 -0.058343 0.052640 0.105082 -0.260869 0.371183 -0.201749 -0.080185 0.002250 -0.160950 0.008255 0.182824 -0.073442 0.086430 -0.031643 -0.072761 0.044526 -0.044251 0.034383 0.020574 -0.006582 -0.185938 -0.201972 -0.161531 -0.200013 0.217794 0.043428 -0.290804 0.004944 -0.226536 0.072977 0.170383 -0.164667 -0.083278 0.163377 -0.051203 0.132891 0.191186 -0.032846 0.055825 0.048570 -0.033398 
-0.161133 0.085917 0.330968 -0.094417 0.204044 0.046224 -0.174392 -0.049327 0.056486 0.030084 0.243071 0.137830 -0.075409 0.175596 -0.036039 0.119208 0.098919 -0.033681 -0.049661 -0.006788 0.050513 0.051340 -0.173253 -0.045707 0.115802 0.040677 0.280705 -0.056076 0.197503 0.091494 0.137428 0.016841 -0.260971 -0.194011 -0.006535 0.188025 -0.215231 -0.009533 0.160629 0.248687 0.150416 0.004578 0.032058 0.073396 -0.262660 -0.141910 -0.132712 0.036826 -0.013373 -0.102752 
-0.161266 -0.177641 -0.078882 -0.194723 -0.031816 -0.127846 0.036406 -0.029556 0.014075 -0.205531 0.206493 -0.069373 -0.196481 -0.009111 -0.033670 0.132104 0.030707 0.043331 -0.178002 0.078372 0.016265 0.002183 0.259695 0.086189 0.182243 0.059923 -0.042729 -0.045262 -0.089043 0.003475 0.139039 0.351874 0.071247 -0.070905 0.355323 -0.121874 -0.122386 0.150819 0.125271 -0.204397 0.044746 -0.144711 0.214886 0.102914 -0.057397 0.041071 0.223946 0.044223 0.201058 -0.019812 
-0.152248 0.155018 0.100949 0.051961 -0.072963 -0.001897 -0.017266 -0.085572 -0.118464 0.107920 -0.023602 -0.151166 -0.128559 -0.077637 0.229876 0.191857 -0.095784 -0.008851 0.027367 -0.094661 -0.013415 0.175661 -0.076545 -0.192378 0.137605 -0.174608 -0.140201 -0.183449 -0.034804 -0.034873 0.066328 -0.049136 0.277262 -0.156981 0.373894 -0.129449 0.052379 -0.346743 0.097964 0.169495 -0.120493 0.093829 -0.093766 0.061757 0.035673 -0.085881 0.041242 0.127651 -0.268570 0.082105 
-0.130572 0.051369 -0.007239 0.268664 -0.044150 0.137539 0.047588 -0.210545 0.253772 -0.063594 0.012935 0.176486 0.021072 -0.034966 0.161201 -0.036234 -0.307376 -0.066391 -0.016164 -0.114718 0.151389 0.097565 -0.110660 0.135877 0.121990 -0.213779 0.026698 -0.064223 0.013221 -0.035827 -0.211400 0.015946 0.204886 0.257424 -0.012742 0.217669 -0.085174 0.229636 0.035565 -0.011641 -0.044759 -0.282900 0.121470 -0.063625 -0.276888 0.082231 0.094402 0.070229 -0.082068 0.050941 
-0.150283 -0.233242 -0.186451 0.026828 0.048271 0.147338 -0.051329 0.019330 -0.329507 0.027754 -0.011823 -0.186477 0.014734 -0.183703 0.030382 -0.116828 0.065550 -0.095950 -0.064507 0.035887 -0.027283 0.141813 -0.054399 0.240059 -0.044997 -0.089370 0.021803 -0.210785 -0.115449 -0.170885 -0.043164 -0.238971 -0.317624 0.040137 0.174092 0.107207 0.147226 0.109690 0.069230 0.188573 -0.018966 0.024425 0.002693 -0.207348 -0.118460 -0.155983 0.201425 -0.014587 0.075961 -0.252275 
-0.138891 0.222384 0.138810 -0.112235 -0.085326 -0.157708 0.179416 0.079763 0.025220 -0.046387 0.143651 -0.040701 0.159461 -0.100354 0.095520 0.093231 0.113139 -0.067662 -0.037274 -0.173345 0.114113 0.000281 0.374041 0.174877 -0.005350 0.122955 -0.175205 0.184044 -0.155469 -0.172042 -0.281182 -0.001151 -0.075307 0.090630 -0.055835 -0.031490 0.041136 -0.159627 0.196296 -0.015725 0.031455 -0.028367 -0.123170 -0.094681 -0.237685 -0.080946 -0.305491 0.016450 -0.076099 -0.181949 
-0.135743 -0.116834 0.026944 -0.141258 -0.227555 0.004329 0.023410 0.288649 0.250096 -0.234010 -0.009632 -0.154580 0.029025 0.001616 0.036146 0.035687 0.018247 -0.088723 -0.127505 -0.235878 -0.152658 0.023340 -0.169192 0.129988 -0.332322 -0.034475 0.239907 0.066333 -0.054098 -0.009905 0.066593 -0.040043 0.158420 -0.232877 -0.039016 0.083402 0.031432 0.076081 0.283876 0.109618 0.017531 -0.048600 -0.199229 -0.069021 0.073663 0.196691 0.110833 -0.119968 -0.089011 0.147360 
-0.138158 -0.020491 -0.129915 0.181636 0.295831 -0.285194 -0.040879 0.004515 -0.006148 -0.087496 -0.171732 -0.154046 0.134906 0.174002 0.115340 0.144288 0.111948 0.055701 -0.092344 0.082917 -0.313539 0.208321 0.067992 -0.071886 0.132842 0.053234 0.073280 -0.072612 0.324423 -0.288393 0.006390 0.102195 0.116292 0.106597 -0.111762 -0.028496 0.073309 0.116470 -0.014540 0.084517 0.098211 -0.180956 -0.149300 -0.047637 0.112412 0.135922 -0.110631 0.089652 -0.026304 -0.143145 
-0.131281 0.334337 -0.231951 -0.167858 0.187071 0.036811 -0.011576 -0.147575 -0.017811 -0.133688 -0.098962 0.220087 0.055583 -0.181809 -0.153364 0.236309 0.081781 -0.154347 0.019537 0.151766 -0.179648 -0.171288 -0.025163 0.021380 -0.101373 -0.157159 -0.081087 -0.137143 -0.225996 0.140594 -0.084903 0.020748 0.192389 0.039376 -0.109430 0.071570 -0.052341 -0.005890 0.094861 0.213069 0.197113 0.186437 -0.058312 0.011978 0.021661 0.084701 0.071169 0.150530 0.240052 -0.019138 
-0.143781 -0.133766 0.366572 0.168424 -0.051067 0.005373 -0.041752 0.221655 0.052175 -0.077804 0.037554 0.050235 -0.148472 0.037791 -0.010345 0.215297 0.206375 -0.120973 -0.030730 0.159976 0.073057 0.019493 0.105991 0.018269 -0.012171 -0.364991 -0.055865 -0.108813 -0.074975 -0.139975 0.048928 -0.029180 0.164368 0.080441 -0.214052 0.228284 -0.033365 -0.064002 -0.162501 -0.185287 -0.174358 0.088199 -0.008872 0.000498 0.203432 -0.201837 0.024768 -0.142751 0.171215 -0.129038 
-0.143104 0.046774 0.177441 -0.041282 -0.071321 -0.184438 0.265107 -0.109520 -0.034097 0.274859 0.038296 0.019044 0.086311 -0.206360 -0.153305 0.045871 -0.146155 -0.162232 -0.061619 -0.022801 0.071325 0.115572 0.025852 0.054209 -0.179998 -0.003313 0.238886 -0.005088 0.009636 -0.251837 -0.011251 0.225380 -0.165716 -0.120050 -0.035330 -0.040496 -0.071615 0.025405 -0.343754 0.137596 -0.055078 -0.013052 0.045409 -0.111151 0.171892 0.039306 0.072642 0.292610 0.092725 0.233990 
-0.143162 0.155688 0.078305 0.172075 -0.067022 -0.200117 0.068710 0.024114 -0.282019 -0.006015 0.212947 -0.142309 -0.095419 -0.037937 -0.099130 -0.117489 -0.017895 0.234850 -0.003438 0.039360 -0.188092 0.059708 -0.110142 -0.133543 0.021362 0.052757 -0.078646 0.121074 -0.220494 -0.059071 0.152944 -0.131897 0.014312 0.244310 -0.225766 0.000304 -0.134592 -0.035701 0.093466 0.135852 0.078403 -0.200978 -0.010473 0.076400 -0.141374 -0.081473 0.135667 -0.206282 0.156865 0.353974 
-0.138620 -0.020629 -0.195996 0.074797 -0.310527 0.073374 -0.164266 -0.118596 0.116514 -0.026614 -0.115964 0.089676 -0.146527 -0.228702 0.025252 0.104187 -0.068505 -0.080654 0.124338 -0.162988 -0.010854 0.213179 -0.001136 -0.099075 0.192470 0.164075 0.047835 0.252496 0.126254 0.046188 0.054754 0.055600 0.011085 -0.109862 0.008861 -0.005614 0.083958 -0.016100 -0.168573 0.093260 0.009391 0.000842 -0.236860 -0.030233 -0.042292 -0.156058 -0.128929 -0.208541 0.449625 -0.086189 
-0.129107 -0.131893 -0.177272 0.156091 0.249007 -0.031496 0.056183 0.278246 -0.102707 0.170778 -0.007319 -0.019733 -0.057514 -0.187268 -0.180590 0.232160 -0.074094 -0.037014 0.032314 0.018532 0.180351 0.096768 0.005439 0.009354 -0.080418 -0.229966 0.098078 0.290586 0.088605 0.279973 -0.067612 -0.084230 0.067858 -0.115936 -0.141058 -0.279779 0.097736 -0.014096 0.162562 0.038935 -0.056715 -0.207570 0.262170 0.114379 -0.030792 -0.019671 -0.105033 0.026635 -0.035059 -0.060183 
-0.164269 0.095125 -0.053143 -0.136184 0.145918 0.084518 0.034889 0.033445 0.125730 -0.148192 -0.087239 -0.208034 0.119537 0.011489 -0.105276 -0.200879 -0.222854 -0.005675 -0.147111 -0.004772 0.033754 0.035943 0.384883 -0.291034 0.072596 -0.127578 0.069040 0.101798 -0.027824 0.054811 -0.072000 -0.232163 -0.001559 -0.042464 0.086122 0.025839 -0.312783 0.261412 -0.159715 0.158152 -0.058135 0.126147 -0.041159 0.104743 0.129056 -0.194525 -0.000951 -0.149977 -0.124815 -0.006244 
-0.149304 -0.007798 -0.042208 0.136635 0.017065 -0.030332 0.091714 0.315124 -0.107488 -0.253581 0.072429 -0.011969 0.104241 0.179848 0.190731 -0.132268 -0.071129 -0.033470 0.292675 0.047149 0.229443 -0.233085 -0.028304 -0.086059 -0.132881 -0.112597 -0.147884 0.168741 0.220731 -0.071985 0.003401 -0.028618 -0.052508 -0.050160 0.238169 0.105282 0.001946 -0.098219 -0.153673 0.097596 0.198314 0.020980 -0.076161 0.103034 -0.090511 0.102564 0.080679 0.249397 0.251287 0.051601 
-0.147699 0.148852 0.004578 -0.157132 -0.097426 0.123582 0.126115 0.234469 0.019005 -0.095024 0.143409 0.068009 0.100336 -0.198300 -0.135742 -0.071346 -0.119348 -0.174359 -0.087904 0.130207 -0.136656 0.015721 0.023748 0.161966 0.232907 0.222801 -0.088411 -0.036599 0.390673 0.059816 0.249437 -0.080765 0.112379 0.138352 -0.128593 0.093224 0.298413 -0.075793 -0.096729 -0.012873 -0.024719 0.096734 0.137768 0.083229 -0.035772 -0.087790 0.156026 0.039467 -0.205516 0.028915 
-0.127765 -0.161981 -0.021366 -0.154207 0.082785 -0.314653 -0.041514 -0.139493 0.101229 -0.012124 -0.204312 0.016098 0.122157 0.030525 -0.130547 -0.197005 -0.164258 -0.108755 0.098216 0.120707 0.147990 0.238846 -0.132691 0.011417 0.079406 0.032939 -0.024702 -0.050866 -0.070425 -0.116447 -0.095600 -0.148593 -0.037006 -0.111655 -0.061031 0.186595 0.115430 -0.127991 0.318392 -0.307298 0.028489 0.089799 -0.041701 0.323626 0.041320 -0.137073 -0.032600 0.096024 0.117527 0.155526 
-0.145958 0.221020 0.141230 0.040395 0.106316 -0.029614 -0.132705 -0.048711 0.020723 -0.091887 -0.007923 0.275033 0.200521 0.106128 -0.077173 -0.053143 0.167178 0.206943 0.031214 -0.239576 -0.060592 0.157811 -0.040170 0.267621 -0.080067 -0.137798 -0.197700 0.052639 0.129192 0.139177 -0.056196 0.026096 -0.182454 -0.028027 0.107806 -0.298768 0.077978 0.152400 -0.020382 -0.064925 -0.221675 -0.039839 -0.183653 0.100950 0.134686 -0.154409 0.286789 -0.021747 0.030546 0.063137 
-0.137940 -0.243607 0.030130 -0.160213 0.026431 0.113747 0.193044 -0.134764 -0.043960 0.060595 0.126981 0.082148 -0.033115 0.089689 -0.210881 0.029386 -0.101925 0.042075 0.329248 0.094489 -0.068872 -0.050379 0.085384 -0.027481 -0.070470 -0.108627 -0.204121 -0.044468 0.060969 0.108777 0.088049 0.170287 -0.016328 0.115190 0.147534 0.182496 0.177835 0.149843 0.149879 0.137585 0.006417 -0.211789 -0.209585 -0.183785 0.210581 -0.108443 -0.309084 -0.105956 -0.122662 0.144647 
-0.136169 -0.084714 -0.091943 -0.174903 -0.148820 -0.115984 0.047324 -0.157444 -0.150378 -0.228622 0.136030 0.051848 0.001167 -0.062646 0.065440 -0.101861 0.063707 0.333929 0.171101 -0.034289 0.267203 0.077337 0.023213 0.046885 0.067960 -0.131872 0.341617 -0.088716 -0.108914 0.097179 0.140872 0.020881 0.048416 0.153603 -0.215545 -0.042619 0.088364 -0.043429 -0.134401 0.118441 -0.116112 0.088090 -0.120799 0.214772 0.051543 0.224960 -0.058687 0.079837 -0.147020 -0.246965 
-0.149890 -0.097305 -0.116024 0.063690 -0.094602 0.064934 0.186008 0.127754 -0.025627 0.062434 -0.275976 0.277267 -0.150252 0.073105 0.260376 -0.033103 -0.072787 -0.020001 0.056640 0.089276 -0.267460 -0.243417 0.090171 0.094945 0.073054 -0.058716 0.142503 -0.011075 -0.120545 -0.101975 0.218152 0.022292 -0.134429 -0.054946 -0.134894 -0.227876 -0.139563 0.121608 0.086934 -0.093502 -0.096999 0.070676 -0.144245 0.098524 -0.197295 -0.261503 -0.102682 0.193301 -0.119017 0.094519 
-0.151818 0.130235 -0.268924 -0.066356 0.121469 -0.206003 -0.099609 0.008574 0.070004 0.105552 -0.029370 -0.031449 -0.245197 -0.048613 -0.225724 -0.013199 -0.084997 0.027081 -0.046542 -0.099479 0.183304 -0.195344 0.004411 -0.097598 -0.281683 -0.083157 -0.013653 -0.209600 0.266490 -0.116434 0.099653 0.099990 -0.054896 0.098644 -0.005763 0.013970 -0.081997 -0.161671 -0.045361 -0.227284 -0.128248 0.034881 -0.226188 -0.143410 -0.294188 0.011839 0.087460 -0.227727 -0.110058 -0.033471 
