-0.146475 -0.140831 -0.162821 0.169307 -0.076767 -0.075281 -0.152540 -0.068267 -0.020037 0.035197 0.057946 0.273874 -0.031248 0.306387 0.215631 0.122040 -0.169454 0.192519 0.067392 -0.147166 0.066183 -0.029500 -0.063388 -0.180479 -0.049675 -0.109910 -0.025728 0.002113 -0.025800 -0.189383 0.040068 0.085790 0.084789 -0.113181 0.204804 -0.232532 0.147576 -0.047934 0.119059 -0.028414 -0.244595 -0.083639 0.173173 0.139662 -0.075361 -0.081420 0.205015 -0.275451 -0.062436 0.166646 
-0.138810 0.082980 -0.077204 -0.123963 0.229669 -0.040415 -0.056005 0.024106 0.251788 0.237796 -0.020692 -0.050867 0.111871 0.032093 -0.219927 0.141051 -0.059763 -0.297090 -0.230823 -0.086184 0.039662 -0.244724 -0.138407 0.111839 0.006772 -0.258346 -0.129741 0.141356 -0.015332 -0.196289 0.173129 -0.045228 0.302986 -0.056752 -0.065631 0.175730 0.078646 -0.029698 0.029582 -0.087578 -0.064264 -0.248665 0.012729 -0.133760 -0.098184 0.070479 0.050208 0.096014 -0.011699 0.115212 
-0.138378 -0.022965 0.109288 0.032438 0.016484 0.192884 0.112729 0.046523 0.024357 -0.120442 -0.127464 0.004480 -0.058374 0.191315 0.231917 -0.013895 -0.077681 -0.179558 -0.054924 0.080333 -0.103586 0.072227 -0.064753 -0.172453 -0.090310 0.039555 -0.008464 0.119895 0.369427 -0.196930 0.136304 -0.011469 -0.068373 0.197428 -0.013140 0.194835 0.016014 0.185335 -0.162191 0.131444 0.190835 -0.187251 0.267984 -0.046085 0.178481 0.144913 -0.060649 -0.190234 -0.222707 -0.161706 
-0.140157 0.155410 0.045708 -0.302206 0.115654 0.174122 -0.129688 -0.143413 -0.036576 0.008043 0.072888 -0.185361 -0.044161 0.037222 -0.074618 -0.051417 0.163492 0.079818 0.060841 -0.055504 0.398083 0.013104 -0.311886 -0.113158 -0.383730 -0.047666 0.036196 -0.103569 0.014406 -0.028149 -0.108706 0.056274 -0.181344 -0.077295 0.101183 -0.152547 0.011576 -0.046021 -0.139894 -0.000942 -0.181796 -0.093302 0.059597 0.101347 -0.011869 0.119435 -0.094033 0.139887 -0.041738 -0.220485 
-0.159738 -0.231714 0.143498 0.111720 -0.132615 -0.019469 0.343552 0.038158 0.075386 0.112354 -0.158115 0.046558 0.077504 -0.007602 -0.248136 0.029860 -0.050772 0.112287 0.136770 -0.111414 0.123033 0.034163 -0.027430 -0.208732 -0.005869 -0.038543 0.108896 -0.079397 0.058060 -0.060420 0.263666 0.109209 -0.135080 -0.364075 -0.189817 0.213540 -0.289883 -0.082746 -0.156245 -0.067737 -0.112824 0.134630 0.043417 -0.076304 -0.141634 -0.051817 -0.066548 -0.042678 0.029497 -0.021274 
-0.133705 0.171612 0.058547 -0.003853 -0.112503 0.155299 0.301032 0.166553 0.134694 -0.195983 -0.081581 -0.148369 0.001727 -0.011795 0.234309 0.185122 -0.062257 0.058677 0.062599 0.039188 0.279349 -0.151894 0.146776 -0.136065 -0.028816 -0.137059 -0.009918 -0.009253 -0.257337 0.098868 0.059206 0.075493 -0.079235 0.020593 0.093327 -0.016992 0.122075 -0.061217 0.327354 0.034083 0.170576 -0.094248 -0.060215 -0.288693 0.036227 0.108907 0.166813 -0.002189 0.221294 -0.055000 
-0.157749 0.092567 0.029820 -0.228641 0.147034 -0.154442 0.167628 0.074609 -0.175649 0.077141 0.107828 0.120056 -0.338981 -0.107776 0.104427 0.129410 -0.139784 0.206900 0.017683 0.035391 -0.036587 -0.171765 -0.049030 -0.034110 0.079708 -0.044893 0.348017 0.086720 0.034696 0.009659 -0.071461 -0.017021 0.149201 0.181081 -0.094578 0.225248 -0.192821 -0.039300 -0.014711 0.015207 -0.133986 0.034602 0.092995 0.229859 0.194979 0.032172 0.246799 0.170848 0.105383 -0.020257 
-0.130226 -0.065236 -0.038203 -0.029507 0.183354 -0.127030 -0.008849 -0.188318 0.256493 -0.279530 0.357109 0.065068 0.093302 0.129447 0.042351 -0.051153 0.003655 0.196347 -0.251865 -0.058106 -0.207885 0.203131 0.043113 -0.081042 0.093077 -0.154424 0.161456 -0.210451 0.036574 0.038896 0.134351 0.098146 -0.180052 0.005361 -0.012033 0.019050 0.063741 -0.161483 -0.149501 0.049117 0.196524 -0.151049 -0.090739 -0.094924 -0.069801 -0.049626 0.088236 0.268778 -0.000040 -0.003795 
-0.140387 0.216481 -0.003981 -0.061319 0.045101 -0.014707 -0.257231 0.003236 -0.117211 0.197023 -0.124569 0.026581 -0.083363 0.010376 0.076274 0.008466 -0.141147 0.219622 0.142030 0.105502 -0.005138 0.061034 -0.033201 0.136842 0.071340 0.193166 0.014868 -0.046728 0.169620 -0.106598 0.030508 -0.141864 -0.250195 -0.272380 0.147751 0.197295 -0.063974 0.046808 0.250131 -0.127019 0.330970 -0.079903 -0.011895 -0.080832 -0.230455 0.108158 0.011417 0.162046 -0.113935 0.202862 
-0.151248 0.304450 -0.114554 0.055941 0.212890 -0.028618 0.036851 0.110988 -0.134199 -0.081069 -0.147474 0.059227 -0.089552 0.335648 -0.115335 -0.031611 0.052295 -0.063564 0.033167 0.284534 -0.103958 -0.017960 0.123531 -0.209617 0.136852 0.029827 -0.138471 0.014486 0.002198 0.048709 -0.185012 -0.020426 0.064929 -0.272353 -0.015058 -0.066410 -0.052630 -0.146216 -0.116589 -0.064167 -0.149332 -0.028357 -0.230700 -0.182079 0.191422 -0.223536 0.054242 0.026534 -0.175007 -0.181947 
-0.107934 -0.145197 0.055485 0.242811 -0.032770 -0.175523 -0.066112 0.003740 -0.021976 0.030760 0.094782 -0.015186 0.151311 0.010355 -0.111291 -0.149873 0.125369 -0.085556 0.057765 0.054614 0.377728 0.067481 -0.132636 0.048588 0.358043 0.059319 -0.015071 -0.011221 0.071218 -0.050687 0.049689 -0.093521 -0.096839 0.346508 0.245224 -0.002821 -0.320578 -0.107827 0.138378 -0.056905 -0.103707 -0.175328 -0.054184 -0.105977 0.197380 0.050700 0.137828 0.044408 -0.076534 -0.051165 
-0.128055 -0.024896 -0.124523 -0.297177 -0.092730 -0.236219 -0.171050 0.027788 -0.058239 -0.075231 -0.023885 0.127358 0.047196 -0.028630 0.163186 0.268208 0.221527 -0.102025 0.180051 -0.070237 0.123745 0.161380 0.167313 -0.125416 0.002454 0.074083 0.068789 -0.042467 -0.110751 -0.209853 0.097902 -0.059496 0.120706 0.154340 -0.000017 0.197250 0.016777 0.018481 0.048740 0.129201 -0.029252 0.000542 -0.035646 -0.132748 -0.071078 -0.329394 -0.394443 0.053957 0.012262 -0.070491 
-0.134615 -0.054417 -0.075541 -0.026768 -0.005255 0.080444 0.067396 0.067966 -0.315384 0.122915 0.179435 -0.185400 0.036415 -0.134293 -0.057549 -0.067767 -0.379170 0.209846 -0.046888 0.076368 0.172873 -0.125832 -0.125748 0.114272 0.112279 -0.056177 -0.155175 -0.081507 -0.098866 0.005083 0.039341 0.123015 -0.012758 0.115316 -0.089979 -0.037052 0.115804 0.065799 -0.232320 0.076554 0.211994 -0.146078 -0.018890 -0.076347 0.021446 -0.427805 -0.121298 -0.149998 -0.103103 0.027266 
-0.137971 -0.015128 -0.064775 -0.300113 -0.042731 0.294284 -0.000565 -0.102304 -0.077817 0.145473 -0.069891 0.046838 0.062640 0.200151 0.043116 -0.322158 0.102581 -0.119113 0.060519 -0.163144 -0.002196 -0.061077 0.083375 -0.009599 0.399589 -0.217201 0.064653 -0.101576 -0.180780 0.061281 0.105683 0.011923 0.043523 -0.009632 0.202789 0.115945 0.118273 -0.067622 -0.048404 -0.048833 0.150733 0.346282 0.083916 0.131988 0.084277 0.090385 -0.011972 -0.037912 -0.068699 -0.016729 
-0.147295 -0.062129 -0.181928 -0.017220 -0.060383 -0.177262 0.145999 -0.007902 0.124109 -0.091698 -0.017541 -0.195280 -0.106436 0.205383 0.084299 -0.024632 0.147110 -0.005687 0.190291 0.287687 -0.200742 -0.114592 -0.269330 0.195969 0.028715 0.129417 -0.130752 -0.030588 -0.257891 -0.092788 -0.085809 0.011731 -0.016483 0.150079 0.061500 0.068432 -0.105992 -0.077682 -0.234346 -0.026842 0.029284 0.039140 0.115743 0.011648 -0.403480 0.098458 0.057007 -0.123655 0.154011 -0.055173 
-0.157598 0.314141 0.087667 -0.041343 -0.312256 -0.126210 0.079829 -0.054297 0.104921 -0.082684 0.071762 -0.153961 -0.172059 0.149870 -0.152291 0.008119 0.161759 0.047593 -0.093744 -0.024972 0.006188 0.113657 -0.022149 0.029547 -0.032305 -0.099460 0.052743 0.002346 -0.142795 -0.097463 0.142801 -0.152689 0.064341 -0.038308 -0.090949 -0.196130 -0.214483 0.210878 -0.029476 0.041505 0.150892 -0.040565 -0.148425 0.197634 0.224839 0.014493 -0.083778 -0.174134 -0.092786 0.393954 
-0.139717 -0.163756 -0.136178 -0.258368 0.039472 0.054064 -0.098889 -0.080182 0.225109 -0.039520 -0.205932 -0.107637 -0.094905 -0.087870 -0.246653 0.083630 -0.125331 -0.097676 -0.001450 0.038196 -0.097121 0.067996 -0.085061 -0.243012 0.095895 0.375299 -0.158242 0.037075 -0.026262 -0.046842 0.081516 0.167992 -0.256497 0.131984 -0.070240 -0.100985 0.131975 0.051152 0.113026 -0.104614 -0.022190 0.092407 0.035697 0.089823 0.243408 -0.153614 0.190268 0.064081 0.155293 0.166979 
-0.142950 -0.078376 0.029237 0.114746 -0.170183 0.109610 -0.156376 0.259618 -0.042129 -0.017872 0.026463 0.033130 -0.101082 0.231383 -0.209343 0.026706 -0.072022 0.002557 -0.109971 0.009008 0.090561 0.210912 0.072211 -0.015450 -0.023005 -0.125577 0.224121 0.270566 -0.164851 0.072750 -0.253366 -0.046853 -0.095267 0.231986 -0.221155 -0.025126 0.129289 0.057611 -0.040386 -0.326247 0.000762 0.091432 0.209556 -0.159744 -0.173865 0.033570 -0.070028 0.188872 -0.084135 0.054260 
-0.126026 -0.033256 0.403389 0.022505 0.184130 -0.198791 -0.136451 0.087076 -0.001190 0.028269 -0.061319 0.094077 -0.067074 0.133867 0.207995 -0.096959 -0.046833 -0.142501 -0.014928 -0.047589 0.199719 -0.127195 0.101049 -0.004388 -0.049226 0.213561 -0.104791 -0.108771 -0.153760 0.179037 0.183362 0.014951 -0.090417 0.125769 -0.315310 0.045384 0.178395 -0.085135 -0.086547 -0.023579 -0.029757 0.011612 -0.290243 0.222201 -0.150364 0.116005 0.049512 -0.088683 -0.153607 0.052843 
-0.161703 0.027670 0.003523 0.132054 -0.039204 -0.007050 -0.286861 0.205164 0.051125 0.185748 0.135438 0.006500 -0.055507 -0.078492 -0.062025 0.009016 0.345219 -0.007231 -0.098571 -0.007311 -0.007653 -0.042855 -0.097531 0.060062 0.050331 0.217189 0.325124 -0.012897 0.025786 0.089911 0.016071 0.143989 0.056119 -0.221263 -0.079424 0.033050 0.175689 -0.112852 -0.047198 0.034623 0.195161 -0.091188 0.100657 -0.091295 0.170455 -0.022496 0.069157 -0.358802 0.265733 -0.162986 
-0.150202 -0.222587 0.032362 -0.161537 0.109593 0.061011 0.003401 -0.064438 -0.058547 -0.129357 -0.050438 -0.235750 0.000302 0.135062 0.162603 0.202034 -0.041688 -0.115685 -0.183124 -0.123614 0.039545 0.173537 -0.001808 0.160855 0.199788 0.086125 -0.048219 0.018068 0.021687 0.436331 -0.166893 0.048400 0.118197 -0.237356 -0.077617 -0.044816 -0.299291 0.005450 0.193579 0.083676 -0.059462 -0.173857 0.212078 0.087202 -0.073870 -0.037025 -0.100732 -0.073778 -0.045085 0.036490 
-0.134965 0.263349 -0.059202 -0.045159 0.001647 0.084763 0.138728 0.005510 0.108947 0.016181 0.044941 0.176411 -0.050393 -0.221016 -0.078084 -0.181105 0.063946 0.096734 0.111780 -0.133270 -0.005857 0.370465 0.037959 0.168337 0.066363 0.055716 -0.182510 -0.202266 -0.051589 -0.040512 -0.182882 0.228706 0.073084 0.087988 -0.206555 0.180741 0.106710 0.064654 0.099783 0.144186 -0.263019 -0.079866 0.104462 -0.162976 -0.057748 0.126383 0.158219 -0.159403 -0.202167 0.062795 
-0.150164 -0.273639 0.055416 0.018526 0.172818 0.121831 0.107187 -0.035483 -0.052358 -0.188575 -0.095741 0.075759 -0.223413 -0.070792 0.127397 -0.049276 0.230468 0.101022 -0.280099 0.018953 0.088194 -0.019402 0.084509 0.411598 -0.175365 0.030423 -0.019307 0.081003 -0.043516 -0.165038 0.052212 0.028189 -0.065953 -0.102821 0.242581 0.128998 0.045534 0.152319 -0.063867 -0.227823 -0.152177 0.129787 -0.145124 -0.159010 0.144820 -0.143623 0.017378 -0.028602 -0.009776 0.126385 
-0.131120 0.121509 -0.218147 0.093281 0.031082 0.005652 0.215977 0.110548 0.043225 0.342306 -0.097188 0.110372 0.112510 0.059067 0.001922 0.122426 0.047989 0.067674 -0.090887 -0.165941 -0.056964 0.069360 0.092599 -0.040062 -0.080230 0.100581 -0.036315 0.133327 0.028951 0.349996 -0.060159 0.004015 -0.218160 0.177411 0.329805 0.100957 0.056647 -0.007958 -0.252386 0.094334 -0.093745 -0.173281 -0.145841 0.114564 0.016575 0.074884 -0.210942 0.009799 0.141685 0.197194 
-0.138581 0.048094 0.162637 -0.267891 0.074415 -0.049034 -0.193135 0.095386 0.115461 -0.116804 0.083384 -0.118953 0.245868 -0.202351 0.074057 -0.023705 -0.183571 0.062780 0.068946 -0.025388 -0.028547 0.146634 0.050073 -0.115180 0.043913 -0.125151 0.010181 0.319044 0.171818 -0.009258 -0.156571 -0.055058 0.032431 0.004644 0.144015 -0.018903 -0.135228 0.029017 -0.201067 -0.099691 -0.052074 0.197164 -0.262015 -0.115372 -0.132688 0.058302 0.138272 -0.383608 0.095831 0.031032 
-0.134386 -0.113826 -0.083316 0.025931 0.053606 0.127432 0.092489 0.213233 -0.244713 -0.236304 0.227688 -0.032077 -0.071491 0.140330 -0.186359 -0.007348 0.176667 0.049260 0.145194 -0.202360 0.023578 -0.078195 -0.106504 0.026579 0.131078 0.058698 -0.162068 0.242463 0.295241 -0.076716 0.072378 -0.099804 0.003644 -0.049346 -0.115043 -0.042139 0.194569 0.007204 0.121091 0.360626 -0.015384 0.117765 -0.187370 0.038703 -0.143383 0.113628 0.001486 0.129108 0.143679 0.100773 
-0.136542 0.127803 -0.002075 0.189319 0.221731 -0.071694 0.043766 -0.123058 0.080952 0.118615 0.009446 -0.209930 0.088480 0.116602 -0.072465 0.255584 0.013513 0.037411 0.134537 -0.249776 0.019205 0.078461 0.197145 0.232064 -0.095423 -0.080319 -0.099574 -0.127051 0.087550 -0.019639 -0.023721 -0.366571 -0.147980 0.102861 -0.086439 0.008988 0.061088 0.063373 0.012271 -0.029139 0.077839 0.259594 0.172966 0.096890 0.077199 -0.217320 0.214055 -0.086938 0.054945 -0.252980 
-0.148809 0.094918 0.070371 0.177958 0.031242 0.055073 -0.007973 -0.348641 -0.112882 -0.020706 -0.224076 -0.002688 -0.230655 -0.116218 -0.061934 0.181442 -0.093401 -0.085400 0.037847 0.113016 0.086679 0.164326 -0.062928 -0.004684 0.172749 0.001652 0.174186 -0.174193 0.191295 0.148109 0.194623 -0.012348 0.310172 0.112763 0.096107 -0.241808 0.183981 0.088090 -0.194438 0.000900 -0.048676 0.091026 -0.065268 -0.190778 -0.184357 0.112840 -0.034366 0.050516 0.158071 0.033804 
-0.126861 -0.034566 0.306876 -0.146937 0.011484 -0.085115 0.200046 -0.007600 0.040113 0.195236 0.122923 0.317428 0.074972 0.117005 0.050243 0.031299 -0.066919 0.121944 -0.060634 -0.053657 -0.052190 0.037960 -0.049532 0.077585 0.089846 0.145785 -0.288587 -0.033616 0.022429 -0.190467 -0.182151 0.016989 0.120076 -0.013665 -0.043310 -0.318042 -0.024279 0.025967 0.030227 -0.180138 0.151018 0.037207 0.046535 -0.096471 0.149218 0.159930 -0.269251 0.084755 0.276122 -0.163914 
-0.148527 0.130089 -0.065853 0.001657 0.069203 0.182301 -0.048040 0.000799 -0.074655 -0.257204 0.215586 0.226200 0.274999 -0.074676 -0.027921 0.129287 -0.105814 -0.198918 0.198087 0.198351 -0.005914 -0.177467 0.078357 0.197267 -0.133195 0.078924 0.049866 -0.118836 0.029933 0.077977 0.106299 -0.068742 -0.099730 0.000575 -0.085004 -0.057950 -0.099474 -0.273893 -0.097964 -0.078487 -0.089049 0.096935 0.248074 -0.047991 0.172311 0.100331 -0.139426 -0.050216 0.030870 0.337237 
-0.138802 -0.005679 0.000714 0.221010 0.077686 0.221039 -0.247175 0.028301 0.121004 0.056325 0.093204 0.148629 -0.141368 -0.227989 0.089113 0.073373 -0.075385 -0.048410 -0.001135 -0.048501 -0.010059 0.029414 0.060327 -0.062168 0.063913 0.059749 -0.163410 0.195166 -0.417281 -0.066445 0.097323 -0.084382 -0.028648 -0.141758 0.054139 -0.103272 -0.276629 0.143384 -0.231669 0.348427 0.042663 0.072836 0.071877 -0.008816 0.002030 0.071491 0.071297 0.210987 -0.046139 -0.137398 
-0.145556 -0.142124 0.145332 0.025190 -0.211551 0.057333 0.059874 -0.202479 -0.171486 0.082063 0.203829 -0.008361 0.035242 0.010348 0.053798 0.030618 -0.065493 -0.437613 0.234413 -0.074810 -0.170659 -0.033300 0.001867 -0.004532 -0.018930 -0.043844 0.131057 -0.122177 -0.076122 -0.074825 -0.302579 -0.047262 -0.158408 -0.156428 0.003624 0.114228 0.096994 0.265996 -0.057672 -0.041055 -0.070357 -0.263739 -0.224257 -0.028415 0.044028 -0.044925 0.176683 0.087018 0.131413 0.041388 
-0.121451 -0.085145 0.102381 -0.037682 -0.024175 0.261874 0.055779 0.300421 -0.002834 -0.097780 -0.160540 -0.100929 0.038270 -0.244576 -0.018820 0.001090 0.123836 0.130865 0.070677 -0.201875 -0.260874 -0.044658 0.089200 -0.052986 0.065333 0.112998 0.067450 -0.200749 -0.027565 -0.126946 0.039979 -0.300725 0.158333 0.071045 0.078918 -0.223594 0.019015 -0.190260 -0.076559 -0.226321 -0.042093 -0.340796 -0.006813 0.155326 -0.115957 -0.052841 0.040757 0.055445 -0.148644 -0.038061 
-0.144164 -0.011844 -0.067411 0.098153 -0.034154 -0.107474 0.074066 -0.374684 -0.128954 0.024647 0.129258 -0.173062 -0.142395 -0.093333 0.027060 -0.277230 -0.031606 -0.011770 0.169603 -0.194164 -0.067607 0.075596 0.155034 -0.094688 -0.239864 0.153556 -0.105670 0.397300 -0.071767 0.078860 0.107159 -0.006314 0.202068 -0.011715 -0.014291 0.067565 0.023302 -0.340973 0.061621 -0.189364 0.128789 -0.097846 0.058559 -0.094488 0.079247 0.029578 -0.048268 0.020681 -0.029309 -0.020964 
-0.138258 -0.259324 -0.245211 -0.153405 -0.019620 -0.177526 0.110364 0.067738 -0.012758 0.155882 -0.071054 0.118246 0.153002 -0.149582 0.075685 0.085953 0.251872 -0.012778 0.209269 0.216063 0.091898 0.055391 0.102568 0.084229 -0.118109 -0.168674 -0.026998 0.098222 0.121599 0.161018 0.045421 0.108804 0.056675 -0.067630 -0.134233 -0.292873 0.045196 0.147458 -0.096373 -0.039293 0.252406 -0.023093 -0.023351 0.039192 0.052609 0.116587 0.255794 0.129058 -0.277898 -0.010866 
-0.144562 0.087890 -0.049775 0.097736 -0.212737 -0.199583 0.034069 0.174576 -0.231231 -0.077249 0.071755 -0.203618 0.210163 -0.100374 0.047258 0.241985 -0.157253 -0.083908 -0.215717 -0.023010 -0.142940 0.199279 -0.201279 0.061962 -0.014932 0.092670 -0.035159 -0.052600 -0.109738 -0.073315 0.135449 0.140092 0.036742 -0.124314 0.156486 0.097300 0.177618 -0.069716 0.036143 -0.092693 -0.102843 0.244049 -0.074065 0.139766 0.138261 0.239048 -0.004641 0.124195 -0.210224 -0.204664 
-0.148877 0.107361 0.237695 0.056343 0.235178 -0.123345 -0.063559 0.074254 -0.199903 0.053443 -0.146752 -0.130721 0.105152 0.039392 -0.097799 -0.110060 0.064917 -0.047590 0.122284 -0.086129 -0.325453 -0.090827 0.117728 0.095900 -0.090898 -0.149205 0.160262 0.069336 -0.061285 -0.083739 0.131213 0.469253 -0.127672 0.149243 0.111010 -0.246252 -0.142833 0.115249 0.189438 0.134139 -0.058537 -0.008054 0.103453 -0.064205 -0.073297 -0.069017 -0.074551 0.042491 0.020315 0.015065 
-0.126453 0.080322 0.104540 0.105888 0.057995 0.090912 0.070314 -0.149164 0.074746 -0.042706 -0.094167 0.073879 0.467616 0.056920 0.116778 -0.124966 0.105110 0.204057 0.014677 0.020675 -0.057590 -0.100741 -0.380912 -0.100348 -0.070280 0.230559 0.172190 0.134062 -0.129164 0.161053 -0.033776 -0.144795 0.231181 0.032143 -0.083336 0.077901 0.066284 0.261546 0.110384 0.041775 -0.019335 0.108011 0.002701 -0.066954 0.018910 -0.208273 0.059768 0.138212 -0.088255 0.079642 
-0.139351 -0.067300 0.246520 -0.001182 -0.119066 0.077178 -0.047844 0.051139 0.090110 -0.125457 0.003057 0.287287 -0.095099 0.013143 -0.357304 0.077079 -0.060819 -0.080806 0.062677 0.096432 -0.031188 0.057439 -0.089320 0.055306 -0.272997 -0.089887 -0.144684 -0.062051 0.037356 0.203126 -0.091955 0.096798 0.211965 0.084287 0.323027 0.185199 -0.047670 -0.130797 0.138631 0.098706 0.277049 0.038044 -0.066511 0.211936 -0.074471 -0.208710 0.084593 -0.011472 -0.052017 -0.093357 
-0.141384 -0.075898 -0.036497 0.152589 -0.021446 -0.167515 -0.156965 -0.109092 -0.002574 -0.213573 -0.162877 -0.141978 0.122947 -0.036729 -0.152346 0.019214 0.023354 0.178347 -0.056221 -0.113803 0.137913 -0.338306 0.301291 -0.135470 0.032990 0.080156 -0.066122 -0.166037 0.046570 -0.118795 -0.388230 0.168473 0.173774 -0.014659 0.039081 0.164506 0.014628 0.120313 -0.175335 0.063390 0.136915 0.016807 0.098928 0.061450 0.075306 0.237248 -0.054295 0.079061 -0.024102 0.116361 
-0.142716 0.058658 0.192321 0.004061 -0.369588 -0.078400 -0.223134 0.099699 0.146433 0.022116 -0.068864 -0.131434 -0.003969 -0.010530 0.197696 -0.202719 0.026302 0.121256 0.060648 0.155679 -0.063190 -0.026935 0.071860 0.117107 0.040060 -0.203522 -0.271214 0.021167 0.228590 0.164579 0.127829 -0.018363 0.018001 -0.079680 -0.026270 0.079799 0.122901 -0.008519 -0.107430 0.044484 -0.280758 -0.049642 0.189540 0.042456 0.118653 -0.165249 0.006754 0.286530 0.217333 0.017326 
-0.149014 0.109524 -0.325814 0.073845 -0.101432 0.193772 -0.122253 -0.077210 -0.167108 -0.119131 -0.218453 0.160157 0.189626 0.037402 0.052669 -0.151271 -0.076939 -0.002119 -0.170443 -0.003816 0.059016 0.094299 0.064732 0.115106 -0.098836 -0.051967 -0.012025 -0.000795 0.034942 -0.110822 0.087661 0.097327 0.034269 0.091400 -0.268596 0.029847 -0.243680 0.048902 0.068965 -0.125291 0.052041 -0.123652 -0.229141 0.269502 -0.084308 0.015059 0.066369 -0.009710 0.359072 -0.224005 
-0.144538 -0.139388 -0.012322 0.112528 -0.104331 0.217633 -0.171101 -0.219369 0.132779 0.142767 -0.060873 -0.047369 -0.095388 -0.051328 0.096715 0.270055 0.086070 0.199037 0.074102 0.021366 -0.228742 -0.183984 -0.162784 0.039061 0.054587 -0.230995 -0.038735 0.010426 0.053671 0.020664 -0.129215 0.069840 -0.117611 0.167120 -0.223257 0.039195 -0.058801 -0.222163 0.159531 0.020933 -0.059012 0.082561 -0.318603 -0.082186 0.137290 0.096616 -0.226120 -0.083971 -0.208763 -0.053759 
-0.139157 -0.059132 -0.172205 0.063947 0.026836 -0.213355 0.000827 0.216304 0.040410 -0.018933 -0.258365 0.031347 -0.130337 -0.108005 0.185976 -0.283919 -0.151973 -0.232893 -0.072437 -0.270167 -0.005868 0.026469 -0.289092 -0.014931 -0.184193 -0.129796 0.055857 -0.210892 0.066327 0.002071 -0.217903 -0.155805 -0.022211 -0.009486 -0.043344 -0.134620 -0.078651 -0.184026 0.009529 0.163164 0.136116 0.185677 -0.017914 -0.191916 0.096105 -0.063563 -0.030791 0.067791 0.050957 0.152424 
-0.146617 -0.246869 0.010561 0.073226 0.301107 -0.086240 0.001041 0.016930 -0.056016 0.016775 -0.059473 -0.057701 0.047404 -0.106412 -0.129702 -0.156696 -0.058871 0.106393 0.045324 0.378118 -0.053932 0.237532 0.028686 -0.132750 -0.042562 -0.239765 0.020780 -0.057020 -0.218342 -0.026663 -0.011309 -0.288332 -0.002455 -0.082846 -0.009910 0.094987 0.193612 0.054438 0.204718 0.124814 -0.066985 -0.103945 0.038158 0.173465 0.120558 0.195425 -0.230447 -0.141871 0.170830 0.018412 
-0.150893 0.055074 0.082517 -0.155690 -0.220286 -0.138313 0.053935 -0.230397 -0.284248 0.013671 -0.073066 0.181561 0.047555 -0.189842 -0.118943 0.003026 0.162068 -0.022819 -0.445799 0.076080 -0.089811 -0.200219 0.061215 -0.140851 0.003518 -0.030149 -0.107046 0.052311 -0.004122 0.046300 -0.023299 -0.252915 -0.268603 0.036341 -0.020083 -0.076085 0.023744 -0.089214 0.081550 0.159373 -0.056385 0.014252 0.174859 -0.123553 -0.213386 -0.004399 0.143298 -0.138519 -0.055304 -0.071610 
-0.125207 -0.113478 -0.166458 -0.032447 -0.016511 0.089888 -0.082199 0.147015 -0.016099 0.191472 0.340634 -0.125476 -0.090247 0.084194 -0.000747 -0.108648 -0.000106 0.013060 -0.106114 0.059826 -0.121501 -0.117472 0.150994 -0.235978 -0.242758 0.111479 -0.103743 -0.344335 0.096814 0.180315 0.160705 -0.062884 0.168989 0.121695 0.043251 0.020903 -0.217441 0.287062 0.167339 -0.112673 -0.109127 0.162637 -0.057812 -0.207816 -0.069167 0.092608 0.006764 -0.027539 -0.002423 -0.026439 
-0.141089 0.079116 -0.184905 -0.001652 -0.042985 -0.195700 0.043438 -0.005046 0.270237 -0.244864 0.048484 0.167283 -0.137039 -0.137925 -0.115082 -0.151290 -0.191549 -0.038114 0.118251 -0.122464 -0.002925 -0.286340 -0.021845 0.127743 0.136809 0.009836 0.128520 0.091819 0.051059 0.194428 0.065955 -0.064452 -0.145359 -0.091553 0.067849 -0.086359 0.095780 0.295428 0.118644 -0.142981 -0.089034 -0.069787 -0.006064 0.072896 -0.036285 0.014906 -0.275622 -0.086360 -0.138462 -0.326962 
-0.164308 0.155886 0.004109 0.251394 0.117938 0.081981 0.175049 0.002897 0.125394 0.078784 0.212480 -0.065573 -0.044790 -0.265154 0.212217 -0.034709 0.186274 -0.218499 -0.121775 0.169527 0.110351 -0.001365 0.018312 -0.229826 0.128097 -0.058317 -0.044407 0.034729 0.172465 -0.136604 -0.171168 0.151755 -0.029979 -0.027872 0.000507 -0.032609 0.013669 -0.021003 0.133369 -0.171621 0.059004 0.159706 0.065517 0.325764 -0.228358 -0.220266 -0.146966 0.053934 -0.023433 0.116099 
-0.137758 -0.083090 -0.021123 -0.083900 -0.157219 0.087616 0.111478 -0.049905 0.249025 0.196865 0.015361 -0.123682 0.074653 0.123292 -0.029166 -0.131949 -0.232757 -0.029491 -0.111848 0.213786 0.090234 -0.011292 0.290640 0.224007 -0.081107 0.256062 0.325806 0.054946 0.087185 -0.212431 -0.093387 -0.037604 0.078894 -0.015139 0.042683 -0.153808 0.055788 -0.187233 0.081938 0.354529 -0.118125 0.070627 -0.111456 0.042816 -0.066428 -0.033647 -0.007932 0.058888 -0.115329 -0.074466 
