-0.144169 0.322894 -0.208505 0.103110 -0.143011 -0.101578 -0.276181 -0.048855 -0.037519 0.146677 -0.128580 -0.110823 0.041726 -0.150012 0.135291 0.113140 0.180078 0.042262 -0.067442 -0.103232 0.030779 0.019771 -0.277836 0.099112 0.010985 -0.077501 0.177234 -0.096204 -0.285824 0.053962 0.032156 0.001240 -0.054037 0.003581 -0.030447 -0.085413 0.261640 -0.034992 -0.030016 0.075831 0.079027 -0.021190 0.057447 0.201874 0.208308 -0.052758 0.099352 -0.118456 0.265335 0.235382 
-0.141523 -0.007853 0.172191 -0.044358 0.148693 -0.073141 -0.037345 0.140975 0.222130 0.186801 0.136828 -0.144772 0.317800 -0.179394 -0.059339 0.039381 0.103256 0.099396 -0.073610 0.030204 -0.215350 0.022572 0.016914 0.075907 0.101256 0.131492 -0.078208 0.134454 0.120084 0.232126 0.201450 -0.088853 0.008208 -0.168655 0.034993 -0.096785 0.107431 0.169495 -0.058410 0.178353 0.038976 -0.005639 -0.111675 -0.229788 0.011497 -0.404980 -0.085572 0.049064 -0.110006 0.147245 
-0.127828 -0.160708 -0.138480 -0.018950 0.019606 0.038921 -0.129383 0.255669 0.195321 -0.317388 0.076892 -0.080422 -0.230920 0.018452 -0.174843 0.154101 0.044110 -0.024961 0.039929 -0.106393 -0.135821 -0.184797 -0.119697 0.058989 -0.062534 0.052549 0.013762 -0.034642 -0.107276 0.390808 -0.050800 -0.076723 0.126869 -0.068467 0.147983 0.339630 0.029302 -0.154078 -0.046067 0.081817 -0.044988 -0.166153 -0.118450 0.222352 -0.000776 0.041660 0.033646 -0.082068 -0.168421 -0.076640 
-0.144627 -0.078086 0.234673 0.097643 -0.092065 0.061592 0.258263 0.022115 0.064705 0.253288 0.177200 0.255496 -0.105672 -0.044284 -0.007487 -0.007614 -0.207431 -0.013625 -0.066611 -0.045275 0.064452 0.079878 -0.239380 0.010179 -0.269503 0.122262 0.106123 0.236470 -0.040949 0.079610 -0.086621 0.230631 0.228392 0.018749 0.086796 -0.148495 -0.123282 0.125878 -0.098305 -0.128125 0.118164 -0.077857 -0.034474 0.263577 0.165060 -0.124697 0.099171 -0.164288 -0.001733 -0.004572 
-0.127402 0.085950 0.283102 0.156638 -0.116424 0.146575 -0.018014 -0.165837 -0.059951 -0.112261 -0.114179 -0.097788 0.173150 0.012196 -0.104899 0.128092 -0.350150 0.059061 0.132667 -0.017916 -0.018243 -0.121232 -0.010513 0.106559 0.014425 -0.033192 0.158079 0.004587 0.037299 -0.046190 0.143047 0.189474 -0.036360 -0.167130 -0.156014 0.380218 -0.015009 0.057829 0.047293 0.096643 0.226825 0.197362 -0.065703 -0.047355 0.124759 0.218030 -0.093054 -0.023697 -0.138359 0.232479 
-0.118584 0.032586 0.152766 -0.167123 0.096995 -0.144348 -0.163533 -0.014664 0.032760 0.026382 -0.085103 0.005386 0.035012 0.344902 0.049760 0.067237 -0.069431 0.321326 0.074239 -0.180875 0.101205 -0.029903 0.121536 0.111492 0.242313 0.129418 -0.035381 -0.066907 0.059223 0.000839 -0.128761 -0.062767 -0.099602 0.185865 -0.000046 -0.055972 -0.003178 0.036815 0.086654 0.002943 0.398953 0.002471 -0.005276 0.186625 0.075139 -0.133051 0.293978 0.029255 -0.096291 -0.282701 
-0.153741 0.044804 0.014673 -0.008019 -0.000646 0.137583 -0.083297 0.171066 -0.074472 -0.055494 0.217422 -0.224223 0.116898 -0.045387 0.173607 -0.044891 -0.342236 -0.214146 -0.199504 0.180583 0.074618 0.065546 -0.036227 0.142651 0.103381 0.242956 0.148497 -0.044489 0.122579 -0.074908 -0.127420 -0.165036 -0.047294 -0.011535 -0.306828 0.069880 0.005694 -0.118443 -0.199114 -0.007288 -0.071985 -0.057517 0.083263 0.083015 -0.294699 -0.071504 0.144611 -0.132805 0.150310 -0.097672 
-0.141845 0.131018 -0.324406 0.183275 0.252886 0.082281 0.003864 0.065365 0.062617 0.015090 -0.065503 -0.143077 0.018634 -0.208924 -0.299157 -0.080006 -0.324661 -0.012022 -0.094548 0.178540 -0.110373 -0.090844 0.139525 -0.070151 0.087897 -0.091332 -0.149393 -0.051257 0.168973 0.078735 0.037433 0.226548 0.003852 0.167479 0.148983 -0.151029 0.119171 0.085350 0.090913 -0.150361 0.109800 -0.080716 0.136743 -0.041966 0.187411 0.133385 0.111927 -0.097130 0.056537 -0.133651 
-0.153380 0.009664 0.002300 -0.142242 0.115520 0.132830 -0.238853 0.072546 -0.145806 0.046292 -0.029380 0.090320 0.054148 -0.105774 -0.303673 -0.028588 0.129525 0.053682 -0.228812 -0.099276 0.044967 0.075293 -0.152782 0.177475 0.084782 -0.068926 -0.055778 -0.015565 -0.011028 -0.178191 -0.301370 0.292037 -0.231596 -0.206529 0.045032 0.024269 -0.247337 0.181707 -0.176599 0.064479 -0.143637 -0.075275 -0.103814 0.066873 -0.016840 0.082281 -0.049193 0.267447 -0.014468 -0.066205 
-0.150530 0.086420 0.088085 0.181819 0.090921 0.021935 0.060817 0.319407 -0.087597 0.006604 -0.045150 0.062370 0.004016 -0.147166 0.030661 0.024961 0.191922 0.325442 0.062891 -0.006099 0.026897 -0.079825 0.062435 -0.164321 -0.041042 0.118707 0.071455 0.029711 -0.113139 0.042119 -0.301809 -0.153602 0.026883 0.083551 -0.034015 -0.052416 -0.162282 0.077726 -0.043863 0.085560 0.104948 0.107730 -0.116347 -0.326604 -0.117164 0.316954 -0.025896 -0.339339 0.126035 -0.000966 
-0.152960 0.305461 0.058251 0.060448 -0.137156 0.093093 -0.077840 0.002952 -0.073772 -0.124528 -0.141002 0.244874 0.009441 0.073245 -0.032705 0.087776 0.055392 -0.056774 -0.138215 0.141999 -0.034733 0.189781 0.149672 -0.120913 -0.073759 -0.109528 0.101975 0.054342 0.133326 0.041996 0.079089 -0.165888 -0.294482 -0.046644 0.236985 0.011296 -0.076453 -0.104665 -0.162900 -0.008561 -0.089227 0.137202 0.153636 0.072215 0.102255 -0.208618 -0.144928 -0.303665 -0.278087 -0.187216 
-0.147181 0.176076 -0.065362 0.051052 0.014177 0.199490 -0.027366 -0.034149 0.144963 0.044990 0.185431 0.057708 0.110436 0.211260 0.127291 -0.074426 -0.087212 0.163471 0.048996 -0.094825 -0.214540 0.112322 0.002786 -0.053828 0.096172 0.044369 -0.321375 0.130853 -0.270838 -0.340771 0.036446 0.017856 0.167547 0.238335 0.083320 0.104684 0.152945 0.025962 -0.155974 0.188423 -0.212718 -0.110459 0.086038 0.059119 -0.062653 0.135679 -0.048338 -0.040196 -0.200538 0.087639 
-0.141330 -0.117105 -0.052311 -0.001558 -0.219003 -0.020690 0.018996 -0.010822 -0.251350 -0.226428 0.083302 0.188572 0.225055 0.120234 -0.022480 -0.023772 0.144836 0.097649 -0.130510 0.240261 -0.167066 -0.395702 -0.042888 -0.173336 -0.124397 0.188097 -0.025781 -0.064176 -0.024117 -0.035922 -0.049547 0.036204 -0.078201 0.114991 0.005366 0.041269 0.093941 0.020926 -0.155335 -0.269785 0.097144 -0.108926 0.103006 -0.101307 0.065427 -0.127140 0.165182 0.210176 -0.017488 0.216862 
-0.138427 0.138986 0.151154 -0.189920 0.061991 0.091841 0.074446 -0.230511 0.166590 -0.141984 -0.062043 -0.045909 -0.348676 0.010172 0.028578 -0.115203 0.030469 -0.145357 -0.003593 0.055218 -0.178437 -0.099653 -0.233915 0.025357 0.265770 0.283325 0.027604 -0.053029 -0.077359 0.068567 -0.036727 0.108170 -0.070285 0.052977 0.050159 -0.291734 -0.091846 -0.223655 -0.104665 0.019742 0.198811 0.045808 0.125245 -0.155098 -0.020822 0.067037 -0.287954 0.044156 0.006443 0.071928 
-0.154172 -0.095360 -0.087216 -0.060448 0.066273 -0.189950 0.244352 0.348107 0.221540 -0.274959 -0.100061 -0.076547 0.069514 0.020416 0.075050 -0.222107 -0.038696 -0.098861 -0.005892 -0.069687 0.012363 -0.008322 -0.140289 -0.187062 -0.010584 -0.018877 0.174666 0.098746 -0.120551 -0.252557 0.142450 0.156681 -0.284397 0.063461 -0.008372 -0.069278 0.002616 0.033534 0.080035 0.125751 -0.081952 0.335709 -0.146498 0.104438 0.069073 -0.058047 0.149248 0.050970 -0.028393 0.008569 
-0.131358 0.111362 -0.280297 -0.116309 -0.073093 -0.311910 -0.000495 -0.109151 0.136960 0.054244 0.120262 -0.074054 -0.149291 0.058966 0.118208 0.062918 -0.090479 0.048148 -0.361249 0.214335 0.141348 -0.106054 -0.000583 0.082546 -0.128317 -0.080860 -0.116255 0.043159 -0.011196 -0.081819 0.083372 -0.153953 -0.034813 0.096673 -0.028176 0.104633 -0.301295 0.224966 0.097239 -0.026420 0.196118 -0.054796 -0.237723 0.023273 -0.078591 0.064005 -0.255177 -0.041782 -0.116424 0.120302 
-0.163189 0.024090 -0.130297 0.190480 0.244756 0.241781 0.232105 -0.164452 0.171410 0.058152 0.086669 -0.037577 0.036684 0.090740 0.102162 0.153912 0.076035 0.079614 -0.035140 -0.239967 -0.137134 0.118525 -0.043088 0.152515 -0.205186 0.084818 -0.040075 -0.209894 -0.016713 0.034881 0.090289 -0.199487 -0.185037 -0.079014 0.083267 0.118793 -0.105150 0.003781 -0.035500 -0.377636 -0.015848 0.258992 -0.014573 -0.027902 -0.030235 0.024922 0.060093 0.185576 0.184013 -0.057566 
-0.133896 -0.268591 -0.019102 0.143571 -0.097884 -0.292762 -0.049083 -0.287003 0.173677 0.103258 0.073520 -0.015428 0.080520 0.003062 0.184582 0.066313 -0.052229 0.015929 -0.089174 0.051250 -0.193484 0.001673 0.036621 0.046005 0.110893 -0.162500 0.324728 -0.170395 -0.111793 -0.044593 -0.215373 0.244682 0.042003 0.005137 0.129882 0.077569 0.025690 -0.082228 -0.055212 0.006735 -0.167781 -0.023198 -0.057385 -0.314937 0.009134 -0.027820 0.037069 -0.100669 -0.074683 -0.291147 
-0.136388 0.019528 0.104358 0.069963 0.050397 -0.199037 -0.074628 0.029007 -0.081907 -0.114721 0.074796 -0.106228 -0.232086 0.246059 -0.177815 0.188421 -0.099979 0.023649 0.066231 0.109088 0.148165 0.001279 0.107621 -0.042156 0.086255 0.092355 -0.189329 -0.004557 -0.115660 -0.120507 -0.182711 0.077785 0.123881 -0.250793 0.066643 -0.071595 0.289112 0.119289 0.037453 -0.243196 -0.218997 0.277109 -0.099249 0.019187 -0.017685 -0.209737 -0.186500 -0.113025 0.184887 0.099392 
-0.154763 -0.162548 -0.053779 0.051628 0.190502 0.131759 -0.172334 -0.005622 -0.088692 -0.291869 0.041640 0.162152 0.224971 -0.093036 0.180629 0.007007 -0.022893 -0.118576 0.064679 -0.161342 0.165311 0.003367 0.121212 0.206193 -0.029042 -0.100630 0.044287 0.151336 -0.260121 -0.024511 0.073880 0.103200 -0.020587 -0.059632 0.123828 -0.215471 -0.017106 -0.049818 0.303069 -0.186968 0.174837 -0.188481 0.048947 -0.045881 -0.261751 -0.093157 -0.151393 -0.130085 -0.086626 0.087498 
-0.144336 -0.085407 -0.035380 -0.307317 0.046148 0.197294 0.046802 0.129539 -0.041707 0.057834 0.262562 0.255736 -0.039866 0.027694 -0.045105 0.171416 0.017249 -0.025620 -0.235881 -0.139888 0.035511 -0.039142 0.057278 -0.049015 -0.085678 -0.075005 -0.001261 -0.271951 -0.009535 -0.048751 0.076631 0.046189 0.057732 0.047762 -0.377363 -0.028354 0.202926 -0.118358 0.216279 0.147438 0.013407 0.083729 0.033961 -0.149663 0.313944 -0.007009 -0.187475 -0.083612 0.020607 -0.128366 
-0.123558 -0.146969 -0.213830 -0.031614 -0.036216 0.186027 -0.008373 -0.062405 -0.085112 0.090000 0.059164 -0.011500 -0.179453 -0.167866 0.209925 0.082743 -0.202663 0.080227 0.385954 0.265217 0.182954 0.054537 0.154257 -0.128262 -0.053314 0.094839 -0.097884 -0.095071 -0.291860 0.145504 -0.033171 0.008797 -0.239373 -0.109247 -0.007033 -0.031530 -0.125609 0.110635 -0.092030 0.252638 -0.004496 0.005024 0.023868 -0.040382 0.146453 -0.167393 0.053290 0.186624 -0.062981 -0.028711 
-0.123520 -0.026060 -0.034163 -0.153039 -0.254101 -0.045269 0.156677 0.005264 -0.040585 -0.152934 0.014356 -0.226378 0.104275 -0.226368 0.057404 0.214405 -0.045201 0.192712 0.150417 -0.267594 0.115960 0.129601 -0.116619 -0.152372 -0.017729 0.064379 -0.060724 -0.083812 0.336166 -0.068137 -0.088508 0.140434 -0.037184 0.254188 0.197950 0.122443 -0.054475 -0.002972 0.069418 0.003283 -0.062786 -0.149538 0.146304 0.016327 -0.057151 -0.160314 -0.288892 -0.011506 0.175947 0.009912 
-0.145972 0.152356 -0.095924 -0.219850 -0.060952 -0.115279 0.042912 -0.093086 0.204816 -0.075205 -0.075671 -0.133304 0.300814 0.217740 -0.070373 -0.279951 0.036027 -0.137817 0.070318 -0.054389 0.067977 0.058368 0.187251 -0.023717 -0.321438 0.137921 0.026908 0.003848 -0.064841 0.105260 -0.252327 -0.038530 0.176354 -0.306444 -0.016343 0.002000 -0.090143 0.082139 0.057720 0.087882 0.003170 -0.077594 0.300664 -0.041789 0.166715 0.114118 -0.043545 -0.002809 0.093505 -0.043504 
-0.142297 -0.287535 -0.167192 0.106938 0.163374 0.059511 -0.228465 0.042709 -0.009648 -0.045913 -0.171534 0.125200 -0.133317 0.053424 0.187850 -0.135712 0.143384 -0.008912 0.085403 0.113926 -0.068707 0.099174 -0.105613 0.080366 -0.071047 -0.031224 0.108259 -0.110232 0.336760 -0.084361 -0.005502 0.009434 0.310991 0.062596 -0.032611 0.055982 0.075454 0.312443 -0.135497 0.128586 0.160495 0.252298 0.226602 0.096507 -0.058772 -0.053240 -0.157656 0.021235 -0.023387 0.054107 
-0.118227 -0.146156 0.036327 -0.041109 0.124111 -0.022138 0.117253 -0.071190 -0.120796 0.230024 -0.116907 -0.162941 -0.112683 -0.152228 -0.243023 -0.086571 -0.036523 -0.184589 0.125558 -0.166708 -0.021124 -0.255132 0.039129 0.093876 -0.132247 -0.076078 0.136878 0.159400 -0.124286 -0.323485 -0.158639 -0.396089 -0.118642 0.142167 0.034926 0.111903 0.199122 0.015762 -0.121562 -0.022280 0.095753 -0.094591 0.062236 -0.027523 0.079673 -0.147497 -0.155228 -0.014062 -0.100742 -0.062397 
-0.123200 0.079465 -0.012610 0.081276 -0.031347 0.106648 -0.328035 -0.057515 -0.032263 0.128530 0.031827 0.116495 -0.165357 0.073661 0.093361 -0.120022 -0.046840 -0.201490 -0.090125 -0.134326 0.034439 0.035985 -0.037997 -0.348971 -0.002843 0.270476 0.115040 0.266323 0.140159 -0.002467 0.049567 -0.041745 -0.053356 -0.020641 0.201367 0.232545 0.121483 0.057493 0.312075 0.050350 0.021879 -0.073924 -0.185749 -0.215577 0.006541 0.025913 0.050853 0.189550 0.182455 -0.096266 
-0.125248 -0.075899 -0.139887 0.137490 -0.180539 0.002658 0.022686 -0.023718 -0.104844 0.043372 -0.230290 -0.134185 -0.077304 -0.034434 0.094902 -0.229042 0.140937 -0.114571 -0.055183 -0.229208 0.199112 0.096361 0.054379 0.152098 -0.074454 0.203432 -0.372432 -0.037455 0.123297 0.024993 0.015893 0.188431 0.017439 -0.013497 -0.158959 0.026036 0.073590 -0.193209 -0.162094 -0.096786 0.030593 0.020035 -0.256916 -0.206429 0.104050 -0.062947 0.104382 -0.176937 -0.282322 0.013143 
-0.137478 0.131209 0.002533 0.123697 0.192753 -0.190523 -0.015873 -0.024931 -0.242803 -0.060791 0.292906 -0.146582 -0.046672 -0.019693 0.151995 0.238146 0.112115 -0.214076 0.045759 -0.238542 0.073638 -0.172574 0.220905 -0.062138 0.073882 0.050229 0.153922 0.054844 0.185867 -0.034914 0.091666 0.005395 0.165536 0.006690 0.050509 -0.212596 -0.204000 0.003228 -0.162244 0.074882 -0.148559 0.020579 0.051505 0.073370 0.222542 0.176479 0.091935 0.155979 -0.189863 0.094986 
-0.164268 0.107139 0.019291 -0.104056 -0.004643 -0.181393 -0.216445 -0.262163 0.018401 -0.027317 0.271830 0.185400 0.074897 -0.264869 -0.173344 -0.176159 -0.081904 0.085822 0.216490 0.019302 0.045936 -0.098260 -0.126690 0.036768 -0.277078 -0.088046 -0.148188 -0.008548 0.150216 0.037731 -0.041736 -0.077271 0.020935 0.081092 0.026978 -0.103375 0.068350 -0.280161 0.028527 0.105583 -0.044257 0.350385 -0.099436 0.051828 -0.225568 0.054526 0.135410 0.041946 -0.023881 -0.039076 
-0.130610 -0.034066 -0.167623 -0.188319 -0.088409 0.056269 0.109373 0.027243 -0.143283 0.266713 -0.106866 0.126190 0.231600 0.139189 0.035374 0.061069 -0.010651 -0.298281 0.110279 -0.024721 0.020630 -0.226312 -0.118045 0.101843 0.346978 -0.079448 -0.125374 0.161733 -0.037727 0.313113 -0.082326 -0.006195 0.043979 0.185569 0.059747 0.126762 -0.159741 0.084694 0.084124 -0.048525 -0.175664 0.308921 0.046483 -0.007020 -0.043313 0.003646 -0.010626 -0.109280 0.061818 0.021579 
-0.141814 -0.033178 -0.069670 -0.231802 0.021032 -0.155997 -0.067145 0.198838 -0.023497 0.236737 -0.214461 0.028762 -0.075420 0.125179 -0.087584 0.209789 -0.175457 -0.002412 -0.024488 -0.092753 -0.091988 0.229402 0.238849 -0.135242 -0.184387 -0.087816 0.127749 0.103405 -0.071114 0.132608 0.101008 0.171362 0.019483 0.089678 -0.046768 -0.019439 0.066352 -0.231169 -0.277281 -0.098039 0.113182 0.020429 0.056051 -0.094195 -0.308184 0.104488 -0.003292 0.204367 0.016817 0.197603 
-0.159883 -0.205784 0.116243 0.010911 -0.228773 0.140168 -0.206337 0.062663 0.094520 0.106279 -0.035222 -0.173620 0.151760 -0.004774 0.100520 -0.122784 0.027169 0.088524 0.024931 0.000969 0.043456 -0.214684 0.037624 -0.239803 0.079510 -0.170688 -0.093395 0.036416 -0.029265 -0.028444 0.259693 -0.083891 0.091462 -0.151927 -0.016929 -0.183883 -0.066223 -0.094346 -0.216323 -0.198110 0.047642 0.016069 -0.138769 0.214435 0.068651 0.168854 -0.262176 0.055737 0.171926 -0.308401 
-0.142408 0.180612 0.182932 -0.202351 0.296131 0.047553 0.084264 0.067141 -0.146860 0.173414 -0.052006 -0.125480 -0.042360 -0.059790 0.114406 -0.157122 0.174986 0.019167 0.012995 0.216036 0.089339 -0.095228 0.016587 -0.100079 -0.025867 -0.099586 0.000001 -0.251576 -0.082777 -0.153893 0.160948 0.172992 0.256923 -0.078094 0.224634 0.333117 -0.165024 -0.221869 0.092463 -0.043609 0.031396 -0.046141 -0.003818 0.031928 -0.061422 -0.196893 0.135925 -0.077135 0.025714 0.016112 
-0.141691 0.101954 0.022425 0.061311 0.034634 -0.239876 -0.096477 0.108591 -0.075142 -0.066176 0.146817 0.174732 -0.120675 0.005529 -0.022372 -0.346373 -0.087555 0.028999 0.304188 -0.103041 -0.247375 0.201968 0.011431 0.014615 0.164671 -0.178895 0.019983 -0.041213 0.011890 0.087282 0.046616 -0.071127 -0.059681 0.055647 -0.311493 0.149232 -0.233742 0.013615 -0.008634 -0.270600 -0.070875 -0.199200 -0.044488 -0.048298 0.204855 -0.127758 -0.105232 -0.009783 0.122077 0.102966 
-0.128492 0.095232 0.234549 0.024248 -0.120892 -0.027187 -0.003189 0.087042 0.232788 -0.054646 -0.239664 0.193438 -0.232907 -0.193968 0.148053 -0.094742 -0.164951 0.147225 -0.187584 -0.165033 0.220783 -0.298328 0.134641 0.177648 0.018365 -0.081281 -0.048962 -0.060413 -0.008618 0.077161 0.104612 -0.080705 0.051045 0.001902 -0.007946 0.019486 0.039698 0.156012 -0.001774 -0.027853 -0.324053 -0.036236 0.286560 -0.126530 -0.067235 -0.024113 0.121910 0.172910 0.024091 0.035020 
-0.142605 0.073844 -0.128667 0.163835 -0.304401 0.102918 0.131038 0.180559 0.072110 0.008330 0.140689 0.032147 -0.122523 0.202846 -0.164554 0.031935 0.174485 0.013199 0.166027 0.148669 0.025814 -0.059619 0.162493 0.437700 0.018542 -0.097494 0.074342 0.174526 0.125833 -0.190977 0.121932 0.076001 0.036856 -0.005778 0.106061 -0.048070 -0.074676 -0.186721 0.025059 0.210880 0.110319 -0.049261 -0.015434 -0.143074 -0.011442 -0.082196 0.052562 0.114538 0.288701 -0.065163 
-0.135510 -0.074374 0.164754 0.200258 0.009392 0.069651 -0.043039 -0.137902 0.148837 0.086336 0.073112 -0.103857 0.048746 0.050344 -0.282448 -0.125984 0.290741 -0.042522 -0.015036 0.135081 0.272201 0.088308 0.225743 -0.032098 0.000289 0.162465 0.194969 -0.122500 -0.115108 0.188623 0.081493 0.121012 -0.108036 0.442211 -0.152161 0.051658 0.010568 0.070856 0.092988 -0.007250 -0.162366 -0.012820 -0.004226 0.197140 -0.103109 0.018701 -0.129399 0.046365 -0.042682 0.067450 
-0.140437 0.206223 -0.128808 0.055358 0.011181 0.195056 0.052813 -0.182571 0.047710 -0.108325 -0.318614 0.008594 0.031724 0.102340 -0.145539 0.180915 -0.043686 -0.021887 0.106369 -0.043710 -0.075934 -0.109118 -0.113218 -0.198270 -0.058509 -0.086422 0.123396 -0.068095 0.034840 -0.061191 -0.018599 -0.057115 0.274591 0.026138 -0.301467 -0.229000 -0.153780 0.089266 0.056737 0.064650 -0.146074 -0.157433 -0.298371 -0.042105 -0.192584 -0.288956 0.091743 0.052680 -0.057119 -0.087708 
-0.162703 -0.022318 -0.036382 -0.002937 -0.067834 0.133914 0.270791 -0.238820 -0.038820 -0.062263 0.157688 -0.079086 -0.176128 -0.062999 0.068448 -0.151145 0.168204 0.077942 -0.179271 -0.134173 -0.103434 -0.004210 0.245711 -0.217580 0.194022 -0.339800 -0.027248 0.188412 0.081277 0.147147 -0.201131 0.060235 -0.076568 -0.198572 -0.130863 0.070324 0.151161 0.058838 0.011881 0.100748 0.171540 0.031838 0.036605 0.191699 -0.208586 -0.060823 0.133116 -0.041848 0.048597 0.116671 
-0.154187 -0.150468 0.083053 -0.282229 -0.176078 0.020208 0.064481 -0.150221 -0.316082 -0.188138 -0.057130 -0.056614 -0.057476 -0.084745 -0.130128 -0.095269 -0.054741 -0.007128 -0.099653 -0.024120 -0.194529 0.258068 0.133179 0.158405 0.025502 0.089954 0.062052 -0.137841 -0.134057 0.025214 0.283085 -0.181174 0.140644 0.078988 0.225914 -0.109415 0.012769 0.273781 -0.008295 0.079484 -0.066115 0.017341 -0.193133 -0.013575 0.012188 0.149576 0.189270 -0.117107 0.146620 -0.019853 
-0.130541 0.081911 -0.084070 -0.148406 0.076805 -0.041626 0.201351 -0.049785 0.119652 -0.078636 -0.179820 0.258501 0.114388 -0.299458 0.130504 0.113680 0.097830 0.060226 0.070505 0.254599 0.067530 0.148748 0.147684 0.115093 0.205026 0.167419 0.112242 0.188997 0.083875 -0.065580 -0.127357 -0.083834 0.158161 -0.043545 -0.056652 0.115513 0.236524 -0.133206 0.008337 -0.176446 -0.044398 -0.062487 -0.238874 0.177630 0.162893 0.168523 -0.077867 0.198550 -0.037392 -0.042093 
-0.130711 -0.153387 -0.025949 -0.248083 -0.060295 0.195278 -0.132505 0.013941 0.093677 0.189756 0.003633 -0.200994 -0.136160 0.110239 0.043871 0.011380 0.064548 0.220012 0.138135 0.129623 -0.079988 -0.016542 -0.080838 0.054728 -0.055931 -0.021217 0.166681 0.106355 0.244855 -0.090090 -0.029401 -0.041609 -0.160615 -0.101979 -0.021004 -0.171919 -0.009768 -0.035549 0.273370 -0.223125 -0.275989 -0.077780 0.055685 -0.013477 0.063269 0.166513 0.174519 -0.198135 -0.222842 0.270255 
-0.147791 0.111850 0.116616 0.027140 0.151911 -0.056412 0.161668 0.007377 -0.320112 -0.100742 0.001349 -0.212185 -0.021938 0.200526 0.142019 -0.051814 0.031104 0.148020 -0.007237 0.160532 0.097399 0.083604 -0.332542 0.119418 -0.170317 -0.209043 -0.008549 0.229567 -0.016136 0.275440 0.066942 0.038250 -0.036891 0.073429 -0.081117 -0.021259 0.245262 0.052772 0.029204 0.023965 -0.098376 -0.099361 0.043678 -0.141045 0.001649 0.114803 -0.102358 0.193782 -0.086076 -0.303273 
-0.139329 -0.176851 0.000436 0.187568 -0.023805 0.038927 0.091985 0.049719 -0.000853 -0.000538 0.000046 0.013682 0.096398 0.129956 -0.146865 -0.099822 -0.160988 0.040584 -0.164006 0.019987 0.303967 0.237928 -0.195171 -0.123209 0.228367 -0.197242 0.019580 -0.182653 0.012822 0.038637 -0.141775 -0.349019 0.155348 -0.029590 0.203441 -0.095492 -0.043732 -0.257367 0.047686 0.080861 0.058093 -0.023355 0.000494 -0.099028 0.121984 0.014651 0.026573 0.198513 -0.108373 0.290757 
-0.149822 -0.215678 0.057484 -0.028951 0.278311 -0.147811 0.049224 -0.237370 0.137318 -0.061680 -0.079803 0.196745 0.039912 0.124940 -0.076341 0.173322 0.068862 -0.085643 0.076061 0.058747 0.222009 -0.019524 -0.133678 -0.096104 0.037829 -0.030581 -0.172695 0.073769 0.138003 -0.050130 0.228774 -0.020105 -0.203314 -0.079559 -0.061788 0.075612 0.016775 -0.000401 -0.243958 0.155114 -0.045494 -0.282371 0.045987 -0.061069 0.019654 0.127868 0.153574 -0.286544 0.286105 0.070716 
-0.152525 -0.170368 0.184435 0.116536 -0.064773 -0.091550 -0.129908 -0.027461 0.021128 -0.077836 -0.127267 -0.143077 -0.052396 -0.191655 -0.052202 0.264322 0.132811 -0.106045 -0.128556 0.132270 -0.193672 0.200069 -0.038186 -0.049946 -0.036091 -0.008792 -0.299353 0.256294 -0.153130 -0.117969 -0.040774 -0.071190 0.106301 0.080043 -0.210962 0.057630 -0.254828 -0.123544 0.258776 -0.007380 0.039950 0.116271 0.286444 0.001050 0.104284 -0.025979 0.174253 0.095374 0.025266 -0.089039 
-0.144031 0.079202 -0.104419 0.063185 -0.211197 -0.184896 0.147892 0.100211 -0.017556 0.159187 0.118912 0.099029 -0.036259 -0.093843 -0.192150 0.063073 0.121713 -0.082626 0.166613 -0.032007 0.066607 0.075953 -0.197015 -0.107364 0.198981 0.131122 0.022744 -0.192051 -0.058325 -0.103820 0.218099 -0.027272 0.004177 -0.281876 -0.066150 0.014433 0.102621 0.186142 0.103330 -0.124151 0.136542 -0.068640 0.242575 -0.016498 -0.297649 0.155670 0.061117 0.014111 -0.287875 -0.204163 
-0.129194 -0.124850 -0.019652 0.243489 0.065872 -0.197216 0.146764 0.011312 -0.249944 0.195724 -0.207551 0.115351 0.027475 0.078811 0.056327 -0.071685 -0.118429 0.116323 -0.092340 -0.016427 -0.277864 -0.128669 0.075719 0.061349 -0.058432 0.237936 -0.084026 -0.128473 0.071699 0.030162 0.019980 -0.005625 -0.130821 -0.159235 -0.005558 -0.095582 -0.034667 -0.213648 0.271581 0.273093 -0.155103 -0.113936 0.005439 0.315403 -0.099591 0.040811 -0.205233 0.008939 0.057157 0.024496 
-0.137583 0.088578 0.323647 0.026454 -0.101268 0.012716 0.012749 0.175944 0.125701 0.036945 -0.021206 0.014801 0.021263 0.028108 0.203030 0.115032 0.044633 -0.430080 0.146946 0.105166 -0.144873 0.028449 0.045520 0.023402 -0.140409 -0.228657 -0.226698 -0.314089 0.110023 0.002850 -0.231636 -0.016774 -0.152595 0.090577 0.098936 -0.098626 0.155172 0.157945 0.074143 0.020311 0.098812 -0.151194 -0.200490 0.057076 -0.038692 0.148544 0.042408 0.082338 -0.010163 0.079547 
