-0.133378 0.273606 -0.065686 -0.197037 -0.040561 -0.073957 -0.225069 0.033451 0.111410 0.028570 -0.156862 -0.054458 0.187395 -0.014015 0.000760 -0.033069 -0.236949 0.032570 -0.165186 -0.313730 -0.187293 0.173612 -0.011125 0.079336 -0.310837 -0.139376 -0.082047 0.040547 -0.183469 0.094772 0.128511 0.128284 -0.057840 -0.328625 -0.075060 -0.002161 -0.052645 0.051670 0.038856 0.134768 -0.016984 0.109750 0.251036 -0.035601 -0.127398 0.144240 -0.039580 0.016389 -0.062311 0.109808 
-0.155686 -0.049481 -0.008769 -0.090673 -0.054189 0.240541 0.015301 -0.001308 -0.114101 -0.097888 -0.009416 -0.203956 0.141880 0.043944 -0.047387 -0.182581 -0.184736 0.233151 -0.202650 -0.014910 0.081273 0.184431 -0.097055 -0.155544 0.198096 0.120420 0.086890 0.244854 0.272308 -0.151471 0.011821 0.160364 0.006639 0.075758 -0.190921 0.147341 0.137923 -0.085153 -0.215515 -0.012331 -0.131988 0.105403 0.030629 0.138058 -0.169921 -0.280440 -0.147342 -0.000763 -0.105903 0.089745 
-0.157252 -0.055131 0.036251 -0.171623 0.088433 0.074094 0.292942 -0.194418 -0.071515 0.211734 0.009645 -0.096706 0.228721 0.056055 -0.075392 0.160392 0.078388 -0.018879 0.159223 -0.079221 0.016174 0.021206 0.211456 -0.096435 0.008504 0.061764 -0.237735 0.142709 -0.096476 0.189328 -0.002813 -0.062150 -0.184187 0.019207 -0.072838 0.237414 0.130487 0.084251 0.177310 0.081266 -0.053876 -0.195750 -0.173209 0.237512 0.048607 0.210489 -0.191602 -0.205525 -0.150505 0.039977 
-0.137507 -0.086973 0.116945 -0.126529 0.026764 -0.153467 -0.108779 -0.110237 -0.080887 -0.171769 0.055992 -0.079088 0.164710 0.299416 -0.152053 0.015599 0.034474 0.172134 -0.091576 -0.200360 -0.049355 0.132393 -0.093654 -0.283287 -0.186465 0.200238 0.079565 -0.294748 0.129309 0.132462 -0.193876 -0.124700 -0.006999 -0.018257 0.021555 -0.002190 -0.044529 -0.255098 0.019859 -0.083494 0.150267 -0.041181 -0.099365 -0.169951 0.152320 0.020357 0.149362 -0.117853 0.012611 -0.260605 
-0.158674 -0.032566 0.133692 0.012339 -0.013721 0.162301 0.302358 -0.102531 -0.111384 -0.016709 -0.036579 0.004438 0.042699 0.258405 0.114183 -0.200113 -0.062596 -0.041736 0.074499 0.089908 -0.075247 0.002319 -0.108356 -0.035208 0.053348 -0.186941 0.049962 0.133928 0.053291 0.114549 0.198310 -0.280938 0.187247 -0.180772 0.237941 -0.158835 -0.109629 0.039308 0.069551 0.238793 -0.098457 -0.019275 -0.003442 -0.289602 -0.023384 -0.048282 0.001363 0.211621 -0.294919 -0.087030 
-0.139296 0.108264 -0.115132 0.443760 0.116650 -0.056499 -0.053885 -0.032194 -0.143202 -0.041695 0.068096 -0.047319 -0.106673 0.161926 -0.106353 0.109769 -0.180615 0.201779 -0.007056 -0.116341 -0.167195 -0.154497 0.034634 -0.026924 -0.028457 -0.116296 -0.163629 0.188495 0.175079 -0.007970 0.007094 -0.053223 0.020147 0.011949 0.244501 0.146598 0.197797 -0.077584 -0.053287 0.000536 0.028051 -0.059280 -0.151541 -0.046095 -0.227784 0.240182 0.071248 0.104150 0.302161 0.144840 
-0.123810 -0.093827 0.046144 -0.078039 -0.107605 -0.119737 0.259287 0.104145 0.048345 0.142098 -0.255524 0.000653 0.146304 0.036272 0.124728 -0.065904 0.100437 0.027163 0.061682 -0.117941 0.117845 -0.215197 0.158044 -0.084711 -0.187717 -0.177425 0.090550 -0.046503 0.157690 0.105052 0.218354 0.150702 -0.200124 0.159778 -0.033968 -0.091970 0.005672 -0.046378 -0.247734 -0.306157 -0.149718 -0.223597 0.160389 -0.169875 -0.085567 -0.040623 0.013757 0.085917 0.228888 -0.023401 
-0.153157 -0.036988 -0.142742 0.060240 -0.184907 0.119026 -0.160050 0.295968 -0.010481 -0.053635 -0.026912 0.101351 0.295436 0.109898 0.129222 0.059942 -0.034896 0.069787 -0.117904 0.364317 -0.206601 0.043467 0.083722 0.134724 -0.046515 0.051048 -0.056658 0.041911 0.138359 0.060660 -0.033073 0.001717 0.195591 0.117988 -0.072807 0.027472 -0.254595 0.066585 0.162710 -0.162245 0.006936 -0.136201 -0.020746 0.105586 0.053575 0.214355 -0.258785 0.103031 0.066852 -0.241923 
-0.129129 0.047337 0.160438 0.105677 0.325208 -0.283321 0.135350 -0.101439 -0.046113 0.067928 0.141435 -0.098780 0.053438 -0.160373 0.036083 0.000786 0.071850 0.199362 -0.337836 -0.082396 0.191263 -0.020735 0.038799 0.371419 -0.096528 -0.050729 -0.030021 0.026263 0.102230 -0.099548 -0.081623 -0.030789 0.099817 0.094302 -0.153479 0.154466 -0.129716 0.051589 0.244285 0.043364 -0.041268 -0.125605 0.096044 -0.104803 0.153899 -0.170688 -0.005133 0.200116 -0.038403 0.005908 
-0.140020 0.051451 -0.068702 -0.050135 -0.192337 0.175614 -0.073358 -0.002274 -0.060410 0.133829 0.114972 -0.009007 -0.022756 -0.017031 -0.228903 0.141431 0.162295 -0.086087 0.038937 -0.151110 -0.103461 -0.373451 0.084368 0.239123 -0.140631 0.022037 0.306059 0.142116 0.111868 0.073865 -0.025256 0.082038 -0.055759 -0.008443 -0.258045 -0.014481 -0.006471 -0.051998 -0.048682 0.028865 0.200613 0.205587 -0.305153 -0.119369 -0.040161 -0.028346 0.036681 0.181580 -0.229138 -0.046318 
-0.135255 -0.069490 0.040628 0.175998 -0.349712 -0.044515 0.177275 0.050726 -0.046169 -0.350710 -0.016761 -0.017626 0.136464 -0.187675 -0.057323 0.017352 0.165229 -0.135833 -0.116585 -0.325024 -0.031400 -0.035076 0.032214 0.022096 0.121990 0.132067 -0.264491 0.033040 0.007862 -0.036429 0.104847 0.139413 0.195094 -0.028238 0.089282 -0.081759 0.104605 0.356484 0.084169 -0.007844 0.134097 0.025868 -0.004702 -0.083646 -0.013738 -0.123246 0.079911 -0.192074 0.039249 -0.119808 
-0.139659 -0.084752 -0.056628 -0.311284 0.193666 0.094192 -0.148213 0.085535 -0.169293 -0.145602 0.126529 0.087068 0.179363 0.045486 0.267224 0.032121 0.084862 0.077713 0.084950 -0.035634 0.127713 -0.111056 0.009000 0.004193 0.241482 -0.108314 -0.047788 0.100036 -0.256616 -0.037598 0.090684 0.020814 -0.041015 0.094146 -0.039814 0.256765 -0.215083 0.066147 -0.095641 0.150943 0.096387 0.102791 -0.041932 -0.087677 -0.124718 0.041875 0.380941 0.024638 0.217747 -0.091180 
-0.134880 0.228029 0.356761 0.049350 -0.064885 0.029265 -0.067426 0.040295 0.154409 -0.140043 0.266990 -0.024190 -0.151148 -0.076724 -0.118491 0.025679 -0.031195 0.107672 0.176813 0.189309 -0.020847 -0.177739 0.015619 -0.150612 0.147803 0.175609 -0.133753 -0.100483 0.004839 0.191344 0.056970 0.182867 -0.232991 -0.248827 -0.068186 0.177437 -0.172014 0.063827 0.030567 -0.005874 -0.219853 0.013369 0.060251 -0.209078 0.017906 -0.082484 -0.175540 0.091102 0.102733 -0.043319 
-0.124657 0.071255 0.166331 -0.048279 0.115678 -0.042257 -0.179220 -0.010998 -0.188204 -0.266049 -0.092552 0.127716 -0.207400 -0.135073 -0.043184 -0.392503 -0.204358 -0.059495 0.005525 -0.079206 0.038632 -0.054989 0.135904 0.047350 -0.022649 0.050688 -0.035043 0.171152 -0.059130 0.046699 -0.054717 -0.142855 -0.293665 0.399267 -0.014096 -0.214391 -0.040627 0.069681 0.031555 -0.069018 0.081318 -0.027157 -0.017794 -0.049717 -0.046108 0.185513 -0.158653 -0.080554 -0.158204 -0.082168 
-0.130935 -0.131836 -0.060843 0.029063 0.050260 -0.248884 -0.334095 -0.007205 0.137831 0.046765 0.066743 -0.154089 0.246738 -0.095597 -0.214291 0.030632 -0.014176 0.048327 0.234797 0.079454 -0.140242 -0.108113 -0.089640 0.077980 0.160286 -0.283519 -0.085117 -0.118131 -0.052386 0.066174 0.159530 -0.078321 0.161083 0.260305 0.003373 -0.052739 0.097147 -0.053605 -0.187124 0.162035 -0.028514 -0.068937 0.008335 -0.139533 0.063445 -0.201210 -0.195324 -0.209165 -0.133272 0.061127 
-0.125098 -0.109729 -0.093352 0.183902 0.084000 0.174970 -0.019961 -0.004251 0.038304 -0.279613 -0.174073 -0.189056 -0.113483 -0.005550 0.154155 0.118807 -0.011349 0.195906 0.264900 -0.003547 0.195654 0.215200 0.126163 0.261244 -0.073487 -0.096115 0.077442 -0.080240 -0.023331 0.284777 0.018200 0.087710 -0.028376 -0.037312 0.137241 0.165475 0.090946 0.041815 -0.074804 -0.237867 0.045122 0.251812 0.053980 0.002553 0.267009 0.021341 0.025748 0.012101 -0.197818 0.018692 
-0.141669 -0.104666 -0.133181 -0.158978 -0.037896 -0.158062 -0.038054 -0.081432 0.008580 0.070264 0.104262 -0.300438 -0.318187 0.135041 0.141034 -0.119569 0.239557 -0.013304 -0.146907 0.207040 -0.026537 -0.185898 0.038206 0.041640 -0.206733 0.132717 -0.079609 0.037048 0.188265 -0.108262 0.072700 0.031686 -0.040803 -0.066492 0.230187 0.107586 -0.113195 0.135186 -0.229849 0.169489 0.147525 0.082512 0.208001 0.080183 -0.016611 0.110246 -0.100532 -0.242265 -0.060312 -0.056971 
-0.120010 -0.257413 0.091386 0.053474 -0.025914 0.165498 -0.019066 -0.090506 -0.042816 0.148801 0.111196 0.007493 -0.074741 0.060222 0.071782 0.034627 -0.136908 -0.301988 -0.317743 -0.056278 -0.002109 0.154520 -0.107852 0.040731 0.066672 -0.092696 0.134348 -0.211112 -0.224439 0.073775 -0.200860 0.103121 -0.024484 0.037284 0.051464 0.179329 0.013387 0.217920 -0.220682 -0.071306 0.078982 -0.113410 -0.118407 -0.306241 -0.028277 0.087538 -0.278170 0.020192 0.104347 0.153519 
-0.151572 -0.127319 -0.095730 -0.162949 0.233393 0.181531 0.142662 0.008473 0.038918 -0.189975 0.034058 0.017063 -0.084353 0.089824 -0.009769 -0.151673 0.042804 -0.085183 0.120614 -0.085211 -0.269416 -0.121354 -0.243624 0.109594 -0.094503 0.117452 -0.060712 -0.060002 -0.046290 -0.182586 0.152190 0.370257 0.082001 0.086018 0.036121 -0.078958 -0.045072 -0.249262 0.249420 -0.066091 -0.045355 -0.067261 -0.057057 -0.018149 0.219696 0.032086 -0.076397 -0.018606 0.098033 0.311341 
-0.148626 -0.294421 0.057366 -0.221843 0.037312 -0.045197 -0.093322 0.073228 0.032156 -0.039108 0.213801 -0.132434 -0.095682 -0.038711 -0.112895 -0.020772 0.109950 0.128363 -0.060828 0.021355 0.048364 0.017596 0.010668 0.168354 0.230217 -0.171522 0.075990 0.016118 0.016049 -0.064143 -0.036001 -0.110481 0.006015 -0.362687 -0.074496 -0.328633 0.232449 0.045362 0.125697 -0.297447 -0.192668 -0.057102 -0.003317 0.050977 -0.168287 0.279465 0.062601 -0.032356 0.030216 -0.025156 
-0.151689 -0.004961 -0.074103 0.062362 -0.144127 -0.064561 0.043181 -0.007672 0.033297 0.101994 0.081330 0.079563 0.159332 -0.004892 0.134089 -0.349856 0.175782 0.272456 0.205792 0.007804 -0.104250 -0.046318 0.208616 -0.064796 -0.022005 0.141628 0.091080 -0.013335 -0.339651 -0.182820 -0.353047 -0.030669 0.023567 -0.052600 0.076368 -0.004750 0.294705 -0.004108 0.012414 0.065067 0.123708 0.084813 0.147374 -0.059118 0.053495 -0.054338 -0.154491 0.226849 0.076046 0.061209 
-0.122490 0.083540 -0.288613 -0.046095 -0.089056 -0.019798 0.063777 0.142789 -0.021391 -0.146476 -0.380250 0.064133 -0.305769 0.147768 -0.136017 0.026642 0.131023 0.121064 -0.110831 0.011627 0.112126 -0.153232 -0.164475 -0.155661 0.191293 -0.240488 0.040690 -0.214881 -0.005938 0.013518 -0.101516 -0.067230 -0.052428 0.016536 -0.277662 0.165869 0.116097 0.098514 0.227188 0.219931 0.020236 -0.094745 0.091315 -0.052163 0.045549 0.044288 -0.099442 0.016360 -0.018228 0.003686 
-0.134993 0.067890 0.054146 -0.078402 0.127710 0.251327 -0.163397 -0.213095 -0.035761 0.035180 0.016502 -0.070511 -0.047750 -0.180998 0.131412 0.170093 -0.194906 -0.093922 0.174912 -0.061973 -0.153174 -0.062180 0.135751 -0.200470 0.002590 -0.097638 0.219677 0.011678 0.291355 -0.113528 -0.141831 0.075756 0.122900 0.001083 -0.044882 -0.122958 0.121733 0.265849 0.047503 0.124650 0.057498 -0.232257 0.268503 0.039862 0.260465 -0.002537 0.119717 0.008281 0.126740 -0.118229 
-0.139716 -0.107258 -0.115580 0.062215 -0.381860 -0.173689 -0.145543 -0.140983 0.129435 0.144375 0.039675 0.110514 -0.024075 0.195334 0.061934 -0.101071 -0.206109 -0.017603 0.034774 0.011594 0.176810 0.152861 0.058546 0.071824 0.126769 -0.079537 -0.082402 0.196140 0.123177 -0.186466 0.065895 0.035677 -0.300681 -0.089349 -0.043832 -0.043288 -0.112927 -0.012735 0.121207 0.050297 0.017313 -0.036917 -0.189180 -0.074747 0.407949 -0.054466 0.164485 -0.055790 0.083552 0.134418 
-0.152816 -0.120052 0.209145 -0.089447 0.104368 -0.213632 0.040309 0.036323 -0.030769 0.204724 -0.329481 0.108763 -0.009147 -0.001075 0.163799 0.201954 -0.218276 0.139499 -0.023677 0.234837 -0.094514 -0.156946 -0.170777 -0.028665 0.033811 0.108731 -0.242053 -0.009654 0.028101 0.023993 -0.252572 0.287250 0.017441 0.004333 0.016203 -0.184876 0.126615 0.129367 -0.007682 -0.018314 0.051726 0.224203 -0.153736 -0.049913 -0.064921 -0.026712 0.162104 0.013741 -0.188719 0.019557 
-0.163316 -0.152454 -0.076283 0.152219 0.146581 0.025557 -0.021476 0.006308 0.415299 -0.083654 0.140256 0.096118 -0.104908 0.149336 0.083211 0.096821 0.122943 -0.195678 -0.076406 0.053710 -0.223165 0.142165 0.081408 -0.167338 -0.035171 0.065990 -0.180593 0.128412 -0.017201 0.048050 0.028362 -0.153689 -0.124020 0.122795 -0.276314 0.021185 0.089222 -0.003444 0.005612 -0.136605 0.130059 -0.070865 0.223819 -0.042291 -0.165973 -0.141170 0.231817 0.151637 -0.229380 0.086062 
-0.112914 -0.048267 0.185774 -0.022448 -0.133108 0.038947 -0.138842 -0.217306 0.017371 -0.071753 -0.153955 0.048325 -0.119590 -0.014955 -0.034580 0.069424 0.002396 -0.011154 -0.145494 -0.049243 0.018685 -0.252607 -0.018059 -0.166514 -0.147064 -0.043620 -0.151320 0.100388 -0.293088 -0.196456 0.094095 -0.227523 0.296861 -0.013645 -0.091246 0.136877 -0.020359 -0.051311 -0.234781 -0.214984 -0.267463 0.072702 -0.056048 0.200067 0.293057 0.060633 0.000756 0.154030 -0.027346 -0.028295 
-0.139965 -0.095739 -0.018254 -0.083267 -0.120349 -0.039197 -0.148575 0.282298 -0.110503 0.224686 0.053358 -0.134218 -0.142778 -0.069153 0.031250 -0.104862 -0.131831 -0.063721 -0.078725 -0.147622 -0.045235 -0.147870 0.077598 -0.151495 0.061249 0.038438 0.097240 -0.061888 -0.038373 0.319829 -0.020447 -0.123721 0.081934 0.065303 0.294570 0.122856 -0.105937 0.007992 0.322706 -0.146759 -0.039855 -0.010441 0.024431 0.252542 -0.016911 -0.308252 0.146211 0.043542 -0.036366 0.222258 
-0.151181 -0.148903 0.175062 0.023059 0.081576 0.058642 0.080571 0.204781 0.077846 -0.041591 0.122850 0.255093 -0.054682 0.152150 -0.089583 0.224293 -0.255449 0.051474 0.029393 0.001081 0.225456 -0.078057 0.059521 -0.011185 -0.232167 -0.154219 0.102568 -0.001737 -0.134807 -0.263505 0.163648 -0.005597 -0.050567 -0.101834 0.108624 -0.006746 0.081137 -0.056299 0.112552 0.044956 0.276147 0.030511 0.053998 0.173653 -0.105999 -0.255985 -0.238387 -0.155004 0.035455 -0.206180 
-0.147403 0.112510 0.043823 0.108384 0.037542 0.166245 -0.319554 -0.186611 0.116958 -0.025349 -0.143319 -0.056029 0.018690 0.171750 0.128632 0.068381 0.201858 0.038715 -0.115640 0.054366 0.379016 -0.015604 0.164319 0.000299 -0.041609 0.240289 0.036822 -0.101096 -0.106009 0.112513 0.126037 0.111065 0.129587 0.039746 0.036156 -0.339362 0.039544 -0.016393 0.082250 0.217896 -0.059674 -0.196040 -0.176225 0.055219 -0.199305 -0.065431 -0.025018 0.028732 0.061915 0.167175 
-0.142310 0.278395 -0.204330 0.071513 0.138966 -0.046609 0.077965 0.025133 0.061074 -0.108571 0.123771 0.205193 0.070743 -0.140765 0.309562 -0.034146 0.057501 0.040352 -0.025709 -0.005389 0.060798 -0.139728 -0.081438 -0.176006 -0.064279 -0.127926 0.108825 0.107598 0.060655 0.057322 -0.200327 -0.111255 0.092695 -0.239273 -0.067070 -0.063333 -0.147803 0.013397 -0.117820 -0.216936 -0.002636 -0.065800 -0.221788 -0.044259 0.015338 -0.101365 -0.096984 -0.416389 -0.110379 0.210470 
-0.135655 0.102487 -0.016452 -0.062784 0.008189 -0.022830 0.009767 0.039747 0.325353 0.156071 0.062811 0.358625 -0.059510 -0.027356 -0.093324 -0.046559 0.033469 0.221017 0.029040 -0.182638 0.045105 0.074628 -0.375961 0.132813 0.085462 0.246879 0.215083 0.074692 0.039138 0.107542 0.128324 0.010745 0.050662 0.127009 0.222400 0.115775 0.090545 0.212295 -0.163929 0.018267 -0.053819 -0.194371 0.006677 0.140106 0.054605 0.162799 0.086443 0.033542 -0.089708 -0.132787 
-0.159473 0.233544 0.003674 -0.099555 0.211045 0.119786 -0.213865 0.253381 -0.097460 0.244941 -0.155588 0.091861 -0.067826 0.000150 -0.033180 0.012567 0.314700 -0.224673 -0.002821 -0.043931 -0.004371 0.242487 0.065138 0.010787 0.003330 0.011331 -0.180451 0.069307 0.138958 -0.191822 0.025520 -0.080584 -0.040329 -0.041518 0.187294 0.088989 0.223744 -0.040408 0.036476 -0.109749 -0.172027 0.134676 -0.112276 -0.248156 0.107070 -0.167476 -0.084792 -0.038867 0.058387 -0.181462 
-0.132608 -0.034381 0.136346 0.319863 -0.091464 0.162266 0.018835 0.066137 -0.127976 0.060125 0.138306 0.110451 0.056892 0.043412 0.006008 0.016643 0.183286 -0.005105 -0.187452 0.038209 -0.091103 -0.017797 -0.089213 0.032328 -0.085118 -0.196203 0.095004 0.037265 -0.124410 0.104430 -0.173791 0.165319 -0.190247 0.148519 0.017578 -0.104012 0.025986 -0.170166 0.016653 0.227539 -0.380211 0.136871 0.227156 0.133389 0.092791 0.064229 0.202292 -0.298834 -0.035122 -0.091099 
-0.118218 -0.057397 -0.184224 -0.157602 -0.070029 -0.114796 0.075878 0.000196 0.174839 -0.182947 0.081958 -0.006876 -0.056922 -0.424580 -0.029437 0.015946 -0.040728 -0.123838 -0.148046 0.161835 0.128533 0.106841 0.100433 -0.210151 -0.102734 -0.166663 -0.008648 0.113416 -0.015831 0.083326 -0.085575 0.242557 0.040482 0.014180 0.242723 0.064814 0.109128 -0.321928 0.007592 0.188088 -0.034921 -0.119143 -0.195765 -0.039574 -0.011872 0.086119 0.036649 0.223661 -0.086478 -0.187429 
-0.139128 0.270335 -0.139349 -0.207186 -0.046322 0.014659 0.221768 0.151807 0.042055 -0.040210 0.203135 -0.148663 0.048006 0.154421 -0.125697 0.172259 -0.198402 -0.189953 -0.021462 0.085961 0.273257 -0.056845 -0.107615 0.109524 -0.004960 0.126104 -0.135585 0.111224 -0.061096 0.177599 -0.177326 -0.182726 0.093544 0.171348 -0.012049 -0.249635 0.133978 -0.028932 -0.129036 0.003485 0.005556 0.159027 0.201073 -0.050111 0.183514 0.018222 0.002028 0.053440 0.223626 0.097639 
-0.149757 0.061885 0.083805 -0.006505 0.072251 -0.263610 -0.022769 -0.000828 -0.166424 -0.245397 0.085990 0.167551 0.184550 0.083718 0.068331 -0.061801 0.104738 -0.304955 0.035507 0.052709 -0.039593 0.042046 -0.059504 0.034405 -0.025019 -0.099374 0.059865 -0.284423 0.222402 0.024960 0.050457 -0.026125 -0.177698 -0.090655 0.002173 0.006016 0.143576 0.150015 -0.147050 0.107361 -0.041756 0.112955 -0.121823 0.433126 0.046058 -0.033369 -0.048634 0.304607 0.018139 0.149616 
-0.150899 0.148774 -0.070404 -0.166736 -0.221356 0.041186 0.172038 -0.167600 0.045217 -0.048973 0.060718 -0.102769 -0.212848 -0.118669 0.225062 0.214351 -0.055188 0.216611 0.024275 -0.010990 -0.305832 0.199087 -0.009202 0.160649 -0.087583 -0.033525 0.009069 -0.240380 -0.075774 -0.128748 0.037484 -0.229758 -0.149620 0.236845 0.003712 -0.095648 -0.032408 0.036576 0.025700 0.024808 -0.186428 0.044032 -0.235933 0.036379 -0.185492 -0.200055 -0.004037 -0.028983 0.138006 -0.083964 
-0.138567 -0.025434 0.114058 -0.062496 -0.017407 0.108420 0.012230 -0.375076 0.263622 -0.021951 -0.234797 0.121693 0.207673 -0.176721 -0.184071 -0.005708 0.121223 -0.054106 -0.092304 0.165237 0.010977 -0.051076 -0.070308 0.017568 0.089920 -0.081793 0.120601 0.044005 0.164617 0.025481 -0.052747 -0.177050 -0.066753 0.054109 0.203468 0.100232 -0.112644 -0.064565 0.219196 -0.101848 0.154366 0.342397 0.139481 -0.003068 -0.135181 0.046612 -0.035683 -0.076849 0.248042 0.154309 
-0.149291 -0.172090 -0.082806 -0.004813 -0.118365 0.025706 -0.077382 -0.220526 -0.321079 0.089702 -0.029517 0.270176 -0.181084 -0.161343 0.013181 -0.034637 0.039624 -0.044683 0.218529 -0.013378 0.068846 0.111847 -0.205078 0.202424 -0.090108 0.064823 -0.257124 0.051257 0.065548 0.262208 -0.090631 -0.033417 0.111169 -0.184252 -0.173418 0.011030 -0.033521 -0.244252 -0.081198 0.019120 0.083855 -0.165169 0.194279 0.067247 -0.154104 -0.181532 -0.062903 0.010966 0.154674 -0.077298 
-0.123996 -0.060166 -0.134354 0.231048 0.167383 0.121319 0.041726 0.057219 0.081675 0.188667 -0.047977 -0.198794 0.045768 -0.201730 0.137825 0.039181 0.025757 0.032705 -0.099531 -0.258918 0.004420 -0.080964 -0.171316 -0.131024 0.278532 0.040810 -0.142412 -0.094594 -0.034552 -0.015876 0.072144 -0.085464 -0.251188 -0.097710 0.013175 -0.277467 -0.221584 -0.163040 -0.101588 0.042817 0.190211 0.109833 -0.008879 0.172741 0.140115 0.066879 -0.192737 0.188887 0.027645 -0.216143 
-0.122030 0.345371 -0.077833 -0.009387 -0.100137 0.161902 0.036250 -0.171874 -0.106112 0.088653 0.081094 0.048956 0.085013 0.053071 -0.111793 -0.069565 -0.094536 -0.037708 -0.062346 0.102848 0.072598 -0.098240 0.100533 0.133501 0.201836 -0.100627 -0.186384 -0.377320 -0.037087 -0.217954 -0.004256 0.129227 -0.022890 0.002466 0.160786 0.053737 -0.010607 -0.149967 -0.060957 -0.269123 0.145315 -0.189419 0.152316 0.058116 -0.091285 0.032134 0.206740 -0.011141 -0.332589 -0.037872 
-0.156020 0.166902 0.327418 0.111104 -0.140380 0.055843 0.008649 0.191513 -0.047879 0.108212 -0.006481 -0.322091 -0.007300 -0.163864 0.016768 -0.130772 0.137120 -0.001786 0.147212 0.203894 0.087324 0.195672 -0.355273 -0.110570 -0.207451 -0.140926 0.020943 0.048426 -0.082021 -0.086697 0.101438 -0.037935 0.024511 0.059599 -0.154018 0.043122 0.049642 0.018755 0.050345 -0.045209 0.338018 -0.127755 -0.113439 0.055585 -0.008151 0.140830 0.170776 -0.010993 0.053476 0.113297 
-0.135644 -0.117441 -0.164128 0.062579 0.219875 0.192251 0.142701 0.089452 0.055976 0.072448 -0.096678 0.037716 -0.001814 -0.109807 -0.455048 -0.281653 -0.087497 0.094364 -0.046048 0.180726 -0.047198 0.077058 0.208640 0.007076 -0.183415 0.019275 -0.088784 -0.155740 -0.050713 0.034787 -0.030159 -0.050294 0.011877 -0.127995 -0.073246 -0.086934 -0.184906 0.256123 -0.208487 0.104492 -0.039541 -0.008304 -0.176262 0.065222 0.063559 -0.123353 0.248241 -0.046919 0.159720 0.006954 
-0.154100 0.134345 -0.041142 0.067910 0.084297 -0.273715 0.045301 -0.109074 -0.034890 -0.070771 -0.189335 -0.199313 -0.058592 0.210651 -0.209998 0.107433 0.094726 -0.174691 0.151414 0.017500 -0.105052 0.141579 -0.037158 0.030085 0.158312 -0.033581 0.244666 0.298170 -0.265094 -0.073505 -0.208848 0.204003 -0.004870 -0.041494 0.094656 -0.051866 -0.292668 0.053936 -0.040710 -0.146604 -0.032772 -0.138930 0.015597 0.148809 -0.099898 -0.169107 -0.023105 0.043454 0.047132 -0.166216 
-0.134998 -0.026971 0.097928 -0.009964 -0.029529 -0.087308 0.071721 0.187098 -0.229630 -0.095438 -0.179067 0.094329 0.006204 -0.197598 -0.052134 0.301718 0.016332 0.054496 -0.131222 0.137112 -0.166834 0.079231 0.184688 0.069244 0.163734 0.291653 0.229631 0.039080 -0.072781 -0.079596 0.175891 -0.183051 -0.101464 -0.135617 0.057279 -0.010541 -0.012519 -0.214295 -0.182450 0.124437 0.095273 -0.188034 0.135429 -0.107765 0.146024 0.067431 0.052793 -0.064631 -0.056177 0.308696 
-0.154255 0.085013 -0.122762 0.160140 0.108969 -0.190393 0.085626 -0.142232 -0.023938 0.116794 -0.024833 -0.052210 -0.018662 -0.023280 0.138005 -0.198960 -0.226570 -0.209766 -0.067303 0.159525 -0.054094 -0.053387 0.049923 0.021972 0.114929 0.201233 0.250921 -0.085081 -0.132754 0.119444 0.341406 0.024187 0.127458 -0.057656 -0.249032 0.120222 0.264290 -0.101771 0.124012 -0.061564 -0.023362 0.169472 -0.042269 -0.022547 -0.001061 0.052122 0.072365 -0.178960 0.136008 -0.288170 
-0.159524 0.029610 -0.027792 0.011259 -0.010144 -0.157427 0.089222 -0.038932 -0.159972 0.181507 0.195457 0.199133 -0.176757 -0.007652 -0.110158 0.099308 0.097792 0.108195 0.094800 -0.082769 0.078808 0.296263 0.199118 -0.297898 0.070075 -0.082402 0.028754 -0.089122 0.060194 -0.023011 0.171345 0.171975 0.294512 0.189467 -0.101935 -0.139428 -0.236408 0.044842 0.015920 -0.036862 0.023366 0.316747 0.081676 -0.026644 -0.032468 0.220156 -0.100186 0.041002 -0.053681 0.146037 
-0.146416 -0.174851 -0.247781 0.164373 -0.017350 -0.038554 -0.060287 0.030944 -0.089291 -0.005374 -0.006360 -0.081951 0.160210 -0.153001 -0.043868 0.116728 -0.126603 -0.165152 0.251042 -0.012098 0.249751 -0.059114 -0.196352 -0.084959 -0.218226 0.269795 0.078383 -0.118382 0.017168 -0.315857 -0.061210 -0.130257 -0.105795 0.006916 0.023522 0.082754 -0.124672 0.113033 0.130410 0.000874 -0.321207 0.033632 0.091735 -0.153215 -0.208550 0.133133 0.044324 0.042275 -0.167648 0.033380 
-0.144138 -0.013963 0.266667 0.029055 -0.043810 -0.017431 0.093322 0.218126 0.316167 0.002387 -0.140341 -0.055112 -0.091426 0.056294 0.109138 -0.114757 -0.100810 -0.186319 0.186810 -0.233319 0.028918 0.016907 0.210002 0.192364 0.143031 0.017219 -0.019964 -0.130996 0.178500 -0.110640 -0.266883 -0.070995 0.249104 -0.011224 -0.107324 0.143758 -0.142745 -0.251012 -0.114942 0.213142 -0.067924 0.014660 -0.058991 0.086455 -0.136267 0.166185 0.037089 -0.119077 0.012175 0.008428 
