-0.151679 0.083783 -0.082966 0.033649 0.179883 0.080180 0.060019 -0.145971 0.113473 -0.036744 0.130966 -0.194751 -0.009976 -0.478783 -0.046581 -0.028618 -0.120864 0.107405 -0.066715 -0.073993 0.039227 0.261637 -0.005596 -0.005046 -0.271594 -0.221462 0.077152 -0.327707 0.063634 -0.111948 0.073636 0.085297 -0.053393 -0.089885 -0.054305 0.022040 -0.206805 0.006551 0.222617 -0.086977 0.003645 -0.079447 -0.047015 -0.057202 -0.058499 0.097915 0.022715 0.254804 -0.139711 -0.031738 
-0.133546 0.005097 0.022354 -0.089289 0.090622 0.033275 -0.122171 0.132646 0.257832 0.101806 0.115706 -0.047015 -0.272553 0.219739 -0.184368 0.094619 -0.115732 0.013666 0.013441 -0.145586 0.009173 -0.168501 0.140596 0.040445 0.097919 0.025549 0.196542 0.064730 0.422175 0.184709 0.064107 -0.090012 -0.045911 -0.076997 -0.060904 -0.046360 -0.076789 -0.155622 0.005181 -0.292582 0.174851 -0.069153 0.008665 0.110999 -0.025928 -0.100686 0.090224 0.245461 0.152129 -0.177987 
-0.132918 0.048769 -0.046519 0.188375 -0.090196 -0.033067 0.199708 0.227453 0.087655 0.231270 -0.148824 -0.124862 0.078856 0.139406 0.044327 -0.044467 -0.023307 -0.163576 0.026301 -0.213377 0.252104 0.103507 -0.094718 -0.205605 -0.122076 0.033004 0.023760 0.000086 -0.041687 -0.256902 -0.106501 0.009197 0.344525 -0.134529 0.000030 0.039074 -0.185247 -0.068286 -0.035306 0.063723 0.130271 -0.001074 -0.149083 -0.027208 0.249867 0.053324 0.226610 -0.117491 0.127446 -0.221305 
-0.124394 -0.062327 0.118681 0.085472 -0.030602 -0.189825 0.024284 0.033167 -0.043611 0.329917 -0.029342 -0.081697 -0.105335 0.061490 -0.069018 -0.096508 -0.266954 0.197326 0.252223 0.131192 0.148790 0.042051 0.014384 0.056198 -0.000844 -0.169750 -0.028739 -0.098600 -0.071136 0.263075 0.221341 0.097939 -0.002625 0.254352 0.005708 0.108231 -0.071754 0.031376 -0.250172 -0.006158 -0.052062 -0.044947 0.179320 -0.427959 0.005235 -0.038482 0.084868 -0.070346 -0.041221 0.047310 
-0.133959 0.272170 0.037882 0.165002 -0.037704 -0.153676 0.123730 0.195455 0.115255 -0.099254 0.039134 0.103888 0.262358 0.075688 -0.259512 -0.052189 -0.003136 0.363046 0.270386 0.144103 -0.101828 0.019514 -0.015722 0.235591 0.037472 -0.076653 0.090361 0.059071 0.127973 -0.151093 -0.107998 -0.008337 -0.008987 -0.173712 0.059195 0.060603 0.145831 0.103354 0.054905 0.071174 -0.014270 -0.006782 -0.000473 0.149608 -0.206033 0.189222 0.250736 -0.061174 0.020837 0.114997 
-0.141352 -0.152427 0.169515 -0.082682 -0.081575 0.021708 -0.221538 0.098396 -0.137521 -0.010080 -0.293102 0.094661 0.112030 -0.099045 -0.115400 0.259476 -0.035847 -0.037714 -0.010285 -0.124120 0.143461 0.228798 -0.049573 -0.041630 -0.093818 -0.079777 0.071396 0.014135 0.177489 -0.044312 0.015628 0.105061 -0.138205 -0.053329 0.018977 -0.061823 0.099114 -0.057158 0.110110 0.030068 -0.360878 0.083790 0.385788 0.079040 0.166690 0.045251 0.022003 0.002346 0.316565 0.052656 
-0.134403 0.095669 0.092424 0.005065 0.052109 0.017337 0.107395 0.243227 -0.153995 -0.108828 -0.116598 -0.108606 0.071985 -0.008704 0.272970 -0.222289 -0.001580 0.166436 0.084858 0.052514 0.009125 0.258893 -0.049403 0.111326 -0.253193 0.044246 0.017409 0.178116 0.055125 0.168103 -0.014907 -0.192218 -0.005501 0.036723 0.159734 -0.402304 0.019094 -0.020121 0.026945 -0.040261 0.100049 0.124400 -0.061711 -0.009706 -0.058860 -0.352890 -0.207549 0.101830 0.065830 -0.084781 
-0.141988 -0.061492 -0.159094 -0.153873 -0.413434 -0.124652 -0.022756 -0.075838 -0.164351 0.194182 -0.058402 -0.228689 0.025994 -0.143702 -0.054067 -0.085762 -0.089877 0.159774 -0.078818 -0.160213 -0.068483 -0.210553 -0.049609 0.030631 -0.106974 0.030838 -0.200971 0.168954 0.076378 -0.125428 -0.000559 -0.047972 -0.240787 0.086347 -0.145819 -0.058909 -0.026739 0.254723 0.159365 -0.212110 0.082082 -0.128945 -0.010167 0.136643 -0.034002 -0.046454 0.036473 -0.272501 -0.027051 -0.106170 
-0.151871 -0.014060 0.309254 0.055856 0.155355 -0.034255 -0.078680 0.100409 0.070022 -0.276825 -0.200495 -0.047193 0.011093 -0.093321 0.041441 0.054377 0.084967 0.001813 -0.144459 -0.184369 -0.154358 -0.226868 -0.209408 0.287463 0.044236 -0.011176 0.176215 -0.152595 -0.207335 0.163108 0.042491 -0.042399 0.159975 0.060645 -0.283741 0.036626 -0.019984 0.213814 0.077889 -0.146144 0.022185 -0.011429 -0.154275 -0.155944 0.104752 -0.034742 0.100674 -0.163566 0.147675 0.034245 
-0.129575 -0.142563 -0.031947 0.238617 -0.043834 -0.131182 -0.075354 -0.290999 0.194239 0.003686 0.135187 0.050758 0.098029 0.340747 -0.024533 0.090579 -0.152164 0.101470 -0.030935 -0.219088 -0.145586 0.227907 0.046938 -0.041833 -0.196211 -0.000906 0.155051 -0.133278 -0.126297 0.021275 0.150624 -0.122447 -0.150711 -0.137047 -0.085219 0.029107 0.272625 -0.023711 -0.037162 0.068446 -0.087634 0.061745 -0.141737 0.092877 0.115592 -0.188322 -0.167644 -0.181581 -0.129245 -0.105182 
-0.136850 -0.057195 0.049258 0.019051 -0.141669 0.264585 -0.069385 0.006750 0.140574 0.001371 -0.063394 -0.133874 0.355154 0.000728 0.256535 -0.036818 -0.167946 0.248082 -0.276528 -0.074033 -0.015825 0.082929 0.056882 -0.180274 0.384510 0.054170 0.010349 -0.013082 0.123413 -0.004356 -0.099276 -0.068082 0.176683 0.077943 0.058418 0.077168 0.025984 -0.035684 -0.158725 -0.242852 -0.124749 0.062015 0.032271 -0.023127 -0.055309 -0.012445 0.063646 0.066586 -0.218658 0.191407 
-0.142203 0.001288 0.167592 -0.281294 0.140607 -0.189205 0.090853 -0.056601 0.154817 0.068341 -0.050295 0.210928 0.007446 0.147108 0.144852 -0.020092 0.107064 0.186776 0.061557 0.146647 0.109835 -0.138393 -0.133361 -0.246790 -0.011229 0.058077 -0.146720 -0.261689 -0.197400 -0.189982 0.139350 0.063557 -0.025244 0.113826 -0.199130 -0.254499 0.004440 -0.079231 0.074520 -0.122803 0.046017 0.168467 0.144503 0.254358 -0.011615 -0.028802 0.154730 0.121037 -0.107549 -0.032747 
-0.153215 -0.258080 -0.028396 0.254430 0.041486 0.034186 0.051485 0.017622 -0.137971 0.151117 0.116750 -0.047029 0.037301 0.030672 -0.077883 -0.023933 0.143305 0.063613 -0.004049 0.179672 0.139379 -0.088009 -0.170101 0.175317 0.188147 0.145046 -0.032372 0.085994 -0.276785 -0.022742 0.004091 -0.162108 -0.083604 -0.304722 -0.039744 0.150554 -0.298582 -0.068764 0.111107 -0.142692 -0.327852 0.016699 0.045832 0.059715 -0.104897 -0.118338 -0.120952 0.187455 0.028643 -0.141808 
-0.165131 -0.082381 0.151108 -0.162179 0.192836 0.146418 0.024483 -0.038144 0.037225 0.074129 0.135425 0.069710 0.147579 0.030621 0.157521 -0.261576 -0.347438 -0.139412 0.127894 0.062159 -0.300956 -0.104950 0.141063 -0.091320 -0.052302 -0.012101 -0.133654 0.186556 -0.051065 -0.067493 -0.176455 -0.069595 -0.239974 -0.043281 -0.149391 0.054733 -0.025647 -0.091480 0.140827 0.129154 -0.125814 0.023822 -0.153457 -0.182540 0.145328 0.097943 0.141990 0.066134 0.246540 0.040005 
-0.127363 0.028360 0.361823 0.029473 -0.086257 -0.060167 0.024654 -0.076083 0.149344 0.198637 -0.025082 0.124957 -0.173401 0.037137 0.088501 -0.121956 -0.061654 -0.155829 -0.379769 0.227253 0.141736 0.032544 -0.014891 0.176528 -0.024071 -0.054798 -0.188429 0.071967 0.201434 0.108819 0.060325 0.238785 0.053684 -0.300374 0.152349 -0.041904 0.092660 0.124920 0.160319 -0.000140 -0.016878 0.115849 -0.155367 0.008632 -0.041350 0.142448 -0.090618 -0.120897 -0.130206 0.009137 
-0.138135 0.081806 -0.193673 0.068839 0.017057 -0.141445 -0.105403 -0.261260 0.032054 0.123121 -0.186975 -0.068400 -0.053797 0.161069 0.257105 0.150727 0.025590 0.083365 -0.120223 -0.022286 -0.195059 -0.046623 -0.041196 0.046477 0.035976 0.228827 0.041183 -0.086932 -0.015613 0.076257 0.027806 -0.039246 -0.021811 -0.132758 0.258786 -0.227805 -0.211753 0.108682 0.088840 0.308323 0.050851 -0.269390 0.127630 -0.097870 -0.056211 0.073041 0.188969 0.150163 0.147573 0.186516 
-0.138605 0.157456 -0.202046 -0.106964 0.119602 0.012028 -0.069171 0.077142 -0.200141 0.096123 0.049280 0.298634 0.133107 -0.052317 -0.144205 0.039698 -0.070907 -0.115841 -0.192742 -0.007115 0.279254 0.163059 0.027279 -0.063994 0.051732 0.011422 -0.128875 -0.159424 -0.041098 0.278803 -0.039603 -0.218806 -0.123953 -0.053768 -0.175263 -0.100316 -0.006025 0.232184 -0.289606 0.027953 -0.029943 -0.069306 -0.292279 0.108171 -0.119209 -0.001088 0.155880 0.001131 0.110837 0.069311 
-0.131488 0.172134 0.175837 -0.012871 -0.194605 0.112701 -0.096237 0.084923 0.120852 -0.040313 -0.070596 -0.187320 -0.052797 -0.042170 -0.140113 -0.002599 0.388812 0.001872 -0.095184 0.096701 -0.009200 0.181837 0.404306 -0.074874 0.083658 0.194693 -0.138568 -0.067296 -0.108167 -0.095277 0.214808 -0.033390 -0.197892 0.063546 -0.060985 0.103424 0.053526 -0.144380 0.080899 0.158492 0.005345 0.004873 -0.110490 -0.203696 -0.135090 -0.174599 0.177663 -0.038615 0.087556 -0.098838 
-0.139819 0.052311 -0.018831 -0.351600 0.043661 0.104886 0.137765 -0.265396 -0.032887 -0.066065 -0.040136 -0.121113 0.044372 0.154165 -0.145309 -0.194957 -0.096388 -0.012553 -0.071289 -0.041863 0.162694 -0.060304 -0.066214 0.173466 0.014913 0.079950 0.153153 -0.050073 -0.039865 -0.148734 -0.087319 0.251261 0.200170 0.129945 0.102103 0.085560 0.231086 0.089407 -0.098134 0.139206 -0.212278 -0.196116 -0.036919 0.004622 -0.197271 -0.175754 -0.073744 0.140344 0.165540 -0.254104 
-0.141386 -0.015051 -0.059684 -0.229156 -0.318696 -0.088054 -0.095142 0.087878 0.039958 -0.159591 0.145699 -0.012027 0.076719 -0.107198 0.112997 -0.053577 -0.050672 -0.329472 0.200775 0.145835 0.032343 -0.041348 0.065904 -0.072917 0.055874 -0.040777 0.286313 -0.102866 -0.257585 0.090635 0.003088 0.036351 -0.052054 -0.357577 0.219496 -0.001652 0.117824 0.167655 -0.017945 -0.183562 0.121525 -0.011833 0.145425 -0.072551 0.090004 -0.128553 0.155057 0.049837 -0.101940 -0.013533 
-0.130953 -0.017519 -0.259755 0.121178 -0.098676 0.055553 -0.002745 0.122887 -0.041068 -0.089772 -0.178403 0.362352 -0.039343 0.006764 0.155632 0.283781 -0.090033 0.082480 0.072425 0.022909 -0.088454 -0.068013 0.077489 0.072359 -0.034731 -0.029433 -0.159127 -0.065380 -0.102605 -0.065722 -0.026016 0.316239 -0.044971 0.075858 0.168156 -0.032042 0.088950 -0.215482 0.055599 -0.324011 -0.057309 -0.124773 -0.301101 -0.195903 -0.095642 0.045659 -0.045645 0.036469 0.051783 -0.192221 
-0.137236 0.069675 -0.112963 -0.128323 0.118568 0.299966 -0.192574 0.041577 0.084328 -0.015863 0.004760 0.180951 -0.192616 -0.027721 -0.100880 0.070285 -0.145683 0.100674 0.214448 -0.063592 0.153693 -0.042468 -0.141259 -0.035347 0.015496 0.272841 0.031030 0.023910 0.037707 -0.039710 0.031652 -0.076556 0.029219 0.111705 0.253142 0.139183 -0.146544 0.205482 0.292614 0.155479 -0.050478 0.272458 -0.090325 -0.054303 0.063775 -0.169740 0.029303 -0.223762 -0.227762 0.056294 
-0.142482 -0.195221 -0.075793 -0.182557 -0.028906 0.083936 -0.333921 -0.107698 -0.070584 0.211907 0.002889 -0.018031 0.143287 0.055122 0.042315 -0.070244 0.295666 -0.013543 0.133663 0.006925 -0.018226 -0.007615 -0.011832 0.280036 -0.364540 0.051182 -0.106963 -0.095905 0.053773 0.008834 0.005252 -0.183424 0.248128 0.008770 0.057452 0.212498 0.144149 -0.139655 -0.086400 -0.108047 0.166131 0.159967 -0.067575 -0.020387 -0.034860 0.228627 0.026692 0.122680 0.011937 0.129146 
-0.131666 0.283956 0.028709 0.029591 -0.080583 -0.066267 -0.002516 -0.100295 -0.022677 -0.260985 0.262169 0.020684 -0.326179 0.051832 0.178819 0.011401 0.041248 -0.064781 -0.036654 0.011526 0.007059 0.030684 -0.300722 -0.029524 -0.155370 0.037370 -0.167792 0.006069 0.193340 -0.248890 -0.053844 -0.168941 -0.025640 -0.059688 -0.028278 0.117424 -0.014495 -0.113955 -0.292673 -0.185169 -0.227322 -0.055350 0.116168 -0.163193 -0.023238 -0.111406 0.094847 -0.124138 0.087650 0.156170 
-0.139650 0.009228 0.109924 -0.075573 0.090808 -0.198394 0.042488 -0.060955 0.228794 -0.030268 -0.041347 0.092319 0.166181 -0.236052 -0.388517 0.027484 -0.066094 -0.024800 -0.137341 -0.139780 0.022597 -0.187316 0.135731 0.024870 -0.168434 0.175416 -0.092256 0.134756 -0.187907 0.004797 -0.187011 -0.027116 0.029392 -0.041144 0.235641 -0.146744 -0.171309 -0.303696 -0.212769 -0.041635 0.055632 -0.052179 0.097171 -0.067440 0.009165 -0.092631 -0.157651 -0.123090 -0.094992 0.174306 
-0.131044 -0.043706 0.236049 0.011834 -0.052213 0.118833 -0.083275 -0.191160 0.139143 0.182889 0.164928 0.021256 -0.224392 -0.236783 0.147216 0.032547 0.197178 0.118807 0.315962 -0.196092 0.090397 0.137530 -0.008284 -0.031323 0.244493 -0.094411 0.135775 0.138976 -0.172380 -0.059124 -0.119997 0.024218 -0.044256 0.049979 0.100632 -0.210488 0.013165 0.060852 -0.188299 -0.013603 0.016001 -0.091309 -0.187212 0.151066 -0.057296 0.204299 -0.134503 -0.112682 0.199863 0.021168 
-0.160669 -0.027225 0.028204 0.080485 0.046323 0.023230 -0.024401 -0.220694 -0.091384 -0.107389 -0.212122 -0.042790 -0.081335 0.105420 -0.073213 0.023006 0.140748 0.060630 -0.084785 0.314441 -0.090933 -0.114804 0.130678 -0.390972 -0.230925 -0.230166 0.256484 0.048455 0.026983 0.134400 -0.283882 -0.053676 -0.011578 0.079683 0.108225 0.110953 -0.209041 0.120983 -0.078707 -0.096015 -0.041289 0.185016 -0.038288 0.049383 -0.162896 0.075186 0.040529 -0.136396 0.044946 -0.166364 
-0.153079 0.227914 0.110849 0.045653 0.008729 0.056685 0.054051 -0.060873 -0.197146 0.216124 -0.147800 0.244440 0.006442 -0.085824 0.006103 -0.140392 0.085759 -0.275435 0.094304 -0.210197 -0.264590 0.021680 -0.080805 0.023434 0.145087 -0.040590 0.096370 -0.098404 0.087795 0.089852 -0.053664 -0.206852 0.034812 0.042998 -0.032136 -0.026438 0.056763 -0.210570 0.088460 0.037295 -0.077354 -0.120906 0.215733 -0.020759 -0.174065 0.048818 0.029112 -0.090947 -0.361469 -0.295693 
-0.146734 0.231339 -0.136986 0.126101 0.202699 -0.054062 0.045913 0.090283 -0.267111 0.201019 0.080268 -0.058692 -0.308263 -0.067333 0.023451 -0.047681 -0.005869 0.137016 -0.139279 -0.159722 -0.050810 -0.096323 0.342018 -0.082462 -0.016634 0.055116 0.036330 0.057486 -0.235528 -0.006066 -0.104313 0.085821 0.197063 -0.091234 -0.035583 0.061374 0.354480 0.065630 0.110375 -0.115923 -0.066298 0.172894 0.173688 0.060007 0.099041 -0.025820 -0.017682 0.064793 0.050313 0.193880 
-0.153168 0.133497 -0.087438 0.135226 -0.087799 -0.137040 0.118074 -0.086467 0.153422 0.061820 0.272965 -0.019425 0.139940 -0.072876 -0.134321 0.073941 0.043383 -0.228179 -0.063340 0.180812 -0.193870 0.135083 -0.104081 0.033171 0.112136 0.069190 -0.115597 -0.038778 0.003842 0.142886 0.019600 -0.064888 0.123516 0.472614 0.216351 -0.014155 0.025315 0.101322 0.160389 -0.141968 -0.062065 0.130565 0.043151 0.128189 0.253180 0.032399 -0.021389 0.081747 0.235971 -0.094741 
-0.140556 0.040505 -0.017136 -0.100376 0.032612 0.054355 -0.091524 0.387382 0.186211 0.118507 0.121337 -0.177467 0.016145 0.146033 -0.011327 0.078566 0.180073 -0.013717 0.017665 0.083508 -0.056189 0.017327 -0.231172 -0.253690 -0.182100 0.053233 -0.014131 -0.010023 -0.048747 0.231265 -0.222694 0.160168 -0.040652 0.050835 -0.114104 0.057019 0.106151 0.014017 0.123925 0.067857 -0.144555 -0.404169 -0.008680 0.006837 -0.032052 0.072697 -0.257443 -0.025879 -0.161156 0.137333 
-0.145237 -0.246267 -0.038578 -0.142376 0.091835 -0.132081 0.204787 0.137057 0.022856 -0.173641 -0.020907 -0.029543 -0.115643 -0.013438 0.104579 0.072580 -0.223708 -0.111468 0.054605 0.042951 -0.075977 0.245512 0.185012 -0.036536 0.038352 0.278559 -0.030474 -0.051977 -0.007711 -0.027713 0.167039 -0.144018 0.186125 -0.013338 -0.067320 0.139733 -0.066759 0.057227 0.031267 -0.046201 0.078940 -0.040797 0.156469 0.092721 -0.369533 0.276898 -0.202707 -0.254868 0.130009 -0.014294 
-0.132519 -0.336832 0.146553 0.205155 0.029731 -0.110834 0.016939 0.015256 -0.248349 -0.126909 0.175076 0.004071 -0.032779 -0.071308 -0.169030 -0.016279 -0.001223 0.056299 -0.101901 -0.038640 0.110515 -0.065976 -0.229272 -0.245183 0.090915 0.226467 0.034686 -0.077236 0.139950 -0.082683 -0.141175 -0.044740 -0.124165 0.061325 0.104238 -0.095558 0.326409 0.006452 0.066676 0.094890 0.295516 0.019076 -0.044241 -0.290021 -0.070334 0.133511 0.065841 0.153376 -0.025177 -0.068370 
-0.151309 0.002930 0.001752 -0.075406 -0.020694 -0.427704 -0.290754 0.119728 -0.035825 -0.128773 0.051706 0.125013 -0.009876 -0.185852 0.123371 -0.013158 -0.007852 0.085942 -0.089005 -0.038577 -0.033930 -0.041086 0.011830 -0.131391 0.019738 -0.103054 0.058854 0.384487 0.013564 -0.049325 0.261254 -0.033210 0.196279 0.087508 -0.002799 0.191406 -0.061689 -0.005540 -0.065884 0.257418 -0.129528 -0.067073 -0.169377 0.085488 0.044114 0.028696 -0.008454 0.249591 -0.147257 -0.173883 
-0.132738 -0.316948 -0.002680 -0.031655 -0.097464 0.071099 0.175678 0.243859 0.039427 -0.016188 0.067546 0.083276 -0.144699 0.043673 -0.088301 -0.004771 0.159896 -0.009998 0.009071 -0.094087 -0.233030 -0.138618 0.233999 0.062805 -0.011411 -0.215150 -0.163142 -0.274713 0.158282 -0.189234 -0.045821 -0.117473 0.112787 -0.006547 0.103447 -0.207457 -0.088436 0.314617 -0.182855 0.175316 -0.226122 0.013598 -0.007678 -0.039863 0.106035 -0.083909 -0.076661 0.110006 -0.113744 0.017990 
-0.151834 0.021043 0.002247 0.113771 0.166471 0.088127 -0.217142 0.210211 -0.073575 0.065879 -0.112993 -0.177168 -0.078955 -0.080704 0.059815 -0.045292 -0.208935 -0.062937 -0.130740 0.260266 -0.053349 -0.136398 -0.082812 0.115691 0.102645 -0.140325 0.027894 -0.250466 -0.058822 -0.249375 0.058264 -0.071451 -0.203762 0.084189 0.212308 0.112740 0.086996 -0.182117 -0.192067 0.143075 0.197972 -0.100914 -0.005372 0.347148 0.107154 -0.061761 -0.095392 -0.146720 0.043444 -0.014555 
-0.139524 -0.042321 -0.021487 0.111142 0.166067 -0.203736 -0.086012 -0.134055 -0.112260 -0.146946 -0.280120 -0.142582 -0.063107 0.148253 -0.100748 -0.177992 0.051781 -0.251560 0.237138 0.069623 0.096070 0.174925 0.166872 0.072801 0.130737 0.167276 0.022530 0.051214 0.135544 -0.151220 -0.066366 0.099163 -0.090549 0.117044 -0.084698 -0.090571 -0.049813 0.071893 0.010773 -0.230510 -0.099352 -0.142171 -0.196811 0.072778 0.219073 0.049516 -0.010925 0.084690 -0.275814 0.246750 
-0.126978 -0.099279 -0.141925 0.009319 -0.278618 0.140427 -0.076782 -0.011388 -0.112332 -0.140155 0.002645 -0.067182 -0.208474 0.057018 -0.296494 -0.219213 -0.128592 -0.031608 -0.006982 0.014262 -0.210138 0.078388 -0.216278 -0.094207 0.078710 -0.123928 -0.015459 0.005558 -0.128282 0.138199 0.142626 0.165982 0.239631 -0.048058 -0.116390 -0.256391 -0.077856 -0.315921 0.050162 0.109416 -0.023615 0.137900 -0.129055 0.127742 -0.121879 0.012310 0.110109 -0.013763 0.047480 0.245881 
-0.131934 0.033700 -0.164024 0.236822 -0.016030 0.069165 -0.266897 -0.091969 0.177447 -0.105624 0.005635 0.229725 0.108324 0.067792 0.002314 -0.247408 0.032725 -0.068065 0.007040 0.056525 0.254187 -0.102514 0.109936 -0.065828 0.077268 -0.276506 -0.090095 0.036254 0.021226 -0.145332 0.007328 -0.105739 0.159571 0.053322 -0.178598 -0.089559 0.007782 0.092130 0.231624 0.024618 0.190572 -0.168867 0.247402 -0.159199 -0.094451 -0.104162 -0.276832 -0.049471 0.173184 0.065784 
-0.155911 0.015339 0.104053 0.076981 -0.076067 0.252605 0.200391 -0.123495 -0.119120 -0.325279 -0.001433 0.077130 -0.010525 0.024726 0.023639 -0.152325 0.054711 0.198746 0.089319 -0.088587 0.140523 -0.115564 0.101921 -0.065717 -0.074438 0.067874 -0.239657 -0.030335 0.006735 0.337800 0.169549 0.000700 -0.006576 -0.071959 0.115316 0.174334 -0.014586 -0.044743 -0.018849 0.045838 0.074038 -0.278247 0.111785 0.234707 0.353437 0.171074 0.023953 0.016005 -0.012025 -0.080677 
-0.143114 -0.000822 -0.201009 -0.002545 -0.035544 -0.088000 0.160463 0.002605 -0.054890 0.095631 0.096507 0.130477 0.162401 -0.185950 0.150014 -0.182497 0.217445 0.047273 0.013543 0.061100 -0.004185 -0.188255 0.033724 -0.034655 0.050520 0.215747 0.347108 -0.165506 0.350464 0.056325 0.140399 0.266738 -0.079605 -0.038924 -0.147068 0.031835 -0.097095 -0.151183 -0.082251 0.099888 -0.048416 0.136395 -0.085275 -0.045091 0.112412 -0.063488 -0.200809 -0.207207 0.142400 0.118518 
-0.123028 0.172220 0.170419 -0.069043 -0.193591 0.115830 0.304280 0.008124 -0.137751 0.100222 -0.110036 0.130792 0.036350 0.177036 -0.087502 0.148994 -0.018053 -0.106773 -0.059257 -0.105072 -0.023920 -0.039739 -0.086865 -0.079259 -0.048198 -0.120968 0.202337 0.099302 -0.091807 -0.176070 0.257704 -0.114767 -0.155636 0.086371 0.050616 0.201846 -0.089745 0.076582 0.037819 -0.051140 0.193110 0.007103 -0.103891 -0.041662 -0.043329 0.038643 -0.275359 0.280134 0.024123 0.356366 
-0.137769 -0.109412 -0.139331 0.021468 -0.167739 -0.103153 0.263167 -0.114721 0.263356 -0.012709 -0.304258 -0.019690 -0.189229 -0.228542 0.109842 0.156639 -0.039640 -0.045010 0.126354 0.070375 0.113606 -0.026368 -0.062791 0.080865 0.076670 -0.071616 -0.105325 0.018392 0.059009 0.175362 -0.311653 -0.147510 -0.034812 0.006455 -0.214351 0.221763 0.209133 -0.106699 0.023221 0.230883 0.069247 0.113274 -0.032103 0.082512 -0.010872 -0.204852 0.009541 0.177342 -0.021639 0.108629 
-0.156070 -0.108706 -0.235659 0.167054 0.207100 0.212184 0.072497 0.067430 0.258419 -0.014550 -0.108094 0.025699 0.006529 -0.039438 0.006145 -0.142486 0.143528 -0.163428 -0.073051 -0.122857 -0.109644 0.042633 -0.162152 0.023708 -0.091476 0.032713 -0.043680 0.328136 -0.061013 -0.005928 0.213922 0.256063 -0.240455 0.034842 -0.018877 0.011842 0.086790 0.205101 -0.302429 -0.021381 0.085063 0.152296 0.227706 0.011838 -0.120578 0.057815 0.157888 0.067163 -0.066840 -0.059953 
-0.156955 0.206933 -0.120635 -0.227014 0.190728 -0.081300 -0.028471 -0.087668 -0.064208 -0.062042 -0.104755 -0.250879 0.102487 0.072439 -0.122735 0.153120 0.078425 0.070363 0.127885 -0.042899 -0.124690 0.021213 -0.138716 -0.108282 0.317314 -0.175866 -0.299730 -0.005924 0.066650 0.030661 0.050996 0.037167 -0.006692 -0.312323 0.006910 -0.000168 0.016373 0.027920 -0.082333 0.011229 0.118185 0.228134 -0.018539 -0.214118 0.138281 0.093045 -0.310578 -0.034399 0.026054 -0.166785 
-0.152876 -0.005070 -0.021173 -0.082364 -0.064048 -0.159433 -0.041892 0.104088 -0.101250 -0.160581 0.223342 0.003945 -0.006273 0.265195 0.148079 -0.050992 0.062114 -0.009606 -0.140234 -0.297214 0.126349 0.136347 0.085663 0.251903 0.095872 -0.159703 -0.020807 -0.071797 -0.093278 0.067612 -0.326893 0.221919 -0.234780 0.180088 0.024296 0.134896 -0.287162 -0.102533 0.081572 0.127625 0.148541 0.212893 0.118714 0.046314 -0.063818 0.064082 0.014914 -0.015871 -0.070014 -0.005248 
-0.147888 -0.030870 -0.197177 -0.109381 0.088806 0.084300 0.205849 -0.005008 0.016239 -0.077083 0.110121 -0.199353 0.030850 0.071891 0.073113 0.207674 0.058802 -0.056041 -0.106879 0.090799 0.290966 -0.174272 0.075119 0.153080 0.004505 -0.215015 0.174945 0.190755 -0.032553 -0.001206 0.173923 -0.248486 -0.043828 0.107515 0.010840 -0.283131 0.156252 -0.205119 0.113594 0.066407 -0.177195 0.006513 -0.031637 -0.129584 0.062622 0.267033 0.126693 -0.187790 -0.160966 0.018661 
-0.151288 -0.093633 0.171577 0.125647 0.188241 0.037045 0.046418 -0.112402 -0.213800 0.026441 0.208607 -0.126995 0.229231 -0.018901 0.094471 0.352907 0.034449 -0.200474 0.186363 -0.050098 -0.001930 -0.111866 0.071396 -0.061061 -0.027799 -0.134931 -0.177384 0.086808 0.138039 0.033114 0.102890 0.229454 0.162337 -0.008957 0.020719 0.023187 -0.020042 0.007418 0.056515 0.049105 0.095029 -0.071427 -0.039647 0.157091 -0.233874 -0.380131 0.176360 -0.108556 -0.035439 0.143477 
-0.127107 -0.140814 -0.031864 -0.195134 0.060696 0.129696 0.083361 -0.068895 -0.115034 0.073567 0.083147 0.225632 -0.072199 -0.003265 -0.085391 0.156141 0.087732 0.190158 -0.172196 0.290911 -0.165717 0.351067 -0.014107 0.142857 0.068744 -0.026246 0.127013 0.210997 -0.009888 -0.122948 -0.113833 0.057876 0.128383 -0.033675 -0.181963 0.017122 -0.058808 -0.009318 -0.031045 -0.008534 0.284804 -0.220424 0.115195 -0.082476 0.299716 -0.163365 0.092956 -0.109208 -0.093684 -0.032870 
-0.131471 0.221225 0.114069 0.169251 -0.225426 0.193759 -0.144714 -0.030845 -0.069647 -0.048846 0.091990 -0.078074 0.042110 -0.010608 0.018221 0.270696 -0.221501 -0.059811 0.084614 0.165653 0.024560 -0.133401 0.103399 0.133404 -0.131948 0.270296 0.032036 0.009473 -0.025320 -0.053724 -0.087330 0.111298 0.072600 0.036842 -0.356197 -0.204773 -0.087841 0.090471 -0.209087 0.164432 0.048316 0.157426 0.107389 0.009415 0.028481 0.175242 -0.161372 0.167777 -0.140241 -0.170618 
