-0.162805 -0.060262 -0.077578 -0.073685 -0.106375 -0.117724 -0.099316 0.196689 -0.043141 -0.271026 -0.131396 0.159102 0.183401 -0.272015 -0.009241 -0.140503 0.170757 -0.267686 -0.193113 -0.142421 -0.034942 -0.087681 -0.011243 0.076847 -0.122277 -0.075185 0.005357 -0.091406 -0.041525 -0.135964 0.071560 -0.181151 0.041456 0.109982 0.008118 0.036898 -0.137979 0.048850 0.060547 0.018043 0.236067 -0.137132 0.072515 -0.076577 -0.212915 0.034184 -0.348987 0.107367 0.092158 -0.253470 
-0.158117 -0.034196 0.012540 0.029119 -0.109457 -0.085478 -0.056759 -0.003255 0.076234 0.183546 0.156298 0.079770 -0.241191 -0.202062 0.046291 0.034812 -0.110791 -0.044289 0.231157 -0.195630 -0.141425 -0.140770 -0.121474 0.138296 0.147556 -0.277789 -0.074758 0.049913 0.145610 0.075657 -0.004306 -0.096860 -0.065886 0.149923 0.268385 -0.109242 0.193729 0.030344 -0.062111 0.003460 -0.041827 -0.055439 0.031655 -0.195978 0.102018 -0.284906 0.157152 -0.005577 -0.057446 -0.371114 
-0.159480 0.097769 -0.086678 -0.112320 -0.099009 -0.155295 0.309849 -0.032355 -0.168712 0.071963 0.201159 0.118842 -0.026206 -0.119719 -0.090559 0.039446 -0.148092 -0.231867 0.199301 0.129398 0.050862 -0.045154 -0.052102 -0.143951 0.049249 -0.028893 0.065719 -0.326028 -0.157875 -0.201488 -0.224213 -0.057832 -0.010079 0.216733 -0.211800 -0.136691 -0.215785 -0.029999 0.022633 0.106641 -0.091778 0.057528 -0.132027 0.036967 0.020124 -0.193505 -0.003793 -0.115754 0.119907 0.203790 
-0.141681 -0.249414 -0.035408 0.253051 -0.018989 -0.161943 0.273288 0.112913 0.130864 -0.093553 -0.030652 0.135601 -0.220580 -0.100693 0.086313 -0.019894 -0.029395 0.206800 -0.027974 0.038600 -0.137306 0.202867 0.041557 0.291145 -0.168976 -0.104702 0.091629 -0.113456 -0.077581 0.249412 0.213790 -0.027947 0.026434 -0.004339 0.054808 0.221552 -0.273434 -0.081919 -0.089663 -0.003734 -0.214186 0.046570 -0.160172 0.159420 0.071211 0.043699 -0.041411 -0.046049 0.071254 0.036329 
-0.150484 -0.234272 -0.201455 -0.043403 -0.102894 0.216582 -0.005066 -0.096263 -0.159929 -0.051445 -0.157754 -0.102094 -0.072909 -0.093716 0.200394 0.191144 -0.217340 0.092692 0.029899 -0.073381 0.179963 -0.124808 0.017747 0.009782 0.044856 0.013796 -0.082636 0.038165 0.003873 0.004732 0.066803 -0.224141 0.118127 -0.248950 -0.030497 0.012370 0.037517 -0.096397 0.065749 -0.280183 -0.001508 0.261066 0.033003 -0.100329 -0.133468 -0.310268 -0.259952 -0.040658 -0.092523 0.203621 
-0.144692 -0.092394 0.117908 0.116355 -0.126631 -0.116979 0.074054 0.108151 -0.018771 -0.193237 0.144281 -0.081546 0.213355 0.089445 -0.106454 -0.131816 -0.215757 0.220262 0.159529 -0.018677 0.153688 -0.103903 0.326635 -0.177551 0.016341 -0.093142 -0.085599 -0.087889 0.218385 -0.125946 0.123580 -0.107151 0.120254 0.015667 0.031951 -0.060421 0.162579 -0.261303 0.078689 0.224580 0.058493 0.197638 -0.060553 0.198803 -0.057096 0.169685 0.054347 0.015578 -0.127354 -0.182056 
-0.158357 0.104035 -0.053545 -0.029766 -0.350872 -0.111042 0.020901 0.052302 0.040255 -0.002571 0.128972 -0.047317 0.102779 0.082287 -0.143831 0.124446 0.076502 0.050183 -0.246046 -0.058551 -0.045106 -0.001168 0.168862 -0.026295 0.264888 -0.042999 0.125037 0.162174 -0.156138 0.100790 0.079820 0.147465 0.016900 -0.102839 0.006783 -0.125947 0.038587 -0.286073 -0.197910 0.108954 -0.196385 -0.071783 0.237808 -0.201163 0.198172 -0.051852 -0.197887 0.174819 0.189857 0.133935 
-0.135775 -0.142776 0.116920 0.163986 0.171603 -0.034607 0.042983 0.112405 0.037264 0.140268 0.047358 -0.252815 0.063053 -0.140691 -0.001218 0.034380 0.042812 -0.145099 0.161215 -0.027929 0.042882 -0.063801 -0.158500 0.323674 0.219990 0.060368 0.048709 0.100008 -0.249318 0.112826 -0.040933 0.117164 0.101574 -0.264199 -0.112535 -0.198893 -0.011839 -0.077839 0.245877 0.253390 0.262616 -0.052281 0.092875 0.175245 0.039004 0.059102 -0.085443 -0.185403 -0.046786 -0.006173 
-0.131268 0.027032 -0.233644 -0.021679 -0.111545 0.117960 -0.165685 -0.041759 -0.150228 -0.068667 -0.135625 -0.254389 -0.002157 -0.030319 -0.210556 -0.268167 0.116162 0.129953 0.202497 0.127568 -0.021057 0.047652 -0.322520 -0.076967 -0.084730 -0.073708 0.050170 0.022324 0.124797 -0.011359 0.026512 -0.078929 -0.072485 0.066423 -0.029643 0.252083 0.045382 -0.148783 0.208718 0.137359 -0.287400 -0.248698 0.176327 0.078993 0.145446 -0.038574 -0.082596 -0.178282 -0.027115 0.028303 
-0.156134 -0.178682 0.052272 0.173483 0.204815 0.021622 -0.014911 0.111808 0.132187 -0.170186 -0.021858 0.023049 0.007684 0.218033 0.162825 -0.345165 -0.206845 -0.195617 -0.148350 -0.190270 -0.140254 -0.091515 -0.244050 -0.299725 0.146145 0.115049 0.044348 -0.095829 0.152999 0.037603 -0.145547 0.163273 0.087468 -0.172378 -0.004595 -0.024967 -0.018987 0.036186 -0.001381 0.072382 -0.175854 -0.031714 -0.196477 -0.126444 0.117194 -0.123020 -0.084185 0.104463 0.001597 0.040094 
-0.138483 -0.368526 -0.098562 -0.216580 0.037700 0.111243 -0.002543 0.006833 0.199996 0.018217 0.151262 -0.093641 -0.148053 0.052742 -0.278428 0.086131 0.077136 0.010057 -0.092884 -0.137598 -0.152697 -0.005520 0.066163 0.076951 -0.109475 0.040091 0.046978 0.105523 0.200963 -0.282212 0.089206 -0.271005 -0.053827 -0.152015 -0.166795 -0.191339 -0.021760 0.275902 -0.039037 0.180957 -0.081968 -0.010927 -0.011239 -0.054564 -0.018794 0.122648 0.157096 -0.064841 0.151259 0.137459 
-0.131474 0.140257 0.068522 -0.130520 -0.043006 0.048262 -0.187323 0.102638 0.292877 -0.123880 0.170959 0.065923 -0.016643 0.096626 0.231277 0.149904 0.281288 0.058026 -0.097509 -0.197507 0.045406 -0.184289 0.002929 -0.032512 0.100878 0.183856 -0.088286 0.038575 -0.048966 0.107059 -0.068848 -0.044800 0.041089 0.260836 -0.005306 0.118332 -0.166567 -0.034308 0.284468 0.052709 -0.224802 0.253751 0.073283 0.137025 -0.077095 -0.063294 0.089353 -0.275323 0.008133 -0.004794 
-0.137294 -0.066523 0.183077 -0.167344 -0.004587 0.008202 0.162398 0.027383 0.294011 -0.009427 -0.001109 -0.182083 0.085971 -0.225069 -0.169835 0.054566 -0.131854 0.032969 -0.144604 0.167960 -0.013222 -0.192602 -0.286797 0.016058 -0.245925 0.095037 -0.115240 0.217038 -0.077375 -0.174979 -0.073463 0.175622 0.056017 0.230452 0.240698 0.137636 0.170499 -0.123871 -0.126315 -0.090004 0.089703 0.119173 -0.160031 0.014753 0.093863 0.025327 -0.096809 0.015796 -0.011347 0.139461 
-0.130692 0.269415 0.087685 0.053389 -0.169019 -0.106938 0.234989 0.222296 -0.093557 -0.015991 -0.194497 -0.060097 -0.124726 -0.061972 0.031970 0.072110 -0.093640 0.111627 -0.152837 -0.158946 -0.034415 0.180632 -0.100061 0.042639 -0.052831 0.089944 0.113036 0.098612 0.122546 -0.229124 -0.091468 0.002724 0.208962 -0.047065 0.046706 -0.140448 -0.159247 -0.013340 0.262334 -0.120995 -0.041285 -0.132247 0.106445 -0.189694 -0.063596 0.115189 0.279973 0.032600 -0.331644 0.065447 
-0.120179 0.090045 -0.173863 0.074990 -0.088900 0.178143 -0.033081 0.073164 -0.093965 0.172017 0.005108 0.063868 -0.020045 0.314368 -0.064074 -0.027265 -0.021353 -0.007239 -0.221841 0.273776 -0.186280 -0.011618 -0.150722 0.064390 -0.006437 0.052996 0.254877 0.058786 0.037519 -0.005192 0.019039 -0.108738 0.042053 -0.002782 -0.077064 0.074002 -0.067140 -0.236361 -0.023834 0.024251 0.338566 0.284575 -0.166487 -0.159327 0.001104 -0.048208 0.120587 -0.198946 0.100514 -0.296080 
-0.134760 -0.009638 0.126847 0.049994 0.232262 0.032693 -0.210190 -0.154781 -0.040829 -0.234320 -0.149247 0.073400 0.001615 -0.156256 -0.074508 -0.011707 -0.024681 0.027443 0.028271 0.003188 -0.176971 0.257199 0.289588 -0.006279 -0.000478 0.305337 0.077247 -0.034972 -0.197841 -0.085458 -0.053185 -0.203145 0.143317 0.097780 0.158037 0.022082 0.095615 -0.101723 0.020658 0.105501 0.152054 -0.025514 0.069265 -0.024489 0.293274 -0.310128 0.201576 0.008670 0.068220 0.088478 
-0.132209 0.110194 -0.029831 -0.231356 0.257817 -0.229070 0.017854 0.145130 -0.273524 -0.228380 -0.031436 -0.011335 -0.045435 0.057726 0.107489 0.183704 0.088939 -0.243608 0.095278 0.132517 0.012721 0.136519 -0.098438 0.028462 -0.104297 -0.047952 -0.362417 0.061875 0.095159 0.045125 0.107875 0.017817 -0.084314 -0.216203 0.106074 -0.045474 0.050645 -0.117901 0.021428 0.043290 -0.121200 0.240516 -0.012397 -0.183702 0.195525 0.191136 0.065953 -0.041899 0.163769 -0.046510 
-0.123755 0.016661 -0.268850 -0.126102 0.161445 0.175250 0.026934 0.050641 -0.069410 0.290756 0.036606 0.097332 -0.045379 -0.011697 0.144819 -0.341856 0.136046 0.075794 -0.028555 -0.028772 0.096708 -0.166806 0.175390 -0.007642 0.141908 -0.120942 -0.239596 0.057011 -0.156894 -0.221873 0.176295 0.085036 0.119379 -0.019167 0.303475 0.077507 -0.245305 -0.091886 -0.036173 0.088775 0.099298 -0.118952 -0.084811 -0.026506 0.052777 0.076676 0.149493 0.049428 -0.046378 0.190900 
-0.139670 0.028734 -0.311043 0.098923 -0.048334 -0.018851 -0.163428 -0.037522 0.006160 -0.134551 0.172372 0.221587 -0.141576 -0.043776 0.002805 0.079271 0.060843 -0.209736 -0.006309 -0.010128 -0.061797 0.134056 -0.126279 -0.259433 -0.145122 -0.152072 0.077010 0.289016 -0.203801 0.043966 0.056551 0.051376 0.222088 -0.046302 -0.055483 -0.147635 0.239776 -0.040685 -0.075298 -0.078529 0.013011 -0.019630 -0.086853 0.384117 -0.114092 0.064836 0.126085 0.057599 -0.193012 0.068052 
-0.131734 -0.201466 -0.048647 -0.158882 -0.008600 -0.225657 0.115771 -0.114068 -0.110399 0.212103 -0.135051 -0.256029 0.139230 0.084607 0.077676 -0.164592 0.337903 0.062898 0.013107 -0.067463 -0.114239 0.161317 0.213887 -0.026278 -0.167041 -0.139344 0.041882 0.110500 0.002414 0.131852 -0.180496 0.211347 0.184517 0.150120 -0.088095 -0.070953 0.136139 0.095577 0.200401 -0.055890 -0.033376 0.153243 -0.191013 -0.073130 -0.093863 -0.197871 0.009671 0.095248 0.063602 -0.064643 
-0.134446 -0.049017 -0.021068 0.210634 -0.083964 0.209987 0.347676 0.039837 -0.063317 0.178489 0.016863 0.233314 0.085452 -0.011355 -0.005459 -0.078954 0.076945 -0.073409 0.042753 -0.182958 0.219701 0.041049 -0.063073 -0.098758 -0.129175 0.270198 -0.097447 0.135164 0.059539 0.015350 0.167433 0.011826 -0.134397 0.092944 -0.132813 0.019736 0.123030 0.117697 0.164229 -0.151240 0.066677 0.088198 0.227423 0.116014 0.327871 -0.004367 0.042586 0.165321 0.218564 -0.108214 
-0.153686 0.119509 0.114181 -0.213667 0.032926 -0.044067 0.167502 0.018606 0.031775 -0.064416 -0.133431 -0.074164 -0.209518 0.260701 -0.363477 -0.029083 -0.016596 -0.192152 0.064662 0.041949 -0.125262 -0.206601 0.100033 -0.004710 0.235335 -0.066859 0.049824 -0.054209 -0.205285 0.147025 0.138726 -0.125588 -0.007300 -0.078687 0.023032 0.299870 0.034247 0.207105 0.164937 -0.169007 0.031349 0.074283 0.022660 0.137753 0.008787 -0.010294 0.019319 0.258685 -0.179443 -0.030083 
-0.128861 0.198957 -0.031377 -0.121196 0.035526 0.307721 0.122223 -0.078532 0.159210 -0.257815 0.067975 0.248075 0.072628 -0.038759 -0.047754 -0.067875 -0.009502 0.001263 0.207197 -0.070357 0.069704 0.148876 0.074557 0.232561 0.024116 -0.251279 0.059105 0.156138 0.274640 0.186360 -0.219680 0.140564 0.042859 0.018337 -0.166229 0.149410 0.002410 0.034601 -0.010601 0.164140 0.214923 0.069176 -0.024962 -0.191751 0.025982 0.027611 -0.072573 0.041031 -0.098971 0.219291 
-0.156653 -0.035987 0.205162 -0.179928 -0.188187 0.079603 -0.023684 0.026991 -0.152624 -0.003181 -0.151989 -0.007717 -0.068220 0.267292 0.248345 0.016236 -0.211164 -0.144370 0.056765 -0.100853 -0.059494 -0.188311 0.083291 0.048408 -0.387932 -0.076493 0.130698 -0.065278 -0.011965 0.055142 0.034678 0.228805 -0.024739 -0.029767 0.100593 0.037942 0.024128 0.028365 -0.148426 0.166480 0.111906 -0.145899 0.293064 0.177958 -0.090640 -0.075148 0.146383 -0.152166 0.154671 0.112705 
-0.170440 -0.200780 0.067628 0.016854 0.247803 0.084688 -0.200055 0.055258 0.051121 0.086996 -0.097336 0.083653 -0.051521 -0.060450 -0.256090 -0.044607 -0.194962 -0.088996 -0.103087 0.039191 0.165037 0.150912 0.184725 -0.092575 0.051780 -0.266568 0.081259 -0.005074 -0.059905 -0.071229 -0.095823 0.279262 -0.064453 0.130931 -0.048632 -0.061321 -0.145126 -0.047178 0.025902 -0.317294 -0.135319 0.144405 0.294279 -0.060246 0.010099 0.142629 -0.013580 -0.254276 -0.021770 -0.139223 
-0.126289 -0.022249 0.130408 -0.059950 -0.197555 0.096985 -0.167942 0.140702 -0.044948 0.161895 -0.257143 0.240836 -0.085494 -0.060028 -0.082727 -0.108777 0.059851 0.047942 -0.101618 0.060308 -0.080558 -0.133620 0.074126 0.139735 0.026981 0.035565 -0.255223 -0.158330 0.064079 0.215131 -0.360207 -0.161566 -0.049193 -0.066557 -0.109771 -0.204243 0.191919 -0.185236 0.026486 -0.148859 -0.047746 -0.112672 -0.204395 0.160798 0.083569 0.215244 0.036081 0.012431 0.069457 0.141793 
-0.147915 -0.177403 -0.162230 0.128696 0.054440 -0.119060 -0.189148 0.030554 0.107376 0.123071 -0.188328 0.099585 0.355928 0.188401 0.033664 0.379574 -0.106293 0.039684 0.149066 0.032644 -0.167451 0.002670 -0.159103 0.105854 0.120163 -0.068273 -0.192336 -0.090853 0.045238 -0.141015 0.022407 0.081388 0.025422 0.175336 -0.189510 0.182276 -0.074712 -0.056116 0.018418 0.012601 0.026792 -0.077292 0.090394 0.006751 -0.060974 0.005825 0.192554 0.316643 -0.004466 0.102767 
-0.151868 0.081530 -0.204705 -0.084864 -0.058542 -0.182434 0.024155 0.034867 0.191852 -0.020213 -0.240614 0.184125 -0.001607 -0.091151 -0.063158 0.091940 0.056668 0.341436 0.045488 0.149838 -0.060702 0.028632 -0.053715 -0.274047 0.131349 0.055270 0.030016 -0.134743 0.132681 0.036169 0.028065 0.235492 -0.181871 -0.211250 0.237962 -0.171515 -0.005996 0.283316 0.080301 0.062624 0.255005 0.067011 0.047208 0.131306 -0.006882 -0.095508 -0.093742 -0.154806 0.077366 0.016444 
-0.144932 0.070940 -0.066193 0.060953 -0.087524 -0.111084 -0.079732 -0.372874 -0.017290 -0.254093 0.132978 -0.048262 0.035674 0.190601 -0.257261 -0.103523 -0.048739 0.067238 -0.043513 -0.080181 0.148736 -0.076951 -0.034869 0.253511 -0.127934 0.142360 -0.296032 0.054826 -0.006975 0.027769 -0.013586 0.189805 -0.091520 -0.105034 -0.027437 -0.182652 -0.315383 -0.029055 -0.015690 -0.213188 0.057317 -0.161830 -0.130254 0.062692 -0.026140 -0.201166 0.115213 -0.012491 0.000494 -0.153510 
-0.133243 0.235748 -0.004265 0.223189 0.107428 -0.071652 -0.083349 0.038868 0.153441 0.198063 -0.247030 -0.095215 -0.104470 -0.024978 -0.065701 -0.011543 -0.001169 -0.060406 0.078036 -0.085169 -0.048162 -0.115980 0.155277 -0.184109 -0.299564 0.063816 -0.150488 0.105644 -0.075064 0.137289 0.179351 -0.080807 -0.264349 0.100963 -0.256215 -0.125498 -0.105777 -0.044444 -0.155158 0.228439 0.018030 0.084975 -0.056800 -0.197743 -0.025066 -0.059169 -0.144846 -0.030089 -0.296015 0.082936 
-0.141704 -0.125978 -0.195863 -0.253380 -0.025367 -0.044627 0.053130 0.189557 0.039463 0.021279 0.056074 0.049862 0.279746 0.068287 0.022919 -0.124184 -0.145020 -0.033263 -0.035968 0.146394 0.244694 0.161966 -0.013673 0.133091 0.047661 0.312475 0.012146 -0.094888 -0.136220 0.296697 0.094098 -0.080172 0.004564 0.109900 0.023698 -0.043114 0.201609 0.189077 -0.197773 0.024495 -0.110438 -0.140824 0.022700 -0.161556 -0.091686 0.000805 0.133634 -0.162402 -0.298971 -0.049899 
-0.145570 -0.113091 -0.074928 0.017398 -0.087313 0.219094 0.134091 -0.132281 0.002217 -0.096417 0.109569 -0.347695 -0.007456 -0.081985 0.222042 0.041332 -0.017363 -0.208196 -0.160080 0.130694 -0.217985 0.210721 0.101217 -0.118118 0.164899 0.008841 -0.082473 -0.037695 0.135788 0.151601 -0.061803 -0.044935 -0.421957 0.192124 0.152194 -0.101871 -0.137913 -0.097934 0.055203 -0.040455 0.156321 -0.053187 0.058823 0.134591 -0.070808 0.123768 0.057128 0.121194 -0.115211 0.039946 
-0.143186 0.125965 0.337110 -0.053519 0.015195 0.121256 -0.065606 -0.163100 0.051418 0.074955 0.029008 0.164994 0.000236 0.184544 0.143225 -0.115550 -0.040336 0.057479 -0.140199 0.232887 -0.020136 0.253369 -0.146325 0.181712 0.038177 -0.165796 -0.075892 -0.059922 -0.041309 -0.207012 0.365510 -0.033349 -0.024938 0.099337 -0.025872 -0.279505 0.145643 0.074626 0.210613 0.077862 -0.126140 0.011787 -0.035096 0.055018 -0.076834 -0.127612 -0.246624 0.068736 -0.050307 0.067490 
-0.126475 -0.078143 -0.066959 0.203386 -0.063759 -0.096628 0.138637 -0.146362 0.136221 -0.093747 -0.099372 0.086370 -0.046620 0.198983 0.231939 0.169452 0.136685 -0.136249 0.004300 0.219292 0.137762 -0.136368 0.267728 0.054128 0.020684 -0.029239 0.063791 0.133632 -0.048504 -0.320850 -0.186429 -0.016063 -0.149172 -0.061820 0.012554 0.154176 0.194850 0.064605 0.078708 -0.022458 -0.066881 -0.286153 -0.138723 -0.097759 0.180690 0.070892 -0.121497 -0.227314 -0.132631 -0.110871 
-0.136775 0.196933 -0.189071 0.007210 0.294729 0.190794 0.099314 -0.094811 -0.116442 -0.089107 -0.236262 -0.060907 0.011616 -0.166271 0.013595 0.125307 -0.091894 0.121885 -0.212197 -0.068677 0.179389 -0.200666 0.002613 0.162252 0.039102 -0.019697 0.236421 -0.020860 -0.065830 -0.010588 -0.062137 0.074358 -0.157451 0.049053 -0.002462 -0.096011 0.143418 0.008513 -0.019953 0.239656 -0.280838 0.046659 -0.130279 0.137034 -0.161429 0.023353 0.137738 0.227302 0.149348 -0.211533 
-0.130258 -0.128431 -0.002349 -0.001131 -0.001753 -0.297654 -0.244809 -0.167783 -0.042162 0.059809 0.150751 0.030312 -0.236742 0.002149 0.094564 -0.119269 0.177301 0.035651 -0.068351 0.059984 0.297166 -0.090887 -0.134734 0.132003 -0.095735 0.099044 0.282986 -0.211155 0.108534 -0.043841 -0.104580 0.008083 -0.136764 0.002860 0.027763 0.038168 0.023250 -0.051150 -0.029260 0.048641 0.128782 0.243665 0.178386 -0.047833 0.123062 0.120182 0.018058 0.316592 -0.221480 0.153546 
-0.138450 -0.127520 0.240846 0.202476 -0.107839 0.038711 0.015248 -0.273914 -0.131788 -0.174611 -0.160637 -0.018767 0.008559 -0.094448 0.007120 0.033516 0.164895 0.034466 0.009309 0.172200 0.136394 -0.218354 -0.152341 -0.201614 0.168900 -0.117721 0.018898 0.046244 -0.032662 0.220148 0.189874 -0.067595 0.231780 0.175828 -0.031561 -0.100792 -0.089840 0.203548 -0.091890 0.024388 0.049094 -0.031087 -0.040811 -0.257074 -0.030482 0.225794 0.231221 -0.097211 0.135555 0.105083 
-0.147649 -0.117237 0.253044 -0.170713 0.127315 0.119607 0.024556 0.088695 -0.044268 -0.002514 0.230907 0.090753 0.121743 -0.002083 0.043427 0.154762 0.088318 0.325195 0.010865 -0.052138 0.064931 0.032627 -0.122957 -0.291251 -0.191563 -0.186402 0.082935 -0.032429 -0.302382 0.088345 -0.090890 -0.115133 -0.261073 -0.229545 -0.077369 0.078668 -0.074122 -0.126538 0.106067 -0.039634 0.087195 -0.231997 -0.104109 -0.152956 0.001772 -0.057472 0.082985 0.114335 -0.070555 -0.122947 
-0.134361 -0.000431 0.057875 -0.116934 0.103072 0.027449 -0.117677 0.123274 -0.251420 0.000569 0.214644 -0.012040 -0.210047 -0.206682 0.033438 0.156994 0.007036 0.080738 -0.024506 0.083302 -0.125109 -0.131546 0.167234 -0.014754 0.086159 0.247986 0.059709 -0.055217 0.271482 0.009564 0.291776 0.363174 0.078754 0.112701 -0.305355 0.124637 0.077799 -0.011884 0.033558 -0.109962 0.062302 -0.245756 -0.179350 -0.007731 0.034143 -0.026129 -0.101561 -0.017831 -0.057613 -0.038325 
-0.148252 -0.019433 0.026724 0.124681 0.222377 -0.055896 0.155087 -0.248563 -0.367519 0.149173 0.165013 0.188445 0.051727 0.134238 -0.165846 0.134513 0.011076 0.137529 -0.162948 -0.179529 -0.234231 -0.028329 -0.057256 -0.012796 -0.007094 0.098093 -0.134670 0.020962 0.053719 0.077605 -0.197809 -0.084569 0.080002 0.077190 0.210458 0.105508 0.056900 0.077991 -0.078019 0.126701 -0.030246 -0.011679 0.170875 0.028983 -0.148561 0.154143 -0.297212 -0.161723 -0.156800 0.031799 
-0.146317 0.193957 0.122831 -0.037996 0.069776 -0.107762 0.048166 -0.079141 -0.028124 0.044246 0.005130 -0.086100 0.346667 -0.199562 0.168094 -0.132089 0.117711 0.018494 -0.173747 -0.019333 -0.146832 -0.073336 -0.023330 0.043347 0.091210 -0.180024 0.036157 -0.009940 0.136592 -0.113491 0.034442 -0.132418 -0.031748 -0.218059 -0.246590 0.105689 -0.022839 0.114056 -0.358331 -0.190972 -0.040686 0.110291 0.099814 0.252822 0.209863 -0.111134 0.145575 -0.171383 -0.152663 -0.008234 
-0.136735 0.166515 -0.077093 0.304151 0.082255 0.078696 0.081265 0.157637 0.146419 -0.069446 0.201556 -0.216315 -0.190731 0.003264 -0.017903 -0.063669 0.135150 0.080299 -0.119629 0.142481 0.025935 0.038259 0.030688 0.010772 -0.090662 -0.083548 -0.284035 -0.344345 -0.085397 -0.043598 -0.113871 0.036781 0.121704 -0.080417 -0.101651 0.111634 0.294599 0.083180 -0.069660 -0.062401 0.080649 -0.036634 0.248997 -0.143718 -0.250282 -0.108457 0.098409 0.007956 0.180354 0.045628 
-0.137429 -0.013656 0.135030 0.154363 -0.323981 0.247734 -0.164968 0.064095 -0.174351 -0.009293 -0.006169 -0.038611 0.076780 -0.071003 -0.096373 0.024066 0.176805 -0.070540 0.218721 -0.191989 -0.076912 0.186353 -0.019079 0.066539 0.072133 0.129548 0.003315 -0.145845 -0.194824 -0.229778 0.005199 0.247716 -0.172811 -0.136348 0.139055 0.142939 0.037865 0.161309 -0.168303 0.034530 -0.125678 0.258332 -0.248378 -0.070509 -0.105694 0.098753 0.016714 -0.024082 -0.099922 -0.021301 
-0.158694 0.120403 0.139700 0.160480 0.068572 -0.105252 -0.093048 -0.006676 0.068596 0.261085 0.091861 0.046451 0.191957 -0.100650 -0.150255 0.055050 0.030105 -0.282481 -0.006934 0.084033 0.199441 0.055723 0.095637 -0.033526 -0.049253 0.045673 0.172532 0.091036 0.309872 0.116709 0.085884 -0.111254 -0.055135 -0.199429 0.265996 0.174510 -0.021555 -0.084985 0.130323 -0.071677 -0.097529 -0.114963 -0.141396 0.008500 -0.314289 -0.141092 0.091403 -0.011661 0.188494 0.205578 
-0.145270 0.142923 -0.069249 -0.101226 0.139167 0.105758 0.102409 -0.234698 0.262507 0.039683 0.001363 -0.024003 0.090359 0.044189 0.100725 -0.022235 0.116900 -0.004442 0.388260 -0.069064 -0.202620 -0.074787 -0.004649 0.002186 -0.101287 0.179211 0.222826 -0.241633 -0.000913 -0.019236 0.100717 -0.032489 0.158004 -0.055114 0.071219 -0.206659 0.017831 -0.238887 -0.079572 -0.310238 -0.081373 -0.053815 0.075623 -0.097439 -0.069251 0.291480 -0.110809 0.015659 0.064477 -0.103495 
-0.141676 0.116113 -0.010235 -0.119294 -0.165272 -0.163528 -0.136859 -0.301788 0.102763 0.161996 0.060779 -0.009538 -0.083419 -0.202453 0.191117 -0.161120 -0.402793 0.052100 -0.017144 0.019701 -0.068558 0.131753 0.044688 -0.079976 0.033393 0.127949 -0.118405 0.156903 -0.157077 0.007992 -0.074681 -0.031129 0.035025 -0.163300 -0.183974 0.282201 -0.009077 0.124951 0.127103 0.111191 -0.014850 0.032038 0.020824 -0.077776 -0.088775 0.283396 0.000665 0.046834 0.214540 -0.154899 
-0.121279 0.225605 -0.143011 0.121766 0.040128 -0.045342 -0.230245 0.150742 -0.073779 0.008188 0.149406 -0.256570 0.119092 0.139733 0.048820 0.078131 -0.213317 0.101836 -0.015071 -0.216797 0.062803 0.012118 0.027449 0.072508 -0.081529 -0.172236 0.135974 -0.074573 -0.072779 0.068455 0.018029 -0.137705 -0.012927 0.184464 0.124173 -0.061532 0.036813 0.298644 0.102818 -0.197380 0.140575 -0.041280 -0.226936 0.005709 0.308214 0.183081 -0.138637 -0.059597 0.166219 0.188764 
-0.151299 0.049731 0.082949 -0.119049 -0.033405 0.136149 -0.034101 -0.035112 0.110380 0.178817 -0.120615 -0.169950 -0.157553 0.084140 -0.008985 0.250488 0.085754 -0.075235 -0.034472 -0.036970 0.332431 0.283578 -0.046487 -0.133721 0.014151 -0.000933 -0.098120 -0.144449 0.150001 0.021878 -0.099535 -0.076458 0.345800 -0.012249 0.029487 0.057257 -0.189249 0.032764 -0.266055 0.154154 0.042518 -0.122194 -0.087493 0.193090 0.162450 -0.026208 -0.167126 0.093738 -0.021577 -0.268328 
-0.111144 0.004384 0.104904 -0.053417 0.118379 -0.206542 0.061484 0.115647 -0.043632 -0.071497 -0.124969 -0.040026 -0.205900 0.171843 0.061811 -0.144062 0.048168 0.145296 0.164870 -0.211478 0.144238 0.186580 -0.125225 -0.005491 0.305140 0.076819 0.046082 0.256382 -0.007716 -0.142306 -0.019604 -0.113431 -0.214197 0.189775 -0.106210 0.048003 0.098217 -0.156777 -0.288326 -0.139244 0.161208 -0.082142 -0.050154 0.087891 -0.271725 0.000966 -0.039988 -0.079945 0.217747 0.087602 
-0.135435 0.029913 0.075882 0.098316 0.037566 0.088283 -0.102376 0.277896 -0.109152 -0.035125 0.123735 -0.014844 0.012681 0.031863 0.092872 -0.072596 -0.004033 0.131191 0.263252 0.418456 -0.080081 -0.114558 0.092685 0.037868 -0.053664 0.123172 0.041974 0.339684 0.018801 -0.021641 -0.243847 -0.089365 0.064885 0.005312 0.067640 -0.141547 -0.254656 0.253666 -0.138543 -0.056133 -0.154658 0.043311 0.135640 0.074452 -0.059307 -0.057269 -0.128732 0.258792 0.043096 -0.087680 
