-0.150697 0.094109 0.251472 -0.063870 -0.099233 -0.049342 0.057441 0.115438 0.011527 0.021349 0.037452 -0.131924 -0.019704 0.237614 -0.189657 0.093419 -0.152424 -0.035197 0.228022 -0.036629 -0.092759 0.302948 0.261022 -0.102236 0.161855 -0.115411 0.111930 -0.029630 -0.069620 -0.092587 -0.079213 -0.201624 -0.044312 0.026088 -0.203824 0.193853 -0.273613 0.121116 -0.111996 0.149473 -0.034475 -0.227891 -0.048379 -0.041656 0.054197 -0.252519 -0.062899 -0.186300 0.106878 0.032406 
-0.150521 0.191295 0.088175 -0.031736 0.065463 -0.037747 -0.072553 0.197391 -0.129474 0.077355 -0.159183 0.160102 0.006628 0.144044 0.155129 -0.087149 -0.261946 -0.148507 -0.124296 -0.016478 -0.008378 -0.415590 0.046791 -0.250769 -0.078395 0.065214 -0.171239 -0.140130 -0.209839 0.058871 0.048933 0.111239 0.069961 0.126806 0.210258 0.134057 -0.096575 0.230229 -0.036397 -0.058217 0.025509 -0.057417 0.193346 0.154859 -0.172850 -0.089426 -0.028662 -0.110619 0.112940 -0.103850 
-0.138262 -0.024518 0.159367 -0.045888 0.158404 -0.021384 0.290845 0.035801 -0.101455 0.003350 -0.150515 0.016230 0.070421 -0.175892 0.082712 -0.091357 -0.329600 -0.055754 -0.009586 0.017531 -0.018276 0.352079 -0.232893 -0.049276 -0.023507 -0.072229 -0.211476 0.036747 0.254144 0.155501 -0.017417 0.025449 0.303524 0.148475 -0.062706 -0.206073 0.083421 0.242739 -0.044117 -0.160551 0.084540 -0.072408 -0.039362 -0.159500 0.070710 0.074762 0.002617 -0.029324 -0.042509 0.124767 
-0.141463 -0.157841 -0.138846 0.226539 0.226190 -0.090428 0.166802 0.208080 -0.231724 0.197079 0.077672 -0.163982 -0.001038 0.084334 0.067052 -0.171168 0.023716 0.132435 0.098407 0.169534 0.020131 -0.110832 0.076607 -0.022993 -0.092774 -0.126861 -0.005180 0.185928 0.062389 -0.017519 -0.040014 -0.125987 -0.306989 0.129080 -0.015700 -0.061508 0.029248 -0.059631 0.361921 -0.140010 -0.206379 -0.162073 -0.066590 0.051589 -0.144760 0.002159 -0.096055 -0.155358 -0.112467 0.134927 
-0.134130 0.066572 -0.172004 0.152520 0.088037 -0.028532 -0.361784 -0.156636 0.089774 0.052658 -0.119391 0.010713 0.158602 -0.036026 0.132937 0.035968 -0.166692 0.125159 0.072366 -0.088970 -0.226259 0.063532 0.044600 0.199113 -0.309034 -0.098607 0.187515 -0.016288 0.113132 0.014680 -0.101729 -0.080652 -0.028434 0.067237 -0.157973 0.014799 -0.060669 0.266672 0.102981 0.162686 -0.045398 -0.093893 0.195289 -0.059502 0.041591 0.238643 0.006128 0.014582 -0.038229 -0.332892 
-0.149143 0.075524 -0.041831 -0.330227 -0.121898 0.098697 -0.121386 0.011405 0.054411 0.126402 -0.064725 -0.044996 0.139874 0.161430 -0.097168 -0.064942 -0.146660 0.355968 -0.225434 -0.213151 0.156997 0.086709 -0.037421 0.247109 0.257510 -0.075205 -0.196223 0.012861 -0.040256 -0.000448 0.096974 -0.133620 -0.152952 0.039246 0.149326 0.100611 0.130318 0.030775 0.143032 -0.071386 0.168372 -0.045927 -0.199570 -0.077564 -0.203056 0.063968 -0.122838 0.083962 -0.066177 -0.098728 
-0.156574 -0.002915 0.043664 -0.111715 0.075971 0.018092 -0.023675 -0.157667 -0.385438 0.249101 0.154350 -0.198776 0.237626 -0.234154 -0.063771 0.081903 -0.008650 -0.097577 0.091236 -0.017648 -0.048020 -0.177384 0.049275 0.240014 -0.052409 -0.177384 -0.089769 -0.018539 -0.080055 0.058849 0.173337 -0.069997 0.073708 0.000192 0.205233 0.147893 -0.007414 -0.026413 -0.142140 0.217330 -0.006669 0.024103 -0.136279 0.136889 0.295422 0.080219 0.187029 -0.019903 0.062648 0.159763 
-0.151153 -0.000388 0.042663 0.011481 0.349861 0.101819 0.064945 -0.046140 0.035648 -0.161647 -0.265012 0.186212 -0.253133 -0.188024 0.065332 0.041894 0.223853 0.068913 -0.026910 -0.003797 -0.035006 -0.094003 0.105900 0.016392 0.162946 -0.034842 0.096761 0.096531 -0.086111 0.041669 0.184875 -0.022705 -0.119245 0.242734 0.077660 0.020842 0.112169 -0.059008 -0.187487 0.283986 0.092592 -0.240513 -0.075339 -0.312182 -0.055828 -0.049019 0.101492 -0.126788 -0.116947 -0.065545 
-0.128603 0.034615 -0.009840 -0.202413 -0.085853 -0.258487 0.122152 0.056969 -0.111784 0.041256 0.130839 -0.055890 0.087398 -0.339215 0.040504 0.148465 0.007230 0.080322 0.041572 -0.125438 -0.091091 0.101661 0.260325 -0.115915 -0.070162 0.456592 -0.131778 0.005939 0.027964 0.071144 -0.227188 -0.162924 -0.055666 0.091832 0.020041 -0.039052 0.008246 -0.202084 -0.090540 0.030756 -0.013074 0.104771 0.124176 -0.009516 -0.272819 0.030840 0.104698 -0.015571 -0.156058 -0.168235 
-0.116363 -0.062137 0.151963 -0.069915 -0.067278 0.079492 -0.088844 0.030985 -0.148688 -0.274518 -0.045798 0.078661 0.034197 0.055435 -0.030817 0.428277 -0.005341 0.059268 -0.221749 0.073841 -0.077954 -0.140866 -0.000082 0.121804 -0.061691 0.062482 0.010016 0.234261 -0.080712 -0.161922 -0.367122 0.149422 0.063832 0.152957 -0.027064 -0.040733 -0.017703 0.189985 0.251040 0.013145 -0.098314 0.191668 -0.245107 -0.067879 0.063096 -0.081678 0.080661 -0.092270 -0.038823 0.146191 
-0.155704 -0.007615 0.066620 0.226202 -0.137911 -0.010492 -0.059077 -0.046081 0.059058 0.003829 0.133683 -0.013726 0.021015 0.159126 0.307923 0.035268 -0.152520 0.287076 0.047962 -0.031470 0.027552 0.085231 -0.186023 0.021977 -0.105526 0.126908 -0.018614 -0.082659 -0.032787 -0.074713 0.071022 0.022927 -0.050145 0.062095 0.252533 -0.003620 0.025444 -0.220053 -0.047560 -0.127114 -0.010203 -0.069056 0.103977 -0.153550 0.322458 -0.421721 0.267697 -0.010711 -0.149075 -0.022474 
-0.124720 0.075530 0.035367 0.196562 -0.148577 -0.064158 0.070761 -0.188512 0.134965 0.015562 -0.240332 0.098281 0.071040 -0.228398 -0.164277 -0.032583 -0.198754 0.026869 0.134522 0.052499 0.012525 -0.033430 -0.043365 0.001855 0.096936 -0.020077 -0.152365 0.174137 -0.403074 0.009231 0.131919 0.092591 -0.079199 0.136085 -0.367266 0.028204 0.077156 -0.196106 0.054788 -0.112844 -0.019797 0.151926 -0.042156 0.252134 0.151111 -0.007438 -0.093157 -0.109570 -0.124585 -0.127837 
-0.149913 0.178278 0.191397 -0.110312 0.054171 0.013809 -0.155483 -0.126243 -0.134467 0.048105 -0.029093 0.256094 0.176330 0.200051 -0.089238 -0.075097 0.338285 -0.072492 0.041125 0.111571 -0.031978 0.368288 -0.130587 -0.006769 -0.068351 0.114443 -0.061822 -0.174259 -0.047234 0.121373 0.077063 0.159615 -0.281220 0.095310 0.102233 -0.280463 0.020603 -0.012107 0.034907 0.072996 -0.247507 0.076942 0.023206 0.101495 -0.016342 0.045769 -0.043720 -0.131306 0.100317 0.015581 
-0.138037 -0.150374 0.224866 -0.053854 -0.034641 -0.087605 0.130188 0.102717 -0.035780 -0.222650 0.019605 0.035897 0.084962 -0.028342 0.052069 -0.104190 0.137502 0.349119 0.194654 0.030539 0.110246 -0.096125 -0.021661 0.207628 -0.145419 0.049528 0.109741 -0.109565 -0.052296 -0.179143 0.397145 -0.006875 0.204219 -0.097203 -0.216550 -0.072914 -0.126938 0.178046 0.022471 0.001149 0.002052 0.084946 0.026694 0.110635 -0.301516 -0.011276 0.189957 0.046123 0.089869 0.019060 
-0.139728 0.170211 0.190634 0.106658 0.181395 0.096210 -0.106871 0.004645 -0.191215 -0.231596 0.279028 -0.090426 -0.167914 -0.142405 -0.089448 0.088694 -0.084035 0.003305 -0.028312 -0.055781 0.167562 0.025418 -0.064553 0.014903 0.216721 -0.038477 0.044650 -0.079889 -0.091937 0.038491 -0.053092 -0.055710 0.242141 -0.272987 0.026544 -0.089728 0.253416 -0.124212 0.270705 0.006419 -0.171278 -0.181251 0.182745 0.055978 0.001995 0.025358 -0.107405 -0.066886 0.069670 -0.278784 
-0.154784 -0.247173 0.023518 -0.236409 0.050030 -0.154193 0.175861 -0.167561 0.126461 -0.048668 0.109283 -0.081112 -0.039035 0.171308 -0.073087 0.178179 -0.015291 -0.121613 0.288286 -0.027599 0.059199 -0.157323 0.011830 0.003833 -0.206130 0.065522 -0.006777 -0.048076 -0.086846 0.174031 0.045455 0.171480 -0.148652 -0.139852 0.062810 -0.117935 0.109345 0.099740 0.201757 0.046025 0.400013 -0.012066 0.092426 -0.152675 0.139738 -0.019621 -0.266429 -0.091301 -0.042779 -0.072989 
-0.146610 -0.031950 -0.001086 -0.162765 0.118014 -0.014360 -0.084952 -0.127302 0.117195 -0.200141 0.121901 -0.255618 -0.020816 -0.082958 0.188206 -0.171958 -0.001318 -0.009581 -0.249562 -0.080708 -0.226905 0.002002 0.154079 -0.223194 0.085276 -0.045345 0.248725 -0.075226 0.129710 0.116713 0.122524 0.051334 -0.059889 0.137591 -0.042079 -0.167802 -0.088699 -0.028315 0.086043 -0.170444 0.134488 0.078103 -0.311682 0.327085 0.116996 -0.118141 0.052888 -0.050430 0.108482 -0.132728 
-0.128253 0.114893 0.013027 0.035954 0.149258 -0.330588 0.019148 -0.014534 0.158266 -0.123326 -0.018350 0.003029 -0.193411 0.013544 0.111472 0.120785 -0.277754 -0.283213 -0.101809 -0.119346 -0.058402 0.110721 -0.108971 0.212833 -0.030008 -0.016609 -0.011013 0.105061 0.131145 -0.086052 0.267428 -0.036597 -0.124672 -0.086323 0.127046 0.095783 -0.103124 -0.142351 0.109142 0.234229 -0.189052 0.246137 0.002021 0.053847 -0.173547 -0.080051 -0.139673 0.154553 -0.023009 0.203145 
-0.153158 0.146614 -0.190689 -0.138190 -0.277035 0.045345 0.114046 0.174403 0.215811 -0.115027 -0.199365 0.000288 0.061744 -0.141747 -0.162953 0.075417 0.098770 -0.042158 0.022909 -0.093819 0.319343 -0.070657 -0.079795 -0.115711 -0.276424 -0.021173 0.214545 -0.055903 0.186596 0.229392 0.059895 -0.186628 0.065658 0.129426 0.085157 0.119772 0.171214 0.008520 0.143663 0.054528 -0.244539 -0.100443 -0.033495 0.088117 0.134692 -0.093617 0.031897 -0.084513 0.079898 0.079521 
-0.139125 -0.158984 -0.007767 -0.184020 0.047613 -0.001595 -0.350036 0.144473 0.005420 0.087571 -0.085275 0.111239 0.029374 -0.101788 -0.152042 -0.023550 -0.118572 -0.102591 0.023405 0.037488 0.045408 -0.138565 0.124509 0.029960 0.158267 0.037160 0.082727 0.030385 0.298230 -0.298987 0.091600 -0.069394 -0.122629 -0.157275 -0.095781 -0.218513 0.250319 0.075103 -0.216753 -0.168803 -0.031975 0.104396 0.228129 0.035169 0.122558 -0.159242 -0.017063 -0.190865 -0.154821 0.129850 
-0.139653 0.058181 0.003715 -0.014173 0.223695 0.036051 -0.173985 -0.066797 0.163157 0.256144 0.135214 0.049638 0.013394 -0.172645 0.089223 0.097256 -0.122276 0.176485 0.131953 0.256646 0.197796 -0.134877 -0.276340 -0.171422 0.076286 0.291285 0.149479 -0.171959 -0.007090 0.014478 -0.130153 -0.030370 0.001001 -0.034257 -0.132497 0.042138 -0.104702 0.048159 -0.099512 0.107481 -0.039558 -0.020110 -0.328628 -0.036655 -0.045615 -0.019753 -0.242830 0.149562 0.065855 0.150354 
-0.145092 -0.125107 -0.004581 -0.123146 0.082185 -0.426618 -0.054914 0.194291 -0.044856 -0.171766 0.037301 0.154870 0.013489 -0.058348 -0.031151 -0.215298 0.025692 0.019040 -0.182637 0.122605 0.266275 0.105101 -0.061072 0.119378 -0.091135 -0.230574 0.207229 0.058631 -0.248451 0.067672 -0.275388 0.006269 -0.050756 -0.076138 0.097756 0.087092 -0.179097 -0.078565 -0.260832 -0.140660 0.031591 -0.003505 0.001729 -0.020399 0.169720 0.119328 -0.045231 0.052917 -0.047448 -0.090868 
-0.144272 -0.250853 0.092208 0.053359 -0.054783 -0.081151 -0.090872 0.045827 0.166849 -0.137106 0.040015 -0.039251 -0.160941 0.207242 -0.114890 -0.156614 -0.085356 -0.081124 0.159021 -0.190335 -0.238754 -0.176666 -0.143226 0.151599 0.071420 0.051260 -0.092228 -0.305002 -0.034855 0.095034 -0.255438 -0.039016 0.018211 0.192267 -0.065886 0.002881 0.262556 -0.131473 -0.127071 0.021697 -0.122993 -0.131073 -0.104621 0.100039 -0.078329 0.246504 0.180944 0.036005 0.017794 0.190360 
-0.115621 -0.084493 0.215480 -0.168683 0.040963 0.262416 -0.164060 0.350715 0.068332 0.127692 -0.065378 -0.048649 -0.115074 0.043662 0.267118 0.077028 0.109074 -0.133204 -0.058290 0.007011 0.024966 0.067555 0.026741 -0.086303 -0.089603 0.013499 -0.094962 0.069638 -0.200059 0.090679 0.094939 -0.271038 -0.019802 0.024924 -0.247127 -0.049835 -0.078309 -0.176330 0.184540 0.015596 0.101871 0.087636 0.171300 -0.039016 0.224470 0.199709 0.066688 0.275524 -0.006153 0.095808 
-0.127632 0.096079 0.053408 0.126078 0.041282 0.009583 0.036702 0.143223 0.311430 0.042965 -0.178439 -0.233475 -0.044100 -0.085396 -0.012920 0.044222 0.169597 0.104940 0.142593 0.260299 -0.070743 0.018162 0.001375 -0.001928 0.119086 -0.238106 -0.143167 -0.252750 0.031849 -0.131654 -0.172047 -0.110025 0.125415 -0.026207 0.346739 -0.055018 -0.084189 0.011660 0.056618 0.047276 0.109596 0.389253 0.035529 0.036393 -0.012636 0.094860 -0.013683 -0.213967 -0.083442 -0.080474 
-0.169873 -0.051859 -0.089144 0.039627 0.074237 0.130851 -0.075694 -0.026332 0.192279 -0.157648 0.010908 -0.195923 0.396727 0.076607 -0.102851 -0.249609 -0.093952 -0.116912 -0.134433 0.172636 0.100179 -0.073064 0.269559 -0.001600 -0.118584 0.019173 -0.201103 0.042377 -0.020502 -0.020843 -0.014600 0.156966 0.177232 -0.022352 -0.077955 -0.126347 -0.040286 -0.286169 -0.038971 0.175591 -0.119098 -0.013287 -0.003874 -0.345904 -0.094265 -0.104819 -0.037668 0.040856 0.159142 0.022216 
-0.142196 0.099010 -0.154324 0.073933 0.116230 -0.026350 0.226010 0.176999 0.067777 -0.077274 -0.082003 -0.147253 0.212490 0.216363 0.033662 0.067659 -0.060565 0.077503 0.073639 0.062089 -0.006039 0.046662 0.029174 -0.035174 0.352674 0.315231 0.203627 0.256719 -0.016228 -0.027807 0.040275 0.179928 -0.083068 -0.069019 0.116384 0.048567 0.138941 0.126103 -0.076369 0.047885 -0.021827 0.031809 0.133883 0.107227 0.199320 0.312783 0.163697 0.132225 0.185379 0.003166 
-0.133185 0.068007 -0.128713 0.292120 0.279445 0.162658 -0.137668 0.126093 -0.101002 -0.067686 -0.055999 -0.154763 0.017742 0.036306 -0.194570 0.013734 0.161696 -0.128551 0.008358 -0.244292 0.059071 0.152974 0.038988 0.146240 -0.103859 0.244715 0.027694 -0.124789 -0.060323 0.217482 0.043949 0.060672 0.038848 -0.088314 -0.087596 0.287967 -0.053770 0.098351 -0.065359 -0.314061 0.152335 0.196777 -0.091856 -0.057627 -0.065680 -0.115768 -0.008577 -0.064689 -0.191921 0.105549 
-0.140883 0.208949 -0.262054 0.100625 -0.166591 -0.079851 0.166965 -0.152716 -0.043242 0.058798 0.005885 0.128596 -0.055857 0.029887 0.077671 -0.146482 -0.003582 -0.220426 -0.192635 0.009870 0.089438 -0.089352 0.016446 0.178011 0.176600 0.164463 0.064634 -0.200934 -0.141218 -0.049311 -0.062971 -0.288365 -0.005921 -0.162641 -0.128696 -0.305321 -0.175874 0.111985 0.178258 0.054421 0.156714 -0.047743 -0.044901 -0.136467 0.068452 0.046962 0.224714 -0.179221 -0.018107 0.145402 
-0.131311 0.150319 -0.152025 0.015263 0.013805 0.136345 0.129028 -0.170003 0.009116 -0.313818 0.253532 0.070806 0.147922 0.116143 0.172928 0.204096 0.052021 -0.123369 -0.028914 0.288671 0.056179 0.053266 0.098295 -0.012242 -0.067907 -0.156923 -0.114424 -0.138716 -0.012476 -0.172785 0.023814 -0.231533 -0.072986 0.177301 -0.075295 0.116582 0.215900 0.085785 -0.215547 -0.138740 0.099085 -0.078751 0.086427 0.184369 -0.086364 0.051981 -0.137177 0.177958 -0.183318 0.081293 
-0.138661 -0.046330 -0.209024 0.020549 0.017121 0.146771 0.000124 0.162719 0.019862 -0.093308 0.291816 0.348882 0.013123 -0.126213 -0.122102 0.005616 -0.074684 0.065251 0.058228 -0.235574 0.005890 0.091354 -0.015072 -0.216910 -0.015360 -0.056523 -0.105604 -0.100381 0.127320 -0.306560 0.088696 0.240185 -0.011717 0.081764 0.031072 0.127617 -0.261514 -0.169645 0.155809 0.068524 0.147849 -0.036542 -0.008929 -0.001157 0.104690 0.297181 0.012985 -0.180865 0.001751 0.093537 
-0.132335 -0.150228 0.057884 0.065191 -0.001042 0.270186 0.166844 -0.027204 0.121800 0.235418 0.153081 0.150340 0.117351 0.026060 -0.285630 0.182597 -0.144926 -0.126932 -0.069670 0.008663 -0.122139 -0.036178 -0.089383 0.049609 0.035008 -0.120284 0.421473 0.079489 -0.102593 0.124827 0.040181 -0.070037 0.071619 0.145995 0.187936 -0.208031 -0.165945 -0.112992 -0.053380 -0.166061 -0.004120 0.055468 0.142109 -0.008539 -0.271110 -0.022978 0.078044 0.119780 -0.068831 -0.075715 
-0.155258 0.096703 0.132256 0.069564 -0.034144 0.029977 0.245478 0.054890 0.024574 0.186030 -0.065383 0.186608 0.033561 0.033863 0.155937 0.168799 -0.050566 0.116868 -0.151744 -0.072850 -0.083934 -0.048858 0.245868 -0.085747 -0.092439 -0.270966 0.057825 -0.229932 0.088790 0.133414 -0.060227 0.227382 -0.155995 -0.456650 -0.179179 0.060023 0.213601 -0.092643 -0.085567 -0.037957 -0.113476 0.080556 -0.173025 -0.083809 -0.036056 0.072978 0.108453 0.033892 -0.032675 0.005860 
-0.144648 0.051268 -0.135252 -0.076093 -0.034040 0.235868 0.122894 0.032049 -0.031377 -0.160530 0.134455 0.174708 -0.213779 -0.121525 -0.129063 -0.257657 -0.028108 0.141745 0.178844 0.034614 -0.158018 -0.114954 0.111803 0.106493 0.103684 -0.024644 -0.201166 0.029113 0.077878 0.238440 -0.111834 0.002564 -0.158150 -0.058717 0.037326 -0.036047 -0.181934 0.235342 0.008243 0.034663 -0.193466 0.175188 0.091476 -0.019315 0.179175 -0.216893 -0.049532 0.366311 -0.021102 -0.048807 
-0.128760 0.106912 0.107163 0.082345 -0.123589 0.064036 -0.116015 -0.200006 -0.099443 -0.082111 0.027758 -0.038063 -0.228802 0.052902 -0.139508 -0.176797 -0.126593 -0.040209 0.152019 0.011120 0.037277 0.016889 0.019493 -0.335162 -0.265810 0.014100 0.039040 0.259272 -0.064548 -0.163118 0.076249 -0.234754 -0.103297 -0.123943 0.184720 -0.010179 0.133761 0.083968 -0.095137 -0.133713 0.016951 0.199592 -0.240170 -0.232010 -0.079485 0.241740 0.148538 0.040737 0.122479 -0.048611 
-0.143283 0.077794 -0.099674 -0.104763 -0.231717 0.034075 -0.102676 -0.024588 -0.178686 0.035186 -0.134084 0.011667 -0.006598 -0.170391 0.329161 -0.107128 0.048474 -0.191554 0.372322 -0.029345 -0.013096 0.095790 0.105872 0.110013 0.173398 -0.120366 0.270882 -0.047101 -0.072870 -0.111043 -0.123555 0.260132 0.088290 0.123436 0.069536 0.085217 0.110763 -0.111554 0.155870 -0.178115 0.065329 0.031071 0.015918 -0.163905 -0.167274 -0.073184 -0.108399 0.149180 0.151977 0.125549 
-0.152104 -0.061489 0.077683 0.196854 -0.292375 -0.103538 -0.084796 0.107446 0.024694 0.090041 0.243274 0.074657 -0.138032 -0.114741 -0.055114 -0.005503 0.071445 0.026180 -0.251716 0.363271 -0.190781 0.028884 -0.008502 0.155197 0.037128 0.093418 -0.023042 0.067979 0.168579 0.214891 0.158473 0.016170 -0.023879 0.097537 -0.071200 0.259191 0.145273 0.038813 0.009360 -0.022656 0.193070 0.038767 0.100556 -0.138248 -0.018383 0.027717 -0.090284 -0.159274 0.344499 -0.003295 
-0.142141 -0.013506 -0.001874 0.143377 -0.181714 0.148752 -0.036847 0.084460 0.109322 0.060431 0.040330 -0.335364 -0.183759 -0.267018 0.004970 0.077925 0.019406 -0.065825 -0.119896 -0.096001 0.204468 0.118239 -0.076762 0.055467 -0.124753 -0.069361 -0.121982 0.063296 -0.115662 -0.107469 -0.093183 0.306661 -0.304878 -0.035223 0.015536 -0.234861 -0.050000 0.217419 -0.189722 0.107134 0.078465 -0.235473 0.072164 0.172374 -0.168637 -0.031032 0.086020 0.060879 0.076234 0.070040 
-0.149056 -0.124876 0.069188 -0.136368 0.052236 0.093128 0.064002 -0.144580 0.075408 -0.006092 0.031728 -0.001717 0.222007 -0.066564 0.057095 -0.231632 0.153541 -0.174538 -0.045004 0.001336 -0.104724 0.006177 -0.407984 -0.178955 0.085378 -0.061214 -0.008006 0.162586 0.034698 -0.067658 -0.194111 -0.041389 -0.110199 -0.226711 -0.105542 0.381348 0.056747 0.067175 0.144999 0.144242 0.062717 0.021665 0.145914 0.032944 -0.158895 -0.179064 0.253423 -0.070996 -0.101958 -0.058006 
-0.128833 0.044565 0.053984 0.258395 -0.198315 -0.065817 -0.072314 0.190657 0.026372 -0.074342 0.098195 0.115186 0.277181 0.013651 0.194518 0.007337 0.254533 -0.037407 0.096475 -0.319595 -0.163605 -0.145602 -0.118451 -0.065844 0.094015 -0.065913 -0.067127 0.299131 0.022875 0.100410 0.015294 -0.155779 0.116105 -0.141716 0.064375 -0.226356 -0.016270 0.039706 -0.183735 0.081325 0.064851 -0.055157 -0.173733 0.015871 -0.006474 -0.023551 -0.349994 -0.027683 -0.058920 0.006284 
-0.137441 -0.327741 -0.073808 -0.047476 -0.178495 0.167127 0.097768 -0.229888 -0.117205 0.003804 0.002017 -0.181546 -0.136573 0.098324 0.248676 0.007038 0.014558 0.033520 -0.133505 -0.122340 0.165563 -0.003769 -0.046182 -0.073072 0.138698 0.025680 0.042402 -0.057401 -0.020539 0.060810 0.076903 0.020253 0.047690 0.062730 -0.059233 0.101474 -0.148830 0.075395 -0.198131 0.030461 -0.376511 0.224281 0.150048 -0.119000 0.018047 0.196361 -0.248586 -0.272230 -0.093393 -0.046179 
-0.156085 -0.186020 -0.293852 -0.058697 -0.033674 0.107041 0.142755 0.184755 -0.167034 0.141867 -0.122130 0.032397 -0.165679 0.087365 -0.061551 -0.086413 0.004817 -0.027305 -0.124826 0.090178 -0.261099 0.203300 -0.081233 0.019561 -0.206182 0.147933 0.058469 -0.074794 -0.171542 -0.280450 0.023239 -0.010573 0.227324 -0.107529 0.032210 -0.025202 0.216130 -0.038047 -0.058931 0.227177 0.018653 -0.010185 -0.184611 0.159480 0.058173 -0.160566 -0.191739 0.076586 -0.014703 -0.224873 
-0.126299 0.022104 -0.309050 -0.073061 -0.081210 -0.084449 -0.233565 0.056015 -0.131647 0.022011 0.040055 0.016269 -0.175823 0.265381 0.023657 0.173547 -0.031797 -0.032709 0.188238 0.205970 0.161986 0.040308 -0.065402 -0.091458 0.116750 -0.168535 -0.116485 0.173822 0.147957 0.299143 0.061579 0.140762 0.189606 -0.022466 -0.145066 -0.091446 -0.070598 -0.098445 -0.070050 0.140738 0.082648 0.048930 -0.110792 0.110542 -0.179007 -0.035998 0.307625 -0.039683 -0.171370 -0.143031 
-0.151053 -0.217331 0.143013 0.280851 0.056872 -0.002605 0.088006 -0.159180 -0.168349 0.069857 -0.200351 0.139161 0.003927 0.109037 -0.028411 0.036120 0.065863 -0.067337 -0.016261 -0.148262 0.359804 -0.037233 0.081926 0.026003 0.056217 0.019596 -0.069715 -0.042178 0.343826 -0.102878 -0.191882 -0.124503 -0.055642 0.140297 -0.031812 0.011899 -0.045797 -0.114753 0.004979 0.085147 0.201653 0.121699 -0.006871 0.172821 0.046281 -0.093696 -0.013960 0.213079 0.296517 -0.224929 
-0.145524 0.144676 0.121663 -0.061217 0.021995 -0.177511 0.079609 -0.008170 0.236377 0.299072 0.210065 -0.023558 -0.107381 0.064239 -0.036514 -0.039381 0.284915 -0.237555 -0.017652 -0.053821 0.077933 -0.097013 0.062867 0.092133 0.023180 0.045377 -0.099731 0.082218 0.099788 -0.246481 0.073240 0.178109 0.187513 0.166264 -0.063325 0.073319 -0.006250 0.161547 0.045404 -0.189546 -0.226573 -0.098719 -0.141329 -0.120430 0.124004 0.049251 0.070233 0.144477 -0.186074 -0.294027 
-0.120671 -0.053950 0.253131 0.123255 -0.250543 -0.009847 -0.093030 -0.134136 -0.104235 -0.059523 -0.198921 -0.041715 -0.003777 -0.005272 -0.120958 -0.134764 0.002565 0.012717 -0.102441 0.199151 -0.019551 0.000188 0.161329 -0.112190 0.036471 0.156799 0.118258 -0.041836 0.165939 0.052561 0.055002 0.117800 0.091074 -0.112318 0.168386 0.084507 -0.140623 -0.026693 0.144462 0.117313 0.084546 -0.250886 0.019389 0.129992 0.024798 0.159195 -0.100373 0.211039 -0.493017 0.156514 
-0.152162 0.280775 -0.014937 -0.184207 -0.010286 0.082821 0.106214 -0.049227 -0.142596 -0.089426 -0.222801 -0.180192 -0.095946 0.066953 -0.078534 0.101321 0.080481 0.054598 0.008401 0.067643 -0.213440 -0.221402 -0.298522 0.135952 -0.107680 0.042230 -0.037434 0.050128 0.229442 -0.108493 -0.037188 0.017206 -0.072270 -0.112047 -0.117176 -0.010243 -0.281503 -0.333999 -0.158744 -0.266235 0.037638 -0.187291 0.076500 -0.041215 0.018544 0.088082 -0.109650 -0.039628 0.117922 -0.069440 
-0.130493 0.275936 0.006585 -0.058073 0.119689 -0.040913 0.035128 -0.209338 0.060695 0.193539 0.106664 -0.000551 -0.191711 0.154265 -0.057290 -0.173178 0.119163 0.303034 -0.109839 -0.175089 0.021290 -0.010271 0.090844 -0.041562 -0.135783 -0.070185 0.104668 0.220336 -0.021402 -0.003926 -0.178927 0.068448 0.272028 0.103918 -0.092119 -0.033843 0.131880 -0.058632 -0.056088 0.125349 0.144870 0.129266 0.284007 0.140981 0.001898 -0.050677 -0.084984 -0.039186 0.000341 0.364703 
-0.133502 -0.096974 -0.201994 0.081759 -0.001688 -0.345690 -0.093460 -0.079346 -0.136081 0.004095 -0.107377 -0.127633 0.049599 -0.046982 -0.241086 0.213637 0.175469 0.122034 -0.142100 -0.090575 -0.152522 -0.016828 -0.124635 -0.376403 0.147534 -0.180128 -0.076960 -0.198058 -0.121036 -0.058528 0.129936 -0.021582 0.016526 0.049981 -0.076471 -0.061726 0.004738 0.096739 0.078968 -0.069623 -0.060379 -0.003805 0.161070 -0.222986 0.019236 -0.078905 0.021012 0.324194 0.093192 0.115326 
-0.143303 -0.259281 -0.126726 -0.044246 0.100924 0.002093 -0.084124 -0.255921 0.242155 0.056761 -0.135050 0.193069 -0.078083 -0.046598 0.090153 0.154989 0.098617 0.042823 0.039715 0.030521 -0.058088 0.145240 0.202176 0.033826 -0.001118 0.068788 -0.227880 0.167829 -0.086458 0.051228 -0.021773 -0.106314 0.185949 -0.272147 0.199740 0.073568 -0.116820 0.019723 0.050487 -0.289228 -0.137962 -0.272754 -0.006619 0.190544 -0.038746 -0.001006 0.054905 -0.064996 0.230781 0.142958 
