-0.152675 0.050596 -0.168687 -0.055619 0.042829 0.137903 -0.029080 -0.012938 0.036937 0.058637 0.063118 -0.434890 0.030938 -0.209827 -0.039667 -0.045780 -0.087931 -0.063069 -0.329446 0.211259 0.129988 -0.024357 -0.135535 0.005570 0.107616 -0.049870 0.181915 0.139220 -0.174420 0.159563 0.272317 -0.076816 0.000676 0.073943 0.097774 0.021524 -0.077291 -0.200902 0.017151 0.096483 -0.202016 -0.208967 0.019728 0.066662 -0.198265 0.038123 0.162049 -0.171116 -0.033658 -0.112797 
-0.113697 -0.151306 -0.149633 -0.124474 -0.070171 -0.043819 -0.135577 0.230399 0.015581 0.091110 -0.048506 0.332108 -0.081232 0.063159 0.024743 -0.199629 -0.099819 -0.074507 -0.086279 0.210817 -0.100850 -0.092916 0.280332 0.152114 -0.204969 0.157657 -0.240070 0.082808 0.108169 0.080308 0.164665 0.027420 0.121076 -0.125580 0.064304 0.144744 0.010696 -0.101701 -0.175218 0.079559 0.056787 0.104208 -0.087429 -0.089310 -0.146300 0.057811 0.290607 -0.077865 0.026006 -0.248578 
-0.135989 0.091763 -0.123889 0.079261 -0.074665 -0.144710 -0.006141 -0.151490 0.055140 -0.135534 -0.047486 -0.008022 -0.026201 -0.001808 -0.078163 -0.040443 -0.178415 0.195677 -0.046869 0.355256 -0.132156 -0.147783 -0.126851 0.241157 -0.015711 -0.315713 -0.074628 -0.185111 0.007490 -0.121629 -0.054957 -0.036758 -0.087594 0.181509 -0.018620 -0.197916 0.240153 -0.135080 0.026112 0.179711 0.122987 0.049779 0.039431 0.084883 0.279139 0.136319 0.035338 0.227318 0.056673 -0.175217 
-0.137518 0.078986 -0.033276 0.044982 -0.148868 -0.202110 -0.040356 0.243786 -0.046140 -0.118678 0.169569 -0.252382 0.179777 -0.045667 0.071461 -0.128398 -0.029531 -0.274982 0.129573 0.192559 -0.036329 0.186650 -0.131106 -0.175407 0.116050 -0.034458 -0.035666 0.161257 0.013951 -0.045014 -0.260810 -0.017904 0.019444 -0.125979 -0.139561 0.052674 -0.160586 -0.146610 -0.096924 0.052592 0.318860 0.181874 -0.109911 0.059185 -0.057540 -0.240193 0.095101 0.184320 0.021667 0.057052 
-0.144692 -0.332519 -0.130473 0.066456 0.085253 0.299245 -0.015042 -0.095844 0.068541 -0.161615 0.165643 0.028745 0.053968 -0.062598 0.238417 -0.074914 -0.095993 0.069374 0.079802 -0.039550 -0.013020 0.005519 -0.062151 0.036072 -0.336581 -0.093912 0.108354 0.010531 -0.015445 -0.080718 -0.051074 0.102808 -0.013781 -0.040137 -0.049886 0.187834 -0.046873 -0.248926 0.060980 0.015100 0.283235 -0.244159 0.126037 -0.252867 0.175487 -0.023803 -0.031213 -0.155447 -0.062469 0.208575 
-0.131849 -0.036280 0.018606 -0.180098 -0.097703 -0.118522 -0.184608 -0.238038 0.119885 -0.005481 0.084277 0.142087 -0.014770 0.146025 0.405471 0.315267 0.084159 -0.127494 -0.042855 -0.080270 0.062413 -0.222353 0.038414 -0.286478 0.152067 -0.058318 -0.044484 -0.038581 -0.046017 0.010098 0.120597 0.052181 0.249501 0.053497 -0.033216 -0.002292 0.006241 0.001422 0.145236 0.318028 0.058305 -0.168286 -0.138268 0.130470 0.002718 -0.040838 0.100487 0.114485 0.086939 0.019350 
-0.152182 0.136340 0.076866 0.019446 -0.040062 0.004929 -0.157726 -0.117989 0.214379 0.434423 0.099330 0.079359 0.143367 0.045182 -0.092061 -0.040897 -0.061930 -0.284413 0.104672 -0.131002 -0.062916 -0.259217 0.031586 0.100234 0.108754 -0.043854 0.132010 -0.036886 -0.083174 0.107360 0.079003 -0.128676 -0.140520 -0.162717 0.150697 0.004205 0.001890 -0.261789 -0.170985 -0.186467 0.134893 0.084644 -0.062852 0.070771 0.227967 0.040386 -0.243074 -0.096103 0.011960 0.035365 
-0.148638 0.026542 -0.238485 0.343495 0.131550 0.022760 0.084110 -0.022843 -0.066844 -0.167784 -0.017653 0.075673 -0.050003 -0.082858 0.133266 0.012786 -0.022407 0.096988 0.197254 -0.049786 -0.201597 -0.225023 0.136249 -0.114650 0.327540 0.066186 -0.114949 -0.070267 -0.203244 -0.009448 -0.198376 -0.013574 0.074787 -0.023907 0.287973 -0.045432 0.134935 -0.200634 -0.006026 -0.086616 -0.143307 0.074453 0.141384 -0.072451 -0.286626 -0.145913 -0.010275 -0.096458 0.067869 0.001872 
-0.132440 0.017719 0.236689 -0.265658 0.135308 0.016550 0.144897 -0.055027 0.048593 0.056706 0.104785 0.081525 0.127637 0.154632 -0.087512 0.228030 -0.173467 -0.009570 0.271330 0.119422 -0.052316 0.212223 0.246429 0.117489 0.077277 -0.319059 0.117395 -0.027380 0.014304 -0.174096 -0.005447 0.045614 -0.147992 -0.011781 0.017389 0.026610 -0.068279 -0.074067 -0.003902 0.097208 -0.144525 0.093587 0.190011 0.058160 -0.224092 0.019074 0.292693 -0.123499 -0.061921 0.165692 
-0.149536 0.078248 0.025857 0.164986 -0.032817 -0.055234 -0.185947 0.078365 0.048883 -0.208285 0.087891 0.162652 0.175029 -0.018639 -0.151926 0.084686 0.042975 0.028695 0.069124 -0.029365 0.171053 0.170143 0.007579 -0.141530 -0.029664 -0.020336 -0.147755 0.183637 -0.214026 0.003267 0.240725 -0.207003 0.234614 -0.014989 -0.312820 -0.073726 0.176971 -0.088394 0.207592 -0.199788 -0.072187 0.185885 0.164199 0.013343 0.177666 0.178964 0.064684 -0.227827 -0.004971 -0.014456 
-0.151109 0.060068 0.325688 -0.128272 -0.096319 0.095427 -0.191842 -0.052164 -0.084243 -0.094307 -0.041776 0.032330 0.051382 -0.091425 0.098868 0.064080 0.166051 0.288280 -0.193701 0.197777 -0.306416 0.016784 -0.106499 -0.062087 0.031669 0.095103 -0.020286 -0.053662 -0.024125 -0.017310 -0.135448 0.061136 0.071609 -0.196567 0.016705 0.191975 -0.026230 0.022978 -0.292337 -0.196471 -0.116929 -0.109527 0.167018 0.288097 0.192573 -0.129313 0.045462 -0.116765 -0.054524 -0.035412 
-0.126614 0.171147 0.107398 0.070444 0.012954 -0.082099 -0.072861 0.144582 -0.010089 0.023953 0.179667 0.002622 -0.284520 0.137617 -0.159055 -0.033062 -0.103490 0.148103 0.036421 -0.024042 0.005886 -0.169052 0.124358 0.012388 -0.020651 0.019121 -0.052131 0.407886 -0.068812 -0.371619 -0.108075 0.000598 0.034178 0.202626 0.046311 0.233503 -0.256268 -0.067337 0.117550 0.095297 -0.157618 -0.164370 -0.116377 0.020263 0.108497 -0.014652 -0.221061 0.023719 -0.135046 -0.071885 
-0.149150 -0.142714 -0.246617 -0.157057 -0.246382 -0.077716 0.066574 0.067960 0.166847 -0.032905 0.162929 -0.164817 0.014317 0.124743 -0.094833 0.138962 0.177864 -0.030427 -0.069292 0.031443 -0.275550 0.092982 -0.067502 0.113071 0.111398 0.112622 -0.264679 -0.102754 -0.101908 0.054532 0.068237 0.177731 -0.017317 0.196969 0.055380 0.129520 -0.159774 0.109105 -0.034911 0.009466 -0.071726 0.153114 0.095950 -0.111432 0.019535 0.281186 -0.218588 -0.068132 0.112073 0.285494 
-0.134928 -0.000293 0.113959 0.152753 0.010867 0.075690 0.163753 -0.008663 0.239345 0.063140 0.107384 -0.041000 0.008631 0.296679 -0.318512 0.020923 0.206241 0.090148 -0.137307 -0.051503 0.182401 -0.106184 -0.066707 0.113118 0.189378 0.099439 0.033795 -0.182825 0.079737 0.029220 -0.044105 0.001496 0.181438 -0.048636 -0.221130 0.127944 0.030067 -0.066191 -0.114748 0.087374 0.005798 -0.069287 0.141580 -0.339430 0.022186 -0.301144 0.190740 0.123358 0.058891 -0.108885 
-0.131622 0.099158 0.219555 0.070152 0.376700 0.066384 -0.255754 0.083865 -0.147487 -0.018713 0.023757 0.111826 -0.144048 -0.109845 0.017785 -0.041397 -0.032976 -0.165884 -0.104605 0.089542 -0.108311 0.087570 -0.049727 0.001411 0.001424 -0.078613 -0.194399 -0.282389 -0.123348 0.155740 0.098957 0.062433 -0.070550 0.129649 -0.220380 -0.075017 -0.027728 -0.062599 -0.096617 0.134581 -0.174686 0.042821 -0.243942 -0.243788 -0.026234 -0.101586 -0.137440 0.084229 -0.189276 0.228928 
-0.138481 0.017335 0.107154 -0.119725 0.201488 0.131848 -0.311789 -0.261633 0.107468 -0.050191 -0.070238 -0.327474 -0.103304 0.164779 -0.087888 -0.247327 -0.012205 0.227184 -0.056049 0.029383 0.062530 -0.037692 0.227017 -0.150084 -0.013345 0.013739 -0.030995 0.057820 0.129811 0.009541 -0.025522 0.093833 0.059537 -0.103670 0.017185 0.018191 0.080430 -0.009107 0.131630 -0.200959 0.155300 0.212005 -0.056859 -0.008652 -0.212750 0.181876 -0.036508 0.201612 0.188006 0.157009 
-0.156492 0.081653 0.014296 -0.069876 0.122728 -0.346167 -0.018327 0.009887 -0.002583 -0.127004 0.274580 0.076488 -0.033020 -0.078551 0.112215 -0.046993 0.302002 0.125570 -0.152689 -0.306520 0.079809 0.048684 -0.074513 0.124788 -0.234929 -0.197313 0.031053 0.087560 0.131131 0.092868 0.119848 -0.165403 -0.096602 0.070847 0.182948 0.041791 0.102171 -0.052973 -0.186321 0.039816 0.068748 0.094930 0.234981 0.051559 -0.256509 -0.078406 -0.141908 0.123671 -0.070589 -0.038716 
-0.162462 0.227502 -0.192269 -0.295430 0.056579 0.036170 0.043164 0.025460 0.003863 0.099387 0.036410 0.034140 -0.063300 -0.036252 0.071600 0.193244 0.048814 -0.088609 -0.079287 0.138435 0.308046 0.047067 0.010619 -0.086293 -0.094626 -0.070141 -0.156998 -0.001015 -0.009603 0.069338 -0.440865 -0.100505 -0.165130 0.081257 0.088360 0.187192 0.300037 0.107616 0.042616 -0.242029 -0.063866 -0.053539 -0.133878 -0.212092 0.110043 -0.032167 0.046178 -0.108963 0.072621 -0.034318 
-0.154295 -0.228417 -0.125451 0.034211 0.157976 -0.338675 -0.115257 0.009599 -0.063075 0.161374 -0.205123 -0.211742 -0.095536 -0.019917 -0.023728 0.166447 -0.123296 0.051934 0.146499 0.003783 0.078014 -0.008557 -0.035241 0.046889 0.011960 -0.132770 -0.078196 -0.044900 -0.071343 -0.194003 0.041656 -0.048343 0.041972 -0.289682 -0.276808 0.017340 0.040700 0.225710 -0.268380 -0.001461 0.052064 -0.241718 0.040654 -0.040750 -0.142836 0.023529 -0.224980 -0.172180 0.127145 -0.092801 
-0.155416 0.065789 -0.222244 0.123134 0.023532 0.048749 -0.101959 -0.025109 0.130253 0.012083 -0.180137 0.071820 -0.411470 0.054910 -0.132827 -0.060547 0.143640 -0.160573 0.208342 -0.013787 -0.026834 0.174365 -0.157893 -0.007768 0.135086 -0.003609 0.125524 0.054496 0.109327 0.070890 0.118280 0.253063 -0.080188 0.058343 -0.010875 0.216591 0.250971 0.110947 0.043923 0.011454 0.138877 -0.035651 0.062398 0.290625 0.018726 -0.068555 0.134351 -0.058032 -0.301629 0.077135 
-0.121676 -0.118775 -0.018170 -0.035399 -0.143318 0.181251 0.053598 0.232757 -0.060515 0.145669 -0.011723 -0.071052 -0.468173 0.115504 0.108927 0.107792 0.003158 0.000899 -0.062475 -0.042115 -0.138140 -0.146114 0.024328 -0.063349 -0.173439 -0.228329 0.175768 -0.029843 -0.055702 0.118326 -0.043875 -0.178444 0.053237 0.146447 -0.206920 -0.265690 -0.169935 0.018846 0.039830 -0.207526 0.026634 0.231925 0.125760 0.087997 0.001039 -0.191550 0.058501 -0.055215 0.156816 0.001291 
-0.151240 -0.085839 0.031416 -0.217859 -0.062798 -0.091146 0.122614 -0.103217 -0.138583 0.108574 0.101510 0.069191 -0.002836 -0.342223 -0.230268 -0.183070 0.161214 0.148837 0.264959 -0.087598 0.035003 -0.116196 0.129560 -0.135365 -0.037580 0.125457 -0.005072 -0.161173 -0.203537 0.240709 -0.128726 0.150938 -0.165936 0.108580 -0.309014 0.057586 -0.099301 -0.124910 0.137669 0.083644 0.057944 -0.094442 0.016483 0.139309 -0.066568 0.081357 0.013881 0.042516 0.046549 -0.197930 
-0.133943 -0.041928 0.060757 0.127528 -0.072482 0.099344 0.091845 0.173306 -0.200073 0.125763 0.132437 0.115520 0.084594 -0.065471 -0.279134 0.179265 -0.227181 0.220419 -0.046603 -0.025829 0.121655 -0.179106 -0.241763 0.005325 -0.118736 -0.070058 -0.092509 -0.088909 -0.119218 0.094306 0.053616 -0.017757 0.159386 -0.113296 0.226912 0.135403 0.063654 0.200203 0.076972 0.010032 0.212189 0.010726 -0.197741 0.196489 -0.164904 0.011190 0.099109 0.107493 -0.008784 0.313892 
-0.158080 -0.205054 -0.115325 0.138118 0.183080 -0.181524 0.041333 -0.205934 -0.063690 0.051302 0.036412 -0.034310 0.099407 -0.030041 0.101341 0.017496 0.170557 -0.082400 -0.146384 0.227195 0.120652 -0.156294 0.179718 0.303349 -0.071615 0.284116 0.084020 -0.034000 -0.012314 -0.103142 -0.070973 -0.151862 -0.080388 -0.073185 -0.082741 0.002443 -0.120886 0.174960 0.270032 -0.020664 -0.083386 0.227702 -0.021371 0.208561 0.094213 -0.178995 0.046768 -0.020079 -0.195508 0.180394 
-0.151489 0.047822 0.039658 0.225236 0.060477 0.103603 0.153945 -0.071087 -0.411425 0.096996 -0.138976 0.043967 -0.007274 0.275725 0.080928 -0.012919 0.016222 -0.132150 -0.260058 -0.096069 0.142785 0.313571 0.086779 0.001348 0.012347 -0.028921 -0.124402 -0.071958 -0.122543 -0.031134 0.039926 0.123374 -0.135265 -0.020085 0.066447 0.180805 -0.080593 -0.159489 0.057140 0.122426 0.114409 0.038359 0.117454 0.192765 0.094038 0.061670 -0.100395 -0.012042 0.324557 -0.146993 
-0.149062 0.066507 -0.246547 -0.135721 0.056676 0.146279 0.097825 -0.100868 0.072036 -0.053186 0.103021 0.229885 -0.058442 -0.266027 -0.056906 -0.181795 -0.102830 -0.018488 -0.020464 -0.127210 0.150441 0.128794 -0.020994 0.181029 0.118058 -0.072556 -0.024320 0.122934 0.199350 -0.063904 -0.035839 0.146190 0.251817 -0.138672 -0.082885 -0.193652 -0.117987 0.022798 -0.147478 0.014871 -0.263383 -0.012919 -0.073525 0.191184 0.135422 -0.127032 -0.071439 0.077563 0.334225 0.185174 
-0.128513 -0.073569 -0.099273 0.109149 0.015059 0.196496 -0.172855 0.166426 -0.059128 -0.206529 0.254498 0.022130 -0.104213 -0.075651 -0.193121 0.259972 0.171366 -0.052324 -0.069108 -0.005547 -0.018436 0.080718 0.223670 -0.091557 0.081962 0.001536 0.280146 -0.116047 0.135399 -0.002458 -0.139704 -0.069190 -0.112908 -0.326928 0.122359 -0.169225 -0.060055 0.109694 -0.025891 0.206739 0.032302 -0.010806 -0.097775 -0.037353 0.084765 0.305382 -0.050010 0.047289 -0.061859 -0.200284 
-0.142475 0.059383 0.098771 -0.049987 -0.061829 -0.006965 0.068710 0.181622 -0.190953 -0.016767 -0.211701 -0.168944 -0.028153 -0.189523 0.116312 0.246461 0.120248 0.086517 0.303091 0.068642 0.021708 -0.108634 -0.034998 0.092989 -0.043877 0.111802 0.165577 0.074323 0.236646 0.026793 0.313422 0.052305 -0.031664 -0.104762 0.046076 0.210411 0.139765 -0.202510 0.111235 0.078001 -0.181782 0.178550 -0.067921 -0.190069 0.172330 -0.054419 -0.067423 0.159364 0.216738 0.054026 
-0.147794 -0.239718 0.023486 -0.177135 -0.150669 -0.083922 0.042990 0.020575 -0.113144 -0.237316 -0.240275 0.057971 -0.025924 -0.042472 -0.106851 -0.121810 0.089716 -0.029811 -0.050052 -0.034468 0.348814 -0.103803 0.039259 -0.162576 0.201528 -0.172644 -0.031773 -0.172487 -0.038857 -0.255256 0.197818 0.058846 -0.077978 0.078313 0.241345 -0.087201 -0.220590 -0.064868 -0.134396 -0.260286 0.060842 0.056209 -0.090413 -0.109977 0.130526 -0.063399 0.054368 -0.000687 -0.214867 0.016084 
-0.148375 -0.081729 0.070382 0.037713 -0.082656 -0.027695 -0.275660 -0.064450 -0.054827 0.183109 -0.252472 -0.003912 0.086236 -0.324140 -0.135893 -0.084509 -0.059283 -0.189928 -0.083341 -0.240575 -0.149797 0.093619 -0.007182 -0.022853 -0.014817 -0.015138 0.130045 -0.074032 0.078149 -0.192131 -0.215898 -0.216172 0.218300 0.271669 0.131204 0.166712 -0.009896 0.143501 0.079666 0.176983 -0.027859 0.075501 0.209437 -0.166204 0.025777 0.053259 0.163117 0.034777 0.090620 0.032753 
-0.131970 0.137835 -0.049607 0.223196 -0.039962 0.067183 -0.009861 -0.009995 0.054697 0.220635 0.160369 -0.069797 0.192600 -0.181070 -0.016629 0.102221 0.079526 -0.040307 0.001086 0.092293 -0.118738 0.061644 0.277369 -0.156428 -0.201365 -0.029486 -0.093194 0.035293 0.015011 -0.181779 0.275172 0.330113 -0.087975 0.141098 0.075312 -0.201348 0.031881 0.264495 -0.010893 -0.207751 0.067028 -0.157639 0.079921 -0.083452 0.018354 -0.237382 0.051484 0.178822 0.053973 -0.109611 
-0.131918 0.223311 -0.096657 -0.162393 -0.129256 0.013115 0.082926 0.196530 -0.087491 -0.036946 0.081506 -0.124286 0.081513 0.086039 0.180735 -0.184964 -0.320613 -0.113997 -0.108669 -0.222739 -0.004556 -0.147441 0.048233 -0.007807 -0.021827 0.012195 0.061557 -0.298754 0.030295 -0.097362 0.019391 0.173031 0.103538 -0.228592 -0.155104 0.090807 0.134379 0.100908 0.174387 -0.054778 -0.171318 0.045215 0.243056 0.010852 -0.006609 0.075148 -0.108390 0.122367 -0.314679 -0.088945 
-0.138872 -0.022909 0.118529 -0.116437 0.059619 -0.124045 -0.064435 0.430985 0.208015 -0.013385 -0.220277 -0.007936 0.117088 -0.004215 0.027059 -0.009812 -0.088081 0.198210 -0.201486 -0.146022 0.054819 0.044536 0.167945 0.085840 0.118829 0.190403 0.100681 0.085599 -0.099865 0.064321 -0.106210 0.190695 -0.145440 0.078366 0.055434 -0.296607 0.195674 -0.037139 0.100359 0.202597 0.190793 -0.082846 0.023148 0.054207 0.096498 -0.149549 -0.054142 -0.189787 0.066502 0.164662 
-0.159528 -0.207501 -0.005137 -0.032055 0.160815 -0.022297 0.077416 -0.011484 -0.227168 0.097388 0.132227 -0.136240 0.001705 0.080995 0.028684 0.046613 -0.128018 0.015709 -0.020168 -0.303693 -0.193287 -0.024084 -0.102356 -0.034326 0.197496 0.164241 -0.270073 0.195655 0.284854 0.029053 0.028831 -0.156694 -0.212264 0.049992 -0.073360 -0.166488 0.092735 -0.074034 -0.040456 -0.145468 -0.034301 -0.171830 -0.023888 0.017178 0.189419 0.141663 0.338709 0.131288 -0.098700 0.032784 
-0.144515 0.203546 -0.056481 0.013831 0.222776 -0.073300 0.110701 -0.075611 0.207306 0.100238 0.050318 0.084034 -0.072173 -0.048421 0.140215 0.032956 -0.191540 0.237863 0.010845 -0.036341 0.022650 0.082172 -0.326255 -0.268901 -0.069208 0.302728 0.109744 -0.153142 0.043765 -0.185095 0.090453 0.035279 -0.105446 0.022785 0.030325 -0.033431 -0.248966 0.073871 -0.079719 0.074663 0.088752 0.332001 -0.074166 -0.079703 0.036731 0.092497 0.118785 -0.191050 0.037407 -0.165060 
-0.138988 0.079956 -0.085286 -0.058675 0.205407 0.319374 -0.109026 0.203435 0.084753 -0.128778 -0.122436 -0.106562 0.321721 0.152492 0.090863 -0.137156 0.153695 0.065362 0.300318 -0.104135 -0.014028 -0.096533 -0.046015 0.145681 0.028219 -0.151714 -0.184615 -0.104712 0.070931 0.087564 0.059845 -0.214497 -0.028214 0.142832 0.043444 0.074690 -0.210702 0.275716 0.066953 0.077858 0.018495 -0.043418 -0.099848 0.167310 0.039121 -0.088197 -0.020896 -0.075653 0.045643 -0.227752 
-0.131058 -0.015706 0.051280 -0.110021 -0.099983 0.316929 0.076903 -0.008862 0.127709 0.137107 -0.143927 0.104024 -0.058194 -0.146433 0.106612 0.198990 -0.043562 0.034767 0.038517 0.139345 0.131001 0.208923 -0.016147 0.112875 0.116764 0.253426 -0.187699 0.025390 0.035333 -0.110242 0.010605 -0.260251 0.070406 0.052962 -0.042933 -0.122365 -0.031097 -0.141958 0.012424 -0.023851 0.203409 -0.049435 0.173349 0.042447 -0.237369 0.039288 -0.296105 0.285828 -0.245841 -0.079900 
-0.147704 -0.165901 0.036244 0.115001 0.036626 0.039312 0.163883 0.084028 0.344449 -0.108127 -0.244190 0.139024 0.135275 -0.024762 0.046240 0.065091 0.059366 -0.090774 -0.180574 -0.154074 -0.166408 -0.013710 -0.100275 0.000145 -0.102219 -0.108547 0.140088 0.128828 -0.223704 -0.128981 -0.070922 0.049459 -0.196501 -0.058633 -0.172966 0.157978 0.045020 -0.035220 0.001397 -0.180260 -0.195159 0.015906 -0.287132 0.076632 -0.174834 0.154548 0.058776 0.309980 0.063313 -0.093466 
-0.138601 0.215434 0.343785 0.161960 -0.030567 0.012667 0.156481 0.022825 0.078887 -0.261671 -0.042874 -0.075681 -0.139119 -0.091208 0.065260 -0.027269 0.046113 -0.357432 0.079997 0.052537 0.162192 -0.300165 -0.021646 0.115741 -0.161049 0.163915 -0.107550 -0.022656 0.091207 -0.036317 -0.065678 0.047117 -0.021251 0.061245 -0.013762 -0.120335 -0.048391 0.094082 -0.152132 -0.009391 0.079948 -0.170057 0.144281 0.067897 -0.100889 0.311601 0.127563 -0.137471 0.154339 0.135090 
-0.130410 -0.343040 0.175081 0.211070 -0.013203 -0.146982 -0.075828 0.065895 0.189769 0.092808 0.008624 0.029802 0.055674 0.073601 0.010733 -0.004988 -0.167615 -0.037390 0.083418 0.162898 0.189068 0.068554 -0.159561 -0.179156 -0.093639 -0.074789 -0.090091 -0.028477 0.304764 0.317565 -0.171705 0.179244 0.012517 0.028404 0.192269 -0.061011 -0.106407 -0.039657 0.155146 -0.043103 -0.322959 -0.007707 0.147398 0.079621 0.010994 0.002836 -0.164358 0.026237 -0.035866 -0.149526 
-0.123404 0.131562 -0.084620 -0.002308 0.134505 -0.175846 0.063176 0.017630 -0.021704 0.073462 -0.145314 -0.085725 -0.027477 0.158036 0.097079 -0.006016 0.063058 0.077831 0.199903 -0.017669 0.026957 0.211876 0.082506 0.109200 -0.174874 0.074990 0.161090 -0.009864 -0.326452 0.234749 -0.085706 0.011999 0.350475 -0.023653 0.201073 -0.138016 -0.179096 -0.019493 -0.141878 -0.086788 -0.038163 -0.161984 -0.005222 -0.067568 0.205133 0.188662 0.176480 0.289300 -0.143630 0.054441 
-0.141329 -0.170381 0.030571 -0.145494 -0.120575 0.185023 -0.191440 -0.166872 -0.223414 -0.112867 0.095338 0.013080 0.089346 0.251665 -0.069623 -0.030658 -0.090664 -0.120085 0.170529 -0.012345 0.092632 -0.049577 -0.231690 0.067527 -0.131883 0.251485 0.158411 0.200340 -0.269670 -0.062278 -0.041193 0.116608 -0.093689 0.120482 0.051798 -0.198937 0.235619 0.148249 -0.227596 0.120186 -0.146482 0.153665 0.022933 -0.052948 -0.082621 -0.126713 -0.070236 0.059247 0.030380 -0.133243 
-0.136737 -0.065056 0.188941 -0.203336 0.049325 -0.053191 0.277958 -0.106357 0.119903 -0.092620 0.011055 -0.094708 -0.180744 0.004014 -0.179146 -0.150725 0.059547 -0.191715 0.027374 -0.006510 -0.279386 0.154343 -0.093644 -0.081725 -0.171680 0.030857 -0.168462 -0.048363 -0.116401 -0.082112 0.097701 -0.182375 0.101035 -0.294821 0.254014 -0.135303 0.131782 0.026878 0.314564 0.089652 0.004459 -0.095349 -0.107712 -0.038172 0.062748 -0.208211 -0.079702 -0.100540 0.042890 -0.105805 
-0.116752 -0.006024 0.202893 0.143337 -0.244298 0.078861 0.104936 -0.136105 0.039531 0.129901 0.011581 -0.003517 -0.106591 -0.142279 0.276549 -0.201243 0.018498 0.159574 0.002475 -0.022984 0.068193 0.026205 0.030783 0.112667 0.237830 -0.237231 -0.118994 0.292912 -0.163625 0.182890 -0.005880 0.025096 -0.132530 -0.214198 -0.002478 0.002127 -0.021285 0.338719 0.018813 0.175194 0.015806 0.162317 0.003296 -0.269047 0.076482 0.085050 0.065288 -0.033547 -0.122922 -0.027455 
-0.161045 0.169105 -0.025238 0.096652 -0.287557 -0.011271 -0.064980 -0.213314 -0.108803 0.016471 -0.142564 -0.111380 0.096549 0.041623 -0.036234 0.171815 0.096530 0.082180 -0.027296 -0.221384 -0.060674 0.077991 -0.044484 0.234207 -0.163722 -0.060572 -0.077985 -0.015724 0.208733 -0.000992 -0.156239 0.200223 0.122117 -0.012943 -0.064640 -0.204782 -0.082986 -0.214856 0.091420 -0.037089 -0.002243 0.033005 -0.346752 -0.057625 -0.208641 -0.032657 0.023461 -0.303829 -0.210058 -0.093332 
-0.160679 0.023013 0.039954 -0.117314 0.246446 -0.064092 0.248384 -0.100604 -0.176583 -0.149161 -0.083237 0.167367 0.140573 0.010804 -0.096353 0.094419 -0.111788 -0.119233 -0.131056 0.139008 -0.208976 -0.119774 -0.002249 -0.011743 0.173981 -0.059127 0.238187 0.263738 0.151308 0.244298 0.019793 0.116151 0.234843 0.154733 -0.065777 0.040748 -0.057767 0.172634 0.046710 -0.141934 0.262219 0.025499 0.015364 -0.151956 -0.010826 0.040238 -0.224519 -0.073262 -0.052814 -0.153999 
-0.129249 0.006836 -0.011448 0.133029 -0.228571 -0.017768 0.171965 -0.184243 0.110884 -0.236717 -0.053097 -0.118677 -0.003848 0.023099 -0.044078 0.029938 -0.331119 0.064118 0.006895 -0.079067 -0.001561 0.131356 0.379098 -0.170996 -0.114577 0.100521 0.046714 -0.080416 0.083804 0.233173 0.086866 -0.283573 -0.066686 0.160804 -0.062094 0.174641 0.076353 0.081412 -0.295027 0.097937 -0.063492 -0.006279 -0.175437 0.097314 0.079580 -0.152729 -0.102817 -0.029527 -0.054977 0.083855 
-0.111059 0.011803 -0.100304 0.026484 0.016265 0.104821 0.255301 0.068931 -0.084907 0.264070 -0.137572 0.032807 0.182124 0.137503 -0.015881 -0.224724 0.314509 0.062078 -0.022579 0.164037 -0.029590 -0.117458 0.003177 -0.388194 -0.129422 -0.098067 0.031347 0.100888 0.142685 -0.137495 -0.049656 -0.084076 0.094056 0.007147 -0.074654 -0.141897 0.168196 -0.056570 -0.179692 0.267986 -0.121666 0.017037 -0.007584 0.035383 -0.012080 0.167692 -0.118295 -0.090866 -0.157024 0.228343 
-0.136433 -0.092432 0.153496 0.086153 -0.143682 -0.082576 0.021116 0.105749 -0.079904 0.091370 0.269485 0.087214 -0.021509 0.081574 0.229867 -0.281982 0.060555 0.084613 0.081166 0.135470 -0.007237 0.222666 -0.015994 0.131226 0.208865 0.066066 0.296271 -0.216430 0.082064 -0.131878 0.073189 -0.116295 0.106062 0.204213 -0.004515 0.009476 0.195710 0.064047 0.079743 -0.220512 -0.010095 -0.198545 -0.284239 -0.012187 -0.135564 0.125909 -0.042693 -0.099528 0.150982 -0.013316 
-0.140965 0.241411 -0.163088 -0.001741 -0.216414 -0.106539 -0.165425 -0.068315 -0.084279 -0.077244 -0.172808 0.280475 0.047316 0.186740 -0.080960 -0.095374 -0.040617 0.063606 -0.015304 0.105821 -0.081554 -0.004633 -0.120673 -0.078291 -0.022404 0.065930 0.109176 0.030860 0.071289 0.103985 0.070405 -0.196725 -0.336979 -0.172422 -0.042834 -0.085648 -0.249224 0.063725 0.202886 -0.033484 -0.061924 -0.298890 0.147662 -0.189190 -0.147929 -0.069637 0.012058 0.085383 0.127736 0.216204 
