-0.138020 -0.041178 -0.129072 0.201549 -0.012400 -0.140537 -0.065149 -0.174999 -0.297488 -0.045405 0.190451 -0.008418 -0.025265 0.052575 -0.020917 -0.051908 -0.109117 0.188710 -0.105082 0.139424 -0.102158 0.055195 -0.233323 -0.019595 0.067468 0.166541 -0.252112 -0.193725 0.059075 -0.117317 -0.170323 0.255322 0.032135 0.055665 0.066524 0.122378 -0.210923 0.139392 -0.142597 0.058292 0.292395 -0.288789 0.159436 0.034960 0.082244 -0.055188 0.084545 0.124552 0.027847 0.051580 
-0.136776 0.161295 -0.102796 -0.153453 0.054883 0.002312 -0.242425 0.078381 0.142806 0.221395 0.008548 0.074844 0.095435 -0.040295 0.174405 -0.162643 -0.080697 -0.057677 0.125735 0.059958 -0.159694 -0.177266 0.086542 0.037703 -0.000307 -0.086998 -0.251772 0.114597 -0.173650 0.001445 -0.195238 -0.106476 -0.248536 0.273160 0.151382 -0.058795 -0.063461 0.170644 0.130744 -0.036178 -0.113072 -0.146649 0.100550 0.168480 0.018760 -0.125163 0.093279 -0.073198 0.198447 -0.308561 
-0.128884 -0.194813 -0.118093 0.101310 0.137570 0.040268 -0.007181 0.029764 -0.070961 0.052477 -0.017164 -0.019709 0.124725 0.161115 0.042466 -0.032872 -0.019939 0.134704 -0.400328 -0.072276 0.170600 -0.220496 -0.042357 0.149302 -0.085840 -0.022253 -0.237303 -0.070795 -0.056452 0.038221 0.090512 0.019528 0.003739 -0.064709 0.306423 -0.390011 0.153004 0.016369 0.188994 -0.056693 0.112254 0.279403 0.001394 0.007836 -0.135192 -0.123989 -0.058062 -0.118151 0.018918 0.154077 
-0.150370 -0.169598 -0.133308 0.073705 -0.352562 -0.020042 -0.076859 -0.155628 -0.042570 0.038317 0.058039 0.166858 -0.194833 -0.042180 0.058667 -0.121604 0.380053 -0.045522 -0.015429 0.130049 0.202107 0.105814 0.103486 -0.081895 0.086699 -0.063851 0.158266 0.180581 0.076789 -0.014923 0.008930 0.183913 -0.061113 -0.095590 0.085743 -0.166408 0.150151 -0.130530 0.099023 -0.087681 0.140437 -0.228971 -0.136165 -0.014018 -0.122184 0.095748 0.023448 -0.079893 0.266200 -0.194843 
-0.157471 0.003644 -0.424749 -0.064466 0.077362 -0.046584 0.067847 -0.039057 0.179557 0.006844 0.071940 -0.287809 0.072702 -0.167628 -0.014556 0.093190 -0.105460 0.077792 0.038519 -0.100592 0.121139 -0.171480 -0.168066 0.144616 0.180133 0.008666 -0.118210 0.139321 0.192775 -0.158041 0.017176 0.178568 0.090945 -0.038668 -0.198795 0.069613 0.022902 -0.171637 -0.002045 0.065745 -0.169560 -0.101847 -0.271804 0.173282 0.051036 0.053843 -0.057817 -0.280623 -0.094990 -0.058563 
-0.147070 0.092231 -0.072207 0.276697 -0.017447 -0.122208 -0.016425 0.195255 0.197252 -0.059320 0.161315 0.169313 -0.101577 -0.050415 0.003596 0.185090 -0.137206 0.055802 -0.075084 0.017494 0.174434 0.151407 0.185612 0.244770 -0.065327 0.211072 -0.001642 0.010262 0.035988 -0.163282 0.025286 -0.383659 0.054719 0.036747 0.037810 0.195970 0.048047 0.018660 0.192568 0.053593 0.018181 -0.080006 0.087476 0.180931 -0.169994 0.262632 0.047637 0.069891 0.156945 0.162246 
-0.138808 0.183436 -0.195822 0.180198 -0.061486 0.069323 0.168271 0.024059 -0.159999 0.151626 0.046506 -0.276998 0.184722 -0.133192 -0.030634 -0.118986 -0.013199 -0.109767 -0.118462 0.132270 -0.020658 0.198904 0.134210 0.134268 0.078024 -0.160646 0.214038 -0.047429 0.036770 0.018925 0.016499 -0.108408 0.112240 -0.091792 0.182152 0.097573 -0.067906 0.117994 0.213581 0.002390 0.093601 0.133772 -0.020605 -0.060975 0.063969 -0.062994 -0.032740 0.201069 -0.279058 -0.380475 
-0.138841 0.009972 0.127506 0.126942 0.102174 0.042112 -0.018553 -0.037054 0.029787 0.341009 -0.068590 -0.027586 -0.237017 0.008709 -0.176519 0.299565 0.038578 -0.269405 -0.116463 0.008815 -0.169700 -0.165319 0.031442 0.204075 0.076185 0.029171 -0.123725 -0.094746 -0.259466 -0.008573 0.155144 -0.034327 -0.041169 0.103007 -0.076841 0.003164 0.033805 -0.162454 -0.136934 -0.192790 0.171301 -0.263360 -0.190708 -0.173082 -0.070689 0.011600 -0.167840 0.068121 -0.124563 -0.065677 
-0.155804 -0.199517 0.151998 0.167323 -0.160674 -0.119977 -0.019868 -0.188140 -0.032452 -0.078160 -0.172730 0.130356 -0.043774 -0.208282 0.181321 -0.170852 -0.151807 0.083317 -0.050401 0.065765 0.025666 -0.140629 0.238678 0.016274 0.057171 -0.009540 0.076536 -0.141040 -0.076183 -0.153603 -0.084631 0.019038 0.191140 0.194508 -0.001043 -0.049425 0.156919 -0.053236 -0.045793 -0.059140 -0.364904 -0.041837 -0.055581 0.157098 0.216401 -0.155737 -0.230708 0.183858 -0.167620 0.090331 
-0.132981 -0.249181 -0.070650 -0.061279 -0.049160 -0.012400 0.068983 -0.004376 0.088730 0.034842 0.050602 0.336041 0.315130 -0.171334 -0.129292 0.051132 -0.282639 0.143869 0.165246 0.151959 -0.139478 0.092635 -0.232205 -0.076853 0.017755 0.169931 0.085686 0.079544 0.095599 0.246549 0.300162 -0.078840 -0.171619 0.130784 -0.000933 -0.077213 0.031163 -0.223279 0.133990 -0.034624 0.112803 -0.019495 -0.033774 -0.065034 -0.009963 -0.116210 -0.027226 0.134747 -0.084272 -0.055217 
-0.148752 0.207718 0.029134 0.110529 -0.056331 -0.349170 -0.016645 -0.055806 -0.206735 -0.045662 -0.019392 0.198391 -0.008958 0.194450 -0.025749 -0.200478 -0.281379 -0.235456 0.076786 -0.146549 0.035829 -0.115212 0.020784 0.053235 -0.118763 -0.114851 0.054667 0.003214 -0.048617 0.087045 0.213890 0.165883 -0.118876 -0.128593 0.022307 0.319554 0.077706 -0.036034 0.086805 0.184262 -0.010928 0.041116 -0.004703 -0.137353 -0.018546 -0.062597 -0.191240 -0.295722 0.072492 -0.014731 
-0.142712 0.076655 -0.133309 -0.199853 0.173755 0.037275 0.206169 -0.019388 0.025782 0.120507 -0.090814 0.298421 -0.204083 0.151451 -0.074853 -0.027475 0.097920 -0.251257 -0.066390 0.104714 -0.026819 0.031580 0.183456 -0.069079 0.002403 0.143252 -0.084709 -0.038521 0.290615 0.202096 0.129717 0.025100 0.215826 -0.023517 0.249008 -0.033685 -0.212870 -0.071212 -0.148920 0.075971 -0.066218 0.026164 0.015720 0.323498 0.211047 0.001747 0.074509 -0.042230 -0.078018 0.037825 
-0.152034 -0.070175 0.071371 -0.103936 0.138598 -0.231090 0.157920 0.041383 0.105475 0.236655 0.089969 0.120485 0.024361 -0.014306 0.029100 0.091421 0.105442 0.081252 0.067156 -0.250334 0.059306 0.039105 -0.015619 0.082435 -0.028163 0.003760 0.182581 0.088086 -0.130583 -0.000732 -0.329714 0.068936 0.184988 -0.288629 -0.133770 -0.059943 -0.156857 -0.176804 0.151291 -0.104828 0.053731 -0.092612 0.394200 0.000577 -0.003485 -0.282086 -0.103786 -0.004483 -0.039385 -0.010680 
-0.138175 -0.179294 -0.043470 0.107633 -0.071773 -0.014803 0.007258 0.286426 -0.023758 -0.187932 0.224417 -0.007968 -0.179021 0.122884 -0.203231 0.070680 0.100483 -0.086152 -0.112415 -0.086064 -0.086231 -0.194380 -0.336576 0.056527 -0.204528 -0.140255 0.272222 -0.024433 0.042577 0.029557 0.094651 0.020250 0.065123 0.221349 -0.084282 -0.035811 -0.050021 0.134721 -0.132423 -0.053961 -0.207670 0.093206 0.117034 0.181740 0.018363 -0.051876 -0.059476 0.106457 0.142596 -0.284694 
-0.136712 0.238030 -0.044224 -0.065977 -0.009394 0.366687 0.125623 -0.076172 0.221411 -0.189173 -0.032541 0.055912 -0.015667 0.109580 -0.066364 0.126540 -0.081329 0.140291 -0.104842 0.056972 0.085913 0.180616 0.038213 -0.076475 -0.031156 0.054196 0.160844 0.164590 -0.147296 -0.076188 0.122169 0.155047 0.047750 0.105402 0.058583 -0.010788 0.007624 0.382821 0.003689 -0.057378 0.009202 -0.238110 0.030737 -0.093337 0.011743 -0.276391 -0.277499 -0.181239 -0.001485 0.098451 
-0.154993 -0.018365 -0.175500 -0.099302 -0.013769 0.142885 -0.026878 -0.191004 0.005613 -0.143168 0.145940 0.134504 0.078107 0.125937 0.112423 0.173772 0.025325 0.070068 0.192008 -0.336680 -0.158802 0.033203 0.119662 -0.087633 -0.150659 -0.189397 -0.061908 -0.306857 -0.011002 0.106192 -0.153795 -0.031610 0.361678 0.199461 0.073773 0.137007 0.017042 -0.078089 0.123795 -0.121581 0.078139 0.060254 -0.251107 -0.170419 -0.072918 0.069704 0.050713 0.019631 0.086457 -0.044767 
-0.137194 -0.275020 0.140315 0.082737 -0.027297 0.015661 0.153287 0.129604 0.231811 -0.035962 -0.116616 0.120203 0.156502 0.093107 -0.130554 -0.226240 0.170433 -0.083550 -0.032224 -0.001561 0.045337 -0.100158 -0.069438 -0.054333 -0.093179 0.008445 -0.269447 0.292188 0.036936 -0.044637 -0.199695 -0.015019 0.083708 0.033347 -0.041769 0.318059 0.125997 0.207618 0.033735 -0.118991 0.200873 0.044382 -0.042166 -0.125501 0.235129 0.206585 -0.014171 -0.033013 -0.199325 -0.044739 
-0.139195 0.029656 -0.222410 0.077126 0.089604 -0.006893 -0.132202 0.177164 -0.115551 -0.298180 -0.353935 0.070013 -0.174657 -0.079220 0.021799 -0.010710 0.077643 -0.085577 -0.010820 -0.002982 -0.166085 0.014722 0.052014 -0.036903 0.187738 -0.088010 0.028272 0.029810 0.271779 -0.100810 -0.107877 -0.161018 -0.079234 0.148299 -0.144512 0.030297 0.066249 -0.098790 -0.023177 -0.143016 0.170101 0.074398 0.183648 -0.110776 -0.220930 -0.303010 0.114607 -0.165197 -0.182058 0.078066 
-0.143097 0.109267 0.034936 -0.049461 0.091706 0.131735 -0.282902 0.073526 -0.055425 -0.004378 0.264176 0.167407 0.166498 -0.016337 -0.157446 -0.015454 0.301832 0.069713 0.106992 -0.196942 0.108045 -0.090634 0.017095 0.100642 0.197035 0.023971 0.057124 -0.019835 0.010560 0.052178 -0.038461 -0.019556 -0.151751 -0.159804 0.164100 0.150426 0.310162 0.069707 -0.244693 0.213654 -0.060753 -0.052352 -0.105579 0.087558 -0.045976 -0.192855 0.033212 0.211781 -0.217779 0.109077 
-0.138460 0.126691 0.103170 0.131893 -0.058724 0.076615 -0.117454 -0.147862 0.109441 0.121545 -0.261904 0.051835 0.181431 0.085134 0.043965 0.136452 0.029076 0.115148 0.018325 -0.064986 0.285422 0.017688 0.097039 0.128265 0.004681 0.037187 -0.033551 0.071305 0.069422 0.051328 0.085609 0.377400 -0.001574 0.266350 -0.135313 0.067540 -0.155316 -0.067301 -0.189692 0.050235 -0.010531 0.279742 0.229387 0.013161 -0.244768 0.128136 0.110554 0.151585 -0.039732 -0.191395 
-0.151076 -0.212944 0.041284 0.050924 -0.249330 0.199673 -0.036159 -0.027607 -0.053464 0.243969 0.107902 -0.064619 -0.157684 0.003845 -0.143210 -0.096012 -0.091559 0.002089 0.036799 0.048779 0.077754 0.182370 -0.151266 -0.047785 0.174280 -0.230564 -0.071213 0.010976 -0.150875 0.243740 -0.124524 -0.166513 0.074956 0.119913 0.046096 0.064101 -0.158064 -0.007948 -0.025267 0.175586 -0.238494 0.014356 0.131774 -0.030979 -0.215182 0.073144 0.049176 -0.306300 -0.195656 0.235742 
-0.145060 -0.098954 -0.031918 0.136060 0.007843 0.416426 0.122228 0.196142 -0.262732 -0.048245 -0.237710 0.087745 0.080843 0.208191 -0.024530 0.082963 -0.105855 0.096047 0.293877 0.074403 -0.009319 -0.000560 0.050543 0.100125 -0.077985 0.054571 -0.050290 -0.230897 -0.041484 -0.089153 -0.101827 0.022464 -0.151924 -0.335165 -0.090139 -0.091052 0.098116 -0.070931 -0.001845 -0.030939 -0.155000 -0.147220 0.102287 0.082845 0.085312 0.188380 -0.004883 -0.106878 0.009523 -0.186030 
-0.135471 -0.115244 0.113549 -0.148758 0.140466 0.050441 0.306177 -0.070529 -0.003191 0.012542 0.130765 -0.172872 -0.175769 0.063420 -0.110861 -0.014408 -0.205617 0.094425 0.039515 -0.039724 -0.109271 -0.146035 0.202141 -0.139052 -0.071271 -0.038647 0.245624 0.132367 0.054345 -0.284776 -0.185955 0.118280 -0.291783 0.185763 0.299021 0.037355 0.098419 -0.179848 -0.036078 0.149324 0.129423 0.055537 0.033221 0.025216 -0.155748 0.138354 0.061728 0.049754 -0.073270 0.015127 
-0.142723 0.026235 -0.166724 -0.124262 -0.220893 0.214232 -0.187719 -0.057500 0.013789 0.104402 -0.042684 -0.000041 -0.081500 -0.217280 -0.208262 -0.112877 -0.093459 -0.112935 0.050062 -0.016692 -0.136327 -0.093268 0.017424 0.241988 -0.086361 0.219642 0.192612 0.018350 -0.196485 -0.127486 -0.035154 0.080015 0.112007 -0.048559 -0.087364 -0.038066 0.040131 0.004207 -0.031412 0.065773 0.187250 0.321911 0.068565 -0.088685 0.307717 -0.005699 0.219551 -0.039255 0.204028 0.212753 
-0.138276 0.231645 -0.003843 -0.111381 -0.071384 0.154878 0.127466 0.139576 0.212445 0.097447 0.135133 0.080366 -0.179386 -0.082383 0.286818 -0.111738 -0.109067 0.000541 -0.107744 0.142832 0.030862 -0.085304 -0.132661 -0.130222 -0.017080 -0.373284 -0.084437 -0.230991 0.047300 0.083589 0.075090 0.153136 -0.066342 -0.107641 -0.284458 0.025034 0.244839 -0.029645 0.051081 -0.008047 0.193692 0.022409 0.127931 0.113645 0.007963 0.087176 0.013721 0.218718 -0.058614 0.156029 
-0.146407 -0.000655 0.236495 -0.043867 0.027151 0.024960 -0.050990 -0.039367 -0.003201 0.088500 0.288944 0.118090 0.095824 -0.110174 0.163620 0.236613 0.066076 -0.161854 0.062753 0.239402 -0.026043 -0.101569 -0.053223 -0.141053 0.130049 0.068486 -0.075258 -0.109894 0.257931 -0.377949 0.074238 -0.067780 0.137154 -0.047948 0.029385 -0.096848 0.028998 0.103838 -0.027256 0.127789 -0.101184 0.204084 0.159481 -0.322707 0.009811 0.020877 -0.096612 -0.225636 0.029465 -0.135383 
-0.120377 -0.236763 -0.079872 -0.155706 0.095417 0.022143 -0.147196 -0.242449 0.108838 -0.230146 0.106528 -0.049553 0.257134 0.269567 0.094164 0.032216 0.061324 -0.353463 -0.221414 0.185056 0.020072 -0.005918 0.135382 0.148757 -0.016732 -0.033352 0.185081 -0.110228 -0.031962 0.036226 -0.095077 -0.031215 -0.253546 0.002619 -0.275414 -0.017516 -0.193276 -0.008140 0.136894 0.133648 -0.039886 -0.110893 0.026735 -0.012945 0.035035 0.075355 0.026089 0.053268 -0.102593 0.135197 
-0.140601 -0.124819 0.165994 0.081767 0.221901 0.182303 -0.209355 -0.027719 0.044763 -0.088236 0.048676 -0.070189 -0.109768 0.149293 0.122199 -0.121092 -0.064218 0.297416 -0.119338 0.138529 -0.127064 -0.079256 0.120435 -0.129507 0.183998 -0.044539 0.023565 0.206291 -0.144299 0.041502 0.171181 -0.167865 0.171594 -0.229082 -0.129627 0.226327 -0.173483 -0.199101 -0.059673 0.110702 0.131928 0.133909 -0.109459 0.102652 0.027308 -0.120052 -0.020473 -0.006721 0.196545 -0.189785 
-0.149102 -0.074863 0.145100 -0.015487 -0.078082 -0.010912 -0.329343 0.251120 0.158340 -0.127939 -0.017102 -0.213517 -0.014241 -0.111534 -0.074630 0.076294 -0.109642 -0.060997 0.210853 0.097028 0.079890 0.087780 0.101639 0.093572 -0.256059 -0.269760 -0.129710 0.042858 0.233820 -0.007113 0.019187 0.158651 -0.017736 -0.163953 0.282551 -0.050813 -0.294513 -0.116152 -0.045320 -0.102404 0.044864 -0.070071 -0.067069 -0.084557 0.082447 -0.077944 -0.152161 0.122588 0.015898 0.171652 
-0.137945 -0.066333 0.108264 0.049254 -0.177274 0.066356 0.219671 -0.009385 0.181998 -0.188954 0.013012 -0.065375 0.116999 -0.139508 0.065230 -0.227900 0.103860 -0.259333 0.017547 -0.342109 -0.159538 0.209589 -0.041365 -0.081481 0.025763 0.118004 -0.229946 -0.145759 -0.200671 -0.272318 0.238831 0.004235 -0.089342 -0.116887 0.027293 -0.066668 -0.174491 -0.061321 -0.084440 0.064971 0.027452 0.026705 -0.007728 0.198457 -0.223097 -0.120292 0.051640 0.014361 0.012854 -0.041726 
-0.155506 0.104915 0.008545 0.096925 -0.009550 0.052953 0.001185 0.211687 -0.303645 0.123142 0.001372 -0.061151 0.207467 -0.072591 0.118259 0.158922 0.290405 0.069293 -0.105290 -0.185844 -0.045573 0.026300 0.042819 -0.264419 0.062228 -0.054587 0.057905 0.090296 -0.060653 -0.052407 0.153360 0.024948 -0.188342 0.244982 -0.019657 0.084784 -0.163126 -0.164265 0.160418 -0.034659 -0.003390 0.004662 0.044145 0.088932 0.357786 0.144312 -0.128061 -0.073593 0.086632 0.281302 
-0.154911 -0.011691 0.090281 -0.166275 0.271514 -0.063254 -0.075571 0.053115 -0.267118 -0.175362 -0.009341 0.006853 -0.038523 -0.062515 -0.035597 -0.027159 -0.131633 -0.136338 0.135002 -0.047038 0.263352 0.009576 -0.046212 -0.071682 0.064109 -0.124806 -0.022797 0.205798 -0.244416 -0.119133 0.261366 0.038451 0.289713 0.066305 -0.032827 -0.204092 0.043429 0.084656 0.153098 -0.005214 0.005477 -0.203377 0.046765 -0.036941 0.012769 0.146860 0.370155 0.132628 -0.140118 -0.018233 
-0.141728 0.138788 -0.028444 -0.100504 -0.127517 -0.076874 0.104530 0.274460 0.024749 -0.130937 0.012190 0.061059 0.028336 -0.122541 -0.089441 -0.133480 -0.045846 0.192345 -0.326026 -0.140654 -0.039123 -0.092580 0.236382 -0.032701 0.008519 0.070740 -0.082031 -0.020895 0.021498 0.175963 -0.093563 -0.046492 0.005567 -0.012916 -0.120650 -0.245743 -0.134740 -0.068813 -0.189115 0.282003 -0.102339 -0.183149 -0.035778 -0.437981 0.026145 0.144311 0.026695 0.039323 0.027229 -0.127604 
-0.138460 0.303751 0.006408 0.081236 -0.028279 -0.048466 0.139032 -0.113069 -0.090312 -0.077400 0.256939 -0.032484 0.169795 0.137957 -0.239769 -0.244269 -0.010237 -0.010102 0.208436 0.155391 0.066611 -0.181277 0.102404 -0.054574 0.110012 0.017323 -0.029709 0.089059 0.010297 0.017592 -0.072477 -0.155379 0.010228 -0.002122 -0.168662 -0.209736 -0.134137 -0.037860 -0.165581 -0.462840 -0.008624 0.130654 -0.044622 0.048810 -0.135836 0.075942 -0.111480 0.038402 0.074962 0.178785 
-0.134475 -0.029347 0.007929 -0.251784 -0.083436 -0.164493 0.122801 0.108085 -0.057242 -0.175581 -0.025854 -0.276870 -0.025440 -0.126560 0.028192 0.045870 0.308594 0.129540 0.208300 0.336900 0.124984 -0.184991 0.108220 0.024318 -0.165886 0.233662 -0.067996 -0.223258 -0.244186 0.219065 0.107633 -0.012412 0.060959 0.110316 0.018857 0.169634 0.064925 -0.021452 0.043698 0.092765 0.120987 0.020599 0.105512 0.057087 -0.117954 -0.069515 -0.082102 -0.136741 -0.064128 -0.029628 
-0.134730 0.138540 0.014365 -0.033845 0.216711 -0.119925 -0.140739 -0.058706 0.219255 -0.037233 -0.265022 0.118684 -0.064268 -0.112963 -0.324339 -0.105244 0.136185 0.150570 -0.088592 0.098144 -0.005098 -0.027817 -0.249229 -0.191211 0.128465 -0.017665 0.148959 -0.339296 -0.118441 -0.123927 -0.066244 0.081290 -0.087506 -0.121422 0.148225 0.073633 -0.170513 0.019906 0.259261 -0.076806 -0.174246 0.079387 -0.101008 -0.051222 -0.073894 0.220666 -0.006931 0.018198 0.023504 -0.010915 
-0.151030 0.001946 -0.180520 0.308285 0.112350 -0.124184 0.158175 -0.283687 0.224992 0.038100 -0.109420 -0.112619 0.028604 -0.012603 0.137410 0.052816 0.136581 0.095933 0.142431 0.011848 0.022413 -0.105125 -0.077356 -0.061832 -0.198494 -0.198787 0.093804 0.005264 -0.050859 0.048925 0.179038 -0.254086 -0.111046 -0.103366 0.134084 -0.029513 0.030336 0.033760 -0.304472 0.028649 -0.084574 -0.102807 0.146872 -0.202866 0.192437 -0.034518 0.298613 -0.015301 0.058236 0.093491 
-0.118884 -0.046401 -0.030987 -0.148552 -0.024976 0.043544 -0.124437 -0.118007 -0.124627 0.129676 -0.273792 -0.152024 0.277102 -0.171020 -0.075118 0.043311 -0.105054 -0.157301 -0.155421 -0.072438 -0.082007 -0.139456 -0.044104 -0.266706 -0.138555 0.001831 0.096603 0.065068 0.143475 0.066788 -0.037634 -0.160161 0.210124 -0.151677 0.013246 0.075982 0.144321 0.127152 -0.148685 0.046238 0.066179 -0.197628 0.153308 0.169144 -0.285608 0.154574 -0.208384 0.087973 0.213782 0.056919 
-0.148788 0.039682 -0.087524 -0.306777 -0.130030 -0.013312 -0.074460 -0.301284 -0.180665 0.038158 -0.017384 -0.035019 -0.280773 0.072869 -0.121789 0.048656 0.052716 0.160817 -0.070592 -0.114665 0.108040 0.148671 -0.050715 -0.041403 -0.265420 0.034371 -0.299392 0.123897 0.089195 -0.154981 0.092038 -0.270331 -0.222058 -0.087994 -0.158090 0.057032 0.006252 -0.002523 0.104082 -0.044800 -0.154057 0.133264 0.062293 -0.059881 0.085339 -0.059199 -0.136777 0.218945 -0.108450 -0.113293 
-0.141165 0.165249 0.240476 0.158921 0.231647 0.124201 0.017416 -0.170297 0.020723 -0.237620 0.064766 -0.178660 -0.039710 -0.183559 -0.084116 0.018076 -0.039521 -0.217349 -0.098672 -0.009718 0.116101 0.237958 -0.155949 -0.020694 -0.013711 0.126992 -0.129019 0.013756 0.037904 0.308933 -0.261709 0.015313 -0.044751 0.097033 0.041312 -0.040923 0.285252 -0.273736 0.055420 0.012271 -0.063387 0.035195 0.090087 0.006534 0.181605 -0.048482 -0.011571 -0.049407 0.210139 -0.116501 
-0.142955 -0.041415 0.000757 -0.291279 0.102152 -0.142097 -0.090417 0.136298 -0.059742 0.056287 0.009825 0.033667 0.073220 0.011263 0.267020 -0.110489 -0.102835 0.057076 -0.162924 0.019014 0.119773 0.376428 -0.134163 0.125187 -0.054567 0.027939 0.178559 -0.100400 -0.122797 -0.078727 -0.032876 -0.080779 -0.062815 0.039905 0.091257 0.064286 0.072950 -0.046327 -0.460686 -0.310303 0.058124 0.074660 -0.106401 -0.001738 0.045873 0.160473 -0.034924 -0.203055 -0.042297 -0.085131 
-0.163650 0.125117 0.108923 -0.028637 -0.009721 -0.135401 0.007152 -0.136782 -0.019486 -0.173381 -0.082229 0.013424 -0.060799 0.022886 0.165028 0.060468 0.151375 0.132281 0.115318 0.012470 -0.496215 0.102962 -0.146338 0.349540 0.096114 -0.083530 -0.006762 0.252730 -0.006201 0.121059 0.000016 0.041580 0.050525 -0.057778 0.072452 -0.232418 0.059064 0.122770 0.037087 0.143327 0.025750 0.071705 0.032440 0.093672 -0.031995 0.326061 -0.197218 0.011345 -0.107198 0.072306 
-0.134525 -0.172458 0.032979 -0.051337 0.051542 0.033448 0.243291 -0.031236 -0.153646 -0.086605 -0.064915 0.084787 -0.159969 -0.296930 0.194661 0.211928 -0.107419 -0.086683 0.061323 -0.117528 0.202523 -0.146189 -0.008020 0.071861 0.252419 0.007585 0.007050 0.033092 0.000952 0.221358 -0.115938 -0.015272 -0.241630 -0.125341 0.010358 0.102301 -0.245905 0.372098 -0.030654 -0.079331 0.036209 0.168290 -0.193631 -0.038320 -0.023923 -0.017385 -0.017405 0.114588 0.197692 0.027871 
-0.117647 -0.146492 0.176192 -0.074203 -0.026151 -0.063964 -0.086582 -0.019232 0.103515 0.087001 0.082208 -0.282012 -0.064665 0.092841 -0.051975 -0.102008 -0.057126 0.122654 -0.013542 -0.229897 -0.157951 0.033319 0.227366 0.046890 0.235802 0.156546 0.046178 -0.174224 0.278546 0.185299 0.265475 0.102187 -0.057956 -0.043010 -0.030634 0.065611 0.156807 0.225087 0.141656 -0.326333 -0.105195 -0.105157 0.201322 -0.044990 0.075154 0.055961 0.179767 -0.094376 0.036684 -0.000352 
-0.150778 -0.142611 -0.198368 0.118631 0.275790 -0.100004 -0.041370 0.168249 0.066808 0.232444 -0.064719 -0.162251 -0.120119 0.187351 0.056303 -0.198414 0.029048 -0.077204 0.293019 -0.020866 0.044331 0.260311 0.025928 -0.163558 0.031449 0.165405 0.014620 -0.063507 0.016759 0.002606 -0.023771 0.040312 0.018068 0.138444 -0.183929 -0.179323 0.100538 0.168372 -0.012025 0.251498 0.012562 0.107947 -0.130079 -0.135475 -0.031654 -0.024213 -0.268163 0.206812 0.148260 0.091423 
-0.144099 0.150595 -0.001916 0.041990 -0.163183 0.087744 -0.048759 0.122934 -0.009384 0.031042 -0.020394 -0.114659 -0.075587 0.205940 0.380504 -0.013931 -0.030618 -0.115172 -0.042416 0.034979 -0.072330 -0.156583 -0.256753 -0.121207 -0.094488 0.424542 0.104835 0.182566 0.000235 0.064624 -0.091063 0.064990 0.056210 -0.104774 0.146823 0.096830 -0.043843 -0.115914 0.116403 -0.134182 -0.248741 -0.032373 -0.134163 -0.169836 -0.149216 -0.043285 0.171392 0.174453 -0.144554 0.104404 
-0.129431 0.055566 0.225392 -0.215614 -0.154973 -0.085257 0.264752 0.069809 -0.049246 0.085116 -0.230528 -0.076324 0.162549 0.266363 -0.089402 0.028796 0.051089 0.048819 -0.035804 0.132566 0.022277 0.078542 -0.160337 0.256067 0.195747 -0.175810 -0.027404 -0.044922 0.131200 -0.151860 -0.024117 -0.100535 0.088753 0.108789 0.000793 0.083530 0.080520 -0.072135 0.048916 0.110506 -0.060463 -0.078284 -0.171791 -0.040503 0.014019 -0.250146 0.186244 0.129208 0.367416 0.118197 
-0.098931 -0.035547 0.100424 0.096808 0.245943 0.007998 0.081599 0.007708 -0.164365 0.153464 0.099466 0.089171 0.058818 -0.259877 -0.052418 -0.039864 0.118048 0.079461 -0.116189 0.176031 -0.231781 0.160200 0.148891 0.058867 -0.419814 -0.046772 -0.040390 0.087962 0.061188 0.003955 -0.004422 0.215140 -0.019582 -0.047440 -0.238879 0.076697 0.018052 0.137036 0.028686 -0.048139 -0.227062 0.020630 -0.242357 0.025148 -0.231455 -0.123165 0.238237 -0.109146 0.034221 0.114448 
-0.150186 0.021275 -0.028822 0.053102 -0.239636 -0.319174 -0.065076 0.085554 0.083069 -0.027708 -0.021727 -0.052997 0.056448 0.160512 -0.141367 0.441763 -0.146976 -0.037618 -0.064901 0.087869 -0.099433 0.135271 0.147554 -0.359285 0.087212 -0.033285 -0.071486 0.042214 -0.204191 0.050020 -0.147708 0.081958 -0.043966 -0.163393 -0.051405 -0.119064 0.166821 0.113300 -0.070106 0.007435 0.008120 0.196084 -0.130367 0.190231 0.082963 -0.075890 0.194511 -0.033701 -0.088177 -0.054317 
-0.133177 0.138742 0.337403 0.089449 -0.081730 0.005026 -0.098832 -0.074337 0.008983 0.099776 -0.072840 -0.034116 -0.043693 0.017750 0.043340 -0.048541 -0.022229 0.093266 0.067691 -0.149461 0.146285 -0.097953 -0.118521 -0.031995 -0.203969 0.092054 0.201106 -0.139480 0.223828 0.024688 -0.076187 -0.213949 -0.032677 0.077544 -0.153168 -0.244973 -0.137816 0.127325 0.090192 0.145465 0.309358 -0.090735 -0.285802 0.208132 0.072812 -0.062236 0.098806 -0.228506 -0.202104 -0.076026 
