-0.147508 0.189098 -0.235626 -0.054053 0.135323 -0.094343 0.144382 -0.267627 0.045178 0.060634 0.114834 -0.214821 0.131341 0.026243 -0.170491 0.000165 -0.221643 -0.172642 0.021952 0.088880 0.133241 0.005058 -0.004832 0.252257 -0.022273 -0.150262 0.162487 -0.090756 0.028112 0.058757 -0.052598 0.123135 0.135433 0.163593 0.135328 -0.080403 -0.017456 0.337079 -0.003294 0.156473 0.042568 0.203109 0.120819 0.103309 0.004633 -0.209237 0.183203 0.095406 -0.168940 -0.109639 
-0.153093 0.055062 -0.086623 -0.139241 0.007023 0.008762 0.231607 -0.161524 -0.088215 0.275443 0.120796 -0.014970 0.281092 0.080869 0.127028 -0.148547 0.024001 0.002759 -0.162738 -0.021835 0.223969 0.221517 -0.026153 -0.048054 -0.063735 0.138856 0.067045 0.161454 -0.319528 0.159947 0.079802 -0.156091 0.040332 -0.231187 -0.246572 -0.033333 0.073778 -0.043954 0.015294 0.012797 -0.035936 -0.080422 -0.118128 -0.049282 -0.069738 -0.029899 -0.092250 0.015596 0.287173 -0.237896 
-0.137875 0.060605 -0.106602 -0.307210 0.197192 0.249876 0.023793 0.149084 -0.152118 -0.034008 0.123518 0.142647 -0.024432 -0.063424 0.137770 -0.232501 -0.091023 -0.043859 0.209998 -0.108663 -0.104871 0.006404 0.055384 0.231662 0.204882 -0.024351 -0.024777 -0.179960 -0.075149 0.067764 -0.220996 0.169703 0.086753 0.084640 -0.086281 0.033721 -0.028393 -0.209293 -0.274646 -0.142965 -0.265381 0.046908 0.133119 -0.137693 -0.107627 0.102242 0.060807 -0.113617 0.002915 -0.029277 
-0.124104 -0.092609 -0.182868 0.171563 -0.008180 0.109684 0.008358 -0.179298 0.068097 -0.172494 -0.233663 -0.165710 0.191481 -0.049750 0.200365 -0.037142 -0.063913 0.140394 -0.256232 -0.072211 -0.273436 0.021767 -0.061649 -0.015227 -0.110229 0.015169 -0.135954 -0.115397 -0.124505 -0.172110 0.039623 -0.164517 -0.031627 -0.064828 0.108603 -0.141535 -0.022530 0.130589 -0.298611 -0.220864 0.023606 -0.071593 0.322582 0.146827 -0.225129 0.006456 -0.033927 -0.061735 0.001374 0.017590 
-0.136546 0.217953 -0.276188 -0.127063 -0.120650 -0.017725 -0.166713 -0.045467 -0.150367 0.069093 -0.044278 -0.137730 -0.121045 -0.090942 0.118114 0.099286 0.141384 0.072081 -0.164543 0.024447 0.153218 -0.038673 0.168363 -0.004815 -0.096860 0.298300 -0.054234 -0.108195 0.246098 -0.157521 0.050225 -0.019202 -0.240967 -0.065634 0.076141 -0.118656 0.033812 -0.126481 0.132150 -0.074608 0.002960 0.287259 0.010754 -0.347212 -0.045017 0.098300 0.144010 0.004922 -0.100714 -0.161112 
-0.139701 -0.233333 0.139341 -0.012617 -0.003940 0.131950 0.079663 -0.265305 -0.032249 -0.010597 0.002486 -0.135774 -0.442004 0.121144 0.076344 -0.208198 -0.118066 0.005402 0.111732 0.163289 -0.052356 0.324864 -0.011891 -0.238304 -0.015794 0.097217 0.134061 -0.172135 0.100636 0.032603 0.120763 -0.097649 0.059845 -0.097376 0.185264 0.064911 -0.137299 -0.030086 0.115809 0.115072 -0.224598 0.029438 -0.008620 0.105658 -0.053089 0.023076 0.213069 -0.093152 0.065567 0.016530 
-0.140078 0.022494 0.071633 -0.025182 0.086560 0.167087 -0.126027 -0.103632 0.096568 0.073077 -0.032057 -0.080242 0.068596 0.205995 0.125770 -0.120248 0.058683 0.196694 0.061223 0.054627 -0.198679 -0.229335 -0.047810 0.213300 0.043236 0.152126 0.037606 0.099516 0.071253 0.244150 0.213203 0.087254 0.017794 0.006332 0.073829 -0.083692 -0.108345 -0.208024 -0.043944 0.437596 0.342177 -0.176679 0.030663 -0.151641 -0.124625 0.022682 -0.004227 0.100947 -0.070803 0.070540 
-0.167698 -0.077059 -0.034413 -0.015720 0.271981 0.013899 -0.223352 0.095026 0.063614 -0.376580 -0.155331 -0.178603 0.052669 0.005245 -0.068374 -0.214832 0.053219 -0.037076 -0.029417 0.066608 0.046773 0.210080 0.095927 0.088263 -0.055049 0.066868 0.266627 0.101199 -0.166863 -0.105675 0.159406 0.061929 -0.145573 0.077209 -0.250435 -0.019283 0.052793 -0.085137 0.055420 -0.186429 -0.025440 -0.058894 -0.245445 0.016888 0.100405 -0.123202 0.074581 0.237604 -0.194086 0.135285 
-0.156149 -0.272936 -0.033121 -0.058671 0.164696 0.096364 0.013749 -0.101896 -0.135459 0.200684 0.091503 -0.040169 -0.154268 0.006912 -0.020281 0.183649 0.088853 -0.054869 0.232684 -0.102138 0.067213 -0.285642 0.250602 0.029227 -0.271017 -0.045752 -0.079529 -0.216380 -0.217687 0.052470 0.120670 -0.120321 0.091080 -0.180824 0.084865 0.156977 0.174191 0.103747 -0.022299 -0.219402 0.153684 -0.146576 -0.092318 -0.054660 0.041948 -0.062161 -0.070932 0.014677 -0.232179 0.076984 
-0.138199 0.164844 0.117042 0.006420 -0.008006 0.042206 0.192080 -0.116527 0.135873 -0.204419 -0.029800 0.029560 -0.077532 -0.036650 0.136237 0.000942 -0.026215 0.264727 0.099086 0.282014 -0.112701 -0.379563 0.253799 -0.109877 0.101456 -0.280014 0.016595 0.077350 -0.095994 -0.054553 -0.093972 -0.108562 0.013264 -0.069454 -0.192867 0.045891 0.055223 -0.083297 0.169084 -0.109925 0.062902 0.191597 0.056667 -0.007737 0.032061 -0.153257 0.178323 0.120194 0.236760 -0.113506 
-0.139888 0.084324 -0.084170 0.188686 0.067553 0.080619 0.086392 -0.041172 -0.164301 0.054350 0.360859 -0.007861 0.023974 0.063705 -0.205431 -0.075429 0.159582 -0.222447 0.009629 0.187989 -0.187085 -0.018390 0.007833 -0.121985 0.242854 0.013857 -0.061962 -0.114514 0.259903 -0.277428 0.089893 0.147262 -0.173692 -0.111721 -0.206694 -0.065993 0.208893 -0.042701 -0.006465 -0.020254 0.153020 -0.171974 -0.036208 0.213769 -0.197369 -0.042984 -0.064186 -0.073768 0.024124 0.002631 
-0.131296 0.052979 -0.308021 -0.079022 0.123896 0.086599 -0.086311 -0.111310 0.327195 0.000015 -0.058269 0.071111 -0.326426 -0.094867 0.077707 0.064023 0.208229 -0.133693 -0.012115 -0.082967 0.097070 -0.016266 -0.032988 0.099561 0.331933 -0.106256 -0.123012 0.288489 -0.151698 -0.096072 0.175336 -0.063666 -0.042627 0.023607 0.046742 0.053219 0.112954 0.230625 0.137058 0.146980 -0.154284 -0.083036 0.072027 -0.002765 -0.003205 0.162480 -0.118760 -0.087379 0.099522 0.107023 
-0.141677 -0.153676 0.219865 -0.071869 -0.011198 -0.185463 -0.264480 -0.022891 -0.172366 -0.041859 0.050776 -0.114347 -0.016169 0.202733 -0.083423 -0.127895 -0.013660 -0.052918 -0.273718 -0.237262 -0.117532 -0.037399 0.093193 -0.032195 0.042596 -0.155330 -0.106973 0.035612 -0.015674 0.059734 -0.337487 -0.073723 0.078273 0.059030 -0.122427 -0.036813 0.213050 0.203596 0.278179 0.094588 -0.032490 -0.115608 0.093285 -0.179446 -0.240865 0.136372 0.178772 0.044853 -0.002907 0.005995 
-0.155834 -0.007375 0.223089 0.117346 -0.101296 0.087765 0.110615 0.146312 0.072465 -0.103155 0.196543 0.129448 -0.177998 -0.136240 -0.091167 0.025925 0.018994 0.175662 -0.187088 -0.088679 0.381757 -0.137949 0.034009 -0.015045 -0.092332 0.154054 -0.125532 0.080480 -0.070248 -0.028181 0.202911 0.128082 0.177644 0.101049 -0.213347 -0.118805 -0.154993 0.089130 -0.147042 0.065994 -0.100337 0.032286 0.025873 0.089408 -0.335564 -0.099019 0.165846 -0.080830 -0.188323 0.030762 
-0.132395 0.149864 -0.055150 0.186885 -0.038254 -0.044703 0.252173 0.164918 -0.120164 0.092669 -0.155900 0.018100 -0.016567 0.000224 -0.038273 -0.222795 0.129413 0.116288 0.022141 -0.167562 -0.065328 0.127396 0.333095 0.092677 0.038534 0.192316 -0.245026 -0.004083 0.160059 0.075587 0.034085 -0.134312 0.024921 0.175466 -0.011423 0.305353 0.016728 0.144789 -0.070302 0.078956 0.007672 -0.091279 0.056851 0.198989 0.235565 0.111648 0.128492 0.294185 0.029167 -0.023245 
-0.139647 0.031745 0.017839 -0.153723 -0.144895 0.164498 -0.194948 -0.028023 0.328913 0.002095 0.082757 0.115039 0.082372 -0.085211 -0.190308 -0.022775 0.218848 -0.109785 0.058828 0.174861 0.091410 0.155149 0.098629 -0.084289 -0.387333 -0.086051 -0.049046 -0.217479 -0.052447 -0.157491 -0.131140 -0.036487 0.168435 0.222877 0.010841 -0.108812 0.039546 -0.172228 -0.019155 0.127359 0.085723 -0.146792 0.174585 0.052641 0.081483 0.189100 -0.009816 0.121926 0.173497 -0.075893 
-0.152025 -0.006966 0.061130 -0.073112 0.267405 0.016499 0.052974 0.186197 -0.138222 -0.002847 -0.049509 0.010100 0.142447 -0.082641 0.337949 0.252292 0.078345 -0.222579 -0.096654 0.065618 0.139978 0.191958 0.081788 -0.189584 0.143706 -0.062892 -0.195343 -0.070495 -0.031350 0.051950 -0.089115 0.078851 0.076511 -0.078185 0.070481 -0.057486 -0.325710 -0.081818 0.258320 0.050840 0.216433 0.046129 0.162289 0.138180 -0.027492 -0.076934 0.009380 0.125795 -0.033898 0.239598 
-0.159153 -0.213506 0.100606 -0.145862 0.027976 0.162449 -0.005094 0.151879 -0.141288 0.032729 0.009623 -0.231775 0.039566 -0.014764 -0.079531 -0.063768 0.203371 0.160931 0.078416 0.103186 -0.012724 -0.090600 -0.107419 0.074936 -0.192083 0.012148 -0.001796 0.230683 0.184657 -0.042520 -0.115114 0.099816 -0.086010 -0.200883 -0.142269 -0.047362 -0.072715 0.204622 0.064091 0.110566 -0.224120 0.156697 0.323780 0.110279 0.256800 -0.074027 -0.314819 -0.050982 -0.021291 -0.048437 
-0.155845 -0.097871 -0.062096 -0.104052 -0.148448 -0.026405 0.194811 0.351559 0.212838 -0.014513 -0.138328 -0.229951 0.028745 0.030206 0.241593 0.028168 0.117114 -0.078227 0.234296 -0.178442 -0.046237 -0.067758 -0.368523 -0.122752 0.022065 0.067271 0.038777 -0.080108 0.103457 -0.160065 -0.027310 0.103306 0.257202 -0.052196 -0.007735 -0.048172 0.226679 0.105719 0.013875 0.011894 0.089991 -0.005204 -0.208030 -0.019654 -0.055054 -0.031792 0.205567 0.082802 0.033402 -0.153902 
-0.151307 0.151074 0.119342 0.050121 0.166846 -0.105217 0.054124 0.031778 -0.105601 0.254219 -0.334307 0.056646 -0.231337 -0.238748 -0.113360 -0.038755 -0.055272 0.057538 -0.138970 -0.090173 -0.118192 0.054219 -0.105463 0.057640 -0.026674 -0.030842 0.163487 -0.224078 0.009427 -0.054677 0.126631 0.029082 0.167778 0.132020 -0.237865 -0.179656 0.059612 -0.005632 0.093645 -0.007469 0.176466 -0.062666 0.106291 -0.154094 0.197586 -0.165067 -0.076638 -0.300367 0.163362 0.096511 
-0.121988 -0.064330 -0.004388 0.176648 -0.238380 0.084001 -0.189024 -0.147905 -0.045205 0.125102 0.079084 0.338851 0.116301 -0.030025 0.201028 -0.115304 0.099600 0.004758 0.171058 -0.149790 -0.030133 0.198959 -0.139206 -0.037884 -0.001593 -0.258907 0.189309 0.046740 0.142918 0.053561 0.196551 -0.045932 0.053004 0.025638 -0.204026 0.128457 0.029011 0.107325 0.030261 -0.123672 0.144128 0.354080 0.141674 -0.078837 -0.054965 0.049613 -0.014609 0.139459 -0.179182 0.097350 
-0.132931 0.027783 0.118786 0.222884 -0.175996 0.043616 0.132498 0.083623 0.037712 0.227758 -0.045197 -0.021112 -0.020737 -0.024460 0.111816 0.022491 -0.035006 0.039690 0.166278 0.256549 -0.063630 0.184950 0.234258 -0.049923 0.130013 0.124853 0.148496 0.166224 -0.249546 -0.168142 -0.356616 -0.023082 -0.051611 0.120200 0.100448 -0.206100 0.090224 0.138236 -0.100277 0.085162 0.009570 -0.015388 -0.081786 -0.213155 -0.058022 0.020550 -0.171832 -0.055265 -0.286459 0.114415 
-0.140584 0.019188 -0.125583 -0.096323 -0.155243 -0.060500 -0.095430 0.273146 0.316109 0.211054 0.040163 -0.018772 -0.071285 0.175796 -0.291062 -0.140861 -0.268543 -0.005052 -0.048147 0.072974 -0.021724 -0.042045 -0.089916 -0.029741 0.143248 0.029303 -0.162083 -0.217759 -0.051268 0.049605 -0.013102 -0.230350 -0.105340 -0.265108 -0.117265 -0.003038 -0.223016 0.044124 -0.048128 -0.082748 0.015699 0.128015 0.016948 -0.103765 -0.001971 -0.109187 -0.070210 0.193186 0.012629 0.271976 
-0.132736 0.218619 -0.004722 -0.007134 0.171021 -0.176287 -0.088304 -0.011742 0.194650 -0.026512 -0.045650 -0.027149 0.106019 0.083700 -0.004434 -0.094634 0.067324 -0.035358 0.383290 -0.208947 0.040382 -0.047424 0.063708 -0.350656 -0.113034 0.076579 -0.057443 0.068005 0.124921 0.292305 -0.059553 -0.188148 -0.236348 0.192052 -0.039417 -0.112680 -0.072703 0.013007 0.032886 -0.085976 -0.033182 -0.024197 0.038654 0.108895 -0.127000 -0.139990 -0.056670 -0.346218 -0.076086 -0.057047 
-0.126976 0.034718 0.038489 0.056129 0.190843 -0.137588 0.126489 0.087930 0.146620 -0.147465 0.195080 0.039714 -0.102707 0.220398 -0.030613 0.124591 0.005014 0.092172 -0.197513 -0.108836 -0.159913 0.197810 -0.014164 -0.238206 -0.064495 -0.075837 -0.131096 -0.042466 -0.180717 0.115025 0.098765 0.208031 -0.067688 -0.054695 0.092281 0.051312 0.326885 -0.150254 -0.206816 0.178765 0.024190 0.307498 0.107880 -0.118158 0.237088 0.014703 -0.080592 -0.033842 -0.131478 -0.081729 
-0.142376 0.031842 0.261690 0.109028 0.145450 0.215869 -0.126540 0.044441 0.147103 -0.037193 -0.013630 -0.019157 0.062083 -0.230732 -0.033948 0.119755 -0.202402 0.016953 -0.083370 -0.003944 0.197097 -0.082961 -0.038990 -0.019189 0.185571 0.267900 0.279728 -0.173353 0.109914 0.262675 -0.100123 -0.010158 -0.102949 -0.069572 0.111329 0.118660 0.295198 0.122653 0.013644 -0.096854 0.071755 0.077608 0.057960 0.144757 -0.058297 0.248366 -0.151433 0.113164 0.142255 -0.068423 
-0.142615 -0.043586 0.083153 -0.208295 -0.079512 -0.168802 0.107431 0.207302 -0.126898 -0.051549 -0.001634 0.038754 -0.011006 0.070030 -0.120803 0.274699 -0.149831 0.190350 0.207844 0.067980 -0.032611 0.222801 -0.057486 0.161372 0.006585 -0.078671 0.039018 0.012289 -0.070064 -0.104906 0.279950 -0.029782 -0.250773 0.212738 0.130409 0.138207 0.025231 0.001645 0.151604 -0.072172 0.027124 -0.152909 0.232462 -0.069501 -0.323138 -0.051819 -0.120162 0.110795 0.100509 -0.182109 
-0.153391 0.049334 0.127720 0.025423 -0.089505 -0.046237 -0.053253 -0.083157 0.089349 -0.040898 0.312745 -0.306452 0.089175 -0.328339 -0.052644 0.199919 0.121091 0.104281 -0.036229 -0.316447 -0.194804 0.092645 0.064348 0.076780 0.226184 -0.113485 0.108996 -0.088917 0.039564 -0.064239 0.006324 -0.277124 0.123406 -0.022369 0.025220 0.054769 -0.233587 -0.190922 -0.006621 0.092651 -0.137434 -0.036904 -0.167662 -0.019015 0.087920 -0.097912 -0.138596 0.013623 -0.098580 -0.115042 
-0.145936 -0.174351 -0.171490 0.077923 -0.072333 -0.022537 -0.090303 -0.167586 -0.214377 -0.250916 0.092106 0.221630 0.110017 0.011040 -0.095121 0.093928 -0.060594 0.100372 0.205230 -0.164579 0.033625 -0.095110 -0.164653 -0.032756 0.089394 0.400171 -0.022755 -0.106091 -0.257717 -0.189264 -0.169497 -0.057267 -0.059426 0.100089 -0.021510 0.037574 -0.015436 0.020474 0.094841 0.254602 0.079381 0.118431 0.011369 0.021807 0.173902 -0.161247 0.070807 -0.045455 0.204007 0.151643 
-0.114808 -0.051968 -0.185723 -0.140890 0.129778 -0.095838 -0.083638 -0.050216 -0.100989 0.057450 -0.210302 -0.059183 0.033143 -0.161161 -0.155960 0.154193 0.038426 0.079010 -0.080422 0.243681 -0.072777 -0.017786 -0.061038 -0.285589 -0.052444 -0.038681 0.039519 0.099987 0.079659 0.014287 -0.121740 0.015727 0.129283 0.100628 -0.158989 0.490430 -0.084203 0.029534 -0.298582 0.178306 0.026151 0.097438 -0.193572 -0.056011 -0.265701 0.065862 -0.054391 -0.044081 0.011125 0.060420 
-0.116766 0.161026 0.143354 -0.055740 -0.198309 0.028025 -0.162257 0.019161 -0.059854 0.024073 -0.034740 -0.158126 0.050667 0.268452 0.007693 0.013621 0.242644 0.141160 -0.011612 -0.041596 0.043206 0.025294 0.107484 0.076806 0.086066 -0.149900 0.051905 -0.199741 -0.225718 -0.003912 0.061458 0.310495 -0.125859 0.013995 0.088287 0.062583 -0.226519 0.255605 -0.091238 -0.109920 0.123536 0.126897 -0.247666 0.158827 0.051350 0.172547 0.022510 -0.262687 0.231442 0.047611 
-0.138026 -0.034970 0.020358 0.046215 -0.029992 -0.483714 -0.088772 0.001439 -0.030539 -0.012014 0.135275 -0.078928 0.047258 -0.006068 0.238774 -0.207140 -0.235475 -0.149561 0.038265 0.123195 0.039700 -0.289657 0.062781 -0.120822 0.020837 0.109327 0.059692 -0.021795 -0.063526 -0.179678 0.233376 0.106736 0.191818 0.102629 -0.020268 0.047330 -0.130880 -0.034785 0.000964 -0.030736 -0.084455 -0.033151 0.118339 0.018590 0.137321 0.334553 -0.251135 0.013885 -0.019178 -0.057328 
-0.127498 -0.116917 -0.085771 0.012197 0.132446 -0.230903 0.004374 0.028845 -0.070318 -0.049491 0.109537 0.114179 0.085189 -0.091942 -0.158502 0.219019 0.068538 0.153463 0.158159 0.079828 -0.078104 0.081759 0.086672 -0.031403 0.032069 -0.022479 0.097665 0.164891 0.166943 0.168122 0.097367 -0.021212 0.107354 -0.187482 0.063733 -0.419136 -0.039724 0.146750 -0.225365 -0.110503 -0.070509 -0.077883 -0.024353 -0.117167 0.090631 0.264294 0.284033 0.072418 0.223182 0.180846 
-0.142919 -0.167570 0.034390 -0.276309 -0.073788 0.008747 0.031631 -0.041648 -0.114836 0.245675 -0.136935 0.114728 0.101613 -0.064816 -0.174110 -0.150176 0.073865 0.065306 -0.157809 -0.028198 -0.070612 -0.183549 -0.030606 -0.140525 0.172148 -0.041762 -0.029022 0.121242 -0.054533 0.006377 0.107158 -0.022397 0.011610 0.256761 0.331831 -0.237409 0.161097 -0.223103 0.044335 -0.104781 -0.098623 0.224721 -0.157889 0.319168 -0.011587 -0.055250 -0.030813 0.112814 -0.077631 0.070977 
-0.162002 0.310149 -0.084635 -0.142055 -0.177287 -0.048967 -0.047874 0.017119 0.082147 -0.040154 0.039938 0.208418 0.181111 -0.002126 0.057470 0.043633 -0.102558 0.181436 -0.087476 0.038280 -0.147008 0.041428 0.053416 0.028655 -0.157985 0.093379 0.108811 0.034074 0.076640 0.005163 -0.014077 0.176429 0.187276 -0.271019 0.144632 0.209900 0.172611 -0.007537 0.262735 -0.030533 -0.219076 -0.234971 -0.008868 0.139310 0.010143 -0.104910 0.044582 -0.188184 -0.163609 0.296066 
-0.141707 -0.186231 0.031920 0.133881 0.162714 -0.028866 0.046473 -0.005764 0.122336 -0.106713 -0.260994 0.213625 0.182956 0.263861 -0.086505 0.047778 -0.088740 0.001062 0.044319 0.000512 0.119754 0.080198 0.210161 0.297944 0.030899 -0.047744 -0.139689 -0.067652 0.244485 -0.189084 0.002661 -0.126873 0.218240 -0.147589 0.000425 -0.056026 0.002528 -0.103764 0.093264 0.088722 -0.044256 0.223941 -0.230912 0.013752 -0.115595 0.089725 -0.202290 -0.220033 -0.003509 -0.158263 
-0.161202 0.002999 -0.057444 0.345638 -0.011751 -0.156581 -0.129772 0.109392 -0.039631 0.244811 -0.153170 0.008104 -0.060804 0.036741 0.006208 0.207553 0.094509 -0.103557 0.038654 0.084915 -0.026119 -0.103616 -0.179190 0.202412 -0.071231 -0.089979 0.103630 -0.040091 -0.228483 0.100923 -0.096468 -0.038842 -0.174098 -0.118638 -0.119268 0.025326 -0.010749 -0.306572 0.013202 0.111827 -0.249273 0.002081 0.095175 0.289677 -0.031828 0.130103 0.293510 -0.011727 -0.102517 -0.130851 
-0.129917 0.157714 0.087752 -0.014649 0.342718 0.168086 0.074645 -0.010387 0.003437 0.132684 0.125244 0.235798 0.010395 0.292384 0.077239 0.083764 -0.031848 0.156961 -0.174111 -0.041453 0.017517 -0.117946 -0.294828 -0.105517 -0.083224 -0.049851 0.130034 0.017218 0.104630 -0.308213 -0.105030 -0.188609 -0.103081 0.157558 0.067756 0.037621 -0.223184 0.130306 -0.001101 -0.105745 -0.077097 -0.162740 -0.128131 -0.066719 0.176294 0.145152 0.075011 0.101077 -0.122026 -0.082033 
-0.125083 0.067199 -0.225605 0.166490 -0.098646 0.196624 -0.038587 0.006497 -0.164153 -0.057704 0.109895 -0.227496 -0.092196 0.014875 0.124556 0.124097 -0.315262 0.199166 0.047327 0.084754 0.067584 0.063468 -0.161236 0.024025 -0.132244 -0.189908 -0.306762 -0.002705 0.074622 0.217788 -0.019870 -0.001714 0.053545 0.268542 -0.150178 -0.158474 0.122298 -0.076117 0.140057 -0.034539 -0.050095 -0.038080 -0.267821 0.077238 0.074387 0.152041 -0.185267 0.021129 0.046493 0.146288 
-0.128324 0.002223 0.099986 0.024428 -0.115804 -0.101331 0.149149 -0.207197 0.040923 -0.167494 -0.088478 0.178987 -0.031752 0.078329 0.045010 0.137361 0.317013 -0.214738 -0.100544 0.203922 -0.194813 -0.070589 -0.142545 0.100323 0.006545 0.184428 -0.093772 -0.239294 0.027504 0.318790 -0.018203 0.086086 0.015016 0.143809 -0.072399 -0.052854 -0.086471 0.141489 0.037124 -0.142552 -0.282528 -0.034022 -0.111244 -0.172596 -0.024896 -0.128637 -0.216250 0.194148 -0.016967 -0.037367 
-0.140375 -0.002377 0.127780 0.282153 0.167298 0.039956 -0.276204 -0.011792 0.098889 0.227880 0.088067 0.001633 0.020728 -0.157462 -0.015733 -0.072578 -0.116820 -0.087565 0.065223 -0.014920 -0.158285 0.055646 -0.034202 0.048880 -0.149163 0.084965 -0.293796 0.260078 -0.021388 -0.090675 -0.005061 0.284732 0.042911 -0.003216 0.240920 0.118405 -0.083206 0.018690 0.043733 -0.185146 -0.069948 0.074176 -0.116262 -0.149896 -0.044980 -0.255794 0.074909 0.088222 0.286938 -0.143141 
-0.151694 0.351311 0.138222 0.059690 -0.044940 -0.069174 0.062520 0.030619 -0.242401 -0.214209 -0.004752 -0.070664 -0.209541 0.111687 -0.034570 -0.085985 0.108500 -0.249759 0.038510 -0.084156 0.132065 -0.055349 -0.147337 0.130193 -0.191435 -0.063666 0.107638 0.193022 0.022823 -0.068073 -0.087548 -0.240217 0.107123 -0.117660 0.249148 0.015856 0.064461 -0.151512 -0.211756 -0.015745 0.061493 0.112745 0.009237 -0.005347 -0.135541 -0.038130 -0.171409 0.101563 0.182224 0.271098 
-0.151176 -0.026200 -0.145997 0.119589 -0.142488 0.237401 -0.118296 0.354946 -0.191622 -0.207356 0.029649 0.097762 0.077941 -0.017480 -0.095191 -0.086566 -0.013733 -0.210304 -0.148749 0.225777 -0.057205 -0.076914 0.000649 -0.095366 0.078152 -0.079187 0.067091 0.076637 -0.076205 0.208271 0.160746 -0.243647 0.124681 0.031910 0.205831 0.045628 -0.063495 0.107880 0.038987 0.017772 0.083888 -0.069522 0.002766 -0.143167 0.160372 -0.083295 0.086416 -0.273429 -0.055565 -0.298838 
-0.152246 -0.137297 -0.143669 0.130497 -0.021412 -0.247455 -0.017071 -0.077198 -0.000445 -0.071881 -0.025377 0.096375 -0.098844 -0.110812 0.008084 -0.283772 0.144928 0.310741 -0.026721 0.049323 0.385110 0.045871 -0.154941 -0.008796 0.155755 -0.228406 -0.034535 -0.110988 0.091396 0.074345 -0.253695 0.160120 -0.068703 -0.132592 0.217999 0.034854 -0.018509 -0.097379 -0.060966 -0.065195 0.126988 -0.276873 0.005446 -0.067519 0.041581 -0.146939 -0.100265 0.039674 -0.073582 -0.137921 
-0.119903 -0.001465 -0.157150 -0.063083 -0.160128 0.069977 0.022660 -0.127752 0.023661 -0.052713 -0.086200 0.044216 -0.287321 0.169471 -0.192447 0.181374 -0.127462 -0.071543 -0.024663 -0.202112 -0.124382 0.055526 0.062625 -0.060050 0.050669 0.158363 0.117990 0.296195 -0.000992 0.068375 -0.194914 0.208015 0.183860 -0.066365 -0.109748 -0.044726 -0.225533 -0.129304 0.038356 -0.275401 0.277378 -0.058602 0.082910 0.162877 0.051326 0.097436 -0.104730 0.064635 -0.095119 -0.253473 
-0.143152 -0.253180 -0.151623 -0.007631 -0.136380 -0.002114 0.002661 0.121258 0.081016 0.058559 0.056276 0.119239 -0.089682 0.075192 0.275639 0.105086 -0.149225 -0.160393 -0.210337 -0.168942 0.004737 -0.099054 0.305623 0.009816 -0.138417 -0.125812 0.289249 0.008978 0.235842 0.019286 -0.049420 0.081319 -0.256924 0.125750 -0.019422 -0.026216 -0.010589 -0.006524 -0.190653 0.158942 -0.071671 -0.090867 -0.080451 0.054480 0.023343 -0.272524 -0.062664 0.026474 0.268036 0.065450 
-0.131800 0.008572 0.298913 -0.302298 -0.120601 -0.126164 -0.219878 -0.152656 -0.004163 -0.001724 -0.005620 0.054878 -0.057606 -0.020234 0.204518 0.119202 -0.140655 -0.104176 -0.003144 0.192263 0.056514 0.118568 -0.091094 0.178820 0.120787 0.068427 -0.279217 0.121563 0.117352 -0.036637 -0.008128 -0.172603 -0.074820 -0.018408 -0.128392 0.020575 0.155410 0.043918 -0.323754 -0.037624 0.158754 -0.077012 -0.043121 0.161520 0.247710 -0.134061 0.162104 -0.122650 -0.112779 -0.084547 
-0.145151 0.043254 0.145248 0.077150 -0.178685 0.214597 0.090275 -0.203616 -0.051027 -0.002407 -0.298540 -0.141548 0.249163 0.102899 -0.185574 0.127311 -0.139395 -0.175812 0.089133 -0.139965 0.238971 -0.079671 0.021927 -0.223024 0.165904 -0.144795 -0.079042 0.037869 0.064169 -0.069794 0.142261 0.182432 -0.073286 -0.034985 -0.025831 0.066099 0.019581 -0.142976 -0.109066 0.019687 -0.226015 -0.187887 0.141659 -0.283808 0.158551 0.003211 0.092721 0.037595 -0.025281 0.097812 
-0.145354 0.058062 0.085557 -0.120142 -0.058062 0.006647 0.198560 -0.050559 -0.044586 -0.146468 -0.102217 0.189299 -0.014301 -0.383269 -0.056262 -0.163985 -0.195931 -0.160578 0.044290 -0.128957 -0.166827 -0.034024 -0.049380 -0.005260 -0.222761 -0.148729 -0.112460 -0.009389 -0.077634 -0.006958 -0.003093 0.093815 -0.357226 -0.234982 0.010816 -0.090819 -0.138448 0.128571 0.068296 0.232804 0.101026 -0.003788 -0.249975 0.008373 -0.029228 0.252813 -0.012597 0.046152 -0.114649 -0.095668 
-0.136597 -0.263682 0.023267 0.023606 -0.051947 -0.050374 0.370130 -0.043510 0.212603 -0.000155 0.165180 -0.134069 0.111912 -0.069330 -0.056123 -0.058189 0.066160 -0.101165 -0.132297 0.056067 0.012229 -0.016916 -0.101290 0.220128 -0.076591 0.056318 -0.005352 0.148668 0.072276 0.063682 -0.092118 -0.025338 -0.157137 0.181950 0.023072 0.223321 -0.047650 -0.173205 0.132613 -0.230484 0.188873 0.070757 0.051983 -0.134329 0.063801 0.189087 0.174828 -0.312872 0.023304 0.258551 
