-0.134144 0.014901 0.027030 0.114537 -0.222256 0.088807 -0.027511 -0.095824 0.245554 -0.108721 0.115499 -0.209739 0.039493 -0.062645 -0.005196 0.141499 0.161954 -0.391386 -0.081456 -0.167167 -0.137478 -0.092060 0.094312 0.223351 -0.030450 0.061292 0.013060 -0.162150 0.159992 -0.034040 0.216021 -0.074700 -0.063185 -0.136919 0.040700 -0.101380 0.014783 0.099612 0.119293 -0.175956 -0.246845 -0.088457 -0.059794 0.079069 0.099916 -0.181497 -0.091245 -0.048612 0.234071 -0.241746 
-0.150901 -0.188051 -0.008943 -0.067403 -0.180641 0.120374 0.045570 0.201209 0.128153 -0.199219 -0.212071 0.093357 -0.232722 0.315968 -0.085204 -0.201106 -0.082280 0.093439 0.047091 0.157750 -0.111492 0.045533 0.306716 0.106442 -0.134822 0.168740 -0.098616 0.111452 -0.016975 0.264044 0.115920 -0.032130 0.066177 -0.050161 0.192898 -0.129223 0.034814 -0.164281 0.051406 -0.202364 0.140814 -0.058768 -0.087403 0.164001 -0.127968 0.072173 0.084777 0.015062 0.017654 -0.023424 
-0.160421 0.067699 0.075781 0.241892 -0.225040 -0.054804 0.068757 -0.025061 0.061930 0.113612 -0.093845 0.283933 -0.060164 0.015141 0.226212 0.253025 0.039830 0.074053 0.265522 -0.011572 0.051047 0.093184 0.045176 -0.020844 -0.189186 -0.016486 -0.052895 -0.233703 -0.070150 -0.029102 -0.155471 -0.098147 -0.175552 -0.041675 -0.017199 -0.078207 -0.157494 0.015802 0.192124 0.201910 0.209520 -0.262536 -0.016648 -0.125887 -0.191251 -0.277232 0.028646 -0.094871 -0.012764 0.051242 
-0.149126 -0.173668 0.008759 0.116350 0.024361 -0.195131 0.192593 0.166253 0.019037 0.046638 -0.028468 -0.060240 -0.052205 -0.021978 -0.292413 0.119335 0.155462 -0.040290 0.076012 -0.215458 -0.150486 0.345659 -0.127490 -0.016258 0.142047 0.120268 -0.284310 -0.056449 0.152176 -0.015441 -0.100637 0.163048 -0.097659 0.112147 0.143995 -0.052185 0.333751 -0.026941 0.063927 0.053310 -0.036552 0.128345 -0.078537 0.000302 0.148275 -0.047941 0.016643 -0.127193 -0.232707 0.147528 
-0.126948 0.139425 0.150676 -0.022546 -0.020654 0.081336 0.003835 -0.001202 0.280017 -0.014988 -0.161776 0.285991 0.094068 -0.134983 -0.097656 -0.209244 -0.223402 -0.007905 -0.005360 0.008868 -0.149976 -0.020327 -0.047313 0.262874 0.271262 -0.104496 0.039158 -0.163586 0.031435 -0.112762 0.001494 0.012156 0.110595 0.174151 -0.062597 -0.065255 -0.161009 0.094215 -0.007875 -0.000923 -0.170147 -0.118864 -0.110284 0.013583 0.109694 0.132194 0.148511 -0.085010 0.076321 0.436548 
-0.140933 -0.314510 0.032340 -0.107382 0.290202 0.021842 0.111374 0.008233 -0.111287 0.271637 -0.020220 0.115185 -0.037736 -0.043667 -0.036637 0.001804 -0.068024 -0.144226 -0.001764 0.132208 -0.017855 0.060581 -0.011052 -0.066274 0.082342 -0.015487 0.107972 -0.286865 -0.171770 0.011911 -0.077498 -0.091501 -0.184372 0.111359 0.096533 -0.056899 -0.018119 0.238370 -0.031405 -0.337384 0.062335 -0.299690 0.039208 -0.005897 0.146690 0.158764 0.034916 0.097362 -0.034669 -0.292807 
-0.136584 0.163327 -0.159313 -0.107530 0.027471 0.021642 -0.249404 -0.037538 0.093629 0.275562 -0.022459 -0.245819 -0.106188 -0.136906 0.227254 -0.372552 -0.035669 0.067064 0.341477 0.035314 -0.239539 0.234504 0.005292 -0.073023 -0.109516 0.152223 0.101437 -0.088920 0.034490 0.109245 -0.136767 0.089703 -0.088820 -0.178089 0.005021 0.046080 0.154529 0.029066 -0.047444 0.118886 -0.081175 -0.014807 0.024566 0.072182 0.120636 0.018394 -0.066029 0.057223 0.179842 0.043067 
-0.132679 -0.103394 -0.014614 0.048214 -0.242137 0.106281 -0.183852 0.141092 -0.227059 -0.031306 0.016746 -0.155306 -0.024772 0.000098 -0.033698 0.012934 0.017425 0.057207 0.030541 -0.150194 -0.147979 -0.070682 0.092748 0.044556 -0.044222 -0.019406 -0.111227 0.075990 0.197919 0.144364 -0.164188 -0.314842 -0.157196 0.403633 -0.034852 0.303273 -0.249767 0.064787 -0.150330 -0.005715 -0.153627 -0.110101 0.143942 -0.066326 0.015041 0.069501 -0.160156 0.110369 -0.112868 0.095160 
-0.148347 0.017424 -0.258018 0.025367 -0.057400 0.040732 -0.282090 -0.118985 -0.001090 0.195608 0.085095 -0.129343 0.051055 0.228763 -0.204387 0.008979 0.114597 -0.003026 0.075890 0.028917 -0.156969 0.036990 0.042074 -0.154394 0.302583 -0.248978 0.136369 0.163147 -0.129910 -0.121072 0.057320 -0.208584 0.130986 0.125663 0.122829 -0.346034 -0.002981 -0.010891 -0.054961 -0.006860 0.082176 0.008547 -0.126200 -0.165445 -0.126921 -0.224099 0.114927 0.048281 -0.022461 0.029172 
-0.117694 -0.055389 0.068579 -0.349526 0.084288 -0.264086 0.064894 0.012927 -0.136635 0.083120 0.079581 0.028521 0.035179 0.129617 0.125313 0.104299 -0.145328 -0.066728 0.271067 -0.107607 -0.012705 -0.114958 0.055071 0.002703 -0.049845 -0.015774 -0.153190 0.251706 0.016392 -0.166912 0.048602 0.004737 0.116257 -0.123584 0.368862 0.074224 -0.189580 0.303852 0.178283 -0.048515 -0.197734 0.093767 0.122633 0.091007 -0.067173 -0.069935 0.057673 -0.087528 0.088386 0.135452 
-0.167817 0.050565 0.002590 0.106929 0.074563 0.417943 0.019178 0.073224 0.018993 0.140835 0.025211 -0.092762 0.049344 -0.077458 0.036489 -0.026623 -0.042058 -0.053305 0.001236 -0.093318 0.172185 -0.008119 -0.061036 -0.062219 0.167783 0.081755 0.052818 -0.076371 -0.043214 -0.065900 0.308123 0.180182 -0.295191 0.090339 0.342581 0.146391 -0.227891 -0.075934 0.052922 0.120994 0.169886 0.222946 -0.082391 0.219501 -0.212247 0.050638 -0.076274 0.043104 -0.063903 0.046062 
-0.136410 0.024221 -0.273686 -0.053339 0.074958 0.045855 0.142780 -0.070451 0.078453 -0.157435 0.192564 -0.034106 -0.098441 -0.045963 -0.182159 0.395171 -0.002427 0.235641 0.141354 0.006618 -0.129517 -0.168950 -0.031259 0.027526 -0.105220 0.033726 0.285231 -0.212301 0.015229 0.205704 0.031391 0.093485 -0.014454 -0.017303 -0.050193 0.078472 0.075492 0.150822 -0.268604 -0.058084 -0.016801 0.071973 0.136846 0.135773 -0.154934 -0.002960 0.277696 -0.014130 0.023374 0.168776 
-0.136149 -0.123245 -0.000423 -0.005616 -0.008224 0.057534 0.004788 0.165624 -0.132192 0.065381 0.057896 0.014507 -0.226983 -0.157455 0.061918 -0.141604 -0.144963 0.019039 -0.116775 0.067069 -0.082519 -0.178198 -0.161008 -0.096284 -0.172713 -0.128553 0.152151 0.105490 0.348997 -0.014275 0.087864 0.237943 0.088177 0.081295 -0.028212 -0.004435 0.066592 0.149017 -0.020353 0.020306 -0.018479 -0.105940 -0.356698 -0.231932 -0.190557 -0.109654 -0.029690 -0.355795 -0.046074 -0.128333 
-0.138385 0.021262 0.092148 0.035786 0.055206 0.062524 -0.181318 -0.109916 -0.101627 0.081416 -0.043654 0.109916 0.414498 0.269419 0.075272 0.115796 -0.117514 -0.017499 -0.207504 -0.058409 0.044918 0.090075 -0.186528 0.019985 -0.214174 0.031937 0.068637 0.043989 0.097473 0.479795 -0.019652 0.089594 -0.145904 -0.068634 0.027172 -0.258007 0.052358 0.130058 0.067936 -0.066000 -0.097016 0.132453 -0.060684 -0.139182 0.017393 0.075895 -0.074152 0.061845 0.001025 0.171482 
-0.153591 0.137872 0.193702 -0.072645 -0.056522 0.164962 0.082431 -0.215562 0.004877 0.171264 -0.156526 0.006766 -0.267529 0.177945 0.037202 0.045712 0.195711 -0.012898 -0.018770 -0.018055 -0.145510 -0.081181 -0.071902 0.225740 -0.193853 0.117935 0.105134 0.211379 -0.157401 -0.258903 -0.033424 -0.061125 -0.101867 -0.022665 -0.225083 0.038580 0.032883 0.186359 -0.014929 -0.028956 0.008000 0.270034 -0.159759 -0.014088 0.101063 0.112091 0.087668 0.080251 -0.325561 -0.043492 
-0.130756 -0.069883 0.113334 -0.201930 -0.032507 0.174158 0.117796 0.010066 0.326612 0.035072 0.059003 -0.023387 -0.013788 0.009761 -0.155010 0.117660 0.023750 -0.151366 -0.070081 0.185131 0.340443 -0.048616 0.210601 -0.349580 -0.028083 -0.048896 0.050062 0.123038 0.099831 -0.003707 -0.320255 -0.112048 -0.059556 -0.121821 0.039408 0.054517 0.113670 0.031531 -0.104411 0.233288 -0.199687 -0.091679 -0.205474 0.045112 0.036424 0.016379 -0.084636 0.107411 -0.000337 0.143369 
-0.148906 0.212490 0.146356 0.164449 0.169209 -0.142734 -0.223130 -0.128727 0.013499 0.030821 0.091827 -0.027267 -0.106250 0.105661 -0.309959 0.009056 -0.158389 0.173291 -0.002192 -0.274269 0.115358 -0.064184 0.028750 0.213199 0.053019 -0.076493 -0.067395 -0.047736 0.109092 -0.002659 -0.205977 -0.023533 0.029499 -0.305438 0.198109 0.204324 -0.029218 -0.101721 -0.064115 -0.010811 0.108218 -0.130306 -0.177375 -0.103776 -0.070021 0.228105 0.040226 0.021541 0.034396 -0.231943 
-0.145650 0.092134 -0.007463 0.131102 0.050070 -0.026537 -0.101145 0.070401 0.011035 0.139923 -0.032959 0.165897 -0.234414 -0.318094 -0.114047 0.027411 -0.088823 -0.004635 -0.312515 0.140668 -0.014243 0.109945 0.230099 -0.082941 0.001251 0.088646 -0.168445 0.015736 0.062124 0.055841 0.247161 -0.215223 0.044853 -0.242135 0.032953 -0.079790 -0.043174 0.220515 -0.101850 0.093789 0.032313 0.240938 0.343052 -0.223699 0.025258 -0.023332 0.001936 0.001847 -0.035175 0.033260 
-0.173594 -0.062634 0.147798 -0.136696 -0.154323 -0.163096 0.090706 0.053517 -0.217288 -0.196484 -0.230012 -0.175201 -0.110021 0.025583 -0.035097 0.001849 -0.276251 -0.007828 -0.072917 -0.088227 -0.067687 0.166092 -0.046099 -0.094498 0.148865 -0.322037 0.088822 -0.239699 -0.065266 0.042053 0.021814 0.044429 0.008680 -0.209042 -0.226077 -0.039129 -0.127061 0.059774 -0.034688 0.110748 -0.036889 0.166478 -0.108709 0.190801 -0.076005 -0.181357 -0.117919 0.284014 -0.039623 -0.079955 
-0.131746 0.027002 0.017873 0.270181 -0.115294 0.039797 0.131043 -0.052843 -0.017635 0.057760 0.259044 -0.004297 -0.057380 0.209255 -0.047105 -0.029848 -0.576753 -0.105465 0.108075 -0.014250 0.016780 -0.061833 -0.020166 -0.153827 -0.003704 0.081866 -0.022720 0.046227 -0.228869 -0.086849 -0.010773 -0.109276 -0.067599 0.129970 -0.200805 -0.032108 0.193820 -0.141219 0.020552 0.000245 -0.152330 0.141627 0.156686 0.039166 0.040497 0.089586 -0.062516 -0.259428 0.097337 -0.084717 
-0.145428 -0.077040 0.014917 -0.160070 -0.008410 -0.063924 0.024362 0.286115 -0.047489 0.169466 -0.067006 -0.015987 0.151686 -0.057844 -0.109025 -0.060393 0.067734 0.232248 -0.104853 -0.183940 0.258219 0.041694 0.088970 0.229851 -0.118414 0.068265 0.328204 -0.096787 -0.176663 -0.123829 0.081416 -0.256773 0.071154 0.054660 -0.049709 0.172658 0.285626 -0.061454 0.138878 -0.094669 0.011704 0.103627 -0.027712 -0.103922 -0.064774 -0.168414 -0.157763 -0.054072 0.212707 0.116024 
-0.137338 -0.072117 0.140703 0.159177 0.093148 -0.143379 -0.015537 0.191242 0.097761 -0.128388 0.053576 -0.055085 0.234388 -0.062375 0.065078 -0.016140 0.067868 -0.290002 0.042174 0.281701 -0.215236 0.057552 -0.152257 0.170349 -0.232863 -0.277584 0.128498 0.045064 -0.127747 0.022719 -0.072322 -0.232710 0.100718 -0.019208 0.204957 0.124130 0.028553 -0.045409 -0.191304 0.217467 0.200648 0.151104 0.015632 0.120250 -0.010543 0.119456 0.014141 -0.142653 -0.039903 -0.052425 
-0.171865 0.200676 0.003803 -0.042654 -0.082590 0.070444 0.038780 0.064408 -0.283021 -0.135313 -0.275671 -0.043776 0.076807 0.020964 -0.060162 0.035445 -0.017595 -0.346523 0.035788 -0.145132 0.043192 -0.097322 0.022151 -0.135292 0.099354 0.290199 0.221830 0.042971 0.047647 0.046879 -0.005043 0.060009 0.233960 0.072229 0.026724 0.056578 0.129284 0.053820 0.090415 0.271424 0.205643 -0.180184 0.140847 -0.122510 0.130737 0.093928 0.287239 0.048963 0.077215 -0.074679 
-0.147678 -0.047055 0.194828 0.104370 -0.057979 -0.046155 -0.132324 -0.057905 -0.039112 -0.081091 0.050909 0.114464 0.208515 -0.166657 0.097739 0.028046 0.004662 0.418025 0.154205 0.195604 0.016894 -0.142720 0.033936 -0.124196 0.116864 0.087710 0.051261 -0.031227 0.096533 0.051540 0.179540 -0.147400 0.081807 0.062341 0.092658 0.023177 0.123108 -0.038913 0.185052 0.096673 -0.224470 0.076766 -0.140496 0.159291 0.268777 -0.063235 0.184677 0.095707 -0.223037 -0.282575 
-0.119281 0.029476 0.044694 -0.362603 -0.084540 0.034655 0.003246 -0.185111 0.005485 0.054085 0.114649 0.202968 0.007984 0.061330 0.018042 -0.010584 0.111693 -0.025541 -0.041522 -0.036123 -0.053195 0.014104 -0.296955 -0.050708 0.030593 0.281118 -0.285921 -0.275133 -0.071861 0.077405 0.095305 -0.164236 0.321952 0.095910 0.015238 0.009836 0.017747 -0.093057 -0.265517 0.162496 -0.027991 0.002002 -0.080848 0.009887 -0.230432 0.035235 -0.218275 -0.049931 0.025755 -0.145110 
-0.133995 0.068659 0.128863 0.033945 -0.013499 -0.153135 -0.323749 0.006742 -0.040528 -0.024977 0.261592 0.109429 -0.119995 0.269537 -0.231417 -0.107155 0.237742 -0.022371 -0.178181 0.159989 0.076579 0.135841 0.040906 -0.116935 -0.081068 0.009132 0.081250 -0.077103 -0.110595 -0.002823 0.081824 0.289924 0.045405 0.121674 -0.145030 0.195935 -0.131443 0.167648 0.150067 0.056568 0.038337 -0.124924 0.111459 0.291278 0.131356 -0.099740 -0.052262 -0.151655 0.021703 0.070448 
-0.138996 -0.191566 -0.240602 0.110474 0.096104 0.107335 0.127575 -0.027069 0.197919 -0.010260 0.097072 -0.059684 -0.195101 0.206784 0.231016 0.009113 -0.113278 0.105370 -0.151070 -0.051325 0.055338 -0.108829 -0.279288 0.084464 0.046642 -0.061416 -0.082098 0.014483 0.037223 0.061543 0.012897 -0.069148 0.249856 -0.032572 0.070283 0.157785 -0.030012 0.062705 0.115063 0.099572 0.235126 -0.045870 0.013309 -0.063675 0.441035 -0.181317 -0.098677 0.201861 0.053846 0.115893 
-0.125807 -0.307989 -0.082777 0.044312 -0.111851 0.164535 0.005355 0.003407 0.042153 0.132999 -0.110963 0.264709 0.210983 0.021528 0.004559 -0.063584 0.105116 0.166789 -0.013876 -0.329484 -0.017345 -0.015195 0.073070 0.046850 -0.023676 -0.209278 -0.040142 0.218966 0.010995 -0.136540 0.032134 0.214900 -0.005410 -0.134476 -0.110778 -0.086461 0.066114 0.057661 -0.296370 0.229600 -0.020811 -0.105366 0.253553 0.208614 0.053524 0.069782 0.004918 -0.054323 0.108063 -0.215796 
-0.136947 -0.138698 0.062175 0.018797 0.020054 -0.137879 -0.275618 0.103866 -0.015031 -0.069608 -0.019164 0.143839 -0.293082 -0.005037 0.327727 0.162179 0.207141 -0.159301 0.172998 -0.198432 0.146517 -0.164004 0.078239 -0.146920 0.150130 -0.133422 0.118453 -0.100315 -0.060005 0.074620 0.117516 0.037436 0.038019 -0.056014 -0.051524 -0.077841 0.043583 -0.243287 -0.104761 -0.137366 -0.045601 0.139440 -0.047725 -0.088862 0.136976 0.305395 -0.097191 -0.100342 -0.011621 0.189174 
-0.143031 0.032702 -0.196376 -0.030315 -0.035828 -0.208265 -0.100606 0.058689 0.265799 -0.210432 0.019891 0.123832 0.210175 0.058932 0.243677 -0.007599 -0.140980 -0.038841 -0.096804 -0.089293 0.080214 0.262427 0.123167 -0.122444 0.031266 0.239567 0.053316 0.044626 0.091806 -0.215455 -0.111707 0.078857 -0.053155 0.126363 -0.064736 0.164329 -0.147649 0.090393 -0.271153 -0.237413 0.128130 0.192917 -0.153077 -0.108045 0.012539 -0.102627 0.138829 0.022672 -0.047554 -0.175364 
-0.146388 -0.106494 -0.283903 -0.059591 0.053335 -0.051879 -0.256692 -0.029974 -0.107403 -0.308272 -0.202840 0.130250 -0.039442 -0.086013 -0.222442 0.037398 -0.028297 -0.013825 0.021698 0.182301 0.022689 -0.119533 -0.305780 -0.020555 -0.206436 0.062612 -0.169458 0.042835 -0.104705 -0.300910 0.077206 -0.018767 -0.354095 -0.038004 0.022526 -0.024071 0.024227 -0.101954 0.056789 0.084534 -0.099971 -0.029863 -0.088134 -0.079249 0.067798 0.035234 -0.008785 0.128384 0.243686 0.043907 
-0.131548 0.093067 -0.107936 -0.164322 -0.145825 -0.095005 0.031200 0.302574 0.085071 0.257183 0.022457 0.025841 0.088307 -0.059306 -0.097203 0.111065 -0.033854 -0.061554 -0.075427 0.109154 -0.101612 -0.155080 -0.169156 0.087048 0.110553 0.113798 0.079333 0.143929 -0.169285 0.140227 -0.059526 0.180269 -0.051356 -0.243927 -0.052590 0.070645 -0.273227 -0.399876 -0.011870 -0.072529 -0.149652 -0.115890 0.105289 -0.090200 0.123211 -0.156984 0.009967 -0.041390 -0.247241 -0.087202 
-0.138286 0.128830 0.283644 -0.074182 0.103855 -0.015031 -0.106194 -0.062805 0.336223 -0.123889 -0.106897 -0.064936 -0.072102 -0.142950 -0.036501 -0.028241 -0.078971 0.024834 0.045398 -0.126940 0.006193 -0.118163 -0.084220 -0.103392 -0.211953 -0.144886 -0.006869 0.063230 -0.094246 -0.016110 -0.015390 0.228637 0.074105 0.320026 0.145002 -0.104822 0.164621 -0.080428 0.013085 -0.146887 0.020952 -0.051865 0.362431 -0.123624 -0.107176 -0.180964 -0.136852 0.241068 -0.135347 -0.086377 
-0.144160 0.107723 -0.044549 -0.117785 0.154139 -0.145922 -0.023685 -0.096402 -0.196706 0.115907 0.123821 0.031648 -0.023123 -0.037221 0.224857 -0.109996 -0.061331 -0.140569 -0.317690 -0.069976 -0.006541 -0.220229 0.195922 0.124793 -0.061311 -0.062290 -0.180995 -0.058826 0.099284 -0.017938 -0.049910 -0.073274 -0.201555 0.098487 -0.012340 -0.083775 0.229193 -0.259825 -0.106588 0.043692 0.088756 -0.092634 -0.037661 0.305145 -0.017107 -0.238674 0.275094 0.063212 -0.084697 0.155454 
-0.156229 0.124264 0.057396 0.140609 0.065989 -0.043518 -0.009922 0.044451 0.002489 0.165462 -0.296308 -0.265391 0.016977 0.121477 0.079343 0.142727 0.020691 0.006965 0.151898 0.278247 0.374383 0.123406 -0.193527 0.106145 0.080029 -0.047597 -0.206497 0.109295 0.174887 -0.011868 0.243415 -0.029413 0.084664 0.023767 -0.191025 0.069576 0.076190 0.024703 -0.258055 -0.189998 -0.077830 -0.185672 0.070213 0.121058 -0.085463 -0.037413 0.090897 -0.058155 0.054769 0.024918 
-0.163300 -0.156010 0.208210 -0.005731 0.212204 -0.121140 0.191312 -0.086726 -0.033106 -0.054756 0.188468 -0.060204 -0.025818 0.021423 -0.008791 -0.091151 0.114023 -0.000007 0.165472 0.135732 0.042062 -0.019269 0.204905 0.272255 0.151830 0.096812 -0.029812 0.125655 -0.066159 0.181735 0.077385 0.194946 -0.151286 0.169320 -0.152908 -0.059417 -0.143995 -0.063686 -0.124781 0.264754 -0.027395 0.101890 -0.057835 -0.343621 0.007130 -0.116776 0.023476 0.134074 0.286319 -0.076214 
-0.140027 -0.290861 0.180629 -0.176851 -0.170174 0.108508 -0.167397 -0.285780 0.016606 0.037251 -0.039879 -0.142166 0.123811 -0.196896 -0.043717 0.094321 -0.025582 0.032516 -0.013083 0.157230 -0.067289 -0.104771 -0.022881 -0.020311 0.188389 0.018939 -0.124809 0.034391 0.115109 0.006686 -0.230241 0.054928 -0.009181 -0.087657 -0.168206 0.115660 0.024291 -0.075176 0.192461 -0.197885 0.409454 0.184255 0.126819 0.011467 -0.040778 -0.009562 0.047014 -0.218085 0.148812 0.068918 
-0.145189 -0.189732 0.099355 0.127085 0.357913 -0.013122 0.140509 -0.168386 0.077912 -0.061893 -0.051437 -0.025431 0.024815 0.083840 0.041643 -0.114860 0.125290 0.017117 -0.119225 -0.137504 -0.230052 0.152429 -0.087538 -0.277500 -0.044716 0.105109 0.171823 0.085862 0.155906 -0.084561 0.107473 -0.205523 0.032980 -0.145066 -0.157593 0.141368 -0.168663 -0.280519 0.170784 -0.028350 -0.183787 -0.137112 0.124646 -0.023678 -0.241965 0.020879 0.128111 0.005691 -0.001855 0.107083 
-0.143827 0.346104 -0.075447 -0.185722 0.210195 0.163340 0.142828 0.009255 -0.075723 -0.018932 0.030255 0.128984 0.047980 -0.158513 -0.058209 0.274353 -0.011252 0.045211 0.082185 -0.062407 -0.170860 0.235912 0.164554 -0.106898 -0.126536 -0.237067 -0.118172 0.215127 0.026267 0.086540 0.131823 -0.044223 0.056632 0.127632 -0.155811 0.035311 -0.070203 -0.157730 0.113202 -0.107896 0.156991 -0.037531 -0.191099 0.089011 0.237882 0.057410 -0.178354 -0.068979 0.167089 -0.089277 
-0.131498 0.113964 0.010184 0.063733 -0.179907 -0.139316 0.203777 -0.205773 -0.108911 -0.183931 0.104301 0.124564 -0.156283 -0.262366 -0.010901 -0.224170 0.121473 0.036179 -0.002496 -0.081684 0.216217 0.106765 -0.273624 0.013761 0.149800 0.068565 0.223575 0.347499 -0.032857 0.173637 -0.111730 -0.171630 -0.131039 -0.031648 0.151608 -0.162601 -0.049972 0.063112 -0.095909 -0.169964 0.067430 -0.077628 0.034040 0.192296 0.025298 -0.062828 -0.108627 -0.077702 0.049634 0.037804 
-0.125656 -0.053231 -0.217024 -0.099220 0.175909 -0.039638 -0.017517 -0.006705 0.032399 -0.022905 -0.003250 -0.132199 0.004868 -0.019514 -0.112223 -0.060782 -0.031318 -0.010964 0.120783 0.002540 0.270856 -0.014287 0.049030 0.183747 -0.166219 0.087040 0.098925 -0.143326 0.298573 -0.104141 -0.137513 -0.072380 0.131758 0.096385 -0.138620 -0.435607 -0.299673 -0.087414 0.149470 0.136709 0.045064 0.126815 0.139058 0.135938 0.057063 0.115375 -0.127284 -0.129676 -0.227129 -0.097536 
-0.144249 -0.100123 0.053194 0.001503 -0.219282 0.117374 0.073669 -0.030405 -0.122322 -0.054383 0.306093 -0.244586 0.135269 -0.204038 -0.026973 -0.160236 0.020537 0.021428 0.036100 -0.104699 0.175317 0.147647 0.009892 -0.070720 -0.327016 -0.063675 -0.199930 -0.079154 -0.235691 -0.082231 0.134174 0.078343 0.170079 -0.127772 -0.026862 -0.086279 -0.123586 -0.032929 -0.060403 -0.128927 0.023254 -0.131366 -0.098498 -0.177730 0.101774 0.141152 0.297440 0.086651 -0.130499 0.182933 
-0.157658 0.028846 -0.070350 0.197272 0.209394 0.367394 -0.103552 0.219320 -0.201131 -0.144159 0.124850 0.187602 -0.026140 -0.094879 0.087726 -0.016692 0.104493 -0.109470 0.072852 0.055186 0.041264 0.046514 -0.022932 0.132770 0.111247 0.024626 -0.138953 0.031943 -0.102732 -0.017033 -0.393101 0.081007 0.264101 -0.097149 -0.102996 -0.000086 0.073420 0.057817 0.120781 -0.158654 -0.212085 0.123311 0.011876 0.070931 -0.219510 -0.163539 0.022399 0.153016 0.013060 -0.044022 
-0.107993 -0.070911 -0.349913 0.046118 -0.178774 -0.262701 0.048445 -0.191131 0.131490 0.156319 0.046768 0.126056 0.023579 -0.149623 -0.001510 -0.029143 -0.021458 -0.188438 0.012080 0.055181 0.075988 0.036026 0.054253 0.126153 0.027511 -0.143983 -0.011594 0.113822 0.001853 0.149548 0.119414 0.084247 0.079998 0.108893 -0.131938 0.219018 0.141663 0.049603 0.329864 0.050914 -0.032934 -0.014067 -0.047109 0.018473 -0.291587 0.296115 -0.029586 0.279572 -0.128782 -0.046545 
-0.139139 0.165285 -0.088542 -0.052541 0.037943 0.057417 0.173127 -0.027429 -0.071577 -0.205586 0.076227 0.117373 0.243145 0.188247 -0.061577 -0.301970 0.103153 -0.045654 0.235819 0.097102 -0.020897 -0.198603 0.102548 -0.042411 0.111336 -0.120222 -0.052921 -0.139416 0.156870 -0.066280 0.142202 -0.020448 -0.161230 -0.250395 -0.083099 0.122842 0.173640 0.087683 -0.041243 -0.123173 0.136415 -0.045180 0.128656 -0.198468 0.024351 -0.068889 -0.283070 -0.040961 -0.292465 0.085967 
-0.117388 0.096046 -0.040045 -0.270005 -0.096260 0.151357 0.007096 -0.022227 -0.027712 -0.223415 0.121724 -0.101568 -0.101965 0.119150 0.272471 0.118790 0.009665 0.163830 -0.234772 0.142755 0.031147 0.332540 -0.008773 0.194629 0.181175 -0.184101 0.064733 -0.036793 0.007382 -0.119554 -0.040378 0.035314 -0.148237 0.014234 0.163811 -0.013561 0.139851 -0.066612 0.139658 0.131566 -0.161071 -0.120476 0.237348 -0.190851 -0.048828 0.201424 0.083742 -0.177440 -0.059426 -0.106658 
-0.122811 0.191653 -0.090112 0.083891 -0.164343 -0.063782 0.286413 -0.008226 -0.037202 0.158324 -0.144863 0.040053 -0.010944 0.126445 -0.029612 -0.192888 0.263700 0.068671 -0.108229 0.086606 0.042857 -0.142695 -0.048370 -0.195133 -0.104201 -0.243787 -0.079255 -0.221365 0.122849 0.018205 -0.184574 0.062296 0.021525 0.118811 0.152914 0.042440 -0.125940 -0.108587 0.044012 -0.136949 -0.135002 0.332446 0.087743 -0.077454 0.067865 0.082473 0.184601 -0.001560 0.297252 -0.131132 
-0.150813 -0.004754 -0.006980 0.237451 -0.081920 -0.110949 0.126923 -0.173984 -0.222877 0.051312 -0.044679 -0.067847 0.088047 -0.029649 0.080805 0.178749 -0.023526 0.117613 -0.153479 0.236331 -0.172150 -0.026743 0.210001 0.028586 -0.020835 0.188412 0.132530 -0.011409 0.021405 -0.294864 -0.080109 0.243468 0.212206 -0.001398 0.203110 -0.080742 0.004568 -0.111398 -0.146132 -0.073393 -0.020855 -0.118141 -0.032547 0.037024 0.006195 0.117867 -0.397867 0.139652 0.039096 0.177579 
-0.129549 0.157657 0.084498 0.010277 0.005056 -0.158245 0.060330 0.422348 0.150022 -0.014758 0.183077 -0.173671 0.079260 0.018646 0.114931 0.014812 0.115004 0.200499 -0.125757 -0.032045 -0.139713 -0.229611 -0.113956 -0.139682 0.130387 0.112531 -0.144516 0.068003 -0.026886 -0.079594 -0.033998 -0.060574 -0.112963 -0.020580 -0.196922 -0.265043 0.020169 0.218898 0.129014 0.022312 0.179586 -0.097037 -0.022626 0.085276 -0.156263 0.303969 -0.032252 0.144261 0.140107 -0.009184 
-0.141408 0.017636 -0.199695 0.080322 0.186786 -0.057570 0.025190 -0.156007 0.068858 -0.140219 -0.322902 -0.253707 0.081827 -0.083300 0.074716 -0.058743 0.069674 0.099284 -0.154686 -0.084694 0.022254 -0.171010 0.176951 -0.065035 0.051258 0.014458 -0.175237 -0.011506 -0.445655 0.202149 -0.089382 0.020761 0.020805 0.031095 0.012757 0.056086 -0.058590 0.174749 0.038780 0.073133 -0.131116 -0.056235 -0.119090 0.000835 -0.021492 -0.019603 -0.084747 -0.396433 -0.125805 -0.027180 
