-0.118911 -0.103170 -0.177920 0.066290 0.057531 -0.007801 -0.060644 0.132736 0.056515 0.212742 0.168588 -0.062345 -0.078672 0.253906 0.223157 0.056407 0.052574 0.084257 -0.064351 -0.117920 0.287009 0.322190 0.127996 -0.023525 -0.016058 -0.085834 -0.143624 0.000361 -0.018640 -0.000232 -0.054140 -0.031664 0.116415 0.063433 0.020443 0.002084 0.164296 0.030478 -0.130998 -0.019971 0.084090 -0.191046 -0.266323 -0.013517 0.078932 0.327233 0.231301 0.081667 0.180140 0.249895 
-0.137708 -0.162929 0.065816 -0.167962 0.160718 -0.023192 -0.013700 -0.216686 0.095692 0.250764 -0.055244 0.086508 -0.088224 -0.144561 0.148735 -0.104843 -0.028638 -0.090746 0.087963 0.154686 0.060526 0.051897 0.176821 -0.035673 -0.044196 0.108411 -0.004339 -0.186157 -0.172550 -0.192712 -0.016636 0.256534 -0.164415 0.285582 0.131068 -0.165132 -0.075669 0.144550 -0.132372 -0.163738 0.146030 0.107593 0.036015 -0.315341 -0.158903 0.035289 -0.148676 -0.008206 0.134006 -0.137196 
-0.136105 0.111965 0.166343 -0.240056 0.201927 -0.160493 0.025684 -0.058616 -0.133780 -0.127947 -0.045599 0.017316 0.006623 0.316884 0.184645 0.027015 -0.062196 0.009518 -0.262132 0.138213 0.013409 0.002008 -0.134349 -0.076931 -0.150462 -0.046299 0.125157 0.204877 0.358128 0.027618 0.031626 0.000874 0.042464 0.101779 -0.145995 0.038968 -0.023447 -0.061527 -0.104861 -0.090408 -0.079884 0.090280 0.089420 0.061966 -0.004640 -0.006715 -0.017481 -0.039318 0.435784 -0.189799 
-0.129909 0.123669 -0.262761 0.075153 0.076316 -0.167350 -0.098114 -0.078646 -0.052654 -0.065272 0.179138 -0.259886 -0.121490 -0.128313 -0.101229 -0.148911 0.207145 0.060190 0.053910 -0.174798 -0.127666 0.012514 -0.069847 0.038567 0.105159 0.008324 0.136865 -0.013106 0.136245 0.119444 0.021255 -0.106019 -0.028451 0.388727 -0.242069 0.008091 -0.171179 -0.027359 -0.012053 0.189133 0.278648 -0.085831 -0.125686 -0.155487 0.066289 -0.171026 -0.130840 0.196077 0.065702 -0.027589 
-0.114311 0.215363 0.017587 0.208480 -0.089485 -0.162545 0.021786 0.122720 -0.021026 0.034265 -0.122262 0.275651 -0.100064 0.132377 0.089192 -0.086109 0.224286 0.034557 0.297101 0.002166 -0.153659 0.126993 -0.219247 -0.017238 -0.006386 0.079169 -0.063876 -0.070178 0.084371 -0.057355 0.099784 0.169163 -0.270540 -0.270404 -0.192722 -0.111260 -0.071993 0.310627 -0.068783 0.185888 -0.079380 0.155484 -0.030936 -0.088558 0.050498 0.048402 0.053195 -0.046399 0.121256 0.136184 
-0.142471 0.276036 -0.254225 0.017521 -0.171847 -0.014978 0.062952 -0.197370 0.163173 -0.088139 -0.242970 -0.169083 0.188917 -0.100128 0.178947 0.043882 -0.081358 -0.148044 0.224403 0.053027 0.017975 -0.073581 0.016030 -0.122362 -0.111933 -0.376202 0.083535 0.054615 0.164592 0.145503 -0.114012 0.028613 0.037077 -0.004578 0.184440 0.030669 -0.128231 0.213260 0.190661 -0.148157 0.070983 -0.049341 -0.037999 0.047563 -0.150673 0.198472 -0.005729 0.019397 0.013317 0.070766 
-0.148028 0.038062 -0.261231 -0.105759 0.154228 -0.127259 -0.339111 0.138846 0.150068 0.147955 0.085241 -0.062081 0.070998 -0.097443 0.032765 -0.116453 0.074025 -0.046008 -0.041203 0.043910 -0.129324 -0.251202 0.108101 -0.048081 -0.001923 0.209577 -0.067766 0.134634 0.085123 -0.019604 0.251281 0.228508 0.105703 -0.205361 0.244290 0.016799 -0.084031 -0.067392 -0.081690 -0.081878 -0.112620 -0.124646 -0.059671 0.181885 0.026638 -0.211038 -0.093447 -0.143800 0.104225 0.234318 
-0.134727 0.103881 -0.059909 0.107472 -0.008892 0.280476 0.104682 0.134180 0.025284 -0.063545 -0.080012 0.035312 0.245041 -0.049212 0.176717 0.082852 -0.079123 0.139495 -0.111611 -0.105280 0.217580 -0.113491 -0.166906 -0.007547 0.121774 -0.086136 -0.096331 0.191370 -0.108172 -0.252820 0.080961 -0.121354 -0.149825 0.099804 0.078415 -0.253101 -0.176266 -0.054245 -0.002079 -0.139377 0.048541 0.206369 -0.213177 -0.112547 0.259853 -0.315922 0.051096 0.004686 0.056954 0.023539 
-0.131340 0.184512 0.195781 -0.019164 0.134354 0.011204 -0.088549 -0.025942 -0.251720 -0.004960 0.204306 0.041178 -0.176958 -0.149740 0.117678 0.153466 -0.047566 -0.164856 0.002454 -0.185567 -0.109719 0.118480 -0.233951 -0.121620 0.160734 -0.161497 -0.234124 0.151335 -0.117289 0.222486 0.085308 -0.017624 -0.175544 0.134416 0.223058 -0.125221 0.138361 0.009067 -0.021008 0.039417 -0.041289 -0.153420 -0.073816 0.088581 -0.175131 0.039708 -0.096232 -0.301769 -0.114652 -0.074850 
-0.133442 -0.012658 0.109589 0.037065 -0.123854 -0.168936 0.209285 -0.092242 0.199976 -0.055919 -0.062021 -0.226359 -0.104626 -0.058423 0.257763 0.063925 0.320648 0.267940 0.005964 0.039918 0.017314 -0.132412 -0.058851 0.132821 0.065706 0.051468 0.199734 0.105235 -0.138907 0.009227 -0.017056 -0.127938 0.022135 -0.073234 0.044432 0.060323 0.393985 0.000626 -0.231645 -0.085944 -0.068492 0.014274 -0.032901 -0.057686 -0.298148 -0.211076 0.036276 -0.049999 -0.051378 0.057274 
-0.158032 -0.083958 0.181371 -0.178818 -0.179836 0.032094 -0.057375 -0.127465 -0.079520 0.093509 -0.035776 0.064778 0.025615 0.088900 -0.232015 -0.121946 0.236075 0.302706 -0.080028 -0.179545 -0.129036 0.012542 -0.121490 -0.189115 0.001689 -0.091635 0.038935 -0.239838 0.141365 -0.090396 0.066817 -0.100036 -0.004457 0.061838 0.190555 0.042053 -0.103527 -0.043924 -0.083282 -0.256563 0.051432 0.223214 -0.194394 0.253795 0.008683 0.200382 -0.163312 0.038668 -0.143901 0.133746 
-0.147732 0.241206 0.249322 0.215535 -0.013063 -0.131685 -0.097655 0.008195 -0.115820 -0.123043 0.018425 -0.081859 0.215643 0.098557 0.041316 -0.125179 0.017097 0.210358 -0.103078 0.103974 0.174913 -0.066625 0.220927 0.101628 -0.209803 0.130375 -0.100548 -0.271550 -0.232079 0.140552 0.008484 0.081375 -0.049389 0.177354 -0.040308 0.191922 -0.158593 0.163610 0.127701 -0.034533 -0.111059 -0.168765 -0.166349 0.099585 0.035776 -0.074031 0.077136 -0.184744 -0.074491 -0.131096 
-0.140155 0.213742 -0.210223 -0.118375 0.174735 -0.011680 0.286092 -0.057170 -0.052146 -0.047562 0.024871 0.001810 0.077367 0.193643 -0.099049 -0.031098 -0.187191 0.141341 -0.049284 0.121125 -0.023642 0.103123 0.221260 0.046258 0.003252 0.125452 0.134514 0.047339 0.053480 0.227935 0.094166 0.093358 -0.025794 -0.094322 0.109367 -0.256908 -0.036573 -0.180947 -0.205885 0.203824 -0.030515 0.178949 -0.150201 -0.133810 -0.059856 0.128035 0.014555 -0.025852 -0.397616 -0.003856 
-0.150204 -0.076096 -0.032294 -0.255375 -0.103078 0.072556 -0.148343 0.032661 -0.057213 0.107844 0.008581 -0.216859 0.248623 0.269050 0.025520 -0.101644 0.085699 -0.101154 0.196110 -0.009190 -0.066808 -0.071245 -0.094024 -0.054781 -0.122251 0.142464 0.008635 0.161620 -0.222365 0.064866 -0.009468 -0.213137 -0.042937 0.232565 -0.097423 -0.113794 0.052103 0.108162 -0.016371 0.052120 0.020400 0.083651 0.424093 -0.014418 0.141596 0.077398 0.157917 -0.187401 -0.157836 0.163937 
-0.143646 -0.018024 0.150637 0.104977 -0.181200 0.048416 -0.246978 -0.064799 0.210603 0.078259 -0.139021 0.170682 0.024961 0.021707 -0.086255 0.222289 -0.035842 -0.117331 -0.077874 -0.097957 -0.142138 -0.021248 0.296645 -0.262662 -0.080541 0.024224 0.278093 0.289117 -0.040466 -0.053639 0.120320 -0.026229 -0.097407 0.107983 -0.307276 -0.083850 0.116865 -0.014685 0.015627 0.030711 -0.183135 -0.149523 -0.250202 -0.066068 0.030955 0.060020 -0.083473 0.066210 -0.105282 -0.067236 
-0.140993 0.028042 0.027455 -0.316929 -0.022132 -0.110986 0.167836 -0.101738 -0.206886 -0.076232 -0.124142 -0.208469 -0.256181 -0.183957 -0.111101 0.029198 0.063299 -0.045796 -0.065359 0.011840 0.235801 -0.057733 0.225319 -0.169102 -0.043264 0.023605 -0.040336 -0.034836 -0.085113 -0.136952 0.046117 -0.079719 -0.321914 -0.244878 -0.087192 -0.212685 -0.023166 0.017173 0.112062 0.102275 0.072553 -0.177625 0.032355 0.262463 0.103121 -0.043906 0.162701 0.133173 0.082790 0.086272 
-0.130366 -0.050824 0.028546 0.005297 -0.323811 0.028632 0.014647 0.193556 0.023966 0.123480 0.053485 -0.212081 -0.038546 -0.077968 -0.051802 -0.186901 -0.307805 0.254678 0.204460 0.254706 0.027514 0.198330 -0.029046 -0.265864 0.191656 -0.014388 -0.127820 0.048187 0.122022 0.152219 0.010502 0.179267 0.047801 -0.026762 -0.141041 -0.049999 0.187017 0.013291 -0.079217 -0.155450 0.033021 -0.048064 0.049956 0.083858 0.146438 -0.147375 -0.085204 0.022388 -0.001732 -0.262175 
-0.140848 -0.138101 -0.169745 0.037125 0.137516 0.191715 0.099661 -0.010089 0.033325 0.042455 -0.074125 0.104256 -0.102159 -0.087842 0.134148 -0.372130 -0.304434 0.111485 -0.234656 -0.040762 -0.130634 -0.124314 -0.116421 -0.090798 -0.020374 -0.097593 0.142855 -0.023611 -0.227235 0.114102 0.158362 0.008745 -0.208078 -0.037526 -0.202552 0.334957 0.137431 -0.013510 0.163700 0.086647 0.110444 0.095648 -0.022233 0.062941 -0.087299 0.100546 0.048582 -0.098884 0.067714 0.151220 
-0.131370 -0.077242 0.161595 0.074121 0.133312 0.039257 -0.010574 0.070761 0.040060 -0.037187 -0.043824 -0.281791 0.116245 0.021802 0.058287 0.212689 -0.184858 -0.093364 -0.012768 -0.206046 -0.127903 -0.117016 0.096813 0.020629 0.085972 0.184587 -0.057752 -0.040720 0.116348 0.021879 -0.090801 0.055406 -0.189520 -0.027646 0.245454 0.262488 0.167848 0.295556 -0.158915 0.238887 0.058267 0.231328 -0.010095 0.103051 0.193619 0.063560 -0.087351 0.297396 0.024568 -0.084517 
-0.122723 -0.138875 -0.190699 -0.009597 -0.105993 0.070822 0.151682 -0.075224 -0.074349 -0.022853 0.172096 -0.068101 0.018172 0.093577 0.023578 0.196342 0.095564 -0.175382 0.189355 -0.023612 -0.191076 -0.028407 0.020726 0.232174 -0.113498 0.100251 -0.142009 -0.051201 0.172671 -0.079335 0.200755 0.153263 -0.288721 0.031704 -0.105441 0.185085 0.097015 -0.260141 0.151281 -0.332336 0.022360 0.033676 -0.139479 0.017131 0.004034 0.015884 0.262884 -0.057729 -0.059544 -0.210735 
-0.146027 -0.097750 0.027072 0.139183 0.091038 0.152261 0.377858 -0.027402 0.218295 0.000769 -0.181095 -0.005149 0.228480 0.076073 -0.120726 -0.177968 0.111639 -0.185568 -0.117813 0.058027 -0.067009 0.256945 -0.139049 -0.010566 0.081678 0.225350 -0.175399 0.032631 0.100054 -0.121930 0.159748 -0.077041 0.047447 0.153217 0.034180 -0.059713 -0.036722 0.073827 0.031216 0.103755 -0.036753 -0.346477 0.046297 0.229499 -0.219918 -0.036283 -0.078766 0.090573 0.005684 -0.016012 
-0.134973 0.035305 0.153337 -0.005166 0.167880 -0.355193 0.180572 -0.056856 -0.068243 0.008304 0.012324 0.071555 0.280261 -0.128943 -0.155656 -0.141051 -0.108972 -0.128996 0.149806 -0.016078 0.013142 -0.005539 -0.024246 0.174640 0.018482 -0.023061 -0.130399 0.172232 -0.113363 -0.027915 -0.222665 -0.047422 -0.026739 -0.098177 -0.178084 0.073916 0.179171 -0.170180 -0.006955 -0.241109 0.002551 -0.048897 -0.104457 -0.091971 0.218650 0.127699 -0.313015 0.040942 0.029667 0.262331 
-0.146278 -0.087367 -0.051805 -0.093214 -0.062725 -0.013334 -0.128112 -0.365788 0.100985 0.074406 0.028948 0.144535 0.102012 -0.124555 -0.090142 0.297140 -0.186906 0.002593 0.074914 0.293692 -0.026105 0.064529 -0.262588 -0.041542 -0.139231 0.106418 -0.161582 -0.210422 -0.080528 0.206016 0.005797 -0.292562 0.065828 -0.071297 -0.023297 0.081764 -0.048659 -0.056818 -0.162229 0.190287 -0.018313 0.022144 -0.187014 -0.004127 0.026000 -0.183626 0.143182 0.053204 0.147400 0.086325 
-0.138774 0.066931 0.138904 -0.178820 -0.089710 0.249681 0.141088 0.020564 0.083610 -0.151190 0.032043 0.224117 -0.267618 -0.047642 -0.092892 -0.026195 -0.046606 0.208406 0.175378 0.109826 -0.237499 -0.170825 0.029983 0.289140 -0.060211 0.033989 0.044772 0.229023 -0.011568 -0.062414 -0.156562 0.102187 0.130149 0.177442 0.182441 0.029470 -0.049320 0.086062 -0.053985 0.099838 0.114204 -0.274420 -0.073310 0.051958 0.248807 0.119497 0.125876 -0.055947 0.118510 0.048031 
-0.160573 0.335848 0.020035 -0.109249 -0.037482 0.101243 -0.137476 0.035090 0.048614 0.088183 -0.092017 0.228430 0.103168 -0.070996 -0.021363 -0.108292 0.153995 -0.101799 -0.019704 -0.124782 0.111942 0.178385 0.006118 -0.044853 0.038131 -0.068374 0.003150 0.057523 -0.100156 -0.000892 -0.241789 0.204646 -0.090073 -0.006622 0.025713 0.317370 -0.011539 -0.320785 -0.239621 0.037089 0.069752 -0.004032 0.214638 0.072545 -0.086291 -0.151212 0.245907 0.261304 -0.085591 -0.091727 
-0.129676 -0.137579 -0.081201 0.169906 0.034482 0.008803 -0.031197 -0.054657 -0.469222 0.009504 -0.239781 0.019082 0.006398 -0.093396 -0.110539 0.045825 0.036839 0.172418 0.051114 -0.077130 -0.028679 0.072047 -0.014810 -0.102866 -0.346431 0.104574 -0.119357 0.234437 -0.004830 -0.043937 -0.036039 0.218053 0.290142 0.076587 0.117941 -0.037447 0.212605 0.003949 0.234562 0.087447 0.024789 0.134766 -0.015063 -0.086640 -0.159002 -0.141430 0.055568 0.143829 0.024039 0.074559 
-0.153963 0.017271 -0.104990 0.012265 -0.194043 -0.101741 -0.000626 0.158942 0.042413 0.094588 -0.136263 0.033707 -0.025540 -0.284313 -0.267058 0.201037 0.047906 -0.047313 -0.375800 0.062126 0.053128 0.236847 0.154130 0.314760 0.038701 -0.041563 -0.059224 0.107069 0.119597 0.066100 0.038739 -0.042873 -0.011614 0.081465 -0.066946 0.083689 -0.013743 0.200004 -0.052503 -0.030287 0.154570 0.247120 0.145913 0.016742 0.003304 0.036160 0.005330 -0.348782 0.034634 0.058842 
-0.126319 0.013222 -0.168165 -0.077958 0.007658 0.079277 0.003977 0.252559 -0.048940 -0.101494 0.124462 0.119568 -0.090598 -0.009734 -0.129696 0.102967 0.188186 -0.027612 -0.154813 0.210529 0.094791 -0.130778 -0.177804 0.008048 -0.028511 0.084987 -0.017911 0.084842 -0.243039 0.293178 0.105806 -0.037552 -0.038879 -0.036253 0.028332 0.020009 -0.040178 0.227492 0.042204 -0.289031 -0.152992 -0.021392 0.054831 -0.125973 -0.042448 0.188337 -0.135013 0.461285 -0.017210 -0.108192 
-0.133638 0.113465 0.215293 0.084447 0.017384 0.118601 -0.206470 0.112387 -0.039022 0.151035 -0.190143 -0.301127 -0.049030 -0.046954 -0.100295 0.073355 -0.076278 -0.075737 0.072829 0.195982 0.145908 -0.180690 -0.239281 0.277235 0.197192 -0.002810 0.095598 -0.103966 -0.014874 -0.089336 0.115680 0.173876 0.087963 0.082824 -0.131169 -0.135886 -0.021815 -0.277433 0.061251 0.130034 -0.066245 0.085645 -0.080059 0.065247 -0.183776 0.302542 0.058033 0.081650 0.070539 0.099416 
-0.154843 -0.119049 -0.047285 0.006835 0.347647 0.091689 -0.156358 -0.059845 0.096477 -0.089894 0.013844 0.014027 -0.091998 0.025332 0.177538 0.274687 0.033863 0.249071 0.137878 0.129943 -0.016016 0.319004 0.015607 0.068754 0.149756 0.089635 0.135958 0.069119 -0.024742 -0.031975 -0.258974 0.037664 -0.067029 -0.042005 -0.147991 0.025323 -0.183721 0.008394 0.288168 -0.112839 -0.034574 0.064468 0.116972 0.291761 -0.001101 -0.074390 -0.158297 -0.005848 -0.185125 0.105121 
-0.143203 0.060250 -0.006137 0.222452 0.205546 0.006051 0.008372 -0.104186 0.233066 -0.108534 0.208018 0.019541 -0.050943 0.175755 -0.407424 -0.021349 -0.042652 -0.111443 0.105687 -0.156602 0.019639 -0.031232 0.036142 0.001834 -0.048451 -0.175280 0.135102 -0.079784 -0.230777 0.050160 0.016064 0.085563 0.141919 -0.052359 -0.001152 -0.263046 0.177833 0.105376 -0.023647 -0.152722 0.107135 0.207808 0.068473 0.258417 -0.024768 -0.136136 0.154137 -0.033512 0.221968 -0.108073 
-0.130665 -0.198659 -0.094102 0.227671 -0.023020 -0.310744 -0.086588 -0.149729 -0.069541 -0.031781 -0.159838 -0.096517 -0.190129 0.194924 -0.183039 -0.043772 -0.148232 -0.077695 -0.122057 0.078176 0.039754 0.086184 -0.262304 -0.017283 0.145030 -0.067990 0.227662 0.090628 -0.074317 -0.173516 -0.031089 0.053877 -0.106908 -0.025031 0.310378 0.139884 -0.143595 0.010390 -0.050922 -0.078520 -0.122314 -0.190152 0.059825 -0.170905 0.213787 -0.022579 0.181378 -0.058182 -0.161901 -0.055695 
-0.156236 -0.077095 0.221548 0.183556 -0.177315 0.192291 0.168758 -0.067251 -0.184330 0.061369 0.074762 -0.024180 -0.032360 -0.004508 0.121440 0.113829 -0.117499 -0.079173 0.029274 -0.249342 0.022945 0.083203 0.101528 0.067217 -0.025569 0.104550 0.257367 -0.104730 0.034116 0.303143 0.172909 0.075104 0.076401 -0.139902 0.014485 -0.019570 -0.272577 -0.096152 -0.113510 -0.173230 0.035082 -0.144550 0.261493 -0.116215 0.024695 -0.117459 -0.094770 0.042855 0.145155 0.295385 
-0.161016 -0.025331 -0.041336 -0.065992 -0.161485 -0.113718 0.039845 0.098850 0.228499 0.079286 0.272460 -0.059763 0.097058 -0.165931 0.049595 0.015989 -0.044416 0.137579 -0.060031 -0.222265 0.096817 0.144820 -0.239339 0.108057 -0.422348 0.013989 0.162844 -0.033104 -0.052504 -0.139113 -0.032672 0.056937 -0.066998 -0.126446 0.134253 -0.105965 -0.020252 -0.156100 0.187137 0.256407 -0.122528 -0.039280 0.110742 -0.002454 0.047835 0.146207 -0.204553 -0.028702 0.059480 -0.247475 
-0.120562 -0.097972 -0.256761 -0.154034 -0.134281 -0.035735 0.011824 0.082424 -0.139729 -0.123115 -0.210275 0.086096 0.063137 0.191741 0.059907 0.211599 -0.061752 -0.060565 -0.059985 -0.221106 0.026596 -0.182947 -0.149490 -0.000965 0.111901 0.112114 -0.001656 -0.181853 -0.186958 -0.065681 -0.194816 0.192181 0.197881 -0.121949 -0.223578 -0.039490 -0.024173 0.052937 -0.187196 0.017323 0.266284 -0.192606 -0.102642 0.088687 -0.094975 0.010727 -0.219208 -0.181062 -0.040687 -0.182760 
-0.133870 -0.033483 0.023715 -0.073979 -0.159825 -0.161187 0.107096 0.238327 0.175032 -0.138784 -0.092509 -0.112275 -0.316924 0.242209 -0.003624 0.017114 -0.131138 -0.093671 0.084426 -0.071002 -0.161136 0.051365 0.177174 -0.049491 -0.046400 -0.120073 -0.328831 0.012805 -0.237601 -0.036649 -0.022725 -0.106169 0.081326 0.106232 0.033137 0.126628 -0.270062 -0.216812 0.064577 0.076101 -0.178840 0.216698 -0.025366 -0.056088 -0.173452 -0.117658 -0.141344 0.050388 0.084487 0.091498 
-0.146629 0.001545 0.019930 0.168383 0.039089 -0.192023 0.175455 0.074843 -0.022545 0.114472 -0.081225 0.093242 -0.033921 -0.186455 0.326343 0.033050 0.200637 -0.163673 -0.135496 0.139542 -0.285105 -0.047053 0.053403 -0.158935 0.082919 0.003856 0.047156 -0.181933 -0.121771 0.078303 -0.008656 -0.052886 0.315767 0.050051 0.038269 -0.140105 0.004959 -0.188270 0.103605 0.017797 0.053602 0.119015 0.065435 0.137576 0.378188 0.126920 0.140418 0.037111 -0.057593 -0.162470 
-0.150571 -0.146398 0.087825 0.066347 -0.211853 -0.159533 -0.160503 0.055935 -0.043620 -0.206016 0.203141 0.203806 -0.035960 -0.088588 0.166314 -0.291610 -0.187533 -0.204274 0.032691 -0.028810 0.155300 -0.041931 0.023113 0.070155 0.082358 0.326350 0.080604 0.150177 0.159209 -0.018867 -0.146837 -0.220254 0.047321 -0.042078 0.053501 -0.121212 -0.097585 0.045638 0.059789 -0.045532 0.148776 0.167066 -0.134470 0.135428 -0.264659 0.057958 0.182282 0.078572 -0.088582 -0.037334 
-0.137590 -0.037831 -0.138242 -0.038052 -0.002080 -0.097988 0.031884 0.303075 -0.232205 -0.133803 0.063757 0.262902 0.187876 -0.015592 -0.038582 0.126546 -0.058670 0.017650 0.270727 0.145656 0.081052 0.021292 0.165980 -0.037423 0.155596 -0.159555 0.304409 -0.241155 0.027384 -0.193452 0.197809 -0.176728 -0.055686 0.210224 0.170821 0.117246 0.203478 -0.038045 0.005291 0.132777 -0.086746 -0.074820 0.098881 0.057448 -0.082001 -0.066979 -0.087894 -0.007691 0.123624 0.063930 
-0.143304 0.125955 -0.082670 0.017601 0.097391 0.129137 0.094408 -0.208592 -0.108176 0.272123 0.012167 0.035877 -0.218882 -0.018797 0.032000 -0.077058 0.018662 -0.073801 0.240135 -0.107984 0.310613 -0.070184 0.060150 0.076115 0.014745 0.012239 -0.027424 0.134883 0.014700 -0.163801 0.221823 -0.231597 0.301402 -0.096106 -0.098615 0.282530 -0.081068 0.142849 -0.076686 0.045004 -0.177022 0.104213 0.008105 0.075919 0.107236 0.036395 -0.154351 -0.072695 -0.124638 -0.265163 
-0.141172 0.086715 -0.088775 -0.012287 -0.138195 0.052172 -0.104382 -0.112500 -0.161986 0.278413 0.083434 0.054148 -0.046082 0.184898 0.131049 -0.118731 -0.143413 -0.053543 -0.237969 0.054960 -0.234118 -0.053674 0.073657 0.383938 -0.010973 -0.263278 -0.070580 -0.154142 0.080045 -0.117869 -0.162618 -0.077733 -0.027575 -0.034735 -0.038013 -0.220942 0.157513 0.147765 0.057249 0.001123 -0.168903 -0.088500 0.059044 0.070386 -0.032176 -0.248200 -0.096185 0.242923 -0.117785 0.040238 
-0.163403 -0.137978 0.016757 0.047328 -0.156477 -0.037973 -0.109677 -0.358761 0.072712 -0.146084 0.088886 0.153203 0.142638 0.158163 0.017190 -0.005967 0.162081 0.184152 -0.067747 0.002837 0.121349 -0.149766 0.162753 0.038000 0.384972 -0.105203 -0.272377 0.107240 0.007577 0.088708 0.147159 0.110599 -0.008936 -0.106716 0.058139 -0.013568 0.041206 -0.117404 0.229184 0.230736 0.084223 0.011294 0.228082 -0.141912 0.025647 0.135250 -0.087179 0.024566 0.127028 -0.076096 
-0.140316 -0.033706 0.076868 -0.151206 0.018146 0.249718 -0.007911 0.081344 -0.163831 0.082912 0.078223 -0.193602 0.167874 0.028244 -0.114301 -0.122944 0.206794 -0.126427 -0.015482 0.078313 -0.197640 0.182036 0.097566 -0.034848 0.197004 -0.021661 0.187232 0.020998 -0.108437 -0.000245 -0.231109 -0.113660 0.069190 -0.333438 0.078699 0.083921 -0.074218 0.059641 0.185979 0.060126 -0.056727 0.025719 -0.273335 -0.255969 -0.071947 -0.046320 0.053662 -0.160796 0.247719 -0.166244 
-0.166566 0.239488 -0.078755 0.073317 0.094859 0.129118 -0.069977 0.067836 0.142409 0.029934 -0.209637 0.071702 -0.224329 0.069897 -0.114057 -0.005297 -0.046043 0.043439 -0.012612 -0.130217 0.091813 -0.126225 0.002458 -0.108954 0.012581 0.316555 -0.079685 -0.265162 0.261119 0.083091 -0.229657 -0.265060 -0.063826 0.000080 0.107563 -0.053418 0.251989 -0.152299 0.224707 -0.143903 -0.038674 -0.084541 0.130644 -0.253174 0.049667 0.009985 -0.046643 -0.151972 0.055315 -0.008561 
-0.138919 -0.068262 0.278077 -0.285872 0.215732 -0.113120 -0.125308 0.186520 0.175262 -0.064604 -0.155656 0.039887 0.023304 0.014319 0.039038 -0.003690 -0.058441 0.008648 0.061156 -0.117129 -0.001396 0.099040 -0.063467 0.131619 -0.061837 -0.198894 -0.029410 -0.096903 0.101505 0.036398 0.344496 -0.044079 0.192901 -0.167075 -0.032734 0.011986 0.043318 0.116947 0.180313 -0.036331 0.289029 -0.116429 -0.026059 -0.245389 0.023733 -0.147735 0.152800 0.103739 -0.269866 -0.055946 
-0.160110 -0.258748 -0.052423 0.213185 0.218055 0.080178 -0.150438 0.099693 -0.069587 -0.142112 -0.137182 -0.051422 0.078641 -0.208846 -0.011335 -0.082143 0.019752 0.197968 0.086617 -0.058505 -0.155450 -0.092170 0.137637 0.058412 -0.134249 -0.221020 -0.171173 -0.007544 0.082307 -0.001397 -0.073251 -0.227184 -0.088969 -0.142302 -0.095680 -0.138532 -0.165078 -0.083792 -0.382634 -0.050828 -0.133209 -0.125866 0.155727 -0.035524 -0.116337 0.192583 0.104109 -0.026249 0.025670 -0.205675 
-0.138501 0.151750 0.105868 0.253154 0.004982 0.124246 -0.004634 0.046582 -0.023674 -0.053027 0.311314 -0.085655 -0.063634 0.095924 -0.022271 0.111390 0.032933 -0.073172 -0.116209 0.355153 -0.044083 -0.097307 0.000400 -0.234733 -0.213523 -0.062499 -0.071187 0.023991 0.044774 -0.343986 -0.014412 -0.057963 0.017445 -0.165343 -0.031649 0.119681 -0.005676 -0.042565 -0.080688 0.037531 0.425755 -0.034035 0.115266 -0.115259 -0.084065 0.037227 -0.156340 -0.043325 -0.171413 0.116408 
-0.134539 -0.353513 0.054964 0.020412 0.020856 0.166590 0.026693 0.084860 0.053157 -0.095340 -0.033414 0.048625 -0.100643 0.042599 0.006195 -0.132237 0.264469 -0.282406 0.031048 0.140444 0.312577 -0.115600 -0.039054 0.001874 -0.176987 -0.228215 0.022529 -0.057425 0.204726 0.268706 -0.172179 0.165204 -0.083626 0.065777 0.002330 -0.019678 0.065834 -0.060599 -0.051862 0.191388 -0.087734 0.067359 -0.154079 0.034131 0.165292 -0.186426 -0.165875 -0.127788 -0.153053 0.075855 
-0.133278 0.075183 -0.051771 -0.131626 -0.040430 0.146975 -0.058116 -0.149136 0.023004 -0.492846 0.152154 -0.102937 -0.011840 -0.222835 0.052290 -0.072680 -0.035110 -0.104573 -0.130122 -0.074689 -0.028670 0.158979 -0.040627 -0.090625 0.068946 0.035041 -0.059647 -0.208957 0.042725 -0.237036 0.033306 0.188606 0.233139 0.049492 -0.163115 0.012445 0.129267 0.113427 -0.094919 -0.040297 -0.363707 0.069225 0.054052 -0.166942 0.103901 0.072988 0.078153 -0.023675 -0.080037 0.182669 
-0.148305 -0.098166 0.075824 -0.052668 0.104490 -0.148404 0.282813 0.100146 0.054589 0.295824 0.265223 0.067735 0.081872 -0.073615 -0.131740 0.173328 -0.051915 0.113435 -0.037960 -0.112307 0.035634 -0.322950 -0.050467 -0.216911 0.143819 -0.075529 -0.041734 -0.011429 0.183644 -0.024078 -0.221014 0.137976 0.062594 0.097221 -0.158411 0.048137 -0.185504 0.151256 0.099362 0.051963 -0.192576 -0.033781 0.058518 -0.101175 -0.180564 -0.046840 0.282294 -0.027937 -0.106418 0.087140 
