-0.134018 -0.258364 -0.025030 0.065342 0.123319 -0.023270 0.015656 -0.022753 -0.132665 0.056640 -0.097367 -0.097293 0.236576 -0.009034 0.191901 -0.186678 0.085881 0.020042 0.063372 -0.278209 -0.038749 -0.054768 -0.084414 0.154056 0.010203 -0.109886 -0.183478 0.243316 -0.010510 -0.321966 -0.053886 -0.309853 0.154336 0.030197 -0.087239 -0.132707 -0.030821 0.211632 -0.059567 -0.043492 0.019810 -0.094378 -0.017060 0.038292 0.268823 0.066788 0.220159 -0.164517 -0.167557 0.039870 
-0.147337 0.146646 0.064069 0.271248 -0.010373 0.189922 0.185299 0.101822 0.098678 0.030065 0.041574 0.055853 0.001165 0.038563 -0.011269 -0.029334 -0.021370 -0.046493 0.106201 -0.028589 -0.208909 -0.023854 -0.104608 0.156373 0.035200 -0.250532 -0.122785 -0.150549 0.024155 -0.021751 -0.125117 -0.012030 0.234804 0.152762 0.200984 0.103968 0.055192 0.078228 -0.182645 -0.000772 0.190558 0.377957 -0.380832 0.018683 -0.175733 -0.085477 -0.042232 0.012256 -0.000842 -0.174553 
-0.125581 0.076450 -0.201956 0.003906 0.131001 0.042660 0.175331 -0.276348 -0.039793 -0.131085 0.127307 0.016164 0.080562 -0.072841 -0.078055 0.104339 -0.135704 -0.092581 0.157529 -0.253354 -0.036784 0.274215 -0.038762 -0.204518 0.021315 0.086304 -0.345118 -0.032907 0.018198 0.150445 -0.051281 -0.052394 -0.155536 0.251056 -0.230209 0.033644 -0.068947 -0.279528 -0.056215 -0.156604 -0.064279 -0.109362 -0.087549 0.053408 -0.101939 0.032568 0.169864 -0.087725 0.156410 -0.064690 
-0.144525 0.048963 -0.029677 0.072268 -0.126343 -0.069616 -0.275880 -0.345555 -0.101790 0.115558 -0.133670 0.020050 0.131381 -0.159354 -0.170268 -0.220029 0.032023 0.160784 0.018715 0.061590 0.062891 0.212527 -0.046253 0.236502 -0.083100 0.295884 0.158190 -0.052771 0.075340 -0.066610 0.099282 -0.075937 0.193343 -0.108874 0.025493 0.057813 0.116154 -0.180799 -0.130327 0.068011 -0.024368 0.061499 -0.095356 -0.008944 -0.349286 0.031563 0.123042 -0.083187 -0.106238 0.122959 
-0.140745 -0.065367 0.021377 0.134435 0.153259 0.168177 -0.387664 -0.032413 -0.045583 0.220934 0.077782 0.004741 0.039613 -0.054590 -0.095758 -0.216914 -0.047415 -0.070367 -0.010437 -0.116137 -0.050879 -0.127625 0.107505 -0.184229 0.048141 -0.125866 0.069828 -0.056219 -0.150082 0.031367 -0.070982 0.256173 -0.059019 0.022409 -0.319796 -0.280759 0.076321 -0.138384 -0.098129 0.027835 -0.023922 0.259897 0.072726 0.269899 0.119388 -0.109448 -0.057893 0.182381 -0.037184 0.008292 
-0.136851 0.091816 -0.197542 -0.184501 -0.001088 0.117725 0.020620 0.049727 0.190323 0.056622 -0.232365 -0.070006 0.089697 -0.019235 0.022976 0.130983 -0.127122 -0.088473 -0.293227 -0.162456 0.084497 -0.075996 0.128902 0.146890 0.191017 0.335615 -0.146540 0.373472 -0.063490 0.123234 -0.026545 -0.047110 0.058947 -0.148425 -0.069811 -0.114385 0.038522 0.038564 0.101108 0.141823 -0.037370 0.248308 -0.124264 -0.060398 -0.050159 -0.008753 -0.154286 0.016823 0.096103 -0.209944 
-0.163267 0.078289 -0.113044 -0.080718 0.017446 -0.073536 -0.134288 0.149418 -0.198679 0.227126 -0.076635 -0.245313 0.095178 0.295643 -0.006642 0.044430 0.157191 -0.098550 0.170098 -0.142567 0.256208 0.036969 -0.017654 -0.208383 0.200486 -0.043881 0.053878 -0.110290 0.153842 -0.038623 -0.185256 0.110190 -0.023189 0.076945 0.269425 0.107332 0.160338 -0.113605 0.261861 0.059369 -0.105929 -0.029034 -0.066162 -0.040540 -0.059602 0.151724 0.081083 0.027364 -0.186945 -0.186592 
-0.150682 -0.112317 -0.273267 -0.088345 0.001163 -0.020077 0.083719 -0.163076 0.015503 -0.251773 0.185573 -0.144291 0.007022 -0.115896 0.237540 -0.124809 0.081002 -0.038239 -0.144284 -0.081460 0.183350 0.002188 -0.181085 -0.021315 -0.018292 0.027212 0.022575 -0.020847 -0.048633 -0.165129 -0.235235 0.321892 -0.014392 0.131944 0.154460 0.012354 0.109395 0.195198 -0.194611 -0.038810 -0.049174 0.109153 0.238239 -0.124574 -0.176458 -0.105629 -0.247316 -0.012070 0.020749 0.170744 
-0.145846 -0.189332 -0.019228 0.068399 -0.224706 -0.220214 0.053289 0.005555 -0.320882 0.003645 0.026849 0.000324 -0.073294 -0.036866 -0.083813 -0.061911 0.045566 -0.190721 0.218244 0.003777 -0.287253 -0.208218 -0.210505 0.140220 -0.130355 0.179118 -0.105420 0.124490 0.059596 0.352341 -0.110037 0.132599 -0.053228 -0.149958 -0.098174 0.103383 0.068890 0.244627 0.101781 -0.018488 -0.070038 -0.029601 0.056078 0.073354 -0.070506 -0.049234 0.046610 0.203924 0.018115 -0.137671 
-0.148481 -0.088545 -0.099134 0.150601 0.076259 0.122572 0.265378 0.128516 -0.063373 0.092466 -0.012533 -0.130389 0.107165 -0.205453 -0.272786 -0.001199 -0.091875 0.023345 0.066184 0.311126 -0.026480 0.070087 -0.100813 -0.231155 0.251473 -0.034084 0.186925 0.164068 -0.148480 0.006809 -0.123572 -0.184958 -0.237204 -0.151193 -0.021174 0.116152 -0.191501 0.028099 -0.201777 0.145694 -0.066215 0.083469 0.090049 -0.160063 -0.036578 0.088550 0.001890 0.007167 -0.209452 0.064283 
-0.144052 0.211175 -0.046566 0.003947 0.042536 -0.191101 0.056335 0.068986 -0.200459 0.029000 0.132813 0.223187 0.004063 -0.081866 -0.244303 -0.020709 0.129454 0.064690 -0.018205 0.074670 0.110722 -0.008780 -0.107285 -0.086431 -0.004490 0.077018 -0.181555 0.021603 -0.048979 -0.049569 0.095998 -0.233901 0.001945 0.084015 0.283744 -0.281965 -0.111332 0.096943 0.259659 -0.107640 -0.093177 0.205535 0.018321 0.309477 0.038191 0.027971 -0.254759 -0.038561 0.085307 0.231833 
-0.140712 -0.107522 -0.000964 -0.023043 0.062142 0.099135 0.036953 -0.280644 0.028179 0.203851 0.016150 0.113588 -0.117801 0.333764 0.198095 -0.087778 -0.207723 -0.029730 -0.044423 0.137813 0.119122 0.026001 -0.120471 -0.245189 -0.202503 -0.143050 0.197372 0.098334 0.212579 0.047055 -0.080461 -0.148621 0.132219 -0.098027 -0.113259 0.034064 -0.266946 0.163750 0.196250 0.041407 -0.095096 0.132128 0.016945 0.029190 -0.161129 -0.103610 0.042587 -0.127534 0.207653 -0.032884 
-0.129059 -0.137684 -0.118073 0.181640 0.106936 0.093067 -0.069983 0.042199 -0.000843 0.064054 0.159604 0.088919 -0.174923 -0.065432 -0.253417 0.318583 -0.146804 -0.202604 -0.056263 -0.105583 -0.100050 -0.103450 0.130210 0.222093 0.043698 0.009872 0.212080 -0.066296 -0.082303 -0.280365 0.008494 -0.021705 0.161005 0.114919 0.110202 -0.056663 0.005746 0.073482 0.062597 0.006024 -0.120004 -0.165411 0.290898 0.014927 -0.183705 0.186830 0.139957 -0.062516 0.211154 -0.155499 
-0.127324 0.207880 0.027725 0.026693 0.396407 -0.241823 -0.068625 0.035558 -0.089095 -0.110475 -0.016232 0.060575 -0.078450 -0.115426 0.039049 -0.200771 -0.244452 -0.000574 -0.097966 0.147209 0.032877 -0.081618 -0.011198 0.074686 0.189203 -0.151943 -0.099393 0.183499 0.065878 0.102167 -0.008658 0.009600 0.102119 0.113222 0.024008 0.259105 0.195485 -0.100168 0.164633 0.238928 0.279197 -0.060141 0.200486 -0.031685 0.022605 -0.123614 0.169542 0.025560 0.092433 0.101816 
-0.145122 0.241726 0.089930 0.010136 -0.307911 0.076612 -0.189123 0.111762 0.021917 -0.322240 -0.020680 0.008099 -0.085798 -0.114067 0.127932 -0.155049 0.055460 -0.140559 0.075480 -0.075699 -0.133956 0.039090 0.013436 -0.277385 0.269853 0.104296 0.112121 0.030342 0.251129 -0.227856 0.049384 -0.152802 0.002210 -0.054857 -0.141843 0.047005 -0.113192 0.102065 -0.034489 0.024159 0.200733 -0.121040 0.111487 0.209025 -0.101273 0.049869 -0.136937 -0.054782 0.030838 -0.179205 
-0.148419 -0.000299 -0.219714 -0.139131 -0.092468 0.092951 0.178508 -0.118058 0.249074 -0.132878 -0.174724 -0.052899 -0.148734 0.015216 -0.278966 -0.197990 -0.078943 -0.001884 0.053631 -0.013899 0.186849 -0.198783 -0.048350 0.055733 -0.121867 0.057997 -0.028215 -0.380176 -0.092308 -0.046728 -0.169661 -0.027598 0.010651 -0.076329 0.020547 -0.030167 -0.095368 0.038690 0.079248 0.299740 0.139826 -0.190967 -0.077169 0.226241 0.222093 -0.039197 0.126112 0.075517 -0.047336 0.010973 
-0.142596 0.003289 -0.192664 0.039709 0.045172 0.325042 -0.173184 -0.004325 -0.032213 -0.187541 -0.092596 0.259037 0.075436 -0.001741 -0.125724 0.081756 0.046909 0.177431 0.103871 0.053867 0.070992 -0.070037 0.108545 -0.075789 -0.121945 -0.121521 -0.241470 0.010659 -0.016124 -0.046131 0.274276 0.241646 -0.003864 -0.140141 -0.103764 0.367396 0.065292 0.242066 0.169725 -0.082740 -0.074660 0.087468 0.036670 -0.074897 0.052580 0.123423 -0.028778 -0.181078 -0.169007 0.002295 
-0.131346 0.033877 0.117786 -0.005907 -0.016083 -0.031897 0.025393 -0.387067 0.010866 0.029002 -0.029686 -0.282070 -0.106101 0.069428 -0.200461 -0.039360 0.240564 0.090692 -0.089245 0.242545 -0.313983 0.006117 0.167547 -0.091106 0.254057 -0.051501 -0.094323 0.075516 -0.030414 -0.069423 0.067348 0.240218 0.078163 0.170573 -0.008643 -0.183684 -0.054226 0.185938 0.151336 0.046171 -0.021525 -0.167182 -0.181580 -0.199276 0.060965 -0.056495 -0.025433 -0.101575 0.092333 -0.003044 
-0.140128 0.148299 -0.089907 0.050222 -0.101144 0.105573 -0.112634 0.190653 0.286337 0.052180 0.231893 0.035153 0.289075 -0.058902 0.043241 -0.098103 0.148667 -0.126833 0.138579 0.109129 -0.080193 0.039315 -0.198829 0.030047 -0.226057 0.000719 -0.040493 0.031553 -0.103415 -0.134480 0.062144 -0.090985 0.015030 0.039632 -0.093058 -0.100795 -0.018531 -0.147064 0.315113 0.110581 -0.066216 -0.138300 0.049079 -0.385116 -0.016151 -0.243747 0.015326 0.183111 0.069334 -0.011959 
-0.136464 -0.283678 0.167999 -0.017839 -0.098969 0.082559 -0.010348 0.008471 0.075660 -0.003692 -0.231183 -0.083849 0.165531 0.009488 -0.020915 0.028638 -0.073818 -0.201626 0.076728 0.104752 0.153612 0.184550 0.046201 0.272190 0.040276 -0.045613 0.044945 0.052564 -0.010141 0.143216 0.170928 0.057845 -0.036799 0.466901 0.010379 0.116889 -0.263656 -0.032140 0.139914 -0.055283 0.098308 -0.030405 0.140658 0.202790 -0.034676 -0.133749 -0.234202 0.020793 -0.171469 0.023121 
-0.147365 0.088010 0.011534 0.258850 0.132403 -0.098826 0.165652 -0.061213 0.006269 -0.042634 -0.004395 0.231985 0.029396 0.281308 -0.011892 -0.167429 0.258163 -0.218779 -0.036855 -0.084476 0.091414 -0.016709 0.334421 0.293168 0.026910 -0.060949 0.055894 -0.056933 0.125567 0.012252 -0.115655 -0.041683 -0.358302 -0.169583 -0.171267 -0.044861 -0.023878 -0.034281 -0.007730 0.005342 0.078293 -0.072094 -0.019310 -0.153458 -0.099045 0.122316 -0.197597 -0.033527 0.002021 0.138843 
-0.170887 -0.047225 -0.013475 0.125731 -0.247955 -0.143324 -0.048384 0.089975 0.076139 -0.210839 0.087614 0.197668 -0.332451 -0.000254 -0.030515 -0.064168 0.049257 0.073236 0.067414 -0.037843 0.202900 0.268318 -0.062485 0.098929 0.071563 -0.044605 0.269534 0.260320 -0.160736 0.082899 -0.095225 0.115404 -0.003400 0.100087 -0.032488 -0.042829 0.036637 -0.098788 0.041331 -0.035205 -0.120580 0.155315 -0.159729 -0.090622 0.351755 0.004259 0.181677 -0.187832 0.031465 -0.109191 
-0.139384 0.045592 0.173503 -0.111901 0.007493 -0.029892 0.250662 0.082031 -0.034006 -0.011089 0.092840 -0.264596 -0.161089 -0.119268 0.003554 -0.110475 0.113248 0.013651 -0.213171 -0.081433 -0.078360 -0.036678 0.163769 0.027104 -0.164672 0.094973 0.055077 -0.219441 0.161581 -0.090864 0.160897 -0.173683 -0.004886 0.191526 -0.255534 0.244781 0.077185 -0.039868 0.120599 0.044730 -0.299826 0.365278 0.111121 -0.048791 0.102160 0.058022 0.089879 0.059395 -0.075518 -0.003413 
-0.132237 0.364808 0.146160 -0.003238 0.020300 -0.057304 0.036418 -0.195938 0.077945 0.047785 -0.243980 -0.053822 0.092286 -0.080004 0.032722 0.358308 0.145710 -0.000799 -0.058590 -0.181839 -0.238657 0.062538 -0.136000 0.004592 -0.204031 -0.126944 0.222135 0.057306 -0.231152 0.008058 -0.293200 0.040791 -0.013808 -0.125166 -0.026602 0.143038 0.007668 -0.041834 0.140616 -0.083629 0.076331 0.017482 0.188915 0.153255 0.090092 -0.048426 -0.036019 -0.130299 -0.109660 0.095936 
-0.144773 0.093139 0.028753 -0.080144 0.090142 0.101199 0.178121 0.042097 -0.054786 0.042933 -0.109558 0.117733 -0.049584 -0.189250 0.042702 0.113824 0.163408 -0.005299 0.112929 0.240451 0.094330 -0.036231 0.191553 -0.029341 -0.330200 -0.058434 -0.021975 0.298511 0.325828 -0.111631 -0.059777 0.122128 0.004680 0.079326 0.079215 -0.152649 0.143784 -0.130121 -0.272976 0.171367 -0.192646 -0.185586 -0.018956 0.189067 0.020208 -0.138616 -0.016833 0.011360 -0.042885 -0.190680 
-0.140083 -0.141434 0.060147 -0.179442 0.138411 0.108422 0.006554 -0.042263 -0.329771 -0.194681 -0.082064 0.206912 -0.094605 0.053212 0.117850 0.025180 -0.014093 0.089933 0.009259 0.020873 -0.140635 0.360379 0.179131 -0.069199 -0.089740 0.052815 -0.007148 -0.198678 -0.224832 0.064898 -0.112682 -0.181551 0.165226 -0.036093 0.064943 -0.190829 0.052292 0.012294 0.057666 0.123225 0.143510 0.015677 0.115623 -0.221005 0.028278 -0.001868 -0.144393 0.234981 -0.154595 -0.220773 
-0.155224 0.049750 -0.032137 -0.017527 0.104452 -0.254375 0.088960 0.070932 0.144771 -0.143388 -0.294670 -0.024703 0.147489 -0.055491 0.081903 0.082316 -0.128531 0.220907 0.195765 0.032888 0.021661 -0.129475 -0.103316 -0.044055 -0.068702 -0.075348 0.219407 -0.114662 0.072709 0.051787 0.215106 0.088180 -0.161572 0.148416 -0.139008 -0.404890 0.090734 0.177179 0.027426 -0.090031 0.112530 0.137857 0.017358 -0.110236 -0.186240 0.231811 0.149830 0.048750 0.043724 -0.093947 
-0.156675 0.079997 0.092661 -0.147841 -0.082690 -0.217759 0.010538 0.076862 0.158713 0.112526 0.027947 0.003788 -0.111618 0.061008 -0.047948 -0.332752 -0.311003 0.097217 -0.082919 -0.078652 -0.092647 -0.015382 0.156326 -0.074455 -0.213887 -0.135821 -0.102693 0.206345 -0.292952 -0.146271 -0.024246 0.052439 -0.051028 0.013739 0.096632 0.125212 -0.063418 -0.037886 -0.040049 -0.234630 -0.113539 -0.205054 -0.088403 0.017931 -0.214684 0.227207 -0.129619 0.139969 -0.159296 -0.109991 
-0.131441 -0.177147 -0.080403 0.170075 0.092885 -0.332672 -0.141433 0.058643 0.063706 0.126251 -0.144004 -0.118506 -0.193804 -0.018205 0.127461 0.166691 0.090630 0.219154 0.273965 -0.104241 -0.024217 -0.002529 0.134045 -0.063684 -0.072807 0.124838 -0.159383 -0.054983 -0.082431 -0.216911 0.089398 0.012201 -0.112279 -0.089898 0.063007 0.199246 -0.288876 -0.111982 -0.106634 0.179830 0.082949 0.133998 0.013238 -0.046186 0.031612 -0.201148 -0.149355 0.019441 0.252069 -0.039311 
-0.150696 -0.122726 0.218262 -0.178239 -0.230467 -0.008849 -0.029214 -0.078333 -0.009212 0.093120 -0.011175 0.182019 -0.092272 -0.248423 0.114958 0.177604 0.010535 0.084099 0.111043 -0.034544 0.135884 -0.302729 -0.093188 0.031486 0.220491 -0.256774 -0.161057 -0.100450 0.011494 0.081324 -0.162908 -0.086113 0.171968 0.022790 -0.192073 -0.019482 -0.007528 -0.213882 0.014097 0.146854 -0.130514 -0.066848 -0.040828 -0.181304 -0.093421 0.235436 -0.208739 -0.037103 0.029156 0.181496 
-0.140119 -0.054817 -0.249532 -0.263281 -0.084638 0.070979 0.135578 -0.009703 -0.042138 0.087548 0.157972 0.251522 0.171665 0.115822 0.217108 0.039679 0.162620 0.224744 0.052421 0.009578 -0.207327 -0.164731 0.204455 0.003637 0.191269 0.087380 0.312959 0.076705 -0.146172 0.002299 0.068922 -0.028729 -0.040477 0.179528 0.019848 0.199647 0.023790 -0.034590 -0.008355 0.002687 0.085194 -0.037792 -0.145283 0.209604 -0.024885 -0.044340 0.160483 0.194271 0.095215 0.185172 
-0.136519 0.079183 -0.054624 0.064490 -0.137909 0.198096 -0.010271 0.196520 -0.214748 0.011922 -0.349784 0.030450 0.004563 0.037089 0.172640 -0.213285 -0.196099 0.000521 -0.085514 0.017322 -0.236376 -0.168930 0.042699 0.006525 0.007502 0.075761 -0.010950 -0.192407 -0.039547 0.112610 -0.017136 0.027578 -0.131507 0.062297 0.235814 -0.095659 -0.047613 -0.184072 -0.049031 -0.116574 -0.231592 -0.070846 0.099439 -0.146774 0.073511 -0.165803 0.053323 -0.361417 0.160623 0.117626 
-0.139013 -0.014375 0.187033 0.180120 -0.071060 -0.070605 0.275342 0.017596 0.034284 0.248546 -0.108763 0.212199 0.069676 -0.019959 0.021052 0.039691 -0.137753 -0.254569 0.001842 -0.039848 0.124577 0.047030 0.030540 -0.309861 -0.003513 0.352726 0.009466 -0.052168 0.006382 -0.124526 0.105562 0.230762 0.278160 0.006012 -0.028437 0.055479 0.139013 0.068354 -0.061446 -0.118274 0.172108 -0.064069 -0.019404 -0.148842 0.230376 0.055950 -0.001984 0.099665 0.023252 0.215824 
-0.130619 0.033012 -0.226707 -0.105816 0.028816 -0.102566 -0.022072 0.161888 0.213085 0.130116 0.074993 0.035904 0.055645 0.018906 0.063621 -0.022405 -0.019664 0.066214 -0.061579 0.033201 -0.291958 0.343118 -0.026342 0.152259 0.081354 -0.086425 -0.092509 -0.106033 0.348891 0.155866 -0.022074 0.234472 0.205787 -0.150302 0.037735 -0.066256 -0.260200 -0.016302 -0.096852 0.061191 -0.090275 0.004557 0.171772 0.075764 0.188955 0.282361 0.007168 0.059782 -0.042945 0.126137 
-0.133064 0.013692 -0.146303 0.320120 0.045468 -0.063886 0.072121 0.043185 0.092716 -0.103663 0.002735 -0.100110 -0.067139 0.395813 0.022416 0.095809 0.062660 0.246654 -0.113692 0.113740 0.009873 -0.133108 -0.200576 -0.032963 0.079273 0.094836 -0.009541 -0.018415 -0.069542 0.132913 0.128782 -0.157792 0.280383 0.042490 -0.200416 -0.001107 0.189831 -0.176862 -0.146984 -0.090280 -0.135547 -0.209673 0.137934 0.125160 0.011073 -0.069817 -0.243263 0.017522 -0.168976 -0.087233 
-0.137369 -0.052882 0.267025 0.035716 -0.115656 0.150906 0.090984 0.017010 -0.085823 -0.222199 -0.074179 -0.205434 0.270561 0.156215 -0.112503 -0.056880 0.055894 0.092295 -0.012801 -0.048243 0.135459 0.129491 -0.008629 0.016497 -0.019096 -0.195282 -0.033397 0.087616 -0.098452 0.010279 0.092080 0.034502 0.059060 -0.217091 0.111827 0.057753 0.091405 -0.077160 -0.088851 0.052713 -0.089202 0.006160 0.109348 0.112615 0.037092 0.160312 0.057429 0.249671 0.554516 0.049681 
-0.131447 0.025840 -0.043128 -0.312727 -0.122447 0.099761 -0.120077 0.145775 0.053257 0.160471 -0.054601 -0.114294 -0.301105 0.275068 -0.136438 0.126456 -0.035618 -0.100998 0.171193 0.156473 -0.044218 0.173708 -0.042946 0.087549 -0.027022 -0.030046 -0.175683 0.063960 -0.002726 -0.111044 -0.029677 -0.164070 -0.139723 0.028949 -0.152973 -0.055627 0.333019 0.097854 -0.185912 -0.125311 0.187743 0.086173 0.119502 -0.027526 -0.050282 -0.062658 0.062053 -0.050009 0.064575 0.316710 
-0.144331 0.017911 -0.196859 0.117834 -0.319993 -0.100228 -0.155327 -0.087020 -0.085007 0.056698 0.139361 -0.116884 0.074707 -0.014848 0.043123 0.125745 0.086715 -0.145870 -0.311390 0.069764 0.069805 -0.129950 0.162675 -0.164633 -0.289630 -0.161181 -0.076875 0.028258 -0.043762 0.251027 0.135976 -0.151777 -0.022658 0.122935 0.125643 -0.025690 -0.062244 -0.033566 -0.184781 0.120094 0.341341 0.046011 0.055644 -0.091986 0.092334 0.201239 0.110577 -0.073275 -0.033906 -0.049918 
-0.140086 0.002226 0.185456 0.000342 0.255783 0.200486 -0.276719 0.034490 -0.036101 -0.148639 0.074435 -0.068242 -0.020281 0.087209 0.013229 0.075549 -0.016146 0.092057 -0.062859 0.180970 -0.028437 -0.175154 -0.197672 0.079785 -0.174490 0.363839 0.036000 0.065652 0.125691 -0.046479 -0.270953 0.011794 -0.112719 0.177388 0.028239 0.079999 -0.188152 -0.070224 -0.039095 -0.124804 0.113683 -0.013909 -0.205505 -0.074818 0.169709 0.333573 -0.046759 0.110604 0.069142 0.061368 
-0.129080 -0.101675 0.135706 -0.125554 0.065815 0.104596 0.200319 -0.013148 0.049040 0.070218 0.394112 -0.207922 0.050671 -0.035457 0.058857 -0.094435 -0.070840 0.092894 0.277794 0.030923 -0.007883 -0.087501 0.094338 0.078883 -0.039765 0.136838 0.056927 0.016121 -0.031378 0.091941 0.093166 0.091477 0.034817 -0.247378 0.084359 -0.094074 0.108712 -0.207912 0.137114 -0.066456 0.293666 0.043909 0.119646 0.071380 0.038814 0.072868 -0.132283 -0.432854 -0.025844 -0.140299 
-0.148077 -0.277252 0.198486 0.075237 -0.037706 -0.086618 -0.042854 0.311241 0.049333 -0.159100 0.135962 0.005989 0.140131 0.050658 -0.110726 0.172660 -0.110674 0.166781 -0.264218 -0.152520 -0.093537 0.121270 0.065363 -0.160857 -0.109744 0.046250 -0.032183 -0.030975 0.102639 0.030121 -0.140286 0.071771 -0.077244 -0.021161 -0.047293 -0.064319 0.105179 0.086438 0.115829 0.282245 0.012406 -0.121146 -0.224352 0.114022 -0.228175 -0.177354 0.061938 -0.205965 -0.098600 0.238152 
-0.128737 0.085183 0.036439 0.073666 0.231788 0.276025 0.000032 0.084704 0.010191 0.113847 -0.005172 -0.143599 -0.379830 -0.161575 0.199384 -0.051758 0.192764 -0.064015 0.021714 -0.269083 0.070924 0.094096 -0.153077 -0.011353 -0.038772 -0.001170 0.085621 0.055146 -0.128934 0.287291 0.341385 0.000243 -0.024736 -0.052774 0.104906 -0.051549 -0.050106 0.136807 -0.008742 0.113467 -0.012557 -0.228335 -0.156291 0.023142 -0.145566 0.083958 0.027855 0.071360 -0.039481 0.206118 
-0.149907 -0.040792 0.225676 0.081882 -0.068127 0.033451 0.042812 -0.097952 0.100080 0.118090 0.050391 0.159464 -0.055703 0.019638 0.301413 0.073498 0.090644 0.023151 -0.244508 0.248328 0.077124 0.056738 -0.181002 0.081609 0.189528 0.098598 -0.306295 -0.136189 -0.147760 -0.150142 0.047987 0.099610 -0.307015 -0.120893 0.069380 -0.048975 0.002484 -0.027168 0.040406 0.004474 -0.014724 0.039524 0.129935 0.186446 -0.095063 0.024354 0.339696 0.051000 -0.119381 -0.205402 
-0.155514 -0.239118 0.040960 -0.000973 0.009821 0.054243 -0.029564 -0.204639 0.232206 -0.163080 -0.034657 0.051047 -0.114014 -0.027034 -0.145265 0.063328 -0.005992 -0.003625 -0.038612 -0.192681 -0.111442 -0.153399 0.006672 -0.111345 0.085764 -0.085606 0.025000 0.120112 0.327122 0.028339 0.100535 -0.134543 -0.081790 -0.169781 0.351203 -0.057575 0.047477 -0.227218 0.059703 -0.290349 0.035121 0.090743 0.066962 -0.131155 0.049797 -0.198415 0.090673 0.255688 -0.188667 0.095255 
-0.118732 -0.106454 -0.082188 -0.247552 0.186248 -0.192052 -0.011452 0.121595 -0.131833 -0.254566 -0.061354 -0.051793 0.009135 0.023973 0.020104 0.083070 0.102565 -0.446001 -0.099485 0.208658 -0.033555 -0.069276 -0.089965 -0.017604 -0.009002 -0.111945 0.064190 -0.074940 -0.157266 -0.140228 0.184933 0.100602 0.191183 -0.245900 -0.107045 -0.006497 -0.157834 -0.244880 -0.053448 -0.140959 -0.026734 0.058445 -0.290328 0.062393 -0.086760 -0.045860 0.072872 -0.093010 -0.034786 0.044108 
-0.128079 0.000249 -0.203231 0.087665 -0.102319 0.065786 0.068445 0.079544 -0.270421 0.179256 0.015655 -0.153003 -0.057918 -0.261522 0.035516 0.089294 -0.138714 0.216393 -0.241868 0.051062 0.144540 0.126881 -0.022728 0.158222 0.013519 -0.173395 0.072724 -0.109372 0.174047 -0.124485 -0.024703 0.023422 -0.085757 -0.142331 -0.175274 0.006582 0.025384 -0.007758 0.180882 -0.341700 0.204788 -0.183750 -0.200713 0.002480 0.084760 -0.154732 -0.126471 0.152058 0.114469 -0.082692 
-0.152036 0.221513 0.099522 -0.112638 -0.040473 -0.066630 -0.052870 -0.207524 -0.180201 -0.020309 0.219938 0.014209 0.105273 0.171156 0.012777 0.180691 -0.391066 -0.066666 0.050594 -0.133197 -0.026877 -0.020549 -0.163070 0.161251 0.053736 -0.047557 0.099905 -0.048687 0.048564 -0.120302 0.310023 0.023735 -0.214483 -0.042006 0.062318 -0.005090 0.000685 0.097354 -0.192580 0.271850 -0.155507 -0.039211 -0.120439 -0.070939 0.247056 -0.120267 -0.159503 0.035832 -0.125594 -0.028426 
-0.125930 0.148040 0.197099 -0.259004 0.065088 -0.015908 0.002569 0.160437 -0.081516 0.098094 0.086695 0.119701 0.057825 0.076683 -0.285426 -0.024249 0.199399 0.177287 -0.103002 -0.201731 0.207271 -0.108584 -0.058678 0.037371 0.059240 0.037050 -0.000500 -0.041599 0.018188 0.125820 -0.004583 0.084948 0.112762 0.017631 -0.084121 0.008999 -0.334344 0.114445 -0.276743 -0.161420 0.113728 -0.063423 0.178638 -0.186235 -0.081972 -0.284524 0.174365 -0.061489 -0.001350 -0.177335 
-0.149569 -0.178498 0.049738 -0.143473 0.199228 -0.138695 -0.181644 -0.028677 0.267475 0.129862 -0.018906 0.113855 0.148301 -0.181952 -0.039024 -0.080477 0.121115 -0.109111 -0.084986 0.079243 -0.030903 0.086240 -0.059973 -0.079366 0.046441 -0.026360 0.089180 -0.220272 -0.006884 0.188725 -0.002478 -0.236344 -0.123347 -0.004406 0.090870 0.189944 0.296135 0.215148 -0.138745 -0.113660 -0.118283 -0.133358 -0.110593 0.032793 0.169528 -0.018665 -0.172627 -0.152897 0.221755 -0.231676 
-0.142940 0.191882 0.074896 0.112711 0.003883 -0.050985 -0.145203 -0.015123 0.091983 -0.139003 0.152056 -0.204572 0.069767 -0.083604 0.198431 0.141092 -0.150414 -0.036178 0.222064 0.172205 0.198309 -0.030607 0.423321 0.056984 0.070141 0.057215 -0.047062 -0.109499 -0.072519 0.180195 -0.177568 -0.126692 0.155310 -0.120474 0.035352 -0.037946 -0.079164 0.246122 -0.036908 -0.213866 -0.220580 -0.025591 -0.041479 0.039868 0.006578 -0.151316 0.180721 0.101699 -0.085864 0.148640 
