-0.152705 0.055682 -0.012584 -0.080862 -0.051988 0.148470 0.058264 0.041893 0.182882 -0.382829 0.047681 0.199554 0.017563 -0.200244 -0.219829 0.002344 0.099454 -0.214919 -0.082415 0.016633 0.189775 -0.046323 -0.045303 -0.086626 -0.258581 0.062198 -0.262829 -0.018370 0.015892 0.052075 -0.228315 0.095818 -0.151353 -0.073655 0.131318 0.195954 -0.089949 0.068968 -0.237541 -0.072576 -0.063226 -0.198914 -0.096084 0.134648 0.204398 0.079834 -0.087651 -0.072516 -0.142048 0.012229 
-0.126214 0.114384 0.384613 -0.010903 -0.036665 -0.083402 0.093705 -0.064851 0.095719 -0.078553 -0.025941 -0.172239 -0.187809 0.008270 -0.087143 0.011513 -0.034033 0.038623 -0.087489 0.062120 -0.080835 0.296597 0.258727 -0.264842 -0.034915 -0.044532 -0.070000 0.154116 0.029593 -0.032042 0.055299 -0.002348 -0.073817 -0.055845 0.064969 0.282904 0.088531 -0.115113 0.262758 0.024840 0.207356 -0.236138 0.040286 -0.054504 -0.011624 -0.020300 0.260452 0.185376 0.040303 -0.197621 
-0.143806 0.240604 -0.112983 -0.113163 0.112326 -0.196920 -0.092302 0.171620 0.109747 -0.083207 -0.069537 0.002260 0.227257 -0.174441 -0.005243 0.151363 -0.048692 -0.118609 0.115219 -0.015874 0.094488 0.041682 -0.005791 -0.096940 0.222537 -0.274116 -0.102265 -0.292704 0.004918 -0.145079 0.000421 -0.122925 0.204358 0.032881 0.075636 -0.009452 0.120516 0.041096 -0.150903 -0.195385 0.094026 0.069461 0.191655 -0.144543 0.100610 0.107591 0.253331 0.140393 0.234341 0.114122 
-0.136354 0.265560 -0.143359 -0.077765 -0.071624 -0.075557 0.098539 -0.108155 -0.182706 0.194582 0.031319 0.010511 -0.040527 0.372431 -0.113398 -0.107611 0.080162 -0.144560 -0.153438 0.151438 -0.128517 -0.061036 -0.210234 -0.031384 0.018068 -0.086339 -0.051771 0.155687 -0.106884 -0.254472 -0.324047 -0.084435 0.031837 0.040933 0.228851 0.239166 -0.027448 0.117945 0.057644 -0.039404 -0.083689 0.216295 0.079559 0.208975 -0.046161 -0.084009 0.009400 0.032313 0.077365 -0.027970 
-0.159681 0.011271 0.034661 -0.239232 -0.158697 0.010168 0.175710 -0.208117 0.058610 -0.133238 0.097999 -0.273808 0.102373 0.052030 -0.033481 -0.236247 -0.026074 -0.008403 0.059739 -0.268681 0.196144 -0.033566 -0.141637 -0.131327 0.140481 -0.021098 0.234329 0.092171 -0.059011 0.021154 -0.042117 -0.295966 0.175693 -0.269938 -0.163389 -0.176687 -0.015263 -0.034133 0.000132 -0.142702 0.113533 -0.091885 -0.076101 0.087346 0.087741 -0.119203 -0.164379 0.147482 -0.128438 0.070315 
-0.130154 0.190840 -0.054015 0.236087 -0.080423 0.055668 -0.166437 -0.006971 0.239981 0.074252 0.034450 -0.195533 -0.112945 0.318476 -0.105260 -0.044396 0.018252 0.047572 0.105233 0.026354 0.093769 -0.204773 -0.039275 -0.183314 -0.119345 -0.271437 -0.097893 -0.079398 -0.018004 -0.080066 0.190860 0.138729 0.007156 0.012819 -0.039686 -0.080234 0.118454 0.048993 -0.002870 0.073125 -0.214570 -0.138005 -0.332364 -0.171735 -0.097911 0.244567 -0.183812 0.116827 0.048721 0.013793 
-0.154724 0.124168 -0.088421 -0.087153 0.009654 -0.123336 0.114166 -0.009995 -0.087835 -0.013825 0.433122 -0.005972 0.047935 -0.097826 0.183855 -0.082997 -0.029708 0.147552 -0.139075 0.120000 -0.253880 -0.329742 0.115058 0.101072 0.041307 0.082591 -0.151350 -0.113401 0.236559 -0.020657 -0.049536 -0.037776 -0.120078 -0.032675 -0.011773 -0.020536 0.365535 0.003881 -0.125856 0.155519 0.134264 -0.057444 -0.042269 -0.121370 -0.015562 -0.061237 -0.001501 0.146448 -0.239370 -0.028485 
-0.143320 -0.227473 -0.116806 -0.123242 0.140920 0.031393 -0.347272 0.140633 0.094149 -0.078714 -0.011763 -0.185297 -0.060187 -0.000060 0.180898 -0.104197 -0.227711 0.209571 -0.070273 -0.136889 -0.097507 -0.135363 -0.228489 -0.049344 0.003767 0.230240 -0.071396 0.225616 0.023556 -0.163250 -0.200407 0.025147 -0.148507 -0.064057 -0.047907 0.094650 -0.156948 -0.138201 -0.078518 -0.129096 -0.041814 -0.085555 0.124074 -0.057389 -0.112123 0.219416 0.075687 0.112647 0.206844 -0.091277 
-0.165444 0.037154 0.085803 0.046158 -0.072843 -0.021008 -0.342381 -0.246834 0.254799 -0.142150 0.064571 0.257239 0.149225 0.131725 0.027656 0.173438 0.236553 0.004300 0.074261 0.095277 -0.268297 0.027434 0.106333 0.104372 0.207952 0.171038 -0.098061 -0.033560 -0.154201 0.019324 0.100718 -0.004576 0.107352 -0.255696 -0.094060 0.108647 -0.029143 -0.125827 0.083430 -0.141234 0.061737 0.166143 0.062313 0.016594 -0.041272 -0.008443 -0.280225 -0.010769 -0.004208 -0.108198 
-0.153895 0.121257 0.018821 0.001482 0.011104 0.018747 -0.075870 0.012346 -0.314758 0.086228 0.109376 0.013158 -0.097851 -0.108440 0.104154 -0.097429 0.165123 0.030643 0.262287 0.186008 0.214379 0.130236 -0.119380 0.027142 0.055278 0.020150 -0.089871 -0.144369 0.019232 -0.169400 -0.063545 -0.044698 0.063949 -0.021843 0.110995 -0.158800 -0.237643 -0.330399 0.015082 -0.107589 0.073508 -0.069520 -0.218423 -0.098759 -0.084281 0.081322 0.102053 -0.216489 -0.189402 -0.351356 
-0.143899 0.202705 0.076377 -0.094163 0.282477 0.006746 -0.143435 0.152992 -0.068174 -0.025857 -0.193137 -0.045059 -0.137267 -0.198808 -0.122306 -0.062729 0.080807 -0.113141 -0.050995 0.130868 -0.155616 -0.178729 -0.075111 -0.106800 0.003762 0.177078 0.261608 0.135644 -0.030056 0.038731 0.346043 0.129219 -0.076256 -0.118253 0.271139 -0.288837 0.112549 0.082165 0.007593 -0.150565 -0.084493 0.080200 -0.033034 0.186293 0.073046 -0.098642 -0.002634 0.119026 -0.065345 -0.081783 
-0.136866 0.031435 0.148089 -0.167759 0.125286 -0.045534 -0.121702 -0.195959 -0.113291 0.166598 -0.074981 0.249138 -0.030576 0.025293 -0.206054 -0.104661 -0.230467 -0.084339 0.050142 0.001064 0.028970 0.134515 0.183827 0.065676 0.041990 0.091169 -0.100697 0.027961 0.081108 -0.240323 -0.067237 0.067198 -0.159119 0.074813 -0.319304 -0.113856 0.021658 0.069756 -0.110602 -0.201007 -0.238198 -0.134791 -0.142552 -0.198399 -0.038926 -0.326845 -0.003053 0.035515 0.051068 0.176608 
-0.130075 -0.097235 -0.017850 0.151758 0.207817 -0.083182 0.082183 0.004055 -0.101843 -0.107050 -0.032110 -0.079930 0.250700 -0.079537 0.164705 0.113908 0.201471 -0.266738 0.238654 -0.138551 0.053982 -0.224374 0.127271 -0.341839 0.095705 0.090654 -0.045513 0.139719 -0.016460 0.031998 -0.200994 0.128937 -0.035483 0.084240 -0.235791 0.056493 -0.041888 0.124617 0.206103 0.150421 -0.135905 0.171375 -0.146260 0.011663 -0.133590 -0.095078 0.134720 0.067223 -0.054535 -0.109311 
-0.139096 -0.148492 0.184611 0.029623 0.098135 -0.056020 0.236715 0.021607 -0.000696 -0.116147 -0.019399 0.006055 -0.041455 -0.007685 -0.163360 0.056258 -0.189594 0.041449 -0.175531 0.142232 0.154573 -0.121704 -0.240276 0.175183 0.358250 0.020297 0.065500 -0.182303 -0.077596 -0.232214 0.191277 0.125521 0.004257 0.082022 -0.205534 0.208862 -0.068271 -0.001254 0.167472 0.090434 -0.188338 0.068808 0.080587 0.018104 0.152791 0.208236 -0.017273 0.047032 -0.243117 -0.074774 
-0.153922 -0.181153 0.032874 0.196798 -0.226865 -0.027228 0.019916 0.188354 -0.044685 -0.193744 0.011139 0.163060 -0.162227 0.019089 -0.153598 -0.109443 -0.239485 -0.162473 0.109826 0.136067 0.016479 -0.240376 -0.006333 -0.032347 -0.198853 0.006031 0.000410 -0.089288 -0.098875 -0.042497 -0.006296 -0.016352 0.066224 0.232420 -0.083481 -0.136704 -0.030581 -0.222894 0.048560 -0.000136 0.362211 0.172241 0.059124 0.043549 -0.062891 -0.227611 -0.110808 0.203073 0.199021 -0.044862 
-0.152525 -0.013174 -0.079232 -0.063245 -0.374211 -0.239279 -0.139653 -0.044360 0.070794 -0.006648 -0.044192 -0.002214 -0.164889 -0.158979 0.113618 -0.217498 0.197361 0.103038 -0.173078 -0.025093 0.303536 0.116241 -0.047214 -0.145334 -0.056206 0.008602 0.078742 -0.019092 0.002633 0.037061 0.144895 0.102903 -0.211264 -0.012567 -0.132541 0.104193 0.166032 0.043279 -0.117477 0.042058 -0.113375 0.404831 0.124462 -0.119280 -0.059317 -0.103489 0.093745 -0.161928 0.005531 -0.044390 
-0.142406 -0.098191 -0.095296 0.151245 -0.095317 -0.254251 0.015928 0.230594 0.062158 0.141327 -0.117654 0.029138 0.202724 0.017860 0.016192 -0.204208 0.181021 -0.020858 -0.004965 -0.211505 -0.236308 0.039631 0.003806 0.098615 -0.017481 -0.004936 0.157046 -0.234440 -0.231530 -0.040363 0.099416 -0.109104 -0.240407 0.191345 -0.039208 0.176631 0.014670 -0.019207 -0.009545 -0.202825 0.022959 -0.354513 -0.121185 0.219053 -0.085303 -0.038075 0.056087 -0.039021 -0.124553 -0.014947 
-0.121066 -0.161167 -0.023989 0.027262 0.120741 0.230272 0.202963 -0.260081 -0.030217 0.001002 0.054644 -0.019177 0.029724 -0.010901 -0.000022 -0.024850 -0.017682 0.267302 0.234705 0.099683 -0.107652 -0.013538 0.269875 -0.207244 -0.065966 -0.057356 0.185779 -0.146260 -0.125065 -0.137091 0.002035 -0.178006 -0.362612 0.088796 0.106217 0.002165 -0.022791 0.046051 -0.123549 -0.117449 -0.020254 0.234590 0.016493 0.017259 0.277630 0.183707 -0.055047 -0.052205 0.157353 -0.044685 
-0.148028 0.055487 0.081995 0.213200 -0.151719 -0.039668 0.057492 -0.102144 0.037435 0.144185 -0.197905 -0.237913 -0.102722 -0.009506 0.001571 0.378738 0.021132 -0.058928 -0.170900 -0.006355 0.054323 -0.138909 -0.060752 0.026862 -0.023381 0.222793 0.040016 -0.289989 0.262921 0.024967 -0.194702 -0.099430 -0.206477 -0.080406 0.049638 -0.150930 -0.164488 0.238021 0.124656 -0.213095 0.144532 -0.052534 0.108613 -0.146634 -0.085617 -0.036363 -0.093870 -0.072674 0.004093 0.022239 
-0.127249 -0.073222 -0.272079 0.109874 -0.137760 0.224371 -0.026465 -0.062760 0.132351 0.270321 0.055180 0.072791 0.030296 -0.084898 -0.234279 0.212840 -0.217816 -0.115065 0.039911 -0.287288 0.044916 0.108865 0.051102 0.075817 0.082285 -0.038288 -0.013882 0.080265 0.289641 0.001452 0.082520 -0.064616 -0.035975 -0.022373 0.045439 -0.005896 0.147856 -0.140273 -0.053250 0.010719 -0.099609 0.123658 -0.001152 0.263976 -0.037784 -0.008156 0.129180 0.148445 -0.109117 -0.372755 
-0.120493 0.104799 -0.126459 -0.178850 0.067673 -0.201575 0.117725 0.129921 0.103923 -0.236354 -0.004716 -0.081586 -0.001154 0.110456 -0.131831 0.211045 0.008555 0.052843 -0.028619 -0.192210 -0.174137 0.101988 0.006906 0.163570 -0.178116 0.031047 -0.007201 -0.000467 0.101489 -0.146311 0.146953 -0.159998 -0.147694 -0.068974 0.051913 -0.068046 -0.282283 -0.224613 0.099114 0.268689 -0.048117 0.255614 -0.308442 -0.085883 0.014942 -0.095899 0.102704 -0.100556 0.034582 0.189251 
-0.156026 0.252487 -0.143509 -0.071641 0.028752 0.040070 0.082043 -0.119018 0.246653 0.191788 -0.132876 0.079610 0.017802 -0.110046 -0.018044 -0.253165 -0.184662 0.196811 0.198765 -0.140102 0.085485 -0.212091 0.106091 0.201128 -0.054240 0.183898 0.022838 -0.015943 -0.066837 0.064747 -0.036223 0.290984 0.182952 -0.006904 0.067092 0.151552 -0.081924 0.151928 0.260614 0.052699 0.245352 0.024363 -0.072123 -0.034948 0.111656 -0.006120 0.134125 -0.183001 0.059185 -0.007981 
-0.129265 -0.102743 0.104891 0.244831 0.175206 0.199922 -0.005302 0.116697 0.094425 -0.176466 -0.078232 -0.070083 -0.097926 0.306765 0.176548 -0.071494 0.098282 0.091363 0.015253 -0.092266 -0.021542 0.175590 -0.009702 0.004567 0.004671 0.088226 0.107736 -0.049232 0.322199 -0.215452 -0.021855 0.124049 0.298829 0.097179 0.044917 0.119356 0.123125 0.093396 -0.278999 -0.114156 0.131421 0.128552 -0.076508 0.051096 0.088479 -0.210717 0.087294 -0.095834 -0.178530 0.085955 
-0.132836 0.013019 0.152566 -0.106470 -0.076734 0.236063 -0.119777 0.236417 -0.059215 0.076334 -0.099592 -0.261685 0.074970 -0.046515 -0.235651 -0.008641 0.098633 0.245423 0.037985 -0.144530 -0.110905 0.021006 0.035539 -0.075735 0.091075 -0.060362 -0.370201 -0.066966 -0.122659 -0.010200 -0.167055 0.065181 -0.023161 0.136715 -0.033676 -0.203336 0.176075 -0.119838 0.171912 0.107655 -0.041261 0.076797 0.234551 0.128022 0.085749 -0.109210 -0.123958 -0.221329 -0.151655 0.133941 
-0.122152 -0.068367 0.067697 0.270439 0.041329 0.058589 -0.134994 0.130462 -0.082915 0.224003 0.215416 0.079260 -0.071808 0.005212 -0.142003 -0.164793 0.267895 -0.045237 -0.028434 -0.112375 0.030431 0.056291 -0.074530 0.053532 0.193208 0.064781 0.072982 -0.081077 0.026455 0.126284 -0.098547 0.010315 -0.077757 -0.226973 0.036873 0.012901 -0.164636 -0.009413 -0.025060 0.308062 -0.002897 -0.065235 0.021823 -0.136003 0.413477 -0.092998 0.092337 0.231350 0.249652 0.106595 
-0.120082 -0.133112 -0.082973 -0.044543 -0.157911 -0.216871 -0.241466 -0.016568 -0.127049 -0.037800 -0.064606 -0.040845 0.021509 -0.217428 -0.029368 0.163237 -0.027970 0.369430 0.082439 0.171461 -0.029957 0.146333 0.103676 0.033625 -0.122745 -0.186795 0.139540 -0.015350 0.040472 -0.081239 -0.175493 0.121875 0.195745 -0.003708 0.047244 0.010882 -0.208875 0.289497 0.007733 0.139496 -0.052748 -0.045868 -0.106742 0.201950 0.036080 -0.067929 -0.117310 0.329729 -0.159575 0.004560 
-0.118182 0.170375 0.114056 0.096572 0.062420 0.069256 0.118111 0.166979 -0.236031 -0.155195 -0.021145 -0.092937 0.200937 0.052605 -0.025308 0.103659 -0.055221 0.240522 0.037764 -0.066409 0.100281 -0.108647 -0.027564 0.268954 -0.009854 -0.282973 0.022007 0.141784 -0.015823 0.222309 0.080031 0.061420 -0.117433 -0.139592 -0.033452 0.210891 -0.033878 0.043384 -0.165095 -0.126828 -0.074997 -0.023293 0.052100 -0.112130 -0.079719 -0.308162 -0.141359 -0.074332 0.230238 -0.303158 
-0.152514 -0.148209 -0.049793 -0.207254 -0.144470 -0.164154 0.296966 0.140066 -0.054930 -0.012516 -0.140567 0.164662 -0.011542 0.113826 0.035347 0.030159 0.226858 -0.012383 0.126188 -0.137827 0.075536 0.085821 0.131070 0.079052 0.162052 0.106524 0.047351 0.203247 0.199540 -0.094598 -0.027615 0.224103 0.012602 0.127572 0.253444 -0.120858 0.145207 -0.056153 0.038358 0.004517 -0.022597 -0.124666 0.080373 -0.167531 0.003139 0.221696 -0.354348 0.091612 0.166801 -0.044192 
-0.137583 -0.012730 -0.179459 0.234800 0.210418 0.006109 0.197869 -0.047559 0.102029 0.010134 -0.265635 0.084045 -0.020711 -0.103840 0.184867 -0.089573 0.004220 0.180367 -0.171901 0.135377 0.224286 0.049680 0.101675 -0.038690 -0.012544 0.160239 -0.255418 -0.048222 -0.112070 -0.107156 0.070498 -0.323306 0.144918 -0.151206 0.084730 -0.067763 0.065000 -0.084790 0.007286 0.218079 -0.198402 -0.144227 0.066858 0.146891 -0.140718 -0.183819 -0.121313 0.059266 0.146675 0.010917 
-0.145129 -0.199730 -0.041697 -0.073727 0.193461 0.005721 -0.180829 -0.237418 0.101641 -0.068771 0.067239 -0.123326 0.127108 0.024348 -0.017267 0.052334 0.167505 -0.073108 -0.175008 0.045781 0.122236 0.037034 -0.119595 0.285975 -0.284861 -0.038764 0.071941 0.048322 -0.098853 0.082828 -0.073688 -0.137102 0.104639 0.363374 0.086160 -0.100403 0.239180 -0.003136 0.245516 -0.035827 -0.070401 -0.054896 -0.013782 -0.225617 0.219226 -0.096695 0.069198 0.025907 0.033987 -0.197141 
-0.142380 -0.190368 -0.364654 -0.250332 -0.004533 0.213483 -0.119238 0.028309 -0.116821 -0.123497 -0.100380 0.086536 -0.084578 0.152943 0.054413 0.030790 0.018768 -0.113673 -0.147475 0.168523 -0.053792 -0.040780 0.058148 -0.143826 0.166888 -0.255649 0.074487 -0.094833 0.148776 -0.020878 0.121220 0.041674 -0.059294 -0.144513 -0.167339 -0.013211 0.004527 0.134280 0.201206 0.134743 0.187286 -0.256705 -0.024980 0.069333 0.067360 -0.105860 0.047243 -0.299855 0.135936 -0.074031 
-0.135803 0.099688 -0.065915 0.104548 -0.081650 -0.085472 0.105624 -0.130259 0.118158 -0.122223 -0.129459 -0.175461 -0.326525 -0.113675 -0.008078 -0.045107 0.094567 -0.151370 0.376366 0.151123 -0.294430 -0.018722 -0.052130 0.249521 0.008777 -0.069614 0.038331 0.167730 0.072328 0.067500 -0.068441 -0.107180 0.057539 0.053834 -0.253815 -0.060645 -0.008906 0.007181 -0.187828 0.140242 -0.189267 -0.152739 0.279815 0.032521 0.068596 0.059036 0.117381 -0.130605 0.011778 -0.016037 
-0.154020 -0.054567 -0.001234 -0.071230 0.232690 -0.041223 -0.045538 0.170280 -0.020366 0.291440 -0.145900 0.013356 -0.297841 -0.121351 0.136152 0.034883 -0.037277 -0.176320 -0.122184 -0.084401 -0.011620 -0.105109 0.236271 0.006675 -0.104657 -0.274080 0.056008 0.062546 -0.026674 0.135926 -0.115194 -0.168917 0.120907 -0.084033 -0.090236 0.270127 -0.032385 -0.196341 -0.004938 -0.096487 0.033410 0.155700 -0.047556 -0.144878 0.121485 0.092382 -0.305296 -0.023823 -0.229449 0.074593 
-0.153482 -0.212326 0.056268 -0.031951 0.038485 -0.108768 0.247777 -0.000328 0.176509 0.163117 0.131305 0.046239 -0.048181 -0.051074 0.184089 -0.051869 -0.135187 -0.057030 -0.038868 -0.058950 -0.285852 0.213265 -0.275015 -0.152535 -0.008974 -0.154498 -0.362662 0.009068 -0.098594 0.135002 0.147011 0.118934 0.071786 -0.000241 0.059672 -0.204906 -0.204586 0.281458 -0.051896 -0.080792 0.012120 0.080377 -0.052313 -0.098008 0.084086 -0.112281 -0.068517 -0.039427 0.002093 -0.189933 
-0.164300 -0.093774 0.176978 -0.145491 0.073383 -0.075860 -0.023438 -0.086925 -0.014976 0.007654 0.292408 -0.227895 -0.086166 -0.062996 0.060880 -0.070829 -0.070961 -0.130844 0.000598 0.027298 0.032526 0.036398 0.107558 0.069062 0.050071 0.036148 0.027220 -0.303130 0.184821 0.250864 0.001518 0.120522 0.128342 0.094563 0.113759 0.117096 -0.013789 -0.105588 0.043798 -0.045672 -0.231798 0.021979 -0.099561 0.381749 -0.187846 0.022061 -0.087963 -0.126107 0.360310 0.135837 
-0.144052 0.030664 -0.194082 0.080157 0.071170 0.104012 0.136549 -0.036032 0.181297 0.112879 -0.001979 -0.222737 0.145281 -0.104489 -0.096480 0.071177 0.067192 -0.009072 -0.232602 0.336670 0.038733 0.187168 0.035018 0.062715 0.239356 -0.022790 0.087125 0.225885 -0.158011 0.122054 -0.114570 0.259015 -0.098130 0.136640 -0.107972 -0.093390 -0.069287 -0.194265 -0.237855 -0.022647 0.265131 0.041047 -0.180284 -0.008732 -0.145138 0.015579 -0.002760 0.041289 0.021726 0.173669 
-0.147436 -0.021622 -0.250068 0.110817 0.086187 0.085457 -0.011782 -0.296983 -0.330081 -0.126005 -0.038793 -0.112187 0.063020 -0.053730 -0.123818 -0.072133 -0.122528 -0.144981 0.028658 -0.185099 -0.151919 0.179059 -0.086891 -0.100097 -0.127716 0.044602 0.050061 -0.190596 -0.104125 0.049611 0.139155 0.223730 0.057389 -0.066944 0.183588 0.157548 -0.008506 -0.104846 -0.034257 0.113326 0.007951 -0.058477 0.261494 -0.279045 -0.206327 0.002289 -0.105272 0.060982 -0.163933 0.156697 
-0.144763 0.043096 0.021992 0.125358 -0.082260 -0.011727 -0.009762 -0.030602 -0.312338 0.068152 -0.106196 -0.099437 0.323010 0.004535 0.043954 -0.162998 0.035250 -0.079089 -0.112628 0.088425 -0.003685 0.069443 0.049933 0.104472 -0.270213 0.068973 -0.254184 0.173817 0.262724 -0.013805 0.285875 -0.036603 0.063454 -0.041892 -0.263003 -0.014073 -0.066669 0.045529 0.060839 -0.116015 0.116124 0.091995 0.010377 0.157315 0.213360 0.337078 0.001505 0.043410 0.086289 0.107726 
-0.149253 -0.027827 0.214211 -0.079190 -0.221388 0.168092 -0.078554 -0.023640 -0.043380 0.210969 0.024449 -0.046797 0.093716 -0.208452 0.238359 0.313586 -0.081330 -0.140401 0.159682 0.024448 0.023152 -0.063483 -0.232005 -0.021369 -0.029866 0.095145 0.055047 0.174961 -0.142286 -0.260240 0.202919 -0.089263 0.003325 0.068858 0.114145 0.230770 0.137739 0.021896 -0.128277 0.241309 0.091167 -0.121924 -0.136514 -0.006891 0.062582 -0.111886 -0.080526 -0.130932 0.105941 0.184228 
-0.127056 -0.032176 0.038726 0.134332 -0.100122 -0.006359 0.115232 -0.126450 0.036181 0.050337 0.021055 0.307570 0.107038 -0.084789 0.017243 0.094270 0.061438 0.262378 -0.082654 0.044746 -0.114608 -0.217075 -0.196574 -0.252309 -0.057204 -0.194342 0.131806 0.143360 0.231153 0.106898 -0.008236 0.074766 0.128491 0.037448 0.050661 -0.025181 -0.068084 -0.346491 0.152729 -0.212983 -0.208642 -0.111477 0.066419 -0.030929 0.038465 -0.077392 0.194338 -0.091009 -0.018821 0.272111 
-0.133342 0.231479 -0.008601 0.047328 -0.047953 0.089804 -0.088312 0.144724 0.160327 -0.023986 0.255918 0.008706 0.127395 0.158886 0.366452 -0.034485 -0.186988 -0.164986 -0.011007 0.045596 0.170307 0.094302 0.239373 0.044631 -0.037377 -0.071777 0.137485 0.089423 -0.025548 -0.071080 0.069372 0.071070 -0.173749 0.120719 0.092636 -0.158284 -0.289821 -0.005597 0.128146 0.040659 -0.138483 -0.072894 0.370625 0.047405 0.073547 -0.086447 -0.050366 0.026272 -0.204389 0.073082 
-0.145879 0.178066 -0.019983 0.008219 0.156496 -0.069645 -0.074539 -0.073790 -0.133059 -0.010459 0.245117 0.154674 -0.212654 0.016654 -0.172671 0.176302 0.125351 0.183316 -0.160106 -0.273392 0.088620 -0.062647 0.067474 -0.164047 0.060372 0.103508 0.007143 0.143098 -0.075638 0.067167 0.182467 -0.167853 0.151643 0.387780 -0.131392 -0.032755 -0.188831 0.179287 -0.172839 0.067278 0.167681 -0.110234 0.116885 0.083184 -0.105477 0.124565 -0.036984 -0.118366 0.030741 -0.027188 
-0.133515 0.241131 0.095747 -0.198357 0.032498 0.219904 0.126823 0.214270 0.060050 0.109193 -0.038308 0.181409 0.141454 0.042664 0.039625 0.043615 -0.004529 0.044277 -0.043794 0.081800 -0.134612 0.228517 -0.185061 -0.146836 -0.279620 0.167948 0.301101 -0.237769 0.020089 0.108619 -0.167733 -0.008582 0.106935 0.000474 -0.334335 -0.027981 0.077490 -0.011545 -0.019269 0.184771 -0.088341 0.019498 0.043808 -0.044581 -0.108063 0.134519 -0.067173 0.084979 0.082415 -0.181998 
-0.119542 -0.115026 0.127230 -0.015272 -0.116708 0.314751 -0.040627 0.142421 0.084056 -0.066940 0.000453 0.073024 0.109135 -0.168035 -0.154384 -0.293012 0.057915 -0.035166 -0.013915 0.109542 -0.090071 -0.017346 0.074112 0.097142 0.151773 -0.068996 0.036655 0.102884 0.148941 0.050126 0.045662 -0.348344 0.056062 0.087813 0.181136 0.071701 -0.145383 0.280344 0.104397 0.027631 -0.070749 0.107554 -0.057932 -0.257349 -0.394592 0.098671 0.058817 0.010478 -0.059826 0.088324 
-0.134333 -0.153343 0.273537 -0.076256 -0.154453 -0.034215 -0.009396 -0.115726 -0.048113 0.044747 -0.185099 0.006926 0.144364 0.156110 0.008922 0.000441 -0.040692 -0.095842 -0.266433 -0.095555 -0.058188 -0.251842 0.287922 0.058988 -0.054702 -0.067418 0.059143 -0.061641 -0.196281 -0.039056 -0.072079 0.103259 0.186779 -0.139435 0.118423 -0.227553 -0.098380 -0.065570 -0.352609 0.200027 -0.066948 -0.020079 0.015518 -0.016920 -0.039433 0.128427 0.287771 -0.106764 -0.013239 -0.155512 
-0.140543 0.129197 -0.045325 -0.047379 -0.199993 0.102248 -0.068231 -0.033036 -0.200333 -0.157413 -0.263807 0.090423 -0.121967 0.213980 0.246469 0.069516 -0.201657 0.056986 0.024830 -0.004422 -0.011576 0.060504 -0.035454 0.006108 0.242269 0.141917 -0.126699 -0.044585 -0.110697 0.475003 -0.026619 -0.124004 -0.076154 0.215492 0.083924 0.021183 0.043770 -0.020118 -0.015404 -0.018016 -0.097613 0.031950 -0.237281 -0.009491 0.167646 0.056010 0.143182 0.192730 -0.087551 0.086871 
-0.141638 -0.123439 0.028385 0.152967 0.115504 -0.380948 -0.120861 0.118596 0.020478 0.040626 0.051813 0.041352 0.199313 0.195165 -0.230482 -0.010763 -0.334381 0.014683 0.156557 0.206624 0.097963 0.110448 -0.044692 -0.158739 0.018668 0.119483 0.104380 0.149532 0.061071 0.217821 -0.101927 -0.161245 -0.027666 -0.127245 0.125549 -0.020152 0.180974 0.061449 -0.040712 0.131763 0.048998 -0.018739 0.023517 -0.025461 0.040593 0.094284 -0.055097 -0.363992 -0.115220 0.014688 
-0.163447 -0.216242 -0.144480 -0.090143 -0.059368 0.095500 0.162502 0.238821 -0.076652 0.093547 0.252234 -0.029801 -0.166269 0.159795 -0.073843 0.239792 0.103026 0.055665 0.149190 0.113424 0.121119 0.001856 0.120370 0.101504 -0.179111 0.174748 -0.058056 0.035557 -0.288750 0.057474 0.100595 0.029767 0.122353 -0.265826 -0.063570 0.016449 0.101747 0.125741 0.057692 -0.263744 -0.100800 -0.011788 0.078101 -0.039388 -0.109800 0.023658 0.298678 0.068925 -0.064320 0.187797 
-0.125712 -0.104017 0.201340 -0.178366 0.267783 -0.009274 -0.028636 -0.171671 0.079668 0.105711 -0.138335 0.172373 -0.012254 0.177099 0.060330 -0.000147 0.152838 0.047378 0.214847 -0.013804 0.198662 -0.048707 -0.222715 0.140425 -0.101119 -0.236591 -0.101043 -0.046844 0.095437 0.125529 0.042750 0.011184 -0.295168 -0.054114 0.022787 -0.036313 0.008843 0.000994 -0.048922 0.160888 0.263642 0.033645 0.150332 0.201463 -0.251918 0.054910 0.097461 0.199752 -0.126226 0.151637 
-0.147027 0.091051 0.093836 0.287342 0.026586 0.036614 -0.002997 -0.026911 -0.118829 -0.206305 0.102531 0.199254 -0.148655 -0.173703 0.144165 0.020248 -0.117097 -0.015594 -0.124025 -0.239129 -0.042988 0.181730 -0.056066 0.186528 0.014701 -0.205724 0.104405 0.096560 -0.179854 -0.137028 -0.228602 0.056599 -0.089401 -0.176931 -0.021302 -0.223158 0.276776 0.122114 0.201253 -0.030299 0.055955 0.056129 -0.138346 0.112284 -0.110821 0.237121 0.027325 -0.119814 0.095177 0.117111 
