-0.116142 0.036498 0.180144 -0.101253 -0.238387 -0.200297 -0.191276 0.152829 0.000184 -0.168696 -0.137513 0.033100 0.023293 -0.144894 -0.048387 0.339943 -0.080597 -0.018440 0.119759 -0.110220 -0.113126 -0.146086 -0.046101 0.207959 -0.087802 -0.014945 -0.247623 -0.061556 -0.033819 -0.060403 0.080297 0.052214 -0.036894 -0.159641 -0.058585 0.076021 -0.234163 -0.154557 0.011164 -0.105662 0.221519 0.248737 -0.148704 -0.058101 -0.063546 0.207036 0.069844 0.023522 -0.045744 0.284459 
-0.142058 0.350232 -0.080223 -0.046183 0.007736 -0.043010 0.066023 -0.088130 0.022452 -0.160569 -0.185642 -0.005867 0.255085 -0.146678 -0.059980 0.135248 0.141700 -0.033587 0.107356 -0.016419 0.181776 0.131085 0.245483 -0.044995 0.054591 0.048233 0.004930 -0.114303 0.327957 -0.177324 0.154340 -0.033287 -0.204488 0.051215 0.080640 -0.158715 -0.027931 0.257947 0.034168 0.048644 -0.110968 -0.053342 -0.126120 0.186363 -0.133956 -0.042235 -0.164991 0.030690 -0.277081 0.003715 
-0.135807 -0.164637 0.096091 -0.010244 0.192722 -0.135573 -0.037629 0.195307 0.058813 -0.146572 -0.047477 0.217022 -0.010465 -0.070751 -0.268357 -0.112453 -0.163764 -0.267988 -0.088167 -0.137912 0.074472 -0.130066 -0.010188 -0.047044 0.042280 -0.110884 0.215509 -0.173379 -0.041171 0.177149 0.258992 0.011683 0.047120 -0.108295 0.063427 0.008435 0.022688 -0.035540 0.212923 -0.103041 -0.124686 -0.121326 -0.286363 0.073372 -0.074125 -0.197744 0.187317 -0.230819 0.004185 -0.135885 
-0.149524 0.018214 0.050260 0.013824 0.213152 -0.069673 -0.019556 0.004641 0.238312 0.032835 -0.079509 0.027382 0.081969 0.070509 0.191944 -0.010248 -0.213191 0.216677 0.105800 -0.145074 0.108445 0.047965 -0.374887 -0.150720 0.074052 0.070716 0.085802 0.088237 0.072601 -0.162148 -0.215197 0.063468 0.177892 0.197003 0.185059 -0.053306 -0.054590 -0.166249 0.118561 -0.025942 -0.194576 0.157205 -0.255643 -0.074201 -0.178100 -0.097342 -0.121233 0.186705 0.052911 0.144760 
-0.112398 0.053270 -0.253293 0.196670 0.098293 0.010143 -0.116904 0.220266 0.009015 -0.124444 -0.031009 0.022058 -0.120802 0.211802 -0.004255 -0.292109 0.241020 -0.063642 0.225919 -0.031257 -0.009824 0.152685 0.000195 0.116829 -0.039880 0.118707 -0.104551 -0.057703 0.088119 0.205742 0.029777 -0.099900 0.279447 0.018538 -0.028802 -0.075994 0.180266 0.003526 -0.074806 0.019572 -0.003747 0.161384 -0.039445 0.166681 0.016989 0.128046 0.312191 0.159229 -0.180448 0.234146 
-0.145344 -0.063356 -0.192661 -0.032833 0.090790 0.032398 0.047900 0.239443 0.009303 -0.013564 0.027716 -0.212032 -0.060571 -0.233442 -0.163783 0.094710 -0.165128 0.163693 -0.037492 0.403677 0.037366 -0.065884 -0.116770 0.039250 0.196123 -0.087696 0.028498 0.058273 -0.016972 -0.034310 0.065360 -0.185444 0.105653 -0.205935 0.218410 0.050265 0.156963 -0.224937 0.087351 0.098926 -0.033153 0.084731 0.169193 0.152882 0.064329 0.144924 -0.222374 -0.060609 -0.249730 -0.024599 
-0.147807 0.167173 0.108616 0.066264 -0.028039 0.186380 0.106355 0.062139 -0.083876 0.017337 -0.084349 0.189975 -0.310859 0.174126 0.099674 0.046643 -0.094486 -0.021604 -0.148965 -0.159049 0.354354 0.038850 0.130049 -0.242044 -0.001922 -0.009926 -0.225144 0.147027 -0.078015 0.059493 0.148503 0.002873 0.075186 0.021919 0.134402 0.114962 -0.160225 -0.190692 -0.093758 -0.042730 -0.054177 -0.305239 0.103927 -0.089083 -0.032379 0.207336 -0.057603 -0.072656 -0.197997 0.115850 
-0.135607 -0.018575 -0.140517 -0.012876 -0.058211 0.017761 0.118036 -0.184957 0.033743 0.100203 -0.048169 -0.198382 -0.004608 0.039116 -0.052520 0.053739 0.315082 -0.282922 -0.055005 -0.296744 -0.211082 -0.092380 -0.074651 0.066729 0.094781 -0.160858 0.001071 -0.038473 -0.110419 -0.206120 0.244478 0.015445 0.265260 0.170638 0.066990 -0.267177 -0.047108 -0.282029 0.188250 -0.043694 0.094310 -0.077469 0.085369 0.005983 0.100741 0.009631 -0.147953 0.108374 -0.002702 -0.065952 
-0.146311 0.081302 -0.389041 -0.040496 -0.131602 0.057140 0.115609 -0.069100 0.088161 -0.048050 0.133853 0.007341 -0.028183 0.071004 -0.242044 0.082596 -0.170241 -0.119742 0.151865 -0.049599 -0.119590 0.152874 0.064650 0.104143 -0.263061 0.301414 0.110056 0.177674 0.003737 0.070337 0.095262 0.141122 -0.073288 -0.086920 0.018545 0.113913 -0.182110 -0.115034 0.062685 0.174252 -0.342974 0.073176 0.044123 -0.193614 0.110231 -0.066809 -0.058424 -0.090712 0.140026 0.067290 
-0.131663 0.126152 0.050656 -0.137463 -0.199296 0.035978 0.042666 0.028467 -0.134073 0.179302 -0.332968 0.144631 -0.233280 -0.100849 -0.134462 -0.205522 -0.056275 0.021534 -0.067221 -0.269366 -0.262081 0.096520 -0.096196 -0.062369 0.215524 0.079274 0.172927 -0.003427 0.125307 0.061015 -0.282197 0.008567 -0.122414 -0.136819 0.035851 -0.025051 -0.012375 0.082121 0.103180 -0.063569 -0.060588 0.079952 0.179885 0.280058 -0.002774 0.209439 -0.026165 -0.021827 0.133620 -0.015634 
-0.149789 0.077657 -0.080031 0.097837 -0.205551 -0.041981 0.032923 -0.124672 -0.003370 0.253820 0.184229 0.154579 -0.189807 -0.199437 -0.020028 0.144754 -0.241726 0.065053 -0.112782 -0.067299 0.088982 0.160577 -0.083187 0.328421 -0.102038 -0.196498 0.092641 -0.010070 -0.003292 -0.099403 -0.062794 -0.227148 -0.009317 0.001530 -0.045199 -0.343475 0.209113 0.025336 -0.166793 0.043086 -0.028731 -0.141083 -0.159778 -0.108398 -0.065268 -0.010738 0.238686 0.060991 -0.081916 0.003897 
-0.141641 0.028852 -0.186322 -0.054419 0.295132 0.042012 0.143660 -0.169633 -0.188391 -0.051893 -0.049410 0.004875 0.012414 -0.095037 -0.004521 0.152195 -0.097987 -0.045016 0.122009 0.084252 0.074973 0.187138 -0.333613 -0.201803 0.095136 -0.206277 -0.232143 -0.058755 -0.011174 0.037942 0.163809 0.060370 -0.043161 -0.097188 -0.005164 -0.049842 -0.090304 0.222762 -0.107657 -0.098620 0.085924 -0.004899 -0.005612 0.053515 0.314916 0.042695 0.167970 0.023630 0.345903 0.101161 
-0.126266 -0.087656 -0.165071 0.197154 -0.153457 -0.018700 0.097564 0.200260 0.043744 -0.302000 0.096494 0.099551 0.167776 0.088110 -0.106784 -0.023604 0.024706 0.024183 0.026160 -0.019368 0.046835 -0.272277 -0.040616 -0.055048 0.035837 0.138818 -0.135551 0.089527 0.115227 -0.426439 -0.202458 -0.046434 -0.053431 -0.025724 0.076094 -0.076209 0.049567 -0.059842 -0.131354 -0.102832 0.030000 -0.246635 0.111952 0.080795 -0.085022 0.111323 0.192438 -0.063246 0.292593 -0.178907 
-0.152200 -0.123370 -0.052401 -0.039609 -0.121486 -0.160519 -0.136563 -0.154281 0.230293 -0.190503 -0.061675 0.099592 -0.144377 -0.168160 0.199041 0.027709 0.300069 0.236307 0.061629 0.103480 -0.199654 0.089650 -0.180383 -0.196517 -0.050790 -0.040879 -0.086492 -0.062308 0.057171 0.154032 0.006325 0.096835 -0.039005 0.048785 -0.052314 -0.058087 0.122480 -0.001171 0.172736 0.197556 -0.067546 -0.255094 0.023702 -0.197413 -0.043485 0.146644 0.045863 -0.340683 -0.065046 -0.038119 
-0.128573 -0.302930 -0.113607 -0.237716 -0.082603 0.322267 0.147218 0.149795 0.004727 -0.120604 -0.074748 0.006448 -0.107919 -0.053833 0.153750 0.027171 0.011348 -0.130643 0.057219 -0.018377 0.056217 0.020396 -0.003595 -0.013832 -0.247308 -0.166136 0.044899 -0.113137 0.128236 0.117217 -0.070796 0.312433 -0.101285 0.029548 0.225775 -0.120159 0.082073 0.003549 -0.246981 -0.098136 0.113949 0.230452 0.036566 -0.097225 -0.187796 -0.033981 -0.054576 0.107146 -0.092726 -0.238990 
-0.128591 0.301872 0.130095 0.258374 -0.005012 0.069486 0.203662 0.163677 0.051872 -0.049199 0.102995 -0.073353 -0.309950 0.126538 0.161385 0.047559 -0.098827 -0.127502 0.120057 0.179507 -0.083720 -0.067113 0.088049 0.018832 0.160266 -0.042278 0.090337 -0.241425 0.046718 -0.107730 0.015660 0.170925 -0.232958 0.209925 -0.179274 0.011133 0.258395 -0.094172 0.133620 -0.066017 0.054618 0.159315 -0.091866 -0.076566 0.121925 -0.006625 -0.089598 -0.165125 0.139507 0.061772 
-0.155206 -0.001628 -0.011664 -0.096177 0.016764 0.158391 -0.272913 -0.106461 0.014858 -0.072127 0.187457 -0.004747 -0.094862 0.132179 -0.034765 0.124154 0.073327 0.139865 -0.182996 0.035071 0.116107 -0.284084 0.129594 -0.134015 -0.028120 0.043080 0.228044 -0.166815 0.289505 0.047402 -0.165717 0.017715 0.190808 -0.254240 -0.103048 -0.270507 -0.112086 0.065068 0.049574 -0.199852 -0.031052 0.021304 0.037021 -0.107197 0.296532 -0.048795 -0.067705 0.027838 -0.002059 0.180998 
-0.146793 0.083872 -0.206845 0.018288 0.247506 0.041412 -0.043097 0.018127 -0.206844 -0.139820 -0.090508 0.119670 0.123372 -0.056736 0.046675 -0.131914 -0.229285 0.138993 -0.178038 -0.055982 -0.178322 0.126359 0.168736 0.122500 -0.022217 -0.112719 -0.017361 0.030040 0.007819 -0.194520 -0.046214 0.044039 0.186422 0.135119 -0.135456 0.084439 -0.049640 0.127256 0.229267 -0.133675 0.211503 0.091437 0.296874 -0.305215 -0.154277 -0.099171 0.073807 -0.163666 -0.134504 0.001919 
-0.137998 0.133069 -0.005214 -0.173381 0.141706 0.109976 0.108454 -0.090388 0.224298 -0.027084 -0.063075 -0.104420 0.036545 -0.286263 0.063226 -0.015433 0.189424 -0.253687 -0.184287 -0.027136 0.172270 -0.236968 -0.022658 0.066500 0.007031 0.171785 0.017394 0.185208 -0.393337 -0.043284 -0.244690 0.057479 -0.018509 0.009277 -0.010382 0.039731 0.177569 0.169095 -0.072112 -0.046059 -0.081387 0.113650 0.019852 -0.013702 0.021662 0.012366 0.173585 -0.183954 -0.073122 0.241570 
-0.162346 -0.130523 -0.098971 -0.122341 0.074725 -0.079238 0.080769 0.252666 0.239219 0.185471 -0.091104 -0.079241 -0.133886 0.202171 -0.090222 0.072281 0.062604 -0.004759 0.033316 0.147486 -0.005222 0.047834 0.009764 0.098573 0.068383 0.122563 0.042549 -0.098160 -0.150770 -0.012816 -0.122096 -0.183403 -0.146740 0.144933 0.016707 0.047155 -0.312791 0.335695 0.156011 -0.122928 0.126708 -0.188139 -0.119816 -0.226382 0.107418 0.168439 0.031949 0.190035 -0.107326 -0.170577 
-0.128902 0.244127 0.106402 0.035868 -0.045284 0.131991 0.116411 -0.015428 -0.081386 -0.072783 -0.100696 0.156448 0.150149 0.148405 -0.241883 0.169937 0.248200 0.061609 -0.333752 0.243636 -0.011003 0.089548 -0.209605 0.188156 -0.021352 -0.003381 -0.035099 -0.039027 -0.014963 0.148128 -0.074813 0.228104 0.192418 -0.103985 -0.109133 0.204570 0.169975 -0.029969 0.060598 0.011744 -0.034824 -0.089021 -0.139487 -0.066170 -0.152100 0.006547 -0.061954 0.257997 0.107725 -0.139402 
-0.126398 0.028298 0.244382 -0.066121 0.092531 0.177594 -0.066620 0.152883 0.090434 -0.007491 0.026661 0.100391 0.025319 -0.127433 -0.141873 -0.335211 0.155682 -0.025491 0.144007 0.010301 0.088620 0.121825 -0.099947 0.124915 -0.008520 0.033600 0.011811 0.082358 0.046893 -0.051631 0.078282 -0.101673 -0.230722 -0.175042 0.058458 -0.127664 0.014976 -0.101057 0.025628 0.179594 0.315007 -0.180166 0.139406 -0.249409 0.005553 -0.245070 -0.182143 0.107513 0.163499 0.259852 
-0.165542 -0.142614 -0.026812 0.012345 -0.148607 0.000080 0.218986 -0.191327 0.154440 -0.109393 0.132710 0.115339 0.043089 -0.047991 0.107550 -0.302587 -0.070309 0.183354 -0.051136 0.092081 0.033198 -0.188926 0.006456 0.163853 0.332328 -0.114017 0.042411 0.111048 0.012182 0.074411 0.199287 0.251594 -0.153934 0.020889 -0.243687 0.042914 -0.269910 -0.031926 -0.020378 0.014002 -0.062900 0.019470 0.046937 0.139038 0.020142 -0.011293 0.137305 0.268670 -0.172113 0.064864 
-0.143132 -0.078223 0.224156 0.146032 -0.016832 0.179512 -0.137984 -0.191126 -0.156164 0.019879 0.110626 0.080857 -0.004806 0.231805 0.109818 0.091515 0.214180 -0.032092 0.022948 0.090173 -0.091513 0.105472 -0.112341 0.107459 0.155358 0.009955 0.230928 0.048869 -0.023167 -0.263435 0.136554 -0.063082 -0.088849 -0.141940 0.417609 0.157156 -0.125566 0.107984 -0.007940 0.066763 -0.060730 0.221128 0.008954 -0.044947 -0.024213 0.007889 0.254903 -0.175007 -0.109517 -0.047335 
-0.135173 -0.217441 -0.039073 0.083882 0.101530 0.105836 0.082487 0.078411 -0.079525 0.198949 -0.046270 0.188646 0.225300 -0.017469 -0.035120 0.175603 0.073460 0.192484 0.049405 0.003711 -0.307459 0.023769 0.345186 -0.303575 -0.051580 -0.011423 0.140220 0.193379 -0.187129 -0.021698 0.057717 0.058123 -0.172023 -0.037769 -0.001634 -0.040139 0.259798 -0.111181 0.020664 -0.120215 0.033035 -0.065922 -0.195478 0.026778 0.054541 0.074593 0.055609 0.169501 -0.034047 0.240931 
-0.144932 -0.057912 0.158268 -0.054468 0.137949 -0.037760 -0.055185 -0.111475 0.267807 0.220294 0.297920 0.054649 0.115142 0.141605 -0.042494 -0.029382 -0.193410 -0.201722 -0.145089 0.032595 -0.273683 0.091281 -0.007052 0.005451 0.102372 0.229142 -0.463828 -0.010555 0.166016 0.075006 0.059681 0.088302 -0.033704 -0.098067 0.070232 -0.130694 0.149460 0.082409 -0.067893 -0.179405 -0.002338 0.027650 0.088920 0.054820 -0.110252 0.048536 -0.108493 -0.076552 -0.115895 -0.038378 
-0.134186 0.075191 0.113933 -0.195725 -0.105820 -0.067090 -0.173075 0.035369 -0.034854 -0.238821 0.380111 -0.140582 0.133583 -0.096298 -0.031195 -0.187724 -0.063376 -0.070173 -0.044811 -0.151012 0.026342 0.301406 0.187741 -0.038677 0.076901 -0.209533 0.016531 0.039236 -0.055019 -0.032395 -0.209612 0.125175 0.060161 0.112333 0.174846 0.182345 0.083897 -0.015384 0.037503 0.075106 0.034440 -0.066287 -0.196636 -0.006669 0.302687 0.254404 -0.018296 0.108577 0.016626 -0.086929 
-0.133070 -0.123494 0.154781 -0.041723 0.113334 0.081538 -0.156120 0.106814 -0.044188 -0.200528 -0.303614 -0.152390 -0.092205 0.153557 0.138655 0.176865 -0.121454 -0.061683 -0.150762 0.008930 -0.095346 0.095656 0.154603 0.092519 0.110581 0.018027 -0.204562 0.225728 -0.036006 -0.029536 -0.121337 -0.009647 -0.079695 -0.038141 -0.158541 -0.258930 -0.017070 -0.078746 0.020777 0.369535 -0.153058 -0.011201 -0.028850 0.102740 0.180999 -0.259338 0.130913 0.079895 0.008212 -0.171748 
-0.155700 0.105602 0.068250 0.049365 0.069577 -0.158413 -0.079881 0.023470 -0.078926 0.029887 -0.008532 0.363144 -0.046598 -0.018762 0.037989 -0.171114 0.016229 -0.033194 0.088651 0.320508 -0.127513 -0.129484 0.106929 0.083138 -0.228310 -0.095570 0.003418 0.044605 -0.271858 -0.061391 -0.046328 0.108704 0.201797 0.117758 0.114851 -0.252021 -0.241527 0.128367 -0.189125 0.103568 -0.047390 0.042317 -0.059708 0.203433 0.061326 0.059276 -0.316514 -0.091829 0.100764 -0.049775 
-0.160985 0.081520 0.098748 -0.134816 -0.044213 0.380762 -0.025069 -0.200891 0.251305 -0.074468 0.016819 -0.112996 -0.092153 -0.012261 -0.088774 -0.127530 -0.023137 0.166865 0.051982 0.076594 -0.066992 -0.006958 0.174735 -0.121142 -0.207102 -0.161563 -0.149940 -0.045229 -0.090207 -0.030265 0.106235 -0.431935 0.044621 0.040730 -0.110304 0.098489 -0.061012 -0.032029 0.109865 -0.086842 -0.062956 0.165762 -0.098270 0.153455 -0.223661 0.026242 0.078716 0.021297 0.251765 -0.121084 
-0.143512 -0.332405 0.076295 0.180933 -0.048726 0.029791 0.135223 -0.003502 -0.214503 -0.111726 0.294341 -0.110136 -0.166698 -0.061815 -0.190423 0.208402 0.079931 -0.043969 0.025811 -0.068272 0.020711 0.097866 -0.003792 -0.031204 0.043828 -0.013040 -0.076583 -0.049881 -0.053590 0.091908 -0.243592 -0.008620 0.055612 0.182114 -0.047768 0.037426 -0.129521 0.211615 0.147843 0.101587 0.007262 -0.059876 0.054433 0.231771 -0.291408 -0.186753 -0.155931 -0.030653 -0.000183 0.308822 
-0.145277 0.044127 -0.114885 -0.023550 0.024566 -0.322926 -0.002290 0.068200 0.322377 0.053449 0.035574 0.098113 -0.037469 0.075218 0.158066 0.139941 0.141400 0.033172 -0.153288 -0.044138 0.067643 0.306229 0.120634 -0.064768 -0.053087 -0.104519 0.107268 -0.231150 -0.127705 -0.098677 -0.074225 -0.013013 -0.033645 -0.186376 -0.027588 0.225338 -0.060428 -0.189094 -0.181067 -0.062136 0.093357 0.045952 0.264933 0.255555 0.014519 -0.306676 0.015284 0.025544 0.072752 0.008893 
-0.137985 -0.105076 0.086029 0.278475 0.072251 -0.137075 0.129918 0.047871 0.108279 0.029248 -0.058997 -0.093326 0.037277 -0.089419 0.078781 0.002552 -0.043826 0.119891 -0.178437 -0.258762 0.044867 -0.157894 0.193421 0.010583 -0.002576 0.019967 -0.003233 -0.191315 0.008448 0.077282 0.198610 -0.029804 0.107960 -0.131458 0.135538 0.042518 0.104188 0.289392 -0.064567 0.375140 -0.065239 0.175205 0.122971 -0.206265 -0.021201 0.223226 -0.088077 0.165769 0.267497 -0.012590 
-0.121648 0.145435 -0.032553 -0.152596 -0.065546 0.026695 -0.207792 0.158624 -0.030438 0.192965 -0.036773 -0.309281 0.032411 -0.000512 0.170290 -0.000081 -0.101951 -0.166081 0.110634 0.160365 -0.225774 -0.138523 0.053842 -0.024765 0.087636 -0.182879 0.121678 -0.011269 0.111671 -0.005444 0.072630 0.132464 0.156983 -0.024473 0.038620 0.152937 -0.039615 0.109801 -0.189260 0.042735 -0.164176 -0.381423 0.062997 -0.027550 -0.294155 -0.073786 0.146561 0.075998 0.140084 0.206734 
-0.143396 -0.051260 -0.132636 0.182614 -0.141690 -0.029960 -0.229976 0.047053 -0.015144 0.214654 0.009092 0.157114 -0.117335 -0.364251 0.109705 0.062494 0.159265 -0.204140 -0.008931 0.097720 0.132518 -0.009015 0.116108 -0.102912 0.191980 0.101841 -0.096410 0.339555 0.245273 0.071105 0.041937 -0.064614 0.126034 0.106253 -0.047953 0.196618 -0.030561 0.015545 0.057505 -0.100930 0.096342 0.175278 -0.114666 -0.086062 0.040394 -0.171885 -0.046151 0.084868 0.162691 -0.211294 
-0.147349 -0.190511 0.094580 0.280031 -0.121658 0.210275 0.031639 0.126407 -0.017058 0.179533 -0.178845 -0.159163 0.204375 -0.155355 0.089699 -0.186715 0.031810 0.077405 -0.051723 -0.072005 -0.023879 0.081971 -0.117934 0.157836 -0.232504 -0.025522 -0.154935 -0.194830 0.088180 -0.126801 -0.035889 0.015840 0.030050 -0.025006 -0.101515 0.195022 -0.080289 0.017033 -0.082199 -0.178684 -0.244771 -0.115543 -0.120526 0.050529 0.333643 -0.102263 -0.125678 -0.191548 -0.123326 0.042891 
-0.141632 0.016110 0.063794 0.024668 -0.183989 -0.034237 -0.290961 0.043913 0.038398 -0.045306 -0.030533 -0.132112 -0.103271 0.136000 -0.223594 0.027649 -0.061644 0.211818 0.211845 -0.170556 0.123598 0.024528 -0.147219 -0.087680 0.038946 0.025264 0.067366 0.182552 -0.294113 -0.107935 0.258607 0.188005 0.039497 0.002762 -0.186332 -0.008501 0.264385 0.302563 -0.134768 -0.172733 -0.004965 0.038869 0.135718 0.015155 0.008972 -0.128215 -0.162173 0.013180 -0.089344 -0.162261 
-0.145418 0.162865 -0.047367 0.236460 0.334681 -0.008943 -0.078725 -0.007721 -0.125220 0.015245 0.171130 -0.169675 -0.025084 -0.105648 -0.060091 -0.050355 0.120935 -0.063456 0.048310 -0.170003 -0.134461 -0.064950 -0.119635 -0.173208 -0.008152 -0.056688 0.073062 0.013862 -0.051343 0.047915 -0.159574 -0.033319 -0.199941 -0.223927 -0.294444 0.004305 -0.227986 -0.158734 -0.268667 0.071710 -0.003702 0.036182 -0.117512 -0.115970 -0.196092 0.129296 -0.076448 0.015659 -0.188837 -0.265048 
-0.135778 -0.131214 -0.151182 -0.075315 -0.115977 -0.112411 -0.137525 -0.094145 -0.068871 0.205965 -0.146286 0.090564 0.218512 0.310979 -0.222745 -0.088496 0.054389 -0.117259 0.057147 0.052537 0.234555 -0.101235 0.055359 -0.031060 0.180854 -0.379381 -0.162599 -0.086510 -0.007192 0.042976 -0.189891 -0.093743 -0.185142 0.097040 -0.085017 0.030135 0.100644 -0.095325 -0.050457 0.123483 -0.173576 0.200758 0.045405 -0.209579 -0.048263 0.035076 -0.082908 -0.153050 0.027544 0.118655 
-0.153301 -0.142416 0.073150 0.018307 -0.082782 -0.177726 0.059193 -0.126247 -0.097171 0.205087 -0.084394 -0.257518 0.015948 0.078792 0.020442 -0.189205 -0.081427 -0.134534 -0.061179 0.229704 0.286375 0.155095 0.024124 -0.168623 -0.268998 0.138728 0.100073 0.061974 0.052297 -0.207525 0.034316 0.221278 0.068111 -0.194604 -0.183723 -0.109265 -0.010363 -0.052505 0.238782 0.104763 0.229494 0.045058 -0.073246 0.096861 -0.141526 0.195658 0.130059 -0.055115 0.023122 -0.002254 
-0.151271 -0.047592 -0.165322 0.132553 -0.032563 0.114508 -0.190232 -0.369980 -0.054684 -0.054443 -0.198708 -0.092070 0.053307 -0.017984 0.011659 -0.026495 -0.200007 0.070214 0.089357 0.024638 0.052247 -0.019032 0.135128 0.127194 0.219175 0.334945 0.037704 -0.295466 -0.201241 0.194589 -0.090146 0.032885 0.003878 0.045746 0.170962 0.046552 0.026706 -0.171617 -0.158245 -0.000032 0.310749 -0.170583 -0.149699 0.036481 -0.042562 -0.053865 -0.067760 -0.059159 0.065798 -0.044340 
-0.133594 0.053711 -0.051732 -0.140657 -0.118970 -0.282967 0.205823 -0.163776 -0.233262 -0.087590 -0.025011 -0.039859 -0.230218 0.096303 0.006177 -0.205926 -0.028342 0.007023 -0.066774 0.018918 -0.194400 -0.256223 -0.057654 -0.191809 -0.149142 0.051567 -0.173573 -0.012014 0.038960 -0.117305 -0.035322 -0.168708 -0.027663 -0.114249 0.155787 0.213652 0.162814 0.081808 -0.050057 0.054908 0.075842 0.007166 -0.198313 -0.106146 0.103170 -0.344045 -0.033875 0.167206 -0.192275 0.032455 
-0.134845 0.249933 -0.032841 0.061150 0.019808 0.000771 0.031287 0.104686 0.067163 0.250749 0.078790 -0.168271 0.106051 0.113150 -0.104764 0.051558 0.045729 0.298377 -0.034751 -0.143476 0.029073 -0.219793 -0.026444 0.052029 -0.164981 -0.144816 -0.072831 0.198810 0.125129 0.283842 -0.038916 0.162641 -0.101913 0.145169 0.234791 -0.018848 -0.085971 0.013933 0.098745 0.137711 0.299196 0.026868 -0.023429 0.193649 0.085934 -0.157274 0.193637 -0.228868 0.000904 -0.079979 
-0.131334 -0.128493 0.190921 -0.214307 0.201508 -0.121349 0.330696 -0.128504 0.003283 0.005751 -0.046463 0.004414 -0.037623 0.104507 0.036024 0.097784 0.072633 0.082128 0.360311 -0.105460 0.037444 -0.000023 0.167183 0.289134 0.087731 -0.031695 0.106421 0.225115 0.233226 0.032268 -0.073331 -0.083994 0.275166 -0.123276 -0.155518 0.144711 0.105222 -0.027939 -0.168787 -0.063965 0.063546 -0.085932 -0.066839 -0.008897 0.031496 0.065169 -0.094780 -0.229622 0.049224 -0.083289 
-0.136939 0.053141 0.113402 -0.036413 -0.125916 0.195107 0.046871 0.009903 0.060545 0.069706 0.059803 0.268271 0.274763 0.002613 0.089984 0.155950 -0.198660 -0.225183 0.246941 -0.035368 -0.022529 -0.135049 -0.176129 -0.212530 -0.071682 0.069402 0.109311 -0.153230 -0.014749 0.037118 -0.077143 -0.148632 0.176086 0.071377 -0.201640 0.129845 0.047356 0.046737 0.074479 0.335729 0.165629 -0.023525 0.205942 0.083106 0.159218 -0.007396 0.072012 0.085457 -0.221536 -0.114396 
-0.162391 0.055442 0.255396 -0.201828 0.019661 -0.143278 0.098615 0.093400 -0.292936 0.146265 0.106703 -0.059892 0.050243 -0.200304 -0.103535 -0.010686 0.131547 0.202425 0.146298 0.075067 0.086613 0.014270 0.097214 -0.063220 0.048007 0.273510 -0.103145 -0.254554 -0.084197 0.044502 0.034227 0.040839 0.056506 0.202250 0.030064 -0.140225 -0.046932 -0.215356 -0.039750 -0.081758 -0.253072 0.081692 0.220017 -0.147061 0.014690 -0.105886 0.279307 0.059294 0.025160 -0.150964 
-0.126465 0.060064 -0.148941 -0.087440 -0.039064 -0.016387 -0.037954 0.086634 -0.257066 0.025384 0.180244 0.033198 0.136701 0.094633 0.491424 -0.006584 0.040330 0.011108 0.124109 -0.120736 0.133620 -0.087456 -0.035388 0.199659 -0.040507 0.020612 -0.093921 0.003799 -0.209027 0.165765 0.007464 -0.110076 -0.154543 -0.285640 0.003852 -0.054077 0.094866 0.039961 0.389249 -0.140061 -0.124015 -0.070875 0.008610 0.091771 -0.102061 0.002308 -0.158758 0.049235 0.098852 -0.104272 
-0.150317 -0.132594 -0.016322 -0.152453 0.307583 -0.056751 -0.274307 -0.097368 -0.134145 0.012072 0.019943 0.063654 -0.126143 0.007239 -0.001868 0.056049 0.013418 -0.010929 -0.157691 -0.044053 0.056060 -0.151677 -0.121501 0.195022 -0.263124 0.115886 0.104381 -0.012160 0.193021 -0.096521 0.158310 -0.037125 -0.272391 0.371738 -0.082833 0.237843 0.150041 -0.092416 -0.035687 0.044764 -0.037922 -0.083006 0.117411 0.209165 0.040758 0.190916 -0.055695 0.129905 0.060683 0.038860 
-0.147849 -0.005078 -0.027885 -0.171520 -0.202657 -0.036236 0.112188 0.213533 -0.126080 -0.115954 0.058356 -0.085224 0.222858 0.128263 0.156741 -0.033738 0.010907 0.020781 -0.335393 0.010988 -0.068158 0.125790 -0.158724 -0.103867 0.096118 0.174628 0.201574 0.086732 0.009673 0.167350 0.223122 -0.295378 0.010081 0.197891 -0.144418 -0.130255 -0.065037 0.002653 -0.277298 -0.001534 0.115816 0.113486 -0.134115 -0.020649 -0.037768 0.018637 -0.118717 -0.236540 0.092572 0.097865 
-0.136971 0.034488 0.227167 0.309854 -0.057912 -0.221193 0.037883 -0.177497 0.044608 -0.221844 -0.157819 -0.156827 0.133096 0.006600 0.004817 0.022465 -0.100659 -0.182530 0.044654 0.143985 -0.034067 0.029008 -0.025529 -0.010387 -0.192386 -0.120632 0.169235 0.208037 0.040070 0.326880 -0.098276 -0.186452 -0.105616 0.084503 0.144556 -0.072920 0.011775 -0.039680 0.025495 -0.324591 -0.057903 -0.036378 0.300591 -0.081682 0.057389 0.024696 0.019191 0.155475 -0.022958 0.004127 
