-0.131231 0.213610 -0.166931 -0.013981 0.126613 0.239674 -0.027511 -0.038107 -0.131052 0.116599 -0.080841 0.149784 -0.125919 0.225919 -0.165647 -0.134799 -0.015020 0.235507 0.171240 -0.011126 -0.130953 -0.191736 -0.081313 0.092877 0.161745 0.023903 -0.207814 -0.246194 0.144045 -0.156085 -0.199971 -0.109820 0.022216 0.174008 0.124151 -0.230107 -0.148862 -0.021573 -0.113892 -0.018288 0.159437 0.063267 -0.276575 0.014427 -0.070163 0.011704 -0.051913 -0.095864 0.113827 -0.089947 
-0.137697 -0.172530 -0.020143 -0.095628 0.285506 0.054491 -0.118778 -0.091705 0.189520 0.042446 -0.130843 0.153960 -0.047690 -0.077657 0.018993 0.169349 -0.004887 0.002093 0.108141 0.032643 -0.071908 -0.335196 0.253824 0.233727 -0.078038 -0.070131 -0.076639 0.184649 -0.092328 0.157147 -0.165504 0.093215 -0.119369 0.135421 0.069733 0.066948 0.119760 -0.351932 0.016504 0.035904 0.027479 -0.105053 0.110292 0.241312 0.210462 0.094557 0.052482 -0.105798 -0.076315 0.110902 
-0.143490 -0.111965 -0.059358 -0.072472 0.029523 -0.205089 0.077433 0.019512 -0.417367 0.273095 0.014752 0.195583 0.147171 0.131055 0.150023 0.140404 -0.060485 -0.068823 -0.149188 0.021943 0.021868 -0.244241 -0.114832 0.061997 -0.078222 0.104442 0.241921 -0.067621 0.154544 0.105656 0.028904 -0.012177 -0.057144 0.096322 0.097308 0.198960 -0.052206 0.157597 -0.081748 -0.123678 0.004324 0.138342 -0.002593 -0.148972 0.161037 0.152383 -0.113398 0.049731 0.121065 0.290515 
-0.151504 0.177537 -0.249303 -0.172123 -0.019031 -0.175740 0.042625 0.022058 -0.198778 -0.187074 -0.169904 -0.245047 -0.200744 0.159119 -0.025367 0.131564 0.126316 -0.017967 -0.012665 0.120531 -0.180698 0.162774 0.015098 0.156500 0.171326 0.041108 0.302472 0.105643 -0.044495 -0.102765 0.003755 -0.015449 -0.189610 -0.119441 -0.235572 -0.079272 0.003662 -0.163327 -0.099698 -0.092042 -0.170193 0.068040 -0.101013 0.068043 -0.005204 0.154203 0.070469 -0.148898 -0.232757 0.035232 
-0.144021 -0.073709 -0.200744 0.265792 0.025697 -0.028916 0.073653 -0.104705 -0.115591 -0.351018 -0.292159 0.268808 0.038108 0.029531 0.027215 -0.109505 0.007897 -0.015145 0.150206 0.113654 0.377816 0.032152 -0.029683 -0.156190 0.181304 -0.011021 0.021818 -0.055547 0.065255 0.097142 0.090108 0.074542 -0.177417 0.003480 0.122575 0.051878 0.002610 -0.002328 0.071214 0.318928 -0.170071 0.041897 0.121800 -0.040588 -0.003618 0.067929 0.112752 -0.138345 0.139135 -0.089419 
-0.136237 -0.136553 -0.180368 -0.095790 -0.052888 -0.244487 0.181896 0.029572 0.073741 -0.043594 0.083798 -0.105676 -0.008601 -0.038593 -0.126357 -0.065788 -0.117450 0.022642 -0.066887 -0.196696 -0.002816 -0.190935 0.041129 0.013276 -0.184271 0.218371 -0.196148 -0.098321 -0.214655 0.075047 0.200804 -0.244462 0.020572 0.145301 -0.062728 0.016094 -0.126306 -0.182047 0.291369 0.143835 -0.216120 -0.007122 -0.291513 -0.058160 -0.213015 0.114295 0.119888 0.082799 0.047948 0.047891 
-0.138414 0.057733 0.200782 -0.167567 -0.184860 -0.020906 -0.017513 -0.099489 0.219077 -0.089479 0.139710 0.117525 0.163748 0.189786 -0.053510 0.057457 -0.093929 0.065999 -0.087522 0.009411 0.144758 -0.018937 -0.311079 0.236555 0.357470 0.014441 -0.132493 0.079250 -0.171106 0.143924 0.151170 0.069881 0.157386 0.132790 -0.070921 0.079581 0.215613 0.006450 -0.047560 -0.121349 0.051393 0.148886 -0.072329 -0.133872 0.146764 0.151452 0.114836 -0.162997 -0.064936 -0.166592 
-0.141086 0.168375 0.259152 -0.148861 0.103118 -0.272396 -0.045992 -0.049742 -0.145032 -0.291450 -0.105303 -0.149368 -0.009849 0.160499 0.000197 0.189508 -0.101941 0.087645 0.250782 -0.099594 0.030596 0.011904 -0.179559 -0.020964 -0.136604 -0.074788 0.004576 0.017601 0.026530 0.147641 0.037421 -0.088651 0.029376 0.137283 0.109378 -0.031605 -0.017169 0.077694 0.126459 -0.065066 0.145527 0.000316 0.180304 0.364095 -0.128677 -0.043102 -0.162946 0.269209 0.099060 -0.134657 
-0.152724 0.113889 -0.157900 0.113541 0.049075 -0.121573 0.140189 -0.083049 0.132039 0.224757 -0.007832 0.040410 0.011415 -0.016770 0.021310 -0.030386 0.007244 -0.281104 0.384704 -0.337854 -0.082974 0.177734 0.062179 -0.104530 0.206240 0.124727 0.047552 0.034225 -0.220590 -0.010739 -0.115386 -0.081051 -0.078952 -0.000380 0.125060 0.196718 0.235703 -0.059138 -0.044406 -0.028123 0.160405 0.081335 0.037268 -0.190842 -0.088373 -0.010367 -0.253063 0.096282 -0.106908 -0.029050 
-0.142329 -0.180793 0.246361 -0.054361 0.026108 -0.067276 0.289867 -0.002649 0.009832 -0.008273 0.060144 -0.005483 0.074420 0.021315 0.103871 -0.110743 0.051291 0.005586 0.256330 0.048581 0.059523 0.244815 0.021227 0.236476 -0.081452 -0.160198 -0.085882 0.055438 0.058938 -0.382378 0.151655 0.114538 -0.181945 0.268549 0.014705 0.038837 -0.143295 0.070090 -0.177111 0.142894 0.128238 -0.109219 -0.143440 -0.021500 0.005268 -0.046035 0.183850 0.064944 -0.130877 0.226493 
-0.139793 -0.075249 -0.066572 0.083645 0.024596 -0.187765 -0.256842 -0.226557 0.120819 -0.006011 -0.077320 0.165245 -0.128404 0.010109 -0.042105 -0.016867 -0.010532 0.016925 -0.053286 -0.351344 -0.180289 0.121273 -0.158496 -0.045142 -0.268531 -0.073312 0.056785 0.088557 0.181320 0.081036 -0.157037 0.267572 0.024308 0.061744 -0.067634 -0.200810 0.206365 0.262121 -0.098743 -0.010075 -0.147999 -0.094487 -0.153881 -0.112374 -0.102478 0.080949 0.250465 0.027985 0.003209 0.013408 
-0.160182 -0.087375 0.272373 0.160524 0.106411 -0.061634 -0.033771 -0.071129 0.041715 -0.133058 -0.082048 -0.079388 -0.050375 0.027305 0.117871 -0.167333 -0.400673 -0.207008 -0.117913 0.091215 -0.248141 0.017782 0.130819 -0.196339 0.044684 -0.040209 -0.035443 -0.137322 0.026867 -0.082994 -0.037031 -0.092626 0.005809 0.062220 0.247840 -0.024321 -0.205520 -0.117456 -0.048823 -0.328885 -0.168723 0.143431 0.072612 -0.133277 0.110029 0.066685 0.136088 -0.036846 -0.157934 -0.131774 
-0.140528 -0.016338 0.057522 0.021226 0.036822 0.156866 0.124867 -0.189869 -0.115988 -0.180961 0.030316 0.111015 -0.268929 -0.108288 0.116203 -0.218562 -0.018483 -0.092972 -0.080458 0.056024 -0.053727 0.063589 -0.061894 0.402727 -0.045679 0.128368 -0.068268 0.055734 -0.038340 0.067861 -0.127681 -0.061510 0.104606 0.015077 -0.254902 -0.128399 -0.048302 0.042198 0.083318 0.091213 -0.129376 -0.097293 0.178812 -0.233639 0.162937 -0.019412 -0.354932 0.262864 0.028445 -0.047284 
-0.120188 0.070811 -0.039710 -0.145500 0.002637 -0.266557 0.124027 0.055384 0.008748 0.104592 -0.011606 0.020977 -0.058845 -0.036470 0.055577 -0.334941 0.253483 -0.009933 -0.296286 0.098603 0.302225 0.099349 -0.073359 -0.080710 -0.105427 -0.074269 -0.246902 -0.096470 -0.058770 0.132378 -0.409653 0.030152 0.041663 0.022310 0.025752 0.031996 -0.032516 -0.086165 -0.135890 -0.081605 0.094254 0.107973 0.159330 0.152636 -0.170380 0.071375 0.026228 -0.031250 -0.200945 0.046259 
-0.147004 -0.169050 -0.115893 -0.039319 0.297031 0.113770 0.021290 0.367378 -0.040772 0.130516 0.105772 0.039500 0.157579 0.019235 0.084599 0.028463 -0.249122 0.042238 0.087178 -0.207657 0.184995 0.137930 -0.062315 0.212697 -0.027059 -0.051414 0.069848 0.148439 -0.017162 0.129699 0.012371 -0.064551 0.048191 -0.089432 -0.042266 -0.226710 -0.135524 0.056937 -0.067752 -0.084741 -0.205483 0.071901 0.147837 0.010240 -0.210091 -0.242114 -0.023326 -0.269020 -0.087813 -0.123877 
-0.150129 -0.052480 0.167416 0.175436 0.161771 0.141956 0.181299 -0.041616 0.046257 -0.113902 0.301007 -0.038696 0.040760 0.109691 0.028034 -0.027748 0.035753 -0.271789 0.127617 0.188039 -0.057839 -0.134023 -0.203549 -0.126479 -0.010495 0.001465 0.237012 -0.007460 0.028537 0.182612 -0.157731 -0.169961 0.150097 -0.217927 -0.127419 -0.138462 0.053969 -0.064317 0.010885 0.091969 0.220487 -0.166648 -0.105627 0.050339 -0.191868 0.184593 0.173490 -0.103941 0.051217 0.192791 
-0.140163 -0.015428 -0.057326 -0.251688 -0.126460 0.211337 -0.052539 -0.078588 -0.024320 0.044558 0.069837 -0.010482 0.070214 -0.168952 0.374713 0.018290 -0.053906 0.306880 0.163293 0.125606 -0.077432 0.113556 -0.010905 -0.003111 -0.002601 0.208558 0.104064 -0.041838 0.032447 -0.004210 -0.246572 0.116537 -0.120099 -0.051599 0.042145 0.149662 -0.034953 0.013769 0.396787 -0.093569 0.088757 0.047202 0.067679 -0.120103 -0.175946 0.051102 0.288270 0.070992 0.009019 -0.110755 
-0.158133 -0.075642 0.167981 0.061576 0.013058 0.027211 -0.355829 0.132179 0.151339 0.007628 0.053672 -0.059876 -0.186131 0.095521 0.322839 0.074200 0.103757 0.122459 0.020618 0.128014 0.144368 0.005071 0.016354 -0.183173 -0.015777 0.081422 -0.048627 0.083688 -0.109849 0.186373 0.070239 0.035617 -0.246697 -0.010918 -0.081518 0.051228 -0.165455 -0.097693 -0.300478 0.041911 -0.029569 0.003786 -0.328015 -0.141420 -0.119182 0.028299 -0.278684 0.097524 0.104196 -0.045790 
-0.129457 -0.086978 -0.073734 -0.167722 -0.328119 0.066534 -0.084631 -0.156563 -0.012396 0.081097 -0.232051 0.083795 0.129161 -0.094233 -0.013593 0.002716 -0.239002 -0.003264 0.022162 0.176956 -0.091056 -0.014710 -0.166779 -0.101891 -0.079183 -0.314777 0.055260 -0.018168 0.008723 0.044061 0.098849 -0.034096 0.099809 -0.064333 -0.032108 -0.194439 0.087556 -0.314309 -0.052127 0.179103 0.081222 0.191520 -0.007967 -0.094164 -0.164040 -0.262805 -0.149048 0.101604 -0.155373 0.220474 
-0.134519 0.234747 0.054491 -0.117500 0.108732 0.230720 0.025259 -0.058993 -0.031607 0.040940 0.269443 0.061737 -0.053342 -0.127086 -0.292725 -0.048775 0.020566 0.151733 0.036433 0.051396 -0.001467 -0.049504 0.130583 -0.194238 -0.244952 -0.033452 0.212350 0.015201 -0.205896 0.033912 0.208435 0.089400 -0.072324 0.124183 0.064384 -0.078865 -0.040833 0.141941 -0.145674 0.186291 -0.061628 0.254627 0.219480 -0.071855 -0.011300 0.302324 -0.016084 0.039691 -0.198199 -0.072525 
-0.137977 -0.189022 0.111801 -0.018052 -0.103024 0.086564 0.037021 0.184734 0.094164 -0.132132 -0.182415 -0.039333 -0.162478 -0.055802 0.135924 -0.033131 0.232966 0.003481 -0.035080 -0.233235 -0.198276 -0.061360 -0.024792 0.178442 -0.092520 -0.038755 0.131491 -0.343027 0.060689 0.011394 0.164436 0.155206 0.259410 -0.149389 0.183070 0.203274 -0.034725 0.053371 0.039023 0.156064 0.118156 0.103709 -0.016946 0.063605 -0.079560 0.122084 -0.197544 -0.280318 -0.118152 -0.083282 
-0.143590 -0.081402 0.138668 -0.093869 -0.023857 -0.111259 0.099498 -0.229656 0.031530 0.069276 -0.141318 0.074652 0.130620 -0.200862 -0.080317 -0.091923 -0.012576 0.317700 -0.025235 -0.213880 0.114082 0.011863 0.164735 -0.131409 0.259763 0.042167 0.330923 -0.000780 -0.157643 -0.042469 -0.055625 0.006516 0.261774 -0.144969 -0.101153 -0.059235 -0.297146 -0.060636 -0.184949 -0.078652 -0.002756 -0.253327 -0.045808 0.115946 0.093473 0.025286 -0.025894 0.043905 0.155690 0.017486 
-0.148594 0.046243 0.189829 0.304669 -0.047434 0.086820 -0.192067 -0.140875 -0.088180 0.206776 -0.105329 -0.021657 0.210865 0.109721 -0.199950 0.072666 0.056920 -0.033081 -0.031618 -0.088711 0.202871 0.198519 0.148866 0.053707 -0.173928 0.038372 0.018034 -0.051090 0.243013 0.005137 -0.013712 -0.075315 -0.023081 0.085545 -0.366248 0.096412 -0.130318 -0.167511 0.298004 -0.028546 0.119747 0.067531 -0.058801 0.015501 0.026856 0.118274 -0.091319 -0.114114 -0.208559 -0.100054 
-0.157805 -0.215892 -0.136737 0.192737 0.111221 0.064623 0.171805 0.122230 -0.008791 0.004077 0.000441 -0.102426 -0.104290 0.046308 -0.227269 0.067105 0.050319 0.382081 -0.174974 -0.000727 -0.040224 0.172455 -0.101952 0.029548 -0.033499 -0.347598 -0.021908 0.047774 0.029687 0.102935 0.064151 -0.177387 -0.117143 -0.176899 0.158393 0.130742 0.137690 -0.128841 0.027558 -0.162087 0.183931 -0.127379 0.036834 -0.223541 0.103925 0.103767 0.044017 0.229457 0.056849 -0.088281 
-0.139059 -0.048259 -0.047239 0.051183 0.068105 0.032505 -0.267325 -0.098819 -0.045300 0.029282 0.025032 0.155828 -0.108309 0.326433 -0.016375 0.069716 -0.049347 0.003607 -0.189734 0.177501 0.130735 0.199788 0.108067 0.089289 -0.114334 0.145084 0.113404 0.025128 -0.362698 -0.270474 -0.031161 -0.156419 0.265174 -0.103128 0.292142 0.099272 0.107360 0.128107 0.097743 0.135909 0.010516 -0.069708 -0.089565 0.124670 -0.023563 -0.166661 0.059810 0.055185 -0.096547 0.077640 
-0.138848 0.048995 -0.135142 0.208522 0.048249 -0.183570 -0.141066 -0.134072 0.141262 0.006160 0.161534 -0.214564 -0.059724 -0.262971 -0.076895 0.006675 0.005878 0.094297 -0.183162 0.082131 -0.060924 -0.129521 -0.229629 0.033531 0.236061 0.085329 0.118478 0.138568 0.116148 0.045882 0.030660 -0.019920 -0.114449 0.221197 0.173685 0.015872 -0.236574 0.161851 0.134875 0.140103 0.172724 -0.123509 0.066149 -0.012598 -0.010211 -0.253269 -0.106413 -0.168678 -0.246170 0.091972 
-0.118410 -0.053794 0.058281 -0.178036 -0.099777 0.052372 -0.024036 0.076759 -0.057861 0.019058 -0.056610 -0.061643 -0.060978 0.025093 -0.154039 -0.121217 0.173658 -0.250080 -0.126077 0.010458 -0.133458 0.201895 0.283109 0.049927 0.049540 -0.028020 0.165959 0.141793 -0.012418 0.328317 -0.013681 -0.071630 -0.013335 0.265028 0.067274 -0.045313 -0.069071 0.022887 0.017652 0.092766 0.216369 0.170505 -0.045886 -0.067636 0.041393 -0.256712 0.208901 -0.063638 0.399962 -0.110541 
-0.130961 -0.026022 -0.116645 -0.108399 0.228523 -0.019453 -0.104621 -0.138652 0.203862 0.024549 0.056237 -0.114514 -0.018659 0.225549 0.096620 0.140944 0.151179 -0.040362 -0.138278 -0.026250 0.029886 -0.063411 0.083511 -0.071695 0.109808 -0.066761 -0.017016 -0.297012 0.052701 -0.250186 0.190496 0.056975 0.066712 0.140161 -0.239572 -0.036338 0.025494 -0.090953 -0.008317 -0.041518 0.028862 -0.055632 0.451515 -0.213246 -0.213110 -0.069272 0.038665 0.006949 0.237459 0.094859 
-0.145802 -0.141702 -0.204673 0.064334 0.037249 0.213806 -0.002925 -0.069782 -0.195717 -0.156950 -0.028410 -0.064478 0.175398 -0.032153 0.016815 0.018392 0.060924 -0.138649 -0.126868 -0.156285 -0.145565 -0.013218 -0.304344 -0.211331 -0.164788 0.120224 -0.215676 0.243493 -0.289956 -0.220604 0.028570 0.220361 -0.020788 -0.031920 -0.123437 0.069957 -0.195212 -0.068250 -0.073310 -0.082551 0.228841 0.111075 0.030960 0.145014 0.138749 -0.029891 0.001612 -0.058975 0.125435 -0.078137 
-0.131658 0.010498 0.087978 -0.085496 0.078454 0.135448 0.301472 -0.109820 0.196895 -0.155976 0.002811 0.037985 0.146269 0.002127 -0.082870 0.290984 0.176831 0.066057 -0.097088 0.081462 -0.065779 0.136521 0.055808 -0.189636 -0.014305 -0.117441 -0.076881 0.054929 0.024678 -0.035856 -0.231440 0.009604 -0.016082 0.080119 0.080448 0.008581 0.026462 0.163425 0.203965 -0.127514 -0.327914 0.140130 -0.192622 -0.012017 -0.020117 -0.106046 -0.324006 -0.184949 0.104322 0.213863 
-0.129698 0.144152 -0.023013 0.143374 0.064627 0.072562 -0.148014 0.213329 -0.106845 -0.235776 -0.124893 -0.036625 -0.019147 -0.163879 0.086737 -0.196027 0.083704 0.048407 0.087762 -0.077302 0.161886 -0.291916 0.183735 -0.014744 0.062644 -0.229409 0.037930 0.052486 -0.177857 -0.036587 0.050923 -0.022529 0.138537 0.089835 -0.197268 0.028077 0.152774 0.223966 0.158562 -0.310351 0.107473 0.129278 -0.144174 -0.113162 -0.001900 -0.118163 0.097351 0.092190 -0.105353 0.274349 
-0.148305 0.044299 0.024092 -0.001153 -0.153082 0.074770 0.217959 -0.147595 -0.012206 0.102265 0.170776 0.276855 -0.326905 -0.092170 0.226647 0.005818 -0.055831 -0.043829 -0.196526 -0.127342 0.101470 -0.059448 0.043277 -0.115163 -0.025796 -0.057497 0.075127 -0.047278 0.068398 -0.091928 0.260307 -0.151686 -0.289861 -0.005355 -0.080694 -0.106064 0.217639 -0.004252 0.065522 -0.189633 0.087968 -0.046997 -0.069161 0.335834 0.012235 -0.165604 -0.009185 -0.128322 0.012714 -0.167695 
-0.127806 -0.094941 -0.233810 -0.105713 -0.086420 0.343676 -0.081901 0.050063 0.025917 -0.104204 0.102122 -0.089164 0.102519 -0.062954 -0.011315 -0.005449 0.099676 -0.181006 -0.006942 -0.053784 0.106939 0.021329 -0.068818 -0.072283 0.089108 0.014316 0.120836 -0.036878 0.298340 0.016118 -0.016354 -0.124180 0.190297 0.309583 0.067221 0.236294 0.057446 -0.071029 -0.212671 -0.073639 -0.257226 -0.158440 -0.071740 0.215075 0.004455 0.012259 0.028318 0.319058 -0.162139 -0.098918 
-0.138998 0.048457 -0.031856 -0.025698 -0.218545 0.101207 0.049091 -0.037344 -0.076366 0.064365 -0.000747 -0.370466 0.253905 0.268342 0.226812 -0.026409 -0.069304 -0.033228 -0.135257 -0.186995 0.039167 -0.197578 0.173960 -0.023673 0.026327 -0.250890 -0.035891 -0.059541 -0.144318 0.031460 -0.194352 0.008821 -0.180942 -0.022255 0.066933 -0.193030 0.073397 0.204289 0.032142 0.279286 -0.033389 -0.235899 0.011422 -0.034299 0.169719 0.067124 -0.049873 -0.009833 -0.087331 -0.132613 
-0.129723 -0.124933 -0.030573 0.241408 -0.138397 -0.276285 -0.076435 0.097342 -0.270960 0.005488 0.420575 0.143690 0.091170 -0.008523 -0.006672 -0.021313 0.085495 0.149861 0.147930 0.169976 -0.324332 0.008119 0.133985 -0.035758 0.097311 -0.199151 -0.064086 -0.128642 -0.110256 0.004169 -0.087847 0.149317 0.134278 0.110135 -0.172922 0.106666 0.098299 -0.082177 -0.002631 0.059527 -0.172654 -0.016834 0.038512 0.136959 -0.012515 -0.128704 -0.064887 -0.049682 0.044726 -0.183138 
-0.119311 -0.069117 -0.046544 -0.179881 0.162550 -0.028715 0.018960 -0.155139 -0.157959 0.031532 0.191078 -0.157172 -0.210243 0.017995 -0.036751 0.010269 -0.210329 -0.054842 -0.025333 -0.053329 0.104885 -0.010390 0.261712 -0.093834 0.238150 -0.073861 -0.272916 0.228317 0.336269 0.007580 0.071465 0.233085 0.202243 -0.305636 -0.015417 0.134836 0.001080 0.070105 0.058489 0.169030 0.079669 0.188751 -0.129736 0.045569 -0.032798 0.046565 -0.027106 0.070034 -0.027080 0.031883 
-0.159224 0.277958 0.178796 0.178256 -0.019759 0.161536 0.107833 0.103431 0.080161 0.219584 -0.034227 -0.107046 -0.111876 0.214576 -0.092670 -0.180895 -0.039835 0.054842 -0.026685 -0.108032 -0.056095 -0.043305 -0.187106 0.040911 0.053778 0.069950 0.053683 -0.058386 -0.035711 0.121161 0.039658 0.332478 -0.099760 -0.118998 0.005531 0.185009 -0.032556 -0.158338 0.085796 0.051642 -0.293781 0.045301 0.067265 0.172912 0.068421 -0.266484 0.152761 0.170154 0.094463 0.250288 
-0.149954 0.079767 0.021562 -0.030171 -0.088118 0.012342 -0.098089 -0.167793 -0.076216 0.267802 -0.107050 -0.088108 0.003582 0.007187 0.144041 -0.175187 0.316559 0.041410 0.237044 0.089904 -0.127395 0.012686 -0.061038 -0.067828 -0.062569 -0.034028 -0.260017 0.280876 0.058612 0.074210 0.297452 -0.311058 0.175494 -0.105276 0.115981 -0.001779 -0.018444 0.094065 0.019344 -0.097557 -0.231513 -0.137411 0.158194 0.002934 0.058840 0.088126 0.061292 -0.212126 0.050329 0.068707 
-0.131183 0.055717 -0.002968 -0.218062 0.155020 -0.069713 -0.225122 0.301708 0.145185 0.027606 -0.021156 0.260106 0.254054 -0.019537 -0.068179 -0.319704 -0.008136 -0.151155 -0.146263 0.070901 -0.186638 0.105581 -0.055638 -0.039180 0.177920 -0.089548 0.030182 0.052055 0.067520 -0.145368 0.132822 0.036289 -0.194927 -0.113357 -0.005165 -0.079246 0.005963 0.046935 0.288062 0.046896 0.020286 -0.149950 -0.050115 0.140881 0.004792 0.245184 -0.190459 0.141750 0.073608 0.012653 
-0.167753 0.243565 -0.125548 -0.102268 -0.160787 -0.010661 -0.136271 -0.019639 0.104137 -0.218413 0.160566 0.225032 0.069817 -0.061957 -0.105156 0.197509 -0.038067 -0.134089 0.072749 -0.087790 -0.042367 0.060832 0.103325 0.118296 -0.088857 -0.100145 -0.202943 -0.251264 0.013325 0.151192 -0.021131 -0.158733 -0.155398 -0.331766 -0.042593 0.187701 -0.326073 0.137609 -0.159256 -0.042357 0.053706 -0.105870 0.059345 -0.036971 0.122955 -0.123661 0.135724 -0.004391 -0.031555 0.147031 
-0.137415 0.277267 0.084528 -0.063850 0.037725 0.049336 -0.016524 0.179722 -0.273959 -0.117195 -0.000396 -0.060293 0.034247 -0.193421 -0.000086 0.053373 -0.191562 0.056636 -0.107574 -0.033022 0.018464 0.223790 0.072137 -0.113413 -0.073260 0.227917 -0.144007 -0.086964 0.045385 0.065838 0.079433 0.142990 0.096448 0.135541 0.109743 -0.028029 0.289248 -0.215825 -0.081518 0.019839 0.084056 -0.408558 -0.016428 -0.152485 0.019398 0.003933 -0.066691 -0.257533 0.046249 0.185248 
-0.124137 0.150137 -0.068005 0.145893 0.082059 -0.082992 0.026816 -0.223571 0.102515 -0.099567 0.042814 -0.171323 0.400885 -0.122355 0.013810 -0.183258 0.047525 0.041740 -0.083424 0.148947 0.008625 -0.114356 0.163364 0.332712 -0.198773 0.154186 0.056397 0.000057 0.133134 -0.056210 0.110580 0.060172 -0.074394 -0.215278 0.145472 -0.012827 0.219391 -0.042683 -0.221506 -0.116569 0.000936 0.148930 -0.116041 0.050385 -0.160910 -0.096938 -0.064943 0.051830 0.184054 -0.154296 
-0.152619 0.257608 -0.177651 -0.022342 0.078482 -0.115312 0.158775 0.120192 0.218467 0.216984 -0.177098 -0.065637 -0.112077 -0.111457 0.043268 0.090016 -0.218105 -0.135961 0.080661 0.316846 0.081838 -0.045830 -0.096318 -0.036732 -0.232715 -0.198904 0.089194 0.005593 -0.018735 -0.089706 -0.021881 0.105763 0.231935 0.060059 -0.167237 0.205631 -0.073653 0.115732 0.020017 0.048603 0.015435 -0.133427 -0.136696 -0.055850 0.153658 -0.002909 0.007503 -0.067983 0.155966 -0.312865 
-0.155717 -0.201563 0.206678 -0.146245 -0.174849 0.009764 0.055101 0.131432 -0.030502 -0.039053 -0.167706 0.052079 -0.047556 0.121163 -0.369431 -0.069343 -0.040675 0.001538 0.032652 0.104314 -0.037274 -0.319875 0.048608 -0.105027 -0.036695 0.227696 -0.030604 0.165944 0.083298 -0.141717 -0.121341 -0.028655 -0.161940 -0.099781 -0.130953 0.212793 0.125079 0.177662 -0.106787 -0.050151 -0.009116 -0.204673 0.152062 -0.138639 -0.240250 -0.179535 -0.036835 -0.072925 -0.097848 -0.152717 
-0.129771 0.012307 0.110173 -0.075272 -0.039225 -0.130406 -0.161034 0.176343 0.097054 -0.091376 0.162023 -0.101786 -0.053055 -0.110534 0.010508 -0.064393 0.002923 0.115121 0.071798 -0.175250 0.111073 -0.039541 -0.134581 -0.076231 -0.098203 0.054081 0.093117 0.045795 0.185783 -0.338730 -0.236584 -0.313603 -0.004997 -0.075045 -0.026775 0.003223 0.163807 -0.158319 -0.027808 0.243402 -0.061214 0.277861 0.073336 -0.051416 0.379251 -0.045394 0.036578 -0.100130 0.187701 0.048335 
-0.146871 -0.115492 0.148017 -0.131166 0.221954 -0.074586 -0.023537 0.005243 -0.148571 0.136972 -0.038592 -0.038329 0.035954 -0.198340 -0.110440 0.202029 0.333281 -0.172938 0.086690 0.083877 0.111085 -0.072781 -0.123386 -0.069703 0.065340 0.113913 -0.075842 -0.285745 -0.052599 0.017952 0.067524 0.117174 -0.026297 -0.171188 0.084358 -0.294053 0.070497 -0.015335 0.101352 -0.012056 -0.069810 -0.014523 -0.148363 -0.126138 0.228420 -0.227763 0.132812 0.173352 -0.185763 -0.213055 
-0.148563 0.010795 -0.051076 0.119811 -0.419839 -0.038562 -0.036154 0.139696 0.036487 0.007515 0.160824 0.005393 -0.142666 -0.011197 -0.133649 0.146460 0.068249 -0.184621 0.106820 0.002280 0.237140 -0.093126 0.056690 0.129452 -0.027316 -0.037767 0.038284 0.172251 0.032174 -0.185644 -0.054734 0.257679 0.072186 -0.026062 0.300033 -0.291007 -0.166889 -0.159619 0.128365 -0.242248 -0.017737 -0.060623 0.095244 -0.070944 -0.087027 0.186478 -0.073453 0.043449 0.154776 0.034577 
-0.129275 0.208302 0.185170 0.230586 -0.019749 0.024786 0.092011 0.180858 -0.050517 0.093906 -0.190202 0.146587 0.059994 -0.233490 0.139957 0.376335 0.060278 -0.016362 -0.259691 -0.050393 -0.151626 -0.055704 0.035541 0.081481 0.196250 0.014112 -0.151497 0.171947 0.011715 -0.122749 -0.057515 -0.165875 0.074719 0.012027 -0.017976 -0.036689 -0.010303 0.032305 -0.121865 0.250279 -0.034319 0.111313 0.071649 0.033809 -0.261202 0.123917 0.201090 0.205608 0.015134 -0.065989 
-0.143529 -0.054996 -0.189961 0.116897 -0.118296 -0.074203 0.196459 0.224699 0.276705 -0.050089 -0.059282 0.078990 0.070067 0.226150 0.105338 0.035164 0.003922 0.177789 0.050094 0.117775 -0.109350 0.050955 0.195112 -0.166822 -0.055597 0.368583 -0.068151 0.032733 0.174647 0.131378 0.101642 0.049266 0.162445 0.022163 -0.092900 -0.285704 0.017366 0.109212 -0.032529 -0.009658 0.184055 0.088164 0.102366 0.094391 0.274276 -0.043441 0.002376 0.151879 -0.173796 0.072394 
-0.148013 -0.272074 -0.022095 0.094628 -0.106047 0.084951 -0.115544 0.004991 0.032611 0.166032 -0.102594 -0.271720 -0.093434 -0.248588 -0.168161 0.050534 -0.215921 -0.038849 0.083658 0.159205 0.048108 0.162027 -0.032492 0.095846 0.121120 0.094440 -0.130617 -0.276646 -0.138601 0.028130 -0.034157 -0.045685 -0.122410 0.019281 -0.112083 -0.073594 0.166100 0.306637 -0.090058 -0.055344 -0.017466 0.105458 0.076717 0.285651 0.001543 0.211065 -0.028190 -0.024478 0.199144 0.195151 
