-0.144805 -0.104029 -0.039272 0.113739 0.094314 0.127459 -0.079045 0.532228 -0.078680 -0.142361 0.010351 -0.203168 0.063492 0.018259 0.126495 0.068949 -0.004894 0.100814 -0.149951 0.061166 0.164461 0.186813 -0.041918 -0.018831 -0.197055 -0.019344 -0.076268 -0.121278 -0.085292 -0.086391 -0.157355 -0.156583 0.038026 0.196542 0.069293 -0.290151 0.116487 -0.009896 -0.112203 0.041074 0.267378 -0.142553 -0.107243 0.132671 0.046582 0.000141 0.162532 -0.080841 -0.067855 0.065160 
-0.147489 -0.050017 -0.178788 -0.264276 -0.117514 0.051537 0.224032 0.127549 -0.060121 0.200427 0.010197 -0.060854 -0.117146 0.024222 0.155085 0.110946 0.073192 0.075753 0.053933 -0.135801 -0.018005 0.108779 0.045267 -0.212231 -0.205564 -0.081019 -0.062137 0.002059 -0.163631 -0.060654 -0.129273 0.087602 -0.012515 -0.000120 0.112300 0.141356 -0.003562 -0.252045 0.195383 -0.152101 -0.085818 -0.076329 0.002754 -0.457714 -0.135403 -0.047614 -0.181297 -0.146742 -0.055308 0.187539 
-0.136372 -0.010874 0.251027 -0.130440 -0.084467 0.003805 -0.148217 0.061490 0.008542 0.169284 0.021333 -0.211239 -0.287122 0.145013 -0.182434 -0.091768 0.178481 0.028029 0.032161 0.274274 0.112861 0.165676 0.044214 0.053063 0.200567 -0.021185 0.281037 0.192427 -0.010023 -0.031869 0.077333 0.016405 -0.158084 0.069565 0.067791 0.035243 0.170794 -0.184424 0.094829 -0.096946 -0.147699 -0.148139 0.001476 -0.051320 0.050699 0.145579 0.320098 -0.015574 -0.022629 -0.202116 
-0.125834 0.080090 -0.096525 0.079490 0.004464 -0.060954 -0.043272 0.152194 -0.016919 0.045585 -0.068875 0.209690 -0.075937 -0.192865 -0.001059 0.325394 0.293747 -0.001279 -0.142759 -0.215790 -0.053431 0.096050 0.067255 0.110815 0.093066 -0.069122 0.005337 -0.021217 0.187349 0.047725 0.008282 0.330985 0.078491 -0.011855 0.209052 -0.041925 -0.092703 -0.203322 0.035829 0.251917 -0.143245 -0.000669 -0.143254 0.126596 0.242818 0.286410 -0.025434 0.125190 0.091688 0.034087 
-0.131691 -0.190889 0.046560 0.097947 0.221986 0.065735 -0.180910 -0.131771 -0.314237 0.239926 0.200205 0.215008 0.017842 0.201085 0.028758 -0.180829 0.016404 -0.032001 0.003219 -0.112832 0.146740 -0.014747 0.099248 0.003835 -0.132182 -0.246754 -0.020556 0.281004 0.006413 0.184906 0.119880 -0.181675 0.219860 0.054893 0.019363 0.052758 0.151950 -0.061432 -0.182504 0.089317 0.030555 -0.056650 -0.078531 -0.061325 0.159016 0.051657 -0.243110 0.009161 -0.070135 -0.008724 
-0.141896 -0.006557 0.080294 -0.184467 -0.215294 -0.071589 0.010398 -0.024862 0.010633 0.098899 0.090367 -0.187938 0.181864 0.019098 0.040138 -0.241309 0.102415 0.274164 -0.037009 0.000779 -0.065387 0.074520 0.022926 0.042313 -0.001311 0.132403 -0.102945 -0.215345 0.322590 0.081571 -0.101482 0.066692 0.166415 -0.102569 0.219643 0.054731 0.044980 -0.044919 -0.217220 -0.098264 -0.055234 -0.165388 0.327090 0.167032 0.143323 -0.177539 -0.139502 0.189092 -0.135748 -0.003770 
-0.162230 -0.161334 0.079509 -0.042109 -0.070315 0.135387 0.209603 0.021650 -0.022905 -0.049141 -0.140354 0.070257 0.064480 0.241206 -0.021649 -0.132187 -0.040523 -0.224816 -0.059022 0.096720 -0.059559 0.092712 -0.133955 0.256373 0.260834 -0.275357 -0.219890 -0.161085 0.052650 0.137857 -0.318480 0.078085 0.000616 0.127933 -0.209105 -0.082738 -0.071836 -0.174134 0.035395 0.155311 -0.099118 0.177060 -0.033330 -0.052269 -0.138206 -0.020486 -0.045621 0.036595 -0.180596 -0.165416 
-0.131423 0.149167 -0.089866 -0.080966 -0.129718 0.036736 0.057104 0.163039 -0.061797 0.185847 -0.179653 -0.111136 0.237602 0.127902 0.037057 -0.035633 -0.139038 -0.047264 0.297669 -0.011651 0.026430 -0.157309 0.143623 0.005801 -0.037509 0.119736 0.042542 -0.066911 -0.050450 0.003539 0.175563 -0.011629 0.071855 -0.108674 -0.277171 -0.032233 -0.077482 -0.320686 0.025844 0.038658 0.026694 0.041962 -0.028004 0.238242 0.258478 0.047153 -0.067014 -0.327910 0.216990 -0.182847 
-0.160187 -0.017682 -0.019584 -0.022566 -0.027647 -0.060801 0.050198 0.071923 0.172884 -0.201669 -0.171494 0.035710 -0.161992 -0.131866 -0.095187 -0.132168 0.167272 0.086358 0.034010 -0.009469 -0.074497 -0.008049 0.060111 0.187368 -0.349677 -0.083188 -0.147355 0.018306 -0.052201 0.180320 -0.133340 -0.216986 -0.225948 -0.187090 -0.140828 0.353492 -0.034835 0.121039 -0.099819 0.143741 0.096335 -0.223210 -0.037906 -0.105119 0.106221 0.098749 -0.014454 0.037188 0.153585 -0.249149 
-0.110963 -0.060733 0.191159 0.059816 0.094923 -0.110258 -0.109000 -0.071647 -0.021069 -0.167936 -0.145397 -0.217241 0.044467 -0.113019 -0.098883 -0.156636 -0.067942 -0.051250 0.047574 -0.332986 0.176100 0.227520 -0.095957 0.030969 0.118929 0.083570 -0.077288 0.077312 -0.112604 0.112093 0.100366 0.107281 0.046825 0.146135 0.121069 0.140481 -0.293369 -0.163629 0.008442 -0.141042 -0.005080 -0.107120 -0.311148 0.041848 -0.093055 -0.339385 -0.041287 0.026734 0.197850 0.014322 
-0.141244 0.257717 0.109469 0.034648 -0.143134 -0.029633 0.018270 -0.178504 -0.169095 -0.137310 -0.137532 -0.044691 -0.109608 0.040024 0.028854 0.019757 -0.239437 -0.268344 -0.134046 -0.226914 -0.039904 0.277630 0.157373 0.075528 -0.066865 0.175662 -0.069542 -0.152399 -0.131323 -0.033089 0.052479 -0.196903 0.190754 -0.130565 0.094770 -0.093541 0.243141 0.101477 0.087991 0.100583 -0.127698 0.082563 0.089930 -0.220892 0.239986 0.002497 0.175108 0.021338 -0.070015 -0.020736 
-0.132950 0.116559 -0.143867 -0.058674 0.030834 -0.166594 -0.178939 0.134952 0.093053 -0.139996 0.135287 0.140305 0.217189 0.215998 0.153291 0.098424 0.104630 0.135042 -0.058292 0.149824 0.031254 0.232292 -0.071903 -0.033938 0.057066 0.192638 -0.031337 0.114218 -0.191669 0.319234 0.004838 -0.061611 0.232904 0.060551 -0.091790 0.279206 -0.104490 0.045710 0.109333 -0.164624 -0.019325 0.320146 0.114943 -0.008443 -0.053871 0.149343 0.113586 0.078568 0.036031 -0.034269 
-0.154219 -0.164206 -0.043677 -0.084243 -0.140625 0.175383 -0.187187 -0.131504 0.163106 -0.071121 -0.079571 -0.246248 -0.145261 0.076103 -0.030662 -0.007957 -0.034418 0.005351 0.015650 -0.267850 -0.059511 0.049838 0.178072 -0.150467 -0.039968 -0.170889 0.045831 0.046338 0.345955 0.005573 0.018863 0.050600 0.044497 0.013367 -0.218371 0.071861 -0.155291 0.111086 -0.163888 -0.095834 0.179405 0.281091 -0.024227 0.005359 0.016031 0.209555 0.208062 -0.113626 -0.092339 0.267168 
-0.143270 0.006781 -0.056281 0.388600 0.130935 0.018972 -0.081864 -0.196471 0.097177 0.020503 -0.214417 -0.222030 0.029365 0.112964 -0.087714 0.167458 -0.092831 0.371366 0.097476 0.100237 0.000567 0.091676 -0.047289 0.303743 -0.088411 0.101012 0.204081 0.005474 -0.112654 -0.087898 -0.074993 0.196801 0.027154 0.062077 -0.118528 0.073994 0.152589 -0.002445 -0.053449 0.172969 -0.116307 0.027375 0.085124 -0.097932 -0.049369 -0.005450 -0.239638 -0.077489 -0.098738 0.166004 
-0.137393 0.213889 -0.250710 0.106758 0.078266 0.150374 0.086163 -0.040686 0.000709 0.013308 0.221240 0.035503 0.176466 0.081168 -0.027595 -0.204112 0.096756 0.143264 -0.070371 -0.200616 -0.091013 0.320652 0.015693 0.006330 0.257212 -0.079698 0.035958 0.027687 0.077521 0.028211 0.129945 0.013016 -0.149250 -0.237630 -0.179467 -0.261651 -0.005459 0.153114 0.064449 0.021978 0.019427 -0.296066 0.038218 -0.093766 -0.220471 0.050495 0.033646 -0.113909 0.191663 -0.007484 
-0.141355 -0.018389 -0.279510 0.064228 0.040546 0.074662 -0.004152 -0.214956 0.069251 0.230601 -0.122077 -0.051748 -0.000096 -0.044334 0.036449 -0.030136 0.155950 -0.128928 0.168352 -0.003332 0.181215 -0.003655 -0.420945 -0.092363 0.173955 -0.078528 0.044684 -0.195318 -0.196016 0.147672 -0.057248 -0.169183 -0.205897 0.015330 0.231673 0.000131 -0.126334 0.144389 -0.028876 0.004041 0.058991 0.028265 0.114802 0.028946 0.349964 0.011489 0.093357 -0.067215 -0.064539 0.124078 
-0.131694 -0.179111 -0.031341 -0.055873 0.006084 -0.225502 0.151791 -0.249379 -0.153349 -0.069127 -0.193273 0.077724 0.182182 -0.041906 -0.077707 0.042985 -0.189868 -0.016363 -0.295065 0.260998 0.187943 0.029280 0.036699 -0.310778 -0.017973 0.131833 0.044962 -0.122895 0.213350 0.149429 0.090371 0.076426 -0.077920 0.205199 0.004811 0.070376 0.002387 -0.039612 -0.001160 0.167276 0.113093 -0.227415 0.059567 -0.095297 -0.081987 0.217716 0.039623 -0.153676 0.118289 0.019684 
-0.149883 0.069910 0.155281 0.065548 0.143660 -0.151902 0.351756 0.103863 0.127304 0.188050 0.213865 -0.061910 -0.046409 -0.149533 -0.138275 0.086649 0.192145 -0.290833 0.043017 0.114581 0.114183 0.097083 0.228104 0.235683 0.052159 0.081211 -0.149708 -0.112790 0.004732 0.029060 0.194951 0.064579 0.033321 0.139515 -0.076563 0.080847 0.029686 0.235441 -0.148149 -0.193988 0.109351 0.064768 0.014854 0.003823 -0.008944 0.026912 -0.135247 -0.215865 -0.083946 0.147353 
-0.154633 0.186184 0.265010 0.154192 0.011550 -0.098611 -0.184424 -0.133703 0.076895 -0.032269 -0.003472 -0.024312 0.116401 -0.025206 0.180856 -0.181930 0.361639 -0.086549 -0.089613 0.035027 -0.035851 -0.055523 0.061684 -0.240775 -0.210084 -0.172657 0.027086 -0.087883 -0.058990 -0.035993 0.006879 0.263641 -0.163045 0.073775 -0.073208 -0.130745 0.128438 -0.052922 0.235990 0.075833 0.254163 0.228409 0.120105 -0.057568 0.043581 -0.194302 -0.077474 -0.000610 0.065960 -0.089338 
-0.144378 0.079582 -0.032042 -0.188640 -0.242918 -0.013128 -0.087279 0.013551 -0.375977 -0.077329 -0.141643 0.214915 -0.131412 0.035772 -0.058077 -0.104183 0.042773 0.152204 0.009667 0.125426 -0.012594 -0.065113 0.220432 0.205441 0.225777 -0.007989 0.125813 -0.116010 -0.203162 -0.087157 -0.024851 -0.055135 -0.144080 0.075311 0.016071 -0.025747 -0.033568 0.087469 -0.056663 -0.070210 0.273727 0.096272 -0.057438 0.044212 -0.034050 -0.022785 -0.165112 0.180163 0.207062 0.340587 
-0.145388 -0.020134 0.087190 0.155456 -0.089559 0.248300 0.057674 0.057346 -0.051844 0.003715 0.119515 0.039799 -0.116036 -0.192655 0.178708 -0.271360 -0.083420 0.047374 -0.008636 0.039480 0.310915 -0.112237 -0.175835 0.026748 0.077992 0.416506 -0.055808 0.130006 0.191818 -0.055081 -0.185359 0.125640 -0.022663 -0.219149 0.085209 0.031032 0.066118 0.042717 0.058672 -0.009388 0.082985 0.246565 -0.165582 -0.147430 -0.012233 0.203360 -0.111844 -0.068223 0.078770 -0.078720 
-0.125547 0.054307 -0.074215 0.034210 -0.340238 -0.077091 -0.069104 -0.138062 -0.031619 0.224175 0.071308 0.009668 0.208909 -0.272519 -0.110872 0.181638 -0.068658 0.219299 -0.101226 -0.102892 0.045925 -0.092172 0.052191 0.203009 0.000885 -0.156097 -0.055019 0.177757 0.003400 -0.126523 -0.094760 -0.142570 0.058362 0.275838 0.109615 -0.099391 -0.138839 0.143019 0.053648 -0.069906 0.103117 0.095779 0.002176 -0.119650 -0.062794 -0.056832 0.092785 -0.150283 -0.037438 -0.392640 
-0.148931 0.241780 -0.051437 -0.072848 0.013256 0.173331 0.017344 0.041421 0.173935 0.004403 0.189040 0.153606 0.043612 0.006854 -0.119807 0.023891 -0.315031 -0.083570 -0.097885 -0.169154 0.036762 -0.035395 0.057093 0.024074 -0.075386 -0.017759 0.341213 -0.076433 0.091008 0.208392 -0.158616 0.007027 -0.209497 0.139390 0.059048 0.249538 0.201820 -0.021517 0.262441 -0.053095 0.088743 -0.073060 -0.131293 0.278150 0.004220 -0.108281 -0.084277 0.023530 -0.215981 0.028589 
-0.162264 0.194416 -0.123339 -0.110437 0.275066 0.076064 -0.092716 -0.091756 0.100890 0.018192 0.080119 -0.054434 0.127961 -0.117134 0.138820 0.019099 -0.191309 -0.229064 0.033963 0.051927 -0.211677 -0.076648 -0.012140 0.086158 0.029414 0.048167 0.052015 0.023865 -0.050164 -0.142652 -0.073661 0.115295 -0.070208 0.125824 0.039922 0.008623 0.030728 -0.267752 -0.450190 -0.141389 0.163996 -0.045419 0.043342 -0.253503 -0.016975 0.131963 0.091704 0.274977 0.118473 -0.112144 
-0.137934 -0.188384 0.013968 -0.051283 0.266135 0.058600 0.079157 0.169806 -0.045449 0.314575 -0.284253 0.110833 0.175146 0.008506 -0.092260 -0.111976 -0.098685 -0.028763 0.093404 0.023073 -0.134464 0.147729 0.193700 -0.038521 -0.170090 0.210105 0.032856 0.221625 0.067282 -0.073450 -0.036584 0.084509 -0.159238 0.007462 0.029267 -0.123283 -0.223619 0.280115 0.200897 0.010967 -0.049311 0.093144 0.066644 -0.010586 0.083083 -0.087089 0.108233 0.299430 -0.070316 -0.010303 
-0.125184 -0.105640 0.007597 0.210006 0.073410 0.043553 0.270110 -0.245572 -0.040699 -0.012145 0.031236 -0.061556 -0.019765 0.073269 0.194797 0.282728 0.285747 0.056403 0.128704 -0.090357 0.022867 -0.068447 0.239660 -0.093829 0.111733 0.219314 0.044849 -0.018063 0.155432 -0.003987 -0.145450 -0.425572 -0.074592 0.044660 -0.076704 -0.000029 0.058093 -0.211076 0.051138 -0.026870 0.022822 0.028825 -0.088247 0.111956 -0.122035 -0.125624 0.102104 0.232723 0.059072 -0.052414 
-0.140131 -0.042609 -0.189548 0.198777 -0.149040 0.241262 -0.067291 -0.040173 0.065642 -0.050923 0.042063 0.092360 -0.122314 0.219411 -0.087319 0.037432 0.031779 -0.128694 -0.001164 0.208427 0.120999 -0.147966 0.052431 0.072677 -0.331031 -0.022958 0.091339 -0.289437 0.105767 0.120681 0.164377 0.115434 0.154468 0.021372 0.122292 -0.168001 -0.165192 0.094219 0.003006 -0.274582 -0.215230 -0.060714 -0.102517 -0.100551 -0.086401 -0.124925 0.041360 0.131010 0.223742 -0.107754 
-0.143064 -0.096597 0.075922 -0.142233 0.223450 0.044108 0.031471 0.054571 -0.191740 -0.120250 0.358253 -0.204467 0.055313 0.010250 -0.097153 0.189733 -0.149473 0.098480 0.147636 0.082966 -0.022674 -0.103059 -0.131663 0.129830 0.040429 -0.189577 -0.073185 -0.133224 0.195149 -0.100898 0.120372 -0.000399 0.008066 -0.063933 0.050738 0.194540 -0.017324 0.064944 0.285146 0.237627 0.060232 0.119735 0.087962 -0.150659 0.161621 -0.147582 0.136685 0.065461 0.281120 0.061180 
-0.139570 0.059480 -0.098208 0.014002 0.175223 -0.181204 0.177492 0.118614 0.082198 -0.287765 -0.193683 0.163284 -0.068028 0.146989 -0.036260 -0.094289 -0.053714 0.131009 0.209208 -0.171606 0.160772 -0.090401 0.031769 -0.185758 0.153818 -0.206928 -0.044004 0.064503 0.124742 -0.242095 -0.075611 0.052611 0.024496 0.201897 0.130977 -0.004411 0.276943 0.163002 -0.060506 -0.240408 -0.190408 0.081218 0.132554 0.035287 0.099622 0.034281 -0.064562 -0.055482 0.142702 -0.161809 
-0.147527 -0.203845 -0.006497 -0.150267 0.045642 0.239180 -0.286297 0.052227 -0.084489 -0.206881 -0.008669 0.061535 -0.034747 -0.041784 0.285708 0.203102 0.083381 -0.164927 -0.114808 -0.063272 0.059011 0.002155 0.080385 0.048440 0.141728 0.143703 0.071903 -0.025390 -0.012716 -0.181564 0.184895 -0.003692 -0.211804 0.025075 -0.057894 0.127584 -0.138037 0.133497 -0.056471 0.046300 -0.176042 -0.098226 0.274203 0.043785 -0.033771 -0.137409 -0.239452 -0.192315 -0.155142 -0.222370 
-0.157524 -0.171166 0.159909 -0.038213 0.221143 -0.111478 0.021479 -0.094480 0.008926 0.078193 -0.008445 0.207401 -0.125211 -0.129994 0.240808 -0.065420 -0.061242 0.026145 -0.011675 0.004002 -0.161125 -0.043587 0.064384 0.142648 -0.030341 -0.080056 0.259759 -0.080384 -0.103588 0.064287 -0.293237 0.052743 0.247313 -0.205437 0.127029 -0.030073 -0.061999 0.015897 -0.019404 -0.052572 -0.022943 -0.031632 0.111891 0.173364 -0.155905 -0.086727 0.285493 -0.380197 0.172226 0.053661 
-0.125001 -0.034580 0.262006 0.296950 -0.206903 0.009456 0.052889 0.176365 -0.169574 0.158137 -0.059570 0.001970 0.012924 -0.017075 0.256675 0.138900 -0.180439 0.095939 0.147699 0.001937 -0.361060 0.020769 -0.128110 -0.231483 0.128530 -0.133283 0.005221 -0.141522 -0.039447 0.155365 0.207313 0.083572 -0.104607 -0.013315 0.035214 0.202342 0.107258 0.224484 -0.149579 -0.078864 -0.019943 -0.042277 -0.184464 -0.000061 -0.085473 0.060528 0.026902 0.075140 -0.029916 -0.118297 
-0.137045 -0.031887 0.102357 0.047201 -0.182747 -0.062000 -0.209355 0.035583 0.153635 0.079287 0.158464 0.310593 -0.082672 0.084120 -0.053020 0.076278 -0.042463 -0.000914 0.133876 -0.082254 -0.057805 -0.152138 -0.089906 -0.044570 0.055025 0.268421 -0.296164 0.092349 0.024205 0.039170 -0.141416 0.092496 -0.079805 0.234357 -0.269401 -0.088861 0.089631 -0.001466 -0.050062 0.093530 -0.101866 -0.248861 0.054758 -0.112631 0.152002 -0.217127 0.209350 -0.082311 0.093660 0.259687 
-0.144329 0.192221 -0.013763 -0.080019 0.185645 -0.181518 -0.133675 -0.052115 -0.442313 0.114440 -0.028628 -0.044255 -0.029400 0.020440 -0.145248 0.033878 0.139853 -0.006571 -0.040617 -0.175476 0.088064 -0.175918 -0.276731 0.018709 -0.199570 0.069768 -0.106667 -0.193208 0.042350 -0.157425 -0.091510 0.070671 -0.039207 -0.087041 -0.276014 0.069574 -0.003649 0.053845 0.024608 -0.196325 -0.123407 -0.047393 -0.061443 0.149485 -0.217941 0.152886 0.144262 0.047947 -0.200750 -0.038542 
-0.152012 -0.028250 0.018459 0.032968 -0.034291 -0.209613 0.160792 -0.117552 0.086209 -0.132400 0.230279 -0.080704 -0.004778 0.346142 0.096300 -0.047228 -0.011715 0.015287 -0.144508 0.046183 -0.105882 -0.154178 0.051884 -0.073112 0.073660 0.046706 0.092661 0.051722 -0.183203 -0.300801 -0.110066 0.116225 0.090971 -0.068672 0.009841 0.014431 -0.333165 0.145787 0.050788 0.028140 0.081999 -0.214114 -0.302029 0.001173 0.297520 0.087972 -0.053489 0.018326 -0.207613 -0.061853 
-0.158476 -0.139744 0.208291 0.164076 -0.051201 0.068458 -0.055387 0.045152 0.163499 0.076581 0.054269 0.104306 0.228329 0.130753 -0.355264 0.061165 -0.037601 -0.042354 -0.304468 -0.037590 -0.077387 -0.006969 -0.043832 -0.110832 -0.029961 -0.028539 -0.130110 -0.031558 -0.147308 -0.278877 -0.012672 -0.216009 -0.196328 -0.249074 0.180520 0.100740 -0.011374 -0.189086 -0.096163 -0.115742 -0.133732 0.167326 0.082943 0.107955 -0.060095 0.110714 -0.074316 -0.061878 0.181356 0.138440 
-0.139290 -0.149861 0.146202 -0.175259 0.040323 0.189338 0.274035 -0.044828 -0.044260 -0.231712 -0.071456 0.004932 0.088614 -0.131547 -0.143960 0.169200 0.090328 0.175414 -0.192754 -0.090696 -0.081103 -0.215098 -0.191105 0.034135 -0.004006 0.037854 0.121806 0.192508 -0.172832 0.285471 0.173267 0.105355 0.025627 -0.109851 -0.155525 -0.267022 0.142993 -0.036799 -0.040891 -0.268322 0.034865 0.031936 0.026390 -0.065635 0.226671 -0.056983 0.020031 0.028938 -0.093330 0.003153 
-0.134490 -0.035705 -0.093737 -0.144955 0.026599 0.010595 -0.167191 0.035450 0.093573 0.087746 -0.031813 -0.089012 0.015339 -0.040476 -0.272696 0.221152 0.009328 -0.064801 0.081662 0.055030 0.207446 -0.076149 0.205298 -0.304532 0.220511 -0.010104 -0.050185 -0.045884 -0.190803 0.097478 -0.191130 0.156157 0.199031 -0.349510 -0.008252 -0.023966 0.178870 0.172860 -0.143207 0.207547 0.092933 0.001753 -0.125567 -0.022973 -0.160225 -0.186089 -0.038460 0.104771 -0.033561 -0.160333 
-0.143181 0.305645 -0.175885 0.128334 -0.067745 0.048277 0.110645 -0.017656 -0.164357 -0.076837 -0.154286 0.002153 -0.048455 0.026797 0.066500 0.095520 -0.002551 -0.123999 -0.126466 0.324891 -0.012972 0.018772 -0.061990 -0.014770 -0.027296 -0.147499 -0.160363 0.464402 0.188916 -0.059096 0.026705 0.054815 -0.018968 -0.197135 0.079309 0.158361 -0.033797 -0.058020 -0.106274 -0.022157 0.026175 -0.014094 0.003201 0.150346 0.004298 -0.357713 0.134035 -0.106452 -0.094968 0.144537 
-0.126372 0.223091 -0.012681 0.032613 0.240545 0.086596 -0.098404 0.065047 0.064662 0.061599 -0.071709 -0.263211 -0.139172 -0.107664 0.070107 -0.171870 -0.083200 0.164714 -0.253067 0.076253 -0.111879 -0.408751 0.245374 -0.077572 0.178712 -0.025855 -0.260419 -0.023006 -0.079602 0.236773 0.046860 -0.155496 -0.005156 0.136636 0.075264 -0.065469 -0.115184 0.012417 0.131727 0.053944 -0.282232 -0.000154 -0.002179 -0.013136 -0.044157 0.085774 -0.034074 -0.031858 -0.034868 0.107843 
-0.149822 -0.032605 0.037545 -0.138160 -0.144965 0.121321 -0.030656 -0.147248 0.012897 -0.103971 0.069778 -0.120927 0.258246 -0.347172 0.090614 -0.048324 0.068644 -0.167855 0.137214 0.214248 -0.038086 0.123939 -0.041750 -0.086580 -0.088836 -0.136460 0.047350 0.126922 -0.066262 -0.129792 -0.154006 -0.085885 0.152430 0.108960 -0.166574 -0.022880 0.127316 0.164696 0.092498 -0.012689 -0.379193 -0.108006 -0.179307 0.185415 0.033593 0.158146 -0.125978 0.098609 0.151360 0.191016 
-0.137695 -0.070928 -0.080960 -0.109365 -0.097221 -0.017237 0.105625 0.092673 0.222779 0.223055 -0.189492 -0.094984 -0.096611 0.135064 0.115077 -0.068507 0.081199 -0.149757 -0.252104 -0.168670 -0.037953 -0.185473 -0.287205 0.112691 0.025600 0.060234 0.085062 0.119935 -0.010552 -0.155444 0.235891 -0.069727 0.292421 0.110284 -0.029847 0.107442 0.196771 0.122207 0.100849 0.194250 0.156011 -0.074490 0.065315 0.095026 -0.220210 -0.026692 -0.022675 0.174038 0.199344 0.029041 
-0.134652 0.024122 -0.024850 -0.070452 0.054282 -0.329750 -0.157092 0.065175 0.011041 0.032339 0.030854 -0.108570 -0.275681 0.019480 -0.083940 0.150525 -0.102183 -0.111732 -0.020371 0.095243 -0.270275 0.123438 -0.233593 -0.081490 -0.008107 0.078473 0.123662 0.077589 0.263560 0.132976 -0.123520 -0.238899 -0.046184 -0.049111 -0.036979 -0.317914 -0.055911 0.018813 0.021829 -0.085385 0.032820 0.100814 -0.057301 -0.025857 0.027312 -0.058817 -0.426353 -0.081361 0.119395 -0.076901 
-0.124760 0.043078 0.094953 0.192237 -0.090845 -0.201691 0.076132 0.185283 0.087238 0.041469 0.060765 0.067891 -0.115242 -0.232794 0.097677 -0.011498 -0.229881 0.018309 -0.042900 -0.017747 0.378528 -0.009764 -0.006469 -0.072298 0.040643 -0.236071 0.220264 -0.012490 -0.026724 -0.042486 0.054693 -0.100211 0.044508 -0.151199 -0.319903 -0.052884 -0.255914 -0.140915 -0.026318 0.003946 -0.075866 -0.045031 0.288828 -0.076962 0.018838 -0.030257 -0.007188 0.311098 -0.086342 0.091983 
-0.116990 0.073478 0.070643 -0.337539 0.033256 -0.184417 0.018415 -0.069871 0.230634 0.042863 -0.004998 0.129369 0.099899 0.074323 0.239892 0.005326 -0.033809 0.199547 0.017699 0.031748 0.193575 0.030490 -0.050192 0.116841 -0.129774 -0.039047 -0.000235 -0.074246 0.069323 -0.032542 0.266472 -0.094261 -0.237454 -0.094841 0.073861 -0.172574 0.057855 0.014251 -0.215809 0.202900 -0.208484 0.205210 -0.378396 -0.037070 -0.101869 -0.110025 0.089523 -0.020736 -0.110066 0.072165 
-0.152422 -0.251716 -0.169533 0.001805 -0.015244 -0.102556 -0.076904 -0.226551 0.116212 -0.008835 0.065963 0.013036 -0.204759 -0.065909 0.122321 0.043468 -0.237730 0.049586 0.114714 0.074254 0.006802 0.108737 0.056060 0.104487 -0.033778 -0.053490 -0.413549 0.031878 -0.146319 -0.022697 0.194162 0.138408 -0.097722 -0.122958 0.040546 -0.139161 0.146085 -0.135106 0.267352 -0.167391 0.177630 -0.063107 0.065885 0.311473 -0.056630 0.152830 -0.027759 0.132005 -0.082298 -0.062084 
-0.125058 -0.167394 -0.325707 0.085332 -0.127196 -0.133985 0.174678 0.053404 -0.168893 -0.102416 0.307129 -0.100432 -0.161048 -0.123960 -0.163144 -0.249797 0.012676 -0.032324 0.001434 -0.073286 -0.168626 -0.000851 0.017102 -0.123450 -0.117190 0.127565 0.129860 0.049211 -0.199416 0.034267 0.082650 0.103724 -0.114582 0.153152 0.015824 -0.007703 0.028334 -0.076990 -0.204638 0.279683 -0.190598 0.277457 0.075558 0.156366 -0.086763 -0.104288 0.104026 -0.006131 -0.030390 -0.077355 
-0.143843 -0.005872 -0.085735 0.031968 0.123572 0.120922 -0.070259 0.003489 0.105781 -0.051702 -0.084037 0.299021 -0.078358 -0.267120 -0.200497 -0.180171 0.085642 0.149507 0.069372 0.173832 -0.220428 0.097896 -0.084307 -0.144573 0.101556 0.062725 0.015078 -0.221821 0.086083 -0.252319 0.230329 -0.182371 0.308852 0.038894 -0.085372 0.097655 -0.006986 -0.181821 0.096530 -0.000488 0.105812 0.010398 -0.163741 -0.099402 0.042849 -0.120408 0.021942 -0.064638 -0.275981 -0.047940 
-0.165625 -0.073185 -0.006438 0.112004 -0.116758 -0.213593 -0.119079 0.151422 -0.001372 -0.260052 -0.045370 -0.024024 0.282141 -0.000127 -0.064899 -0.063502 0.091607 -0.228131 0.338517 -0.055173 -0.063279 -0.275885 0.024269 0.140102 0.026806 0.023061 0.104576 0.114107 0.087908 0.100628 0.086501 -0.092982 -0.000894 -0.125733 0.273242 -0.101368 0.018056 -0.063006 0.134237 0.053011 0.052717 -0.117571 0.064978 -0.165472 -0.238284 0.155722 0.033858 -0.040402 -0.277123 0.166947 
-0.137757 0.302341 0.319153 -0.131976 0.003753 0.266085 0.151112 -0.108509 0.017541 -0.088327 0.049378 0.093399 -0.169303 0.094829 -0.116898 0.109449 -0.013208 0.091761 0.270698 -0.008549 0.025945 0.067701 -0.127471 -0.166103 -0.158151 0.040586 -0.063929 0.097242 -0.097586 0.014718 0.036873 -0.021835 0.111427 0.138705 0.168224 -0.132439 -0.283434 0.015378 -0.081095 0.246200 0.102018 -0.049731 0.210574 0.164463 -0.217927 0.181119 -0.083227 0.007405 -0.030457 -0.042310 
