-0.134179 -0.091430 -0.055956 -0.322439 -0.153886 -0.092494 0.026838 0.089570 -0.032788 -0.192764 0.097863 -0.117977 0.020272 -0.175419 0.085130 -0.160508 0.036849 -0.228695 0.046576 -0.031935 0.107142 -0.128690 -0.106039 -0.038029 -0.081785 -0.016416 0.164037 0.138655 0.002714 -0.072812 0.019643 -0.010314 0.076701 -0.137628 -0.207334 0.003959 -0.103015 -0.083454 0.149213 -0.032199 -0.089195 -0.240865 -0.264785 -0.023012 -0.218800 0.144027 -0.390637 0.166536 -0.012192 -0.220794 
-0.133115 0.196530 0.163308 -0.010445 -0.085654 0.179399 0.194345 -0.176776 0.147381 -0.050257 -0.216757 -0.227142 0.198675 -0.117869 -0.263134 0.050993 0.100347 -0.033833 -0.071172 0.089210 -0.224010 -0.167681 0.237119 0.062613 0.226589 0.261089 0.074036 -0.045641 -0.094932 0.233182 0.069144 0.087750 -0.011103 0.062494 -0.056242 0.177578 0.048012 -0.045318 0.043286 0.086287 0.185276 0.097392 -0.074780 -0.113559 -0.079628 0.132322 -0.207488 -0.069895 0.012952 0.089602 
-0.130477 -0.021166 0.113877 -0.066934 0.007112 0.066040 -0.110727 0.102997 0.111527 -0.000833 -0.069998 -0.338158 -0.087849 0.238896 0.005992 0.031340 -0.025190 0.101209 0.055508 -0.119063 0.081343 -0.014853 -0.061271 -0.028119 0.114771 0.136721 0.081611 0.053228 -0.172276 -0.210990 -0.079242 0.004189 0.075643 0.096754 -0.284513 -0.011934 0.025079 -0.203513 0.048550 -0.100990 0.016012 -0.042395 0.285977 0.407389 0.141381 -0.029219 -0.043216 0.130149 0.331775 0.169213 
-0.144683 0.020853 -0.012208 0.186287 -0.285496 -0.134967 -0.257420 0.140576 -0.093766 0.010302 0.079859 0.124265 -0.141064 0.269100 -0.247809 0.039272 -0.060229 -0.060152 -0.044682 0.075416 0.003543 -0.068554 0.000523 0.249191 -0.110292 0.027346 -0.072623 -0.138658 -0.325529 0.013792 0.320754 -0.050921 0.231484 0.220086 0.105417 0.014482 0.027984 -0.039214 -0.063610 0.046184 -0.027786 0.009665 0.074744 -0.010711 -0.203469 -0.020852 -0.175211 0.115895 -0.160863 -0.031722 
-0.132200 0.143459 -0.220623 -0.124370 0.322797 0.024943 -0.186616 -0.099589 0.095856 -0.042593 0.218198 -0.138297 -0.134876 -0.005551 -0.016737 0.019132 -0.253547 -0.001461 -0.029149 0.189970 -0.157532 0.041505 0.132192 0.100701 0.108648 -0.049626 -0.051142 0.071338 0.044104 -0.006745 0.043347 -0.165332 0.346915 -0.186433 0.094064 -0.104586 0.130320 -0.054455 0.172571 0.021734 0.105872 -0.045716 0.078397 -0.161903 -0.164694 0.221539 0.203085 -0.021057 0.220556 -0.076049 
-0.135101 -0.117948 0.154633 0.187419 0.352932 0.157980 -0.133625 -0.027088 -0.048238 -0.170556 0.161463 0.074338 0.064886 0.034135 0.171903 0.095112 0.227270 -0.039193 -0.001018 -0.044285 0.203943 -0.117007 -0.079563 -0.062168 -0.028524 0.080496 -0.124897 -0.091086 0.059354 -0.043318 0.006215 0.054714 0.038586 -0.019314 -0.087730 0.085613 0.118405 -0.112946 -0.264179 0.243469 -0.053932 0.043967 -0.040593 -0.290185 -0.236526 -0.181941 -0.171816 0.004819 0.259355 0.155467 
-0.148571 0.007957 -0.017395 -0.521286 0.024854 0.011853 0.002070 0.088993 -0.081611 -0.045214 -0.127430 -0.042242 -0.059384 -0.000964 -0.035704 0.096291 -0.057654 0.057664 -0.131769 0.230810 -0.012761 -0.054269 -0.070483 -0.168290 0.003546 -0.154500 -0.211073 -0.119578 -0.284476 0.073273 -0.059976 0.165856 -0.104459 0.064867 0.143172 -0.318833 -0.010426 -0.034085 0.032806 0.073217 -0.243482 0.206202 -0.099648 -0.033096 0.008385 -0.166787 -0.053322 -0.168763 0.063833 0.146375 
-0.115463 -0.088082 -0.130890 0.136501 0.047701 0.064791 0.081339 -0.005957 0.209976 -0.171034 0.182307 0.120979 0.007975 0.081526 -0.134005 -0.203045 -0.156141 0.147472 -0.133130 0.115144 0.024264 0.206093 -0.074467 0.347692 0.089930 0.031513 0.155579 -0.001263 0.229556 0.089655 -0.198514 0.396539 0.008177 0.030231 -0.015652 0.018088 -0.092396 0.048751 0.175014 0.014967 -0.289341 0.037712 0.021526 0.111914 -0.074229 -0.094059 -0.160218 -0.069285 -0.025273 0.136811 
-0.128592 0.093381 0.287593 0.080341 0.194565 -0.203949 0.106228 0.086376 0.019604 -0.162985 0.057056 0.107877 -0.029155 -0.053939 -0.227971 -0.272902 0.140063 -0.013387 -0.154202 0.023901 0.023529 -0.059834 -0.182225 -0.020552 0.118019 0.074559 0.100523 0.052535 0.039894 -0.269249 0.128115 -0.099219 0.014933 0.179949 0.044821 -0.296357 0.182524 0.160339 0.016881 -0.363444 0.119607 0.023412 -0.124501 -0.106814 0.143857 0.010492 0.004377 -0.146867 0.052273 0.000807 
-0.146199 0.229591 -0.163253 0.087377 -0.092258 0.102125 -0.121593 -0.001962 -0.093408 0.029499 0.202611 0.014076 0.118970 0.064681 0.252943 -0.080192 0.238147 0.131027 -0.121827 -0.145962 -0.053285 0.014287 -0.210872 -0.149747 0.283802 -0.192476 -0.118412 0.130658 -0.165731 0.240715 -0.199854 -0.132192 0.063419 0.177271 -0.033145 0.015353 -0.180936 0.208936 0.125688 -0.121319 0.130491 -0.067817 0.052268 -0.031186 -0.100532 0.089502 -0.085821 -0.043016 -0.106317 0.197924 
-0.146033 0.129274 0.084658 0.140745 0.101657 0.310497 0.112594 0.076013 -0.300219 -0.182777 0.036263 0.125005 -0.107816 -0.062701 -0.034011 -0.190609 -0.270326 -0.116160 -0.180930 -0.114305 0.173247 -0.096275 0.042059 -0.097546 -0.007230 0.144617 0.005719 0.064129 -0.119703 0.040041 -0.020805 0.011984 0.051735 -0.114163 0.113426 -0.053384 -0.319128 -0.077022 -0.029538 0.178989 0.124067 0.203789 -0.147356 0.235927 0.101521 0.097467 0.172864 0.181724 -0.041139 -0.029891 
-0.130568 -0.126665 0.096387 -0.064971 0.131437 -0.226299 -0.063753 -0.371671 0.066171 -0.000995 0.164800 0.020701 -0.101120 0.115409 -0.038345 0.081827 -0.070017 -0.175767 0.103085 0.022583 0.000537 -0.222181 -0.047128 -0.055605 0.115237 0.113753 0.117331 -0.134819 -0.136609 -0.045860 0.017441 -0.174510 -0.081037 0.051050 -0.178107 0.263268 -0.299265 0.215711 0.054882 0.043596 -0.299198 0.025989 -0.088759 0.041732 0.044902 0.055385 0.239103 -0.196337 -0.103752 0.071706 
-0.134627 0.053476 -0.091947 -0.063600 0.085396 0.014719 0.245451 0.253858 0.145023 0.329347 -0.209389 0.127049 0.144961 0.238777 0.120022 -0.055392 -0.129517 -0.112960 -0.165797 0.002381 0.091001 -0.129962 0.107313 -0.008000 0.024630 -0.146437 0.006862 0.068802 0.158537 -0.096929 0.088343 -0.022035 0.212455 0.073373 -0.064422 0.053585 -0.038758 0.080851 -0.338832 0.088914 -0.061696 -0.133402 -0.078567 0.137746 -0.093971 0.211345 -0.040381 -0.301088 0.028619 0.065217 
-0.152871 -0.263737 0.064663 0.095654 -0.090511 -0.082527 -0.243105 -0.020254 0.050488 -0.007616 -0.119014 -0.075692 0.100912 -0.165610 -0.123083 -0.049157 0.147768 0.093964 -0.126538 0.238019 0.140783 0.027709 0.062528 -0.136452 -0.389861 0.102021 -0.220476 0.298178 -0.014356 0.103677 0.026521 0.179938 0.156353 -0.085654 -0.006811 0.068007 -0.118335 0.288409 0.029488 -0.010661 0.033787 -0.087722 0.049867 0.019366 0.127500 0.204257 0.110540 -0.038378 0.125135 0.132301 
-0.125061 0.162207 0.181781 0.032822 0.059255 0.054406 0.008724 0.017293 0.287990 0.025007 -0.066334 0.086161 0.361484 0.081267 -0.106340 -0.086659 0.044516 0.003666 0.121267 -0.097839 -0.065287 0.033175 -0.035402 -0.091717 -0.020295 -0.161553 -0.017157 0.139539 -0.141069 -0.007444 -0.074139 -0.147060 0.291135 -0.131344 0.157126 0.073612 -0.033890 -0.072693 0.076293 0.098203 -0.368228 0.036150 0.049834 -0.145303 0.302089 -0.185661 -0.020966 0.205387 -0.048602 -0.213820 
-0.137553 0.149240 -0.037854 0.121721 -0.020787 0.238144 0.076091 0.118419 -0.047082 -0.055891 0.008287 -0.069992 0.137247 -0.019656 -0.097536 0.308677 -0.023032 -0.189033 0.385260 0.218704 0.129679 0.312675 -0.121492 -0.039216 0.161264 0.126083 -0.110234 0.139387 -0.020781 -0.138087 0.070695 0.013599 -0.123923 0.011566 -0.081739 -0.156419 0.161435 0.243433 -0.038591 0.018129 -0.170831 -0.088829 -0.106252 0.099620 -0.131505 0.110681 0.123170 0.083981 -0.157879 0.030813 
-0.142389 -0.221753 0.180506 0.076251 -0.009769 -0.106263 0.098360 0.000481 0.032009 -0.132807 -0.153514 -0.109616 -0.157589 0.156438 0.097638 -0.025803 -0.129406 -0.250194 -0.126869 0.028313 0.205316 0.393106 0.003572 -0.168708 0.065385 -0.065759 -0.093167 -0.107159 0.021174 0.165356 -0.199833 -0.119138 0.040084 0.209644 -0.022075 0.090180 0.180075 -0.077724 0.212350 0.208723 0.159273 -0.040542 0.069371 -0.119375 0.102099 0.068867 -0.063263 -0.153553 -0.133288 -0.193308 
-0.152175 0.113396 -0.088181 0.238546 0.203280 0.122624 0.028381 -0.014454 0.008972 0.342295 -0.073001 -0.113900 -0.121408 -0.033520 -0.126148 -0.068698 -0.097373 0.176755 -0.195850 -0.072056 -0.024478 0.048177 -0.111349 -0.133714 -0.217080 0.137329 -0.215621 -0.208878 -0.072631 -0.002950 0.014190 -0.066525 -0.273414 -0.120307 -0.135243 0.022116 -0.008419 -0.212244 0.122591 -0.223594 -0.234558 -0.219399 -0.081757 -0.125127 -0.049289 0.120427 -0.100980 -0.001589 -0.097004 -0.078818 
-0.157206 0.184159 0.049385 -0.158234 -0.003633 0.097968 -0.394176 -0.092862 -0.119719 -0.059794 -0.133067 -0.000694 0.087151 0.020896 -0.007774 -0.262361 -0.102289 0.154523 -0.038366 -0.009453 -0.093626 0.071995 0.082944 -0.089836 -0.042172 0.107894 0.093329 -0.009290 0.070473 -0.194283 -0.131889 -0.003982 -0.169762 -0.035141 -0.082983 0.072651 0.097712 0.274050 -0.205654 0.111084 0.040226 0.052356 0.211657 0.088096 -0.185982 -0.147695 -0.071311 -0.164117 -0.136614 -0.367554 
-0.155996 0.076656 -0.017617 -0.044058 -0.052481 -0.024694 0.082557 0.261970 0.043665 0.227068 0.124442 -0.195512 -0.091285 -0.127351 0.034289 -0.314034 -0.041128 -0.139024 0.291073 -0.008884 -0.022308 0.029024 -0.055633 -0.227860 -0.070298 0.064603 0.119109 -0.147633 0.006292 -0.165978 0.051999 0.244933 0.033903 0.051500 0.275557 0.278367 -0.045598 0.025442 0.113443 0.041559 0.119885 0.013368 0.125006 -0.195164 -0.107185 -0.155985 0.144558 -0.014892 -0.034372 0.242317 
-0.139844 0.017117 -0.095017 -0.064246 0.183803 -0.084397 -0.124575 0.138910 0.063374 0.121878 -0.053899 0.119896 -0.055237 -0.211146 -0.189456 0.073121 0.247332 -0.053927 0.163803 0.002183 0.030186 0.066842 -0.236973 0.053537 -0.140319 -0.012775 0.205148 -0.267408 0.032121 0.226315 -0.299212 -0.159721 0.074026 -0.026077 0.102017 0.089799 0.110768 -0.032420 -0.131928 -0.015635 0.046457 0.295111 -0.034125 0.278998 -0.011963 0.279117 -0.076894 0.029770 0.030289 -0.023995 
-0.132950 -0.162901 0.242555 -0.046929 0.012743 0.155993 -0.061565 -0.008932 -0.221170 0.177827 0.091255 0.182192 0.097139 0.111118 0.002547 0.035151 -0.116415 -0.033495 0.077347 0.061149 -0.131265 0.150761 0.284085 -0.080474 -0.007849 -0.239100 0.132268 -0.036351 0.148854 -0.012823 0.104370 -0.069109 -0.243322 0.165019 0.090687 0.049999 -0.107108 0.113484 0.142855 -0.178455 -0.072441 0.125818 0.047625 -0.069940 0.001845 0.225571 -0.215519 0.225652 0.323450 0.029160 
-0.157109 0.248813 -0.114019 0.105865 0.054952 -0.149146 -0.055821 -0.199055 0.035454 -0.087041 -0.353342 -0.146708 -0.174486 0.048911 0.007950 0.123790 0.163649 -0.094172 -0.096553 -0.011598 0.044445 -0.067982 -0.096275 0.116261 0.071464 -0.337050 -0.069502 -0.158245 0.192768 -0.290460 0.008468 0.252437 -0.069416 0.008184 0.090486 0.010313 -0.199914 0.131651 0.015876 0.115025 0.069925 -0.019473 -0.012374 -0.060587 0.080830 0.091519 -0.014328 0.314583 0.026475 -0.039278 
-0.137452 -0.001230 -0.007507 0.115150 -0.185067 -0.098942 0.066901 0.084466 0.026140 -0.154452 -0.002283 0.207539 -0.065866 -0.283722 0.029920 0.031217 -0.080894 0.048369 0.126233 0.052863 -0.068174 -0.232101 0.328653 0.002824 0.041848 0.020322 -0.358502 -0.057315 0.108608 -0.336315 -0.390420 -0.207182 0.036153 0.043065 -0.019581 0.009037 0.032580 -0.106332 0.066603 -0.028805 -0.086382 0.029761 0.131670 0.033033 -0.014596 0.061088 -0.110702 -0.025325 -0.107718 0.181538 
-0.133686 -0.160869 0.032360 0.125806 -0.016165 -0.071820 -0.099782 0.270514 0.226449 -0.086675 -0.158675 0.092623 0.032790 -0.002167 0.124881 0.210201 -0.298106 0.314300 -0.035099 0.063133 -0.139467 -0.029276 -0.015404 -0.113949 0.020916 -0.065016 0.307183 -0.094233 -0.160130 -0.016781 -0.115524 0.002546 -0.006844 -0.069941 -0.200213 -0.000534 -0.001700 0.114011 -0.031303 -0.029181 0.218184 0.007099 -0.317396 -0.191102 -0.059533 -0.079344 0.133116 0.204335 -0.073722 0.065671 
-0.133891 -0.078956 -0.078073 0.086218 -0.215138 0.140119 0.009674 -0.209025 0.013965 0.019864 -0.226147 -0.122774 0.116098 -0.125959 0.221225 -0.113260 -0.148930 -0.270037 -0.134559 0.149434 0.073839 -0.034319 -0.112058 0.113182 -0.021518 0.047847 -0.010036 -0.189973 0.118194 0.137123 -0.000258 -0.263048 0.122834 -0.014308 0.082405 -0.020576 0.059918 0.094869 -0.079088 -0.368596 -0.084232 0.064378 -0.023428 0.072088 -0.113138 -0.349055 0.104411 0.123997 0.165989 0.059806 
-0.155974 0.081901 -0.025050 0.080634 -0.095817 -0.239608 0.082908 0.014732 0.000856 0.017773 0.025692 0.124069 0.090493 0.092851 0.165692 0.140595 0.040741 0.149620 0.089397 -0.155281 0.063358 -0.059659 0.090516 -0.218823 0.066813 0.315160 0.004031 -0.333868 0.161335 0.152672 0.179087 0.056610 0.093195 -0.236493 0.131624 -0.286161 -0.007928 0.201394 0.261998 0.129290 0.001553 -0.087133 0.055320 0.171778 0.018131 -0.042433 -0.119293 -0.052253 0.160861 -0.114564 
-0.123472 0.105510 0.299862 -0.061310 0.073915 -0.124681 0.105880 -0.281511 0.040990 0.254708 0.118229 0.035237 -0.211246 -0.123944 0.180269 0.009913 -0.243505 0.047442 -0.002090 0.017025 -0.066658 -0.067680 -0.148719 0.090380 -0.103728 -0.030018 -0.011208 0.242667 -0.023732 0.113722 -0.000934 0.008150 -0.036774 -0.054403 0.081018 -0.039232 0.313099 0.150160 -0.090777 0.189076 0.064928 -0.113649 0.014751 0.159943 0.064935 -0.051401 -0.238437 0.223755 -0.156449 0.224866 
-0.132086 0.183471 0.023481 0.026578 0.023819 0.050116 0.108614 -0.009313 0.208567 -0.255474 0.289422 -0.043578 0.218810 0.143396 0.155669 -0.016098 -0.017291 -0.051519 0.115946 0.137069 -0.006800 -0.038725 0.064158 0.148541 -0.380307 -0.248792 -0.151009 -0.201701 -0.166604 -0.000111 0.057664 0.030647 -0.242818 -0.065609 -0.006984 0.108617 0.025819 -0.020611 0.006556 -0.109455 0.279245 -0.055440 -0.085668 0.216837 0.134629 -0.015826 0.002426 -0.173432 0.044533 -0.079242 
-0.131903 -0.339378 -0.083323 -0.084514 0.022982 -0.052904 0.152117 0.001027 0.141656 0.096312 0.110996 0.160990 0.110133 -0.194091 -0.068918 -0.236009 0.080940 0.003847 -0.093964 0.020833 -0.008977 0.031414 -0.028324 -0.002087 0.364093 -0.127796 -0.249346 -0.160938 -0.176486 0.009370 0.219347 0.094138 -0.126241 -0.150552 -0.200258 0.018900 0.087737 0.022738 -0.130938 0.065061 0.096985 0.041996 0.247666 0.090393 -0.041456 0.048334 0.143716 0.263594 -0.026230 -0.148130 
-0.156538 0.199255 -0.119856 -0.109143 0.055289 0.012543 0.037172 -0.090167 0.120739 0.034567 -0.010378 0.280163 -0.052976 0.032853 0.244566 0.006875 0.218098 -0.104198 -0.055607 0.205227 -0.053659 0.043486 0.121319 -0.123984 -0.254723 0.174417 0.150392 0.087357 0.122517 0.051761 0.132457 0.075393 0.036889 0.264758 -0.340089 -0.153493 -0.019032 -0.224735 0.101028 -0.027020 0.002745 0.174806 0.166831 -0.054965 0.022262 -0.038264 0.155554 0.178704 -0.204150 0.005857 
-0.139216 -0.050246 -0.022152 -0.046611 0.178855 -0.112470 -0.236658 0.171153 0.095743 0.198790 0.024987 -0.163735 0.060178 0.018415 -0.037694 -0.063951 -0.044309 -0.026578 0.188842 -0.172396 0.197014 -0.241531 0.222616 0.219061 0.105144 0.060859 -0.231368 0.160034 0.184896 0.262095 -0.065130 0.049422 -0.181232 0.291176 0.008876 -0.105862 -0.014029 -0.001967 0.082355 -0.029597 0.074214 0.045833 -0.244374 0.013361 0.027563 -0.176990 0.105667 0.111739 -0.063086 -0.172321 
-0.123893 0.026956 -0.104264 -0.122666 -0.103339 0.108926 -0.140142 -0.244993 -0.136561 -0.012170 -0.224356 0.394751 -0.021867 0.021950 -0.041531 -0.176391 0.063769 0.092379 0.163948 -0.156582 0.061360 0.086687 0.033197 0.035871 0.066827 -0.040760 -0.016450 -0.028012 -0.087748 -0.042999 0.047727 0.116143 0.067122 0.055593 -0.003166 0.191020 0.316970 -0.158930 0.172488 0.023925 0.026263 -0.264079 -0.351116 0.082399 0.065796 -0.001677 0.187802 -0.067498 0.154466 0.134953 
-0.143924 -0.073077 -0.255055 0.005618 0.182663 -0.078732 0.347263 -0.128561 -0.105003 -0.062898 -0.161658 -0.078574 -0.120966 0.006272 0.015491 -0.008635 0.045570 0.385842 0.212303 -0.012000 0.288687 0.106335 0.140332 0.050716 -0.057476 -0.060894 0.036053 0.209890 -0.148547 -0.047665 0.187374 -0.196426 0.056876 -0.008816 0.028159 0.166978 -0.052353 0.097888 0.041497 -0.105612 0.046627 0.281809 0.021642 -0.021327 -0.097653 -0.145471 -0.176424 -0.040049 -0.036942 -0.043978 
-0.137915 -0.046658 -0.002960 0.046491 -0.065046 -0.150929 0.154405 -0.182201 -0.292139 0.124040 0.237410 -0.298154 0.215315 0.056133 -0.040370 -0.033389 0.152035 0.080820 -0.120925 -0.074648 0.084600 0.083032 0.330980 0.033320 -0.095034 -0.086028 0.214525 -0.161275 -0.115552 -0.084612 -0.277837 0.111203 0.148371 0.026487 -0.015988 -0.205032 0.167217 -0.027729 -0.174329 0.015516 -0.108899 -0.050437 -0.107839 -0.025961 -0.029440 0.057370 0.195555 0.119034 -0.112584 0.030510 
-0.138141 0.034518 0.163788 -0.044107 0.022475 -0.324854 -0.045939 -0.027937 -0.224559 0.125480 -0.084155 0.071989 0.446679 -0.001468 -0.046133 0.163733 -0.102040 -0.004347 -0.095553 0.037993 0.071645 0.098582 -0.233318 0.166697 0.027315 0.009481 -0.013049 0.146300 0.089083 -0.118904 0.005094 -0.033012 -0.102335 -0.175455 0.025147 0.052734 -0.147848 -0.349964 0.195331 0.015186 0.185518 0.082494 0.096519 0.029021 -0.224409 -0.055605 0.100862 -0.100976 -0.067973 0.119325 
-0.146790 -0.142555 0.086962 0.248461 -0.115312 0.066816 0.006138 -0.207237 -0.014579 0.043050 -0.027202 -0.073441 -0.104515 -0.022742 -0.147588 -0.046847 -0.081663 -0.039504 0.320516 -0.165425 -0.274138 -0.056747 -0.121128 -0.188584 -0.066491 -0.326822 -0.054182 0.074715 0.136856 0.083930 0.064776 0.165982 0.180979 -0.038645 -0.227434 -0.292762 -0.079558 -0.145995 -0.057248 -0.025827 0.066201 0.189062 -0.041786 0.070085 -0.134616 -0.051973 -0.006563 -0.253447 -0.015472 -0.069797 
-0.130259 0.048473 -0.059440 -0.178015 -0.097458 -0.060428 0.118351 -0.028989 0.213528 -0.290834 0.034077 0.026032 -0.039087 0.087088 -0.360807 0.060463 -0.034700 0.021725 -0.093683 -0.343951 0.017231 0.083125 0.036880 -0.188460 -0.169536 -0.061572 0.011625 0.082610 0.197328 0.169523 0.031872 -0.228126 -0.212753 0.053945 0.110724 -0.031724 -0.025255 -0.011440 -0.174433 0.037316 -0.008815 -0.193108 0.125440 -0.012008 -0.247163 -0.052774 0.176365 0.142292 0.051110 0.210514 
-0.159260 0.000763 0.170733 0.030300 0.173874 -0.086451 -0.151114 0.120357 -0.047215 -0.211111 -0.166651 0.008280 -0.138642 -0.065210 0.224173 0.058608 0.072329 -0.116257 0.061600 -0.110728 -0.031755 0.065549 0.260767 0.058055 0.158109 -0.068698 0.114700 0.055247 -0.103051 0.223557 0.114154 0.199628 -0.031948 -0.259861 0.159320 0.032763 -0.009217 -0.140538 -0.172619 -0.370075 -0.168791 -0.155687 0.174326 0.034763 -0.001503 0.061947 0.017383 -0.108304 -0.242180 0.080084 
-0.158146 -0.252438 0.091787 -0.048643 0.015857 0.305629 0.088856 -0.035855 -0.069846 -0.017350 0.038270 -0.025757 -0.034198 0.076917 -0.039447 0.135571 0.149756 0.277073 0.026739 0.311285 0.025292 -0.336270 -0.159006 -0.071465 0.063171 -0.055581 0.132296 -0.023336 0.203765 -0.006054 -0.009418 -0.042011 0.041866 0.126312 0.294122 0.039697 -0.014145 -0.153527 0.045181 -0.013610 0.062506 -0.306168 0.111605 0.111876 -0.009802 -0.019060 0.105194 0.006676 -0.217231 -0.201705 
-0.138134 0.068102 -0.061967 0.190247 -0.195841 -0.120408 -0.136848 0.125204 0.047010 -0.003910 0.177814 -0.183529 -0.106049 -0.166045 0.093573 0.027507 0.149118 0.084085 -0.250560 0.120214 -0.112793 0.104208 0.080802 -0.157098 0.153310 -0.115315 0.085971 0.161081 0.159830 -0.050447 0.262123 -0.152308 -0.157668 -0.014737 0.077134 0.180038 0.129377 -0.187792 -0.023719 0.196326 -0.200279 0.172453 -0.262730 0.234318 0.090309 -0.092067 0.040196 -0.093715 0.074176 -0.028377 
-0.154995 -0.119969 -0.047659 -0.122093 0.208769 0.153808 0.000702 0.163603 -0.205623 0.000018 0.008425 -0.056327 0.028810 -0.275560 -0.086642 0.171729 0.071082 -0.066200 -0.098300 -0.194025 -0.276111 0.182162 0.051830 0.230786 -0.105784 -0.039988 -0.002720 -0.147766 0.081397 -0.057858 0.163222 -0.146488 0.172934 0.083124 -0.178822 0.002262 -0.138818 0.158918 0.094328 0.138788 0.072876 -0.213280 0.017831 0.060157 0.244080 -0.284109 -0.063693 -0.085996 -0.120541 0.117477 
-0.133813 0.018398 0.097288 0.101593 -0.030341 -0.090321 0.294885 0.227702 -0.204066 -0.022639 -0.125574 0.037442 -0.172597 0.093678 0.100986 -0.028052 0.182006 -0.042135 0.002825 -0.004411 -0.340136 -0.116913 -0.085377 0.248567 -0.116792 0.031257 -0.018679 0.183504 -0.128713 0.121041 -0.180407 -0.001547 -0.127947 -0.028232 -0.061826 0.072328 0.083340 0.133525 0.120968 0.115995 -0.151770 -0.043748 0.082581 -0.034118 -0.187416 -0.037186 0.267135 -0.004301 0.304082 -0.216953 
-0.166294 0.014780 -0.003946 -0.160301 -0.249571 0.135077 -0.014368 0.129775 -0.157959 -0.075117 0.056832 -0.103176 -0.016695 0.182520 0.018661 -0.004039 -0.064790 0.106044 0.009561 -0.141120 0.122841 -0.183733 -0.163730 0.169426 -0.024885 -0.017674 -0.032190 -0.058121 0.273446 0.076808 0.113686 -0.036343 -0.017034 -0.248831 -0.196390 0.093550 0.253416 0.066638 0.018284 -0.030590 -0.078194 0.269226 0.092755 -0.288322 0.302470 0.210387 0.087222 -0.031278 -0.145918 0.122154 
-0.148947 -0.297066 -0.087022 0.003398 -0.080435 0.196344 -0.060110 -0.118343 0.282933 0.028253 -0.054526 -0.038326 0.062638 -0.033760 0.266447 0.014678 0.072882 -0.036163 -0.042602 -0.327249 -0.107332 0.050142 -0.068166 0.216260 -0.095126 0.180002 0.073291 0.092298 -0.171268 -0.262841 0.053048 -0.052301 -0.155988 0.078811 0.324734 -0.246405 -0.010770 -0.026560 0.052149 0.115302 -0.004953 0.141747 -0.010682 -0.067086 -0.036608 0.244501 0.018270 -0.116362 -0.064973 -0.001214 
-0.141424 -0.063062 -0.393560 0.127727 0.020785 0.013051 0.001561 -0.034753 -0.065599 0.068419 0.096503 0.129655 0.054086 -0.031995 -0.181117 0.302937 -0.122229 -0.314022 -0.161194 -0.103421 0.053739 -0.239086 0.013525 -0.182270 0.006565 -0.031618 0.187892 0.217958 -0.133005 -0.045611 -0.120251 0.191316 -0.113484 -0.035401 0.046937 0.084369 0.240879 0.050871 0.068804 -0.115911 0.084190 0.012308 0.172958 -0.044780 0.178673 -0.161475 -0.123907 -0.090833 0.073183 -0.112503 
-0.148325 0.049411 -0.196119 0.032354 -0.038439 -0.217762 0.050218 -0.059968 -0.162894 -0.148276 0.008837 -0.031198 0.146324 -0.178441 0.112884 -0.028371 -0.267536 0.142662 0.180570 0.049883 -0.124999 0.066382 -0.197759 0.020925 0.039889 0.162534 -0.001798 -0.002150 0.003004 0.119760 0.046144 0.056263 -0.033279 0.331109 0.044930 0.009209 -0.125678 -0.171894 -0.380820 0.037321 -0.062759 -0.147975 0.083563 -0.164575 0.297398 0.150566 -0.038390 -0.010187 0.200334 -0.114308 
-0.151809 0.152904 0.114553 0.012409 -0.262766 0.114292 -0.035340 -0.013552 0.129382 0.233272 0.072263 0.119755 -0.223522 -0.184573 -0.078941 0.026772 0.087116 0.018354 0.064018 0.116616 0.355530 0.080859 0.088969 0.215025 0.086245 -0.093212 0.209838 0.013515 -0.096543 0.043876 -0.081133 -0.125404 -0.128822 -0.155392 -0.096797 -0.204349 -0.237941 -0.053955 -0.096997 0.109902 0.092363 -0.160514 0.101256 -0.225754 0.103224 -0.111373 0.022143 -0.195124 0.188495 -0.053844 
-0.140887 0.032073 0.159624 -0.227948 -0.157587 0.032636 0.105733 -0.055409 0.085441 0.107485 0.218917 0.084551 -0.181799 0.044729 0.018377 0.310883 0.043232 0.055006 -0.119885 -0.146310 -0.065839 0.232405 -0.035806 0.004314 0.043616 0.201316 -0.253048 0.041958 0.082557 -0.114471 -0.109698 0.207554 0.213592 -0.013494 0.061143 0.232596 -0.119830 0.003117 -0.184772 -0.300090 0.099495 0.110537 -0.180342 -0.024924 -0.020244 -0.072468 0.027067 0.018395 0.049204 -0.255676 
-0.129051 -0.168980 -0.208610 -0.011012 0.013104 -0.065787 -0.014613 -0.021725 -0.065534 0.050407 -0.023368 0.015036 -0.071569 0.427834 -0.079952 -0.190571 0.171238 -0.140611 0.113656 0.220522 -0.270177 0.100641 0.044557 -0.023177 0.080172 0.205115 -0.062646 0.099598 0.061649 -0.019813 -0.145181 -0.148078 -0.119521 -0.312672 0.071534 -0.092721 -0.118243 -0.072869 -0.182019 0.022020 0.188683 -0.047492 -0.158947 -0.047986 0.199134 -0.123775 -0.165919 0.081188 -0.060462 0.157512 
