-0.135604 0.192168 0.054276 0.123795 -0.238261 0.209848 0.150698 0.031764 0.016458 -0.072723 -0.185261 -0.137049 0.301025 -0.047559 -0.104258 -0.078306 -0.262112 0.034294 -0.005419 -0.047580 0.070983 0.354753 -0.022967 0.109447 0.102063 0.166582 -0.126908 -0.114666 0.027592 -0.291400 -0.043585 0.009339 0.242870 -0.138809 0.057455 -0.032281 -0.057891 0.115690 0.193888 0.233705 -0.116536 -0.006708 0.031905 -0.091542 0.133173 0.060939 -0.140419 -0.069465 0.000323 -0.046246 
-0.154084 -0.150565 0.087425 -0.056866 0.167871 0.131910 -0.197110 -0.130479 -0.108659 -0.130866 0.088877 0.101024 0.111121 -0.179504 -0.125636 0.074751 -0.146717 -0.063144 -0.089308 -0.055758 -0.013453 -0.085765 -0.221333 -0.042528 0.205933 -0.053655 -0.038115 0.155934 0.033401 -0.134011 -0.007298 0.012504 0.042188 0.031549 0.261330 -0.247784 -0.075584 -0.291886 0.010849 -0.102838 -0.280535 -0.066147 0.173552 0.126909 0.115749 -0.073990 0.170278 0.122489 -0.340931 0.022973 
-0.135091 -0.246104 0.174469 0.203915 0.043190 0.113221 -0.064180 0.089396 -0.002698 0.010960 -0.026297 0.156893 0.119727 -0.028417 -0.142890 0.122696 0.046417 -0.078108 0.198524 -0.152502 -0.196705 -0.082984 -0.071064 -0.024912 0.153277 -0.043098 0.014914 -0.075743 0.344219 0.123178 0.126985 0.362787 0.161522 -0.033314 -0.257957 0.253630 -0.075502 0.165911 -0.043694 -0.157659 0.034854 0.213996 0.051255 -0.143986 0.053423 -0.022944 -0.080749 0.021816 -0.036030 -0.106443 
-0.154852 -0.220183 -0.146016 0.028478 0.023152 -0.257110 0.157914 -0.048440 -0.093914 0.031434 -0.080928 -0.280221 -0.065033 -0.037986 0.125436 0.101721 -0.029088 0.158626 0.090229 0.254417 0.104279 -0.001570 -0.129885 -0.110350 0.179143 -0.181427 0.263586 -0.022842 0.200597 -0.079154 -0.111466 -0.126165 0.069572 0.096216 -0.116889 0.127140 -0.215032 0.192526 0.123759 0.112171 -0.132774 -0.086427 -0.194762 0.145849 0.023671 -0.150205 0.116724 -0.161439 -0.181242 -0.033228 
-0.133125 0.059186 -0.060943 -0.001408 -0.221161 -0.176657 -0.217402 0.113545 0.016870 0.078483 -0.135963 0.132734 0.018650 -0.155532 -0.039437 -0.196976 -0.124637 -0.067919 0.013090 0.069355 -0.003378 0.148569 0.091425 0.250209 -0.041919 -0.299787 0.050514 0.262496 -0.057383 0.106775 -0.256955 -0.055003 0.218900 -0.214261 -0.114693 0.161981 -0.020655 -0.062135 -0.320370 -0.114279 -0.043748 -0.102402 0.006484 0.057590 0.076270 0.069521 0.223275 0.077458 0.071614 -0.147461 
-0.147704 -0.029512 -0.202773 0.259278 -0.142155 -0.015632 0.119155 -0.001893 -0.209153 -0.114996 -0.112112 -0.004738 -0.118693 0.024907 0.083858 0.099175 -0.120421 -0.201292 -0.214185 0.087481 -0.187066 -0.155409 -0.036484 -0.014541 -0.234094 -0.119644 -0.141484 0.019437 -0.240225 0.066510 0.159209 0.111223 0.031790 0.078471 -0.123941 -0.041840 -0.287820 -0.028449 -0.082144 0.018731 -0.153176 -0.187688 0.134120 -0.253950 0.068565 -0.148115 -0.127259 -0.073003 0.061267 0.257819 
-0.149731 0.067835 0.094843 0.263513 0.179355 -0.020620 -0.079839 -0.208988 0.157075 -0.004706 -0.193867 0.011317 -0.210102 0.231374 0.189974 -0.137798 -0.195827 0.139943 -0.199344 0.021553 -0.062044 -0.116686 -0.144643 -0.071591 0.069742 -0.015450 0.103088 0.109629 -0.037880 -0.276043 -0.048505 0.211476 -0.040251 -0.041314 0.226405 0.195351 -0.029998 0.095630 -0.114440 0.056927 0.221735 -0.047537 0.160487 0.044973 -0.214147 0.171786 -0.055891 0.083836 0.011994 -0.136506 
-0.144291 0.069278 -0.278228 -0.174059 0.153503 -0.120372 0.096677 0.039303 0.184341 -0.089770 0.170505 -0.037565 -0.256382 0.094748 -0.072183 -0.201194 -0.051605 -0.140179 0.160051 0.022529 0.124925 0.153900 0.113207 0.061346 0.061778 -0.047121 -0.346424 0.217102 0.068235 -0.130475 0.099281 0.368680 0.104790 0.177646 -0.072713 -0.099873 -0.096302 0.007989 0.134400 0.008383 -0.045263 0.195785 -0.008920 0.012863 -0.136718 -0.002773 0.179798 -0.031309 0.034918 0.027100 
-0.116692 -0.011255 -0.125340 -0.051151 -0.013092 0.207956 0.033090 0.039332 0.076489 0.277698 0.069882 0.248389 0.033663 -0.055883 0.143482 -0.098373 -0.039685 -0.140324 -0.238272 -0.074490 0.209935 0.030038 0.004644 -0.074592 0.197517 0.078156 0.054079 -0.070334 -0.034507 -0.088846 0.013104 0.035168 -0.173831 -0.006453 -0.299144 -0.179066 -0.032371 0.078581 -0.038337 -0.018644 0.024614 -0.252907 -0.120753 -0.091089 -0.148625 -0.363589 -0.040745 0.134298 -0.000120 -0.343349 
-0.138318 0.025636 0.081079 -0.011022 0.293052 -0.111049 -0.143144 0.043521 -0.071054 0.355515 -0.072850 0.060094 -0.022799 0.040376 0.027928 0.172762 -0.158047 -0.156521 -0.006082 0.150245 -0.082947 0.147270 -0.092947 0.019231 0.100182 0.101686 -0.093404 0.028301 -0.217583 -0.051534 0.093859 -0.217112 0.116559 0.285551 -0.161703 -0.164147 0.139238 0.259778 -0.058097 -0.155010 -0.010426 0.064898 -0.087801 -0.004062 0.168367 0.342041 -0.106001 -0.026342 -0.018554 0.046049 
-0.139661 0.164758 -0.053407 -0.054704 0.249036 -0.067133 -0.129305 0.000291 0.074494 -0.099621 0.007342 0.073414 0.231284 -0.107749 0.096994 0.037520 0.152818 0.107123 0.213704 0.032427 0.093351 -0.119056 -0.240968 0.074093 -0.102508 -0.229203 -0.059614 -0.004520 -0.079420 -0.250424 -0.069439 0.042253 -0.048038 -0.141411 0.069307 -0.038949 -0.009686 0.090537 0.112191 -0.266526 0.017228 -0.041267 -0.039506 0.055435 0.151192 -0.249528 -0.247158 -0.113812 0.409268 0.057896 
-0.163204 -0.075086 0.114289 -0.084661 0.006469 0.005990 -0.031226 0.027853 -0.275987 -0.088651 -0.096920 0.030017 -0.056934 0.290489 -0.127252 -0.137377 -0.326931 0.049621 0.127547 0.028889 0.055042 -0.333345 -0.100426 0.282859 0.085781 0.152148 0.021548 -0.053801 0.115593 0.005870 0.026493 -0.067966 0.022174 -0.024249 -0.217713 -0.053938 0.318356 -0.132673 0.088946 0.118394 0.071343 -0.120679 -0.083104 0.009377 -0.072997 -0.117658 0.159375 0.009325 0.229917 0.170123 
-0.149582 -0.092191 -0.001074 0.231788 0.169986 0.069903 0.193622 0.054558 0.184712 0.088484 -0.272319 -0.077812 0.141122 0.050963 0.140013 0.030628 0.059057 -0.115488 -0.156742 -0.054688 0.086515 0.057968 0.227374 -0.122798 0.187782 -0.147504 -0.207507 0.043418 -0.022842 0.147936 -0.223230 -0.103289 0.008043 0.020680 0.030437 0.171962 0.270821 -0.242954 0.227979 -0.171234 0.112672 0.051084 -0.012437 -0.017130 0.034188 -0.143812 0.091004 0.055360 -0.029953 0.273050 
-0.144237 -0.067806 0.201456 0.129376 -0.038381 -0.117781 -0.066195 0.149085 0.127926 0.034386 0.277394 -0.055010 0.064783 0.112484 -0.010742 0.184528 -0.064666 0.027413 -0.176669 -0.036408 -0.079660 0.089917 0.039002 0.223976 -0.394591 -0.008051 0.079744 -0.007294 0.139682 -0.245487 -0.206921 0.070084 -0.050097 0.258726 0.034939 -0.053206 -0.076124 -0.165743 0.007717 0.055462 0.169918 0.072040 -0.329986 -0.113401 0.122800 -0.120218 0.036260 0.180042 -0.067285 0.003430 
-0.152379 -0.222104 -0.042763 -0.099586 -0.075825 0.226422 -0.099118 0.253663 0.225985 -0.079815 0.215147 0.136713 -0.045490 -0.052875 0.223947 -0.017409 -0.106923 0.175018 0.003776 -0.217922 0.010447 -0.058399 0.122683 0.037450 0.020412 -0.024615 0.027459 -0.022182 -0.141519 -0.029522 0.078973 -0.016315 0.020603 0.244344 0.062962 0.338892 0.144501 0.045655 -0.052265 0.133180 -0.322353 -0.161209 -0.043001 0.179075 0.013883 0.118799 -0.128349 -0.178997 0.055965 0.124200 
-0.141581 -0.023841 -0.221128 0.206148 -0.033847 -0.095642 -0.136243 -0.028314 -0.071009 -0.172609 -0.136412 0.059798 0.020699 -0.088121 0.023403 0.143945 0.026620 0.168237 0.075985 -0.206842 0.294588 0.092496 -0.236363 -0.003958 -0.081167 0.301866 -0.170346 0.069836 -0.001579 0.285990 -0.172592 0.050399 0.043578 0.025252 -0.027589 -0.109840 -0.017557 -0.067935 -0.171789 -0.015277 0.057833 0.036590 -0.262185 0.122273 -0.290294 0.071823 -0.220194 -0.004413 -0.132522 0.058603 
-0.130297 0.210722 0.274484 0.029840 0.064782 -0.051568 0.274385 -0.072862 -0.105297 0.092103 0.140067 -0.072034 0.132569 -0.078281 0.016281 -0.001536 0.181255 -0.147893 -0.004904 0.116670 0.145513 -0.165454 -0.046273 0.326262 0.162983 0.027634 -0.100442 -0.064139 -0.048946 0.061694 -0.076757 -0.005119 -0.187160 0.067470 0.053887 0.250707 -0.182689 -0.039180 -0.103074 0.011742 -0.350898 0.060085 -0.062916 -0.051814 -0.266866 0.168640 -0.026126 0.193204 0.073302 -0.002063 
-0.158561 0.150910 0.091137 0.016302 0.199883 0.354256 -0.173857 -0.240151 -0.220628 0.026301 0.091403 -0.105245 -0.227864 -0.117119 0.094386 -0.147861 0.105329 -0.092736 0.052414 0.053638 0.079962 0.149987 0.007846 -0.056248 -0.063087 0.017856 -0.167855 -0.175721 0.159966 0.156286 -0.084328 0.040355 -0.014999 0.056946 0.117438 0.142226 -0.019344 0.007075 -0.220980 0.157952 0.146200 -0.127408 -0.155981 -0.075017 0.289346 -0.068978 0.160545 -0.224573 0.036271 0.012367 
-0.149333 0.053678 -0.307500 0.059804 0.124973 -0.063351 0.150337 0.035678 -0.156282 0.037527 0.159911 -0.029927 -0.017904 -0.003410 -0.421135 0.094776 0.049582 0.108757 -0.120169 -0.193969 0.046089 -0.061243 0.132950 0.049392 0.039186 -0.048426 0.006737 -0.344990 -0.156121 -0.130659 0.053112 0.076033 -0.004344 -0.127459 -0.036013 0.157986 -0.050792 -0.057707 0.031274 -0.174800 0.219810 -0.259422 -0.017218 0.203006 0.111961 0.251725 0.073651 0.045197 -0.085145 -0.034237 
-0.127385 0.041680 0.000164 -0.318265 -0.074911 -0.094257 -0.182765 -0.115321 -0.001670 -0.038260 -0.267830 -0.134198 -0.065222 0.133845 -0.111359 -0.137471 0.345723 -0.135798 -0.165602 -0.232876 0.094020 0.022722 -0.095899 -0.049682 -0.110736 -0.123432 0.099165 -0.153558 0.057112 -0.083858 -0.115379 0.098854 0.055695 0.139912 -0.140052 0.025074 0.171371 0.169283 -0.024337 0.132034 -0.169160 -0.013403 0.120810 0.001703 0.080992 -0.016980 -0.160309 0.307781 -0.124808 0.186335 
-0.138468 -0.006343 0.119486 0.166058 -0.029964 0.120648 0.027668 0.040850 -0.076015 0.041773 -0.240115 0.114067 -0.188761 -0.368481 -0.053226 -0.079282 0.100662 0.121186 0.201902 0.099705 -0.026288 0.100303 0.229441 0.159477 -0.211368 0.026047 0.162858 -0.064426 0.122148 -0.037878 -0.046264 0.045105 -0.118302 0.301840 0.029728 -0.201312 0.022304 0.068702 0.241082 -0.176227 0.012820 -0.191751 0.251837 0.075626 -0.223021 0.047419 0.035501 0.019324 0.007764 0.027505 
-0.148208 0.051837 0.052269 0.064762 0.061286 0.143388 -0.022486 0.027447 -0.106484 0.330304 0.131900 -0.098044 -0.102525 0.255668 -0.022439 0.050279 -0.126904 -0.175517 0.262526 -0.324437 0.026649 -0.009605 0.127040 -0.026807 -0.118544 -0.058437 0.230787 0.062290 -0.164662 0.076181 -0.274006 -0.018001 -0.064386 -0.237780 0.023742 -0.129830 -0.191141 0.059379 0.063695 0.071230 -0.094062 0.198307 0.154442 0.187194 -0.085025 -0.104159 -0.083941 -0.146291 -0.060382 0.101350 
-0.134650 0.138872 0.220013 0.014026 0.116850 -0.120698 0.166430 0.212490 -0.043809 -0.029324 0.056770 0.009109 0.135315 -0.071661 -0.076353 0.134145 0.045644 0.078846 0.155155 -0.028641 0.176828 0.071960 0.098577 -0.363883 -0.069891 0.181571 0.095310 0.328616 -0.038460 -0.069714 0.189583 0.055461 0.015210 -0.067978 -0.009110 0.054041 0.038666 0.158770 -0.256026 0.164680 0.067699 -0.231227 0.092508 -0.026319 0.033104 -0.111051 0.198805 0.206075 0.043598 0.235919 
-0.142545 0.129242 -0.101885 -0.195219 0.141621 -0.004919 -0.065608 0.259699 -0.259905 0.087258 -0.104541 -0.239307 0.009333 -0.174176 -0.042324 0.080559 -0.053094 -0.021780 -0.260225 -0.067425 -0.113580 0.077989 0.080194 0.119749 0.010917 -0.135706 0.162316 0.125498 0.142420 0.029465 0.300348 0.056052 -0.003002 -0.100640 0.274371 0.043817 0.208395 -0.024474 -0.048720 -0.007976 0.026205 0.128162 -0.129035 -0.133291 -0.294159 -0.125942 -0.164311 -0.174007 -0.049485 -0.051977 
-0.122555 -0.135185 -0.208051 -0.154182 0.092732 0.080575 0.160257 0.207440 -0.154306 -0.058730 -0.137135 0.133767 -0.078197 0.038507 0.200248 0.199646 -0.136466 -0.005993 0.026406 0.139253 0.176764 0.021980 -0.018520 0.060695 -0.157300 -0.002283 -0.027938 -0.023195 0.095060 0.188661 -0.014760 0.045012 -0.206260 -0.094990 0.174965 0.034480 -0.000031 0.034482 0.093777 0.165302 0.008235 0.183136 0.169662 0.065099 0.319916 0.122251 -0.045190 0.370358 0.091223 -0.254478 
-0.146102 0.214748 0.073348 -0.043297 -0.068691 -0.173384 0.140125 -0.072834 0.139713 0.110975 0.018546 -0.042735 -0.062675 0.038436 0.066846 0.032012 -0.060086 0.500783 -0.011135 -0.065126 -0.198432 -0.100522 0.157325 0.174275 0.166761 -0.039236 -0.225691 -0.067984 0.054653 0.204394 -0.019397 0.097704 -0.138229 -0.028370 -0.007865 -0.242780 0.104415 0.132882 -0.217031 -0.024771 -0.076706 0.015763 0.118747 -0.007045 0.226883 -0.194240 -0.070978 -0.025881 -0.217516 -0.001314 
-0.121543 0.245256 -0.007224 -0.102742 -0.058221 0.227383 -0.040658 0.054241 0.063061 -0.028129 -0.157780 0.080127 -0.122044 0.263525 0.164645 0.093966 0.179655 0.063692 0.271111 0.217179 -0.195444 0.179168 -0.042792 0.077940 0.012752 0.073665 0.098540 -0.039670 -0.131227 -0.073159 0.276372 -0.029935 0.064338 -0.117282 -0.098750 0.143930 -0.109634 -0.307184 0.024644 -0.131089 -0.006259 -0.032256 -0.176246 0.128548 -0.021950 -0.103986 -0.035009 0.173703 -0.283084 0.049589 
-0.146602 0.180375 -0.146539 0.089986 -0.111965 -0.002623 -0.099909 0.181820 0.174254 -0.027656 0.058587 -0.022784 0.054147 0.002131 0.123801 -0.089795 -0.156740 -0.083265 0.141509 -0.082120 0.093420 -0.126120 -0.177353 -0.140111 -0.167490 -0.138922 -0.100404 -0.304389 0.228813 -0.081407 0.134384 -0.332649 -0.187697 -0.076233 0.034822 -0.018808 0.030633 0.128012 -0.082233 -0.150372 -0.016388 0.103011 0.087829 -0.227422 -0.148720 0.132917 0.277333 0.023998 -0.202821 0.098026 
-0.133364 -0.067756 0.093151 0.088446 0.126750 -0.194892 -0.147636 0.142782 -0.079072 0.121283 -0.042996 0.040232 0.147672 -0.014342 0.156322 -0.119115 0.235159 0.097307 -0.073238 0.169246 0.116682 -0.204341 0.133402 -0.095752 -0.238543 0.160320 -0.098935 -0.231285 -0.197925 -0.076974 0.051549 0.135583 0.261205 -0.118615 -0.075658 -0.047545 0.093141 -0.178177 0.056071 0.188687 -0.139157 0.170481 0.134744 0.012675 -0.033854 -0.019248 0.152491 -0.212781 -0.131635 -0.251235 
-0.144113 -0.175325 -0.011813 0.107403 -0.215874 0.160973 -0.325370 -0.051342 0.050613 0.025192 -0.055083 -0.058192 0.008617 0.056334 -0.228250 0.192163 0.147114 0.021890 -0.034393 0.242480 0.089104 -0.132553 0.321669 -0.014290 0.149958 -0.136874 -0.251358 0.005511 0.027807 -0.137053 0.154483 -0.189136 -0.070870 -0.046679 0.083508 -0.114749 -0.134448 0.137297 -0.132303 0.185972 0.095113 0.156195 -0.051503 0.206183 -0.118820 -0.058055 -0.053615 0.120420 0.161875 0.054457 
-0.135856 0.050387 0.026500 -0.103730 0.104286 0.020190 -0.025621 0.231634 0.267132 0.004215 0.006547 -0.103975 -0.087263 -0.261495 -0.030020 -0.087856 0.091280 -0.125187 -0.120756 0.106869 -0.149035 -0.204218 -0.095191 0.030085 0.033561 0.164205 -0.032209 0.185033 0.204666 0.000447 -0.109228 -0.080399 -0.171340 -0.231039 -0.289779 -0.046999 -0.154128 -0.157298 0.093463 0.228490 0.176745 -0.093990 0.079835 0.085647 0.101243 0.223516 -0.222771 -0.136811 -0.099047 0.130618 
-0.149416 0.105272 -0.135796 0.111328 0.074245 0.262163 0.034888 0.094219 0.104280 -0.195217 0.211128 0.080720 -0.074155 0.099122 -0.054132 -0.034188 0.209445 0.148944 -0.149402 0.197322 0.087653 -0.114208 0.016246 0.045204 0.152345 -0.028383 0.381590 0.043201 -0.061269 0.181648 -0.146068 -0.022022 0.316488 -0.055424 0.062958 -0.258453 0.035959 0.150017 0.041996 -0.027418 -0.034680 0.102212 -0.060774 -0.309371 0.025150 0.144636 0.047026 0.063664 0.039338 0.103875 
-0.122518 -0.206154 0.032715 -0.095152 -0.069138 -0.006148 0.289932 -0.023819 0.205569 0.046459 -0.067354 0.168025 -0.181678 0.161803 -0.231615 0.274321 0.217389 -0.184225 0.129380 0.051888 0.046224 0.017871 -0.176339 0.136558 -0.089364 -0.002653 -0.111019 0.050785 0.016888 -0.105448 -0.097737 -0.127892 0.072468 -0.074384 0.223878 0.003107 0.215449 0.007316 -0.165548 0.053658 0.016555 -0.199867 0.108826 -0.179327 -0.068778 -0.055635 -0.032005 -0.301857 -0.100517 -0.180679 
-0.129164 0.055488 -0.063263 0.027924 -0.130703 0.142643 -0.050578 -0.146895 0.231356 0.004462 -0.003157 -0.354707 0.234250 -0.134976 -0.012362 0.129328 -0.003172 -0.132450 0.139165 -0.016468 -0.096714 -0.156041 -0.202192 0.113573 -0.069108 -0.076973 0.070649 0.101806 -0.335999 0.248852 0.130577 0.188232 -0.069089 0.138529 -0.025551 -0.032908 0.186691 0.114352 0.148366 0.162584 0.171463 -0.065551 -0.025148 0.083728 -0.003133 0.012118 0.242093 0.044456 -0.042447 -0.201379 
-0.163205 0.102619 -0.108974 -0.178210 0.036088 -0.135983 0.019642 -0.175578 0.004236 -0.101765 0.133123 0.043126 0.295551 0.116689 0.248392 0.044595 -0.038892 -0.240953 0.069614 -0.014329 -0.204325 -0.116050 0.281630 -0.024523 -0.021223 0.110081 0.001705 -0.077442 0.268852 0.140667 -0.045443 -0.131331 0.354628 0.115678 0.150042 -0.054278 -0.098728 0.031941 -0.004416 -0.003950 0.157537 -0.250317 0.116005 0.129669 -0.133504 0.016111 -0.141691 0.068528 0.024123 -0.085378 
-0.139635 0.041554 0.258924 0.115377 -0.245767 -0.331609 -0.024875 0.044619 -0.044751 -0.047536 0.048046 0.305469 -0.095976 0.011548 0.070831 -0.137923 0.046559 -0.221348 0.040750 -0.044936 0.090075 0.042728 -0.003587 -0.089401 0.183855 -0.221532 0.055451 -0.079900 -0.045168 0.148376 0.195410 0.142711 -0.108214 -0.109959 0.238933 -0.155439 0.035397 0.016654 0.263805 0.132342 0.091659 -0.105190 -0.273177 0.053396 0.119074 0.126194 -0.099746 -0.070826 -0.073580 0.057723 
-0.161742 0.193102 -0.079586 0.084029 -0.103046 -0.085295 -0.003889 0.053779 -0.155988 -0.002760 0.050305 0.015288 -0.238661 -0.139673 -0.027496 0.101057 0.125282 0.097518 0.149165 -0.244114 -0.341161 -0.046829 -0.076528 -0.294508 0.182162 -0.035902 -0.088856 0.049327 -0.052759 -0.112497 -0.161664 -0.227277 0.059374 0.147920 -0.030721 0.026159 0.083785 -0.216397 0.118464 0.202570 -0.053218 0.097645 -0.018166 -0.151489 -0.028950 -0.001334 0.015172 0.150029 0.251425 -0.270509 
-0.139777 -0.089929 -0.097456 -0.249257 -0.161124 0.042793 0.015337 -0.301163 -0.195702 -0.099434 -0.043849 0.120541 0.153936 -0.102458 0.177866 0.116902 -0.016534 0.010027 0.126447 0.017537 -0.023581 -0.110516 0.292357 -0.063310 0.028214 0.045236 0.063048 0.144823 -0.108776 -0.289740 -0.186259 0.154550 -0.244284 -0.096845 -0.111727 0.031658 0.100759 0.016797 -0.022554 -0.065616 0.087429 0.131712 -0.138673 -0.297583 0.007522 0.232198 0.032366 -0.125106 -0.164534 0.092227 
-0.134902 0.124100 0.224462 -0.031358 -0.210589 0.017397 0.007856 -0.112178 -0.043485 -0.114671 0.077131 -0.160084 -0.172912 0.030679 0.011241 0.024059 -0.029836 0.037035 -0.108646 -0.121843 0.423121 -0.159281 0.078639 -0.013267 -0.069667 0.025283 0.010853 0.265816 0.014291 0.025329 0.207260 -0.218150 0.119075 0.126371 -0.129948 0.133692 -0.060052 -0.067191 0.142131 -0.318516 0.111663 0.095789 0.143375 -0.026727 0.183974 -0.013445 -0.160915 -0.101706 -0.063222 -0.245731 
-0.138608 0.014741 -0.181396 -0.102042 -0.080969 -0.095586 -0.169603 -0.225976 0.100414 0.405752 -0.015991 0.235850 0.063305 0.011143 -0.194764 -0.050792 0.019804 0.179446 -0.104854 0.013291 -0.043973 -0.026090 -0.078458 0.002861 -0.115675 0.285233 -0.001944 0.150443 0.073958 0.163002 0.088172 -0.062084 -0.025413 -0.030944 0.203958 0.271343 -0.168597 0.063835 0.339653 0.015794 -0.077458 -0.000744 -0.016378 -0.178470 0.046113 -0.079030 0.123728 0.005333 0.060991 0.149695 
-0.140983 -0.102842 0.027761 -0.160901 -0.094137 0.072261 0.284082 -0.029886 0.025814 0.121966 0.063740 0.062546 0.022816 -0.219364 -0.212451 -0.363707 -0.207109 0.027201 0.104968 0.230045 -0.031149 -0.123698 -0.112199 -0.238343 -0.115823 -0.063720 0.023569 -0.122540 -0.175784 0.030993 -0.052987 -0.025414 0.142198 0.133851 0.111555 0.060113 0.033140 -0.073585 -0.172173 -0.025474 0.206968 0.255714 -0.076382 0.074937 -0.034290 -0.131200 -0.276895 0.122153 -0.093808 0.081082 
-0.132006 -0.278500 0.082384 0.058285 0.097375 -0.029209 -0.024924 -0.234185 -0.108013 -0.055703 0.403491 -0.076899 -0.032002 -0.037655 0.092149 -0.073667 0.021072 0.145874 -0.012068 0.073273 -0.080443 0.343082 -0.067419 0.063623 -0.131555 -0.162496 -0.154881 0.047555 -0.053022 0.063235 0.094198 -0.153855 0.012323 -0.309520 -0.194992 0.045828 0.194984 0.069534 0.178158 0.060568 0.022395 -0.087637 0.152995 -0.090526 -0.201309 0.018406 -0.143514 0.197608 -0.066042 0.029382 
-0.145205 -0.241468 -0.050383 -0.095469 -0.217320 -0.069931 -0.023505 0.086761 -0.049542 0.214953 0.069685 -0.190544 0.123882 0.082986 0.192666 -0.067987 0.167157 0.099912 0.053083 -0.050551 0.091894 0.215717 -0.184671 0.074084 0.255681 0.050014 0.124454 -0.091091 -0.014433 -0.008979 0.093666 0.085627 -0.043164 0.131359 0.073735 -0.125854 -0.150973 -0.295977 -0.176428 -0.055633 0.241170 0.015878 0.312506 -0.124635 0.031174 0.111299 0.036146 -0.071317 0.230547 0.139691 
-0.147598 -0.309051 0.030403 0.022330 0.156090 0.049211 0.187138 0.024138 -0.027013 -0.121530 -0.205666 -0.096756 0.103209 0.117093 0.007142 -0.419705 0.206471 0.044123 0.027072 -0.285401 -0.204940 -0.030240 0.057015 0.065833 -0.106589 0.087595 -0.042152 0.169541 -0.068516 -0.007550 0.159775 -0.234991 -0.093865 -0.044517 0.090152 -0.156724 -0.200044 0.127410 -0.071005 -0.092296 -0.048581 0.002827 -0.263410 -0.009790 0.103230 0.073437 0.094578 0.028850 0.032865 -0.163697 
-0.114133 -0.026473 -0.146717 0.231383 -0.187217 -0.019314 0.114559 -0.197518 0.089806 0.142603 0.113283 -0.180065 -0.100861 -0.044058 0.048244 -0.017316 0.026396 -0.161724 -0.036417 0.097607 -0.060836 -0.008462 0.011276 -0.131055 -0.105565 0.233826 0.143558 0.029702 0.246798 -0.097438 0.111796 0.133855 -0.023505 -0.187178 0.024624 -0.107149 0.336384 -0.105736 -0.129542 -0.219568 -0.321294 0.036323 -0.113129 0.232799 0.146331 0.077613 -0.039651 0.052082 0.219170 0.006404 
-0.136896 -0.135399 0.220033 -0.241702 -0.000070 -0.132494 -0.025706 -0.033333 0.205935 -0.203260 -0.075983 -0.094583 -0.300055 -0.260163 0.082452 0.198836 -0.132855 -0.101407 -0.119555 -0.094410 -0.065407 0.066292 0.038326 0.024939 0.068972 0.269018 0.042612 -0.309555 -0.210819 0.039524 -0.040221 -0.016004 0.110070 -0.232838 0.048199 0.005091 -0.146813 0.114962 0.017132 -0.162396 0.028443 0.117092 -0.042415 -0.013112 -0.070233 -0.138839 0.196982 0.060820 0.177048 0.071116 
-0.142142 0.149889 0.029152 -0.033288 -0.080085 0.081628 0.245836 -0.121008 -0.098693 -0.107815 0.025096 0.346429 0.112937 0.000694 0.062414 0.077870 0.122426 0.015219 -0.331353 -0.071073 -0.121406 0.144914 -0.186610 0.041913 -0.079387 -0.085034 0.050481 0.040175 0.072567 -0.021533 0.062655 -0.094935 -0.024638 0.070501 -0.176339 -0.011820 0.018220 0.085916 -0.040028 0.084498 0.110463 0.313472 0.093977 0.393810 -0.064064 -0.019010 0.254409 -0.223251 0.087092 0.097347 
-0.145848 0.038928 -0.109104 0.145991 0.233152 -0.211153 -0.106155 -0.183292 0.200398 -0.282183 -0.029235 0.080910 0.107956 0.030490 -0.237250 -0.063472 -0.107058 -0.103961 0.079423 0.059316 0.031007 0.216593 0.177611 0.037563 0.068049 0.072919 0.313604 -0.108699 -0.072204 0.094269 0.115257 -0.153052 -0.295741 0.127188 -0.097499 0.079989 0.029834 -0.182551 -0.130579 0.153041 -0.090443 0.140364 0.139392 -0.107093 0.083078 -0.126758 -0.122168 -0.118337 0.031499 -0.101731 
-0.141256 0.018220 0.215017 -0.250989 0.049197 0.108088 0.031060 -0.069331 0.138582 0.018842 -0.132688 -0.045439 0.099634 0.173547 -0.159387 0.127543 -0.154892 0.195750 -0.085761 0.068027 0.015381 0.098004 0.011665 -0.353999 -0.173820 -0.256232 -0.029469 -0.074963 0.088456 0.210860 -0.014432 0.114996 -0.059855 -0.014451 -0.126324 -0.147230 -0.129388 -0.212186 0.022964 -0.060327 -0.183763 -0.147300 -0.124627 -0.051771 -0.155741 0.266733 0.018957 -0.107219 0.223542 -0.117219 
-0.144992 0.018457 0.041215 -0.040417 -0.176495 -0.016918 -0.146050 0.295402 -0.173769 -0.213787 0.137017 -0.104344 0.081251 0.246931 -0.127231 -0.115898 0.054188 -0.063695 -0.106653 0.265161 -0.182125 0.118350 -0.060373 -0.189962 0.071882 0.226510 -0.108675 0.037462 -0.085851 0.086884 -0.281919 0.076896 -0.271737 0.064151 0.077026 0.120170 0.062935 0.202208 0.080074 -0.273827 -0.025348 -0.053897 0.101108 0.094472 -0.036140 -0.099176 0.008477 -0.108728 -0.044189 -0.121152 
