-0.148614 0.038516 -0.185911 -0.156708 -0.014647 -0.119191 0.162468 0.203040 -0.150313 0.189016 0.025867 0.294117 0.070281 0.003802 0.213256 -0.228010 -0.232450 -0.047086 -0.040157 0.079950 -0.083520 -0.024978 0.278495 -0.283625 -0.038763 -0.030117 -0.176163 0.038325 -0.052114 -0.001005 0.192210 -0.078304 -0.071675 0.258051 0.130787 0.148681 0.131393 -0.109270 0.184330 0.194076 0.007763 -0.077788 -0.022099 0.149448 0.036872 -0.084749 0.035362 -0.070086 -0.110675 0.095479 
-0.157616 -0.069255 0.082695 0.016273 -0.107623 -0.056560 0.275737 -0.068584 0.090976 0.050183 0.205516 0.134690 0.152041 0.007012 -0.064830 0.071370 0.207854 -0.205693 0.280281 0.046624 -0.163584 -0.001327 -0.072125 -0.062491 0.123543 0.262816 0.071233 0.032435 -0.040673 -0.015628 -0.339270 -0.055685 0.108473 0.026433 0.031790 0.060276 -0.187616 -0.217911 0.108411 0.026982 -0.142364 0.115095 0.277544 0.153188 -0.011029 -0.094342 -0.081156 0.146653 -0.239008 -0.104414 
-0.138027 -0.099122 -0.007601 0.095642 0.092115 -0.012831 0.006350 0.055307 0.346462 0.194735 -0.105465 0.099544 0.075972 0.123558 -0.077698 0.062304 0.045079 -0.246701 -0.131999 -0.063688 -0.065090 0.065457 0.140873 0.076236 -0.367272 0.093602 0.256569 0.121233 0.166636 0.040624 0.085262 -0.150223 0.094635 0.078213 0.027114 0.306138 -0.073015 0.199516 0.138750 -0.162376 -0.106369 -0.083428 -0.005754 -0.236652 -0.024013 0.034388 -0.137036 -0.003653 0.146104 0.147469 
-0.167846 0.063000 -0.011092 -0.034770 -0.022974 -0.016142 -0.192024 -0.008906 -0.084030 0.026258 0.299284 0.006316 -0.159448 0.422297 -0.023346 0.158103 -0.022663 0.037949 0.044411 -0.196242 0.257220 0.169316 0.184093 0.235653 -0.051009 -0.057337 -0.007251 -0.124132 0.112231 0.120671 0.071756 0.116306 0.100389 0.294490 -0.043699 -0.140858 0.009893 -0.148493 0.219551 -0.090979 0.005609 -0.052805 0.074641 -0.046600 0.095277 0.082743 0.118517 0.093964 -0.179683 -0.171528 
-0.136536 -0.015057 -0.174891 -0.152410 -0.127625 -0.020913 -0.049296 -0.174962 -0.014252 -0.380091 -0.147494 0.105859 0.040779 -0.170650 -0.090178 -0.018784 0.038302 0.138406 -0.020905 0.054658 0.178000 0.153475 0.318394 -0.008752 0.059515 0.137040 0.255310 0.086770 -0.194511 -0.045188 0.039332 -0.197318 -0.090494 0.126039 0.038079 0.002192 -0.243895 -0.275398 -0.006137 -0.009004 -0.011460 0.179025 -0.131421 -0.086319 0.056753 0.173096 -0.026315 0.005467 0.219368 -0.067877 
-0.129107 -0.113819 0.250933 -0.073652 0.072383 -0.117887 -0.357393 0.134214 -0.082362 -0.119009 0.130711 -0.096587 0.180995 0.055180 -0.057576 0.048064 -0.081039 -0.005679 -0.139426 0.065534 -0.028902 -0.113734 0.049255 -0.102048 0.071142 -0.044783 0.066813 0.054377 -0.035638 0.241458 -0.155084 0.074041 -0.048609 -0.023228 0.009983 0.096679 -0.136883 0.132079 0.131762 0.336796 0.079566 0.168928 0.167604 -0.047050 0.103294 -0.218136 0.212010 0.204729 0.258811 0.176588 
-0.131960 -0.067905 -0.200250 0.159621 0.130830 0.054071 0.022048 -0.057880 -0.107810 0.055730 -0.096101 -0.136589 0.339666 -0.011751 -0.094371 -0.104711 -0.028159 -0.156289 -0.298718 -0.279766 -0.064490 0.076506 0.103612 -0.111593 0.294926 0.164459 0.002115 -0.138091 -0.017513 0.070181 -0.151234 0.231370 -0.138450 0.081174 -0.157671 -0.123880 -0.164746 0.026924 -0.076674 -0.072721 -0.144834 -0.238387 -0.078050 -0.120427 0.024042 -0.030715 0.105799 -0.192008 -0.129058 0.014966 
-0.142439 -0.170576 0.010052 -0.229548 0.261693 0.079301 0.152686 -0.076459 -0.169531 -0.005682 0.151750 0.179685 -0.110082 -0.065241 -0.058963 0.071720 0.121702 -0.144037 -0.072136 0.125656 0.139891 0.163119 -0.138087 0.172837 0.116052 0.211058 -0.150318 0.115899 0.051521 -0.088782 0.094810 0.047549 0.240540 -0.021844 0.108385 -0.122860 -0.052188 0.240911 -0.004220 0.046563 -0.084649 -0.121802 -0.127865 0.214376 0.286268 -0.032930 0.047085 -0.135322 0.279307 0.057460 
-0.156819 0.157990 -0.111082 -0.186123 -0.103153 -0.178112 -0.008732 -0.043826 -0.036337 -0.056692 -0.087308 0.011210 0.071752 -0.032376 -0.001249 0.326944 0.001701 -0.190499 -0.077484 0.047187 -0.030415 0.321137 -0.130865 0.120829 -0.241889 0.061931 0.023007 -0.115822 -0.169581 -0.233204 -0.015208 0.121793 0.030285 -0.016048 -0.046420 0.117348 0.132038 0.003253 -0.256566 0.190111 0.238351 0.069593 0.069645 -0.122494 -0.117071 -0.131968 0.232241 -0.131225 -0.203451 0.131302 
-0.148001 -0.085641 0.153444 0.056711 0.021566 -0.142655 -0.242562 -0.070482 0.185383 -0.059124 -0.104643 -0.176885 -0.051885 -0.098343 -0.128673 0.065226 -0.106122 0.086441 0.061272 -0.119033 -0.201467 0.014037 -0.034502 0.087938 0.040267 0.101369 -0.278371 -0.143122 0.149511 -0.188498 0.081345 -0.014700 -0.088031 0.271954 0.076912 0.042526 0.186408 -0.149423 0.017193 0.067096 -0.286397 0.208070 0.093000 0.094058 0.078622 -0.129182 -0.202944 -0.333360 0.122506 -0.028965 
-0.140039 -0.104204 0.079768 0.344830 0.049238 -0.075811 0.076464 0.104679 -0.172499 0.234733 -0.103912 0.029345 0.134015 -0.064374 -0.073940 0.087901 0.185425 0.128067 -0.267432 0.066353 0.049091 -0.100105 0.065389 0.076162 -0.132723 -0.169459 -0.016979 -0.094233 -0.162712 -0.208646 0.175927 0.060550 0.234917 -0.082803 -0.221205 -0.011800 -0.048466 -0.184295 0.048232 -0.024434 -0.086908 0.314413 -0.205556 0.150278 0.116155 -0.077121 0.009127 0.182559 -0.048660 -0.036320 
-0.159212 0.073937 0.162593 -0.126402 -0.058864 -0.088154 0.035404 0.380017 -0.115692 0.097705 -0.037503 -0.075534 -0.038993 0.009687 -0.148375 0.067433 -0.007355 0.001686 0.197304 -0.020002 -0.036872 -0.104454 -0.243367 0.141310 0.218175 -0.062583 0.125355 -0.026822 -0.203801 -0.195815 0.219317 0.039417 -0.162680 0.052944 0.161148 -0.059965 -0.308570 -0.005236 0.162704 0.015513 0.029558 -0.174490 -0.164933 -0.280183 -0.031450 0.005264 -0.217344 -0.025420 -0.067670 0.109639 
-0.123160 -0.290599 -0.098293 0.037601 0.098775 -0.056226 0.037033 0.000357 0.166403 -0.006128 -0.131961 0.043693 0.053085 -0.054483 -0.035283 0.033689 0.133048 -0.028163 0.323583 0.152757 0.223864 -0.007859 0.200170 0.028856 0.043079 -0.214061 -0.012873 -0.002696 0.210770 0.067072 0.134498 0.203419 -0.081600 -0.284194 -0.156363 0.026285 -0.040671 0.023959 0.096975 0.387883 0.032314 -0.071338 0.031844 -0.076272 -0.102490 0.014770 -0.005417 -0.243481 -0.088970 -0.245726 
-0.128609 -0.141175 -0.141694 -0.194423 0.124753 -0.110020 -0.024386 0.290142 0.076965 -0.076178 0.231192 -0.150099 -0.062776 0.038419 0.046344 0.039070 -0.042891 -0.049788 -0.012630 -0.236354 -0.034716 -0.026099 -0.085672 -0.224895 -0.148404 0.083777 0.034588 0.277838 -0.195113 -0.118731 0.231470 0.001176 -0.126709 -0.188077 -0.268061 -0.096581 0.057043 -0.053548 -0.152958 -0.134050 -0.207559 -0.003476 0.171483 0.094408 -0.121908 0.033470 0.055339 0.076666 0.128966 -0.244992 
-0.131748 0.093203 0.010092 0.011688 -0.096520 0.015667 0.019262 0.146594 0.236165 0.174413 -0.099582 0.184116 0.177714 0.107712 0.085145 0.226473 -0.253386 0.286901 0.043590 -0.081840 0.110782 0.186006 -0.011940 -0.155471 0.056426 -0.133342 -0.146902 -0.132273 -0.188854 0.095335 -0.179488 0.061864 0.202177 -0.114650 0.156257 -0.027976 -0.232967 0.125497 -0.097275 -0.161356 0.070783 0.013161 0.073518 0.150619 -0.064601 0.010237 -0.080472 -0.170739 0.246823 -0.156784 
-0.122966 0.201961 0.060833 0.032488 0.056756 0.082155 -0.013092 -0.122656 0.176520 0.048529 0.096513 -0.004203 0.244103 -0.022868 0.026356 0.003319 0.034291 0.149355 -0.023131 -0.054966 0.128202 0.159019 -0.115972 0.143713 0.068815 -0.123166 -0.337718 0.415715 0.205268 -0.219560 -0.060304 -0.130833 -0.313387 -0.020723 -0.118865 0.161275 -0.128927 -0.117553 0.104931 -0.036554 0.081674 -0.097762 -0.140851 0.086162 -0.089790 -0.039698 0.152359 0.146129 -0.007724 0.102111 
-0.138126 0.215425 0.152883 0.006205 0.150605 -0.002557 -0.245952 0.006295 0.001308 0.122338 -0.170465 0.157282 -0.044383 0.030966 -0.031453 -0.121252 -0.011831 -0.113894 0.114233 0.201780 -0.005250 -0.252347 -0.034568 -0.091479 -0.223139 0.326525 0.019814 -0.035834 0.036156 -0.086971 -0.182637 0.078345 -0.013798 0.029990 -0.198021 -0.214222 0.012076 -0.225768 0.067226 -0.093828 0.283100 -0.179117 -0.143356 0.018023 -0.057473 -0.086636 0.072995 -0.089221 0.201682 -0.213046 
-0.138623 0.149044 -0.014390 -0.167433 -0.122619 -0.082661 0.355347 -0.240944 0.064840 0.068636 0.096925 -0.211760 -0.111243 0.164819 -0.036475 0.006949 0.050700 0.034687 -0.239300 -0.147527 -0.284556 -0.056346 0.077574 -0.021538 0.037217 -0.079902 0.066852 0.002489 0.012911 -0.062860 -0.086663 0.051288 -0.049731 -0.064068 -0.143673 -0.126818 0.065310 0.136793 0.300998 0.206497 0.274688 0.139861 -0.097594 0.044582 -0.041780 0.124374 -0.181585 -0.082558 0.213965 -0.106287 
-0.154223 -0.002358 0.107806 0.011452 -0.080482 0.027547 0.088413 0.297889 0.250203 -0.053989 0.002169 0.093346 -0.107565 -0.186138 -0.042862 0.093230 0.396180 0.168645 -0.128710 -0.132720 0.066084 -0.063022 -0.022796 -0.028274 0.032164 0.240854 -0.157368 -0.301328 -0.045936 0.261046 0.013389 -0.267553 -0.164440 0.018768 -0.015762 -0.020104 0.173855 0.107138 0.042978 0.070645 0.067250 -0.065171 -0.088668 0.026249 -0.018569 0.152613 0.244925 0.020590 -0.073249 0.022270 
-0.158711 0.021238 -0.070543 0.299661 -0.074284 -0.142323 0.078142 0.034187 0.095132 -0.087874 0.149471 -0.040434 -0.153623 -0.183817 0.229120 -0.199529 -0.091110 -0.141644 0.288886 -0.281965 0.130385 0.025457 -0.044236 -0.027557 0.013200 0.003499 -0.008188 -0.034068 0.051781 0.023845 0.024419 -0.031711 0.097033 0.182149 -0.251370 0.013476 -0.146185 0.151655 -0.232765 0.054046 0.289593 0.109693 -0.127587 -0.036116 0.232943 -0.164439 -0.116018 0.075500 0.079665 0.102066 
-0.150941 0.064658 -0.120543 0.006759 -0.015590 0.109592 -0.026569 0.141310 -0.014564 -0.102188 -0.128049 0.147005 -0.113957 0.013344 0.202831 0.373498 0.014216 0.011783 -0.019127 0.124493 -0.091577 -0.313342 0.010823 -0.075613 0.216242 -0.191561 0.028511 0.259566 0.095177 -0.151264 -0.273008 -0.030806 0.064527 0.184704 -0.208864 -0.003699 0.127007 0.125038 -0.039182 -0.065240 -0.120224 0.061323 0.038105 -0.205504 0.247599 0.168316 0.071776 -0.114497 -0.078226 -0.001322 
-0.145201 -0.116909 -0.173142 0.380390 0.188069 0.027197 0.087436 0.014831 -0.075108 -0.283695 -0.071044 0.050214 -0.001075 0.369074 0.043352 -0.056929 -0.038886 -0.147780 0.007250 -0.005464 -0.186398 -0.066045 -0.167086 0.155832 -0.079687 -0.134519 -0.114509 -0.080926 -0.120835 -0.074995 -0.072866 -0.253242 -0.087654 0.018317 0.305959 -0.023982 -0.029681 -0.031637 -0.093478 0.200675 0.028282 -0.063698 -0.040682 0.000615 -0.095227 0.101200 0.131135 0.080441 0.144716 -0.198819 
-0.144771 -0.041562 0.216627 -0.177469 0.247794 0.284636 -0.012706 -0.259933 0.027203 0.134910 -0.071466 0.032347 -0.148519 -0.010420 0.343431 0.023659 -0.088600 -0.037527 -0.087160 -0.049337 0.057433 0.018553 -0.221925 -0.179603 0.004457 -0.091995 0.091662 -0.282360 0.044509 -0.000215 0.110881 -0.136034 0.020623 0.064893 -0.174970 0.004856 -0.237258 -0.171361 -0.067279 0.212907 -0.146163 0.039508 0.083983 -0.038396 -0.167346 0.187224 -0.019972 0.060303 -0.032028 0.137078 
-0.135040 0.037189 -0.268042 0.051269 -0.172425 0.103955 -0.177978 -0.071415 -0.082562 -0.020475 0.042422 0.000390 -0.075714 -0.136320 -0.032536 -0.096029 -0.186944 0.280624 -0.010855 0.091608 -0.045361 -0.097438 -0.065030 0.167949 -0.225543 0.135881 0.109004 -0.180388 -0.025308 -0.207479 -0.071629 -0.063488 -0.091457 -0.079793 -0.150181 0.095005 -0.206869 0.370944 0.186393 0.107011 -0.151258 -0.192876 0.166033 0.228365 0.088598 0.001633 -0.014402 0.062521 -0.153444 -0.062851 
-0.132247 0.219574 0.212825 0.128126 0.076653 0.073969 0.095812 0.078719 -0.076411 -0.043550 -0.097994 0.060989 -0.056480 -0.043227 -0.414331 -0.015143 -0.016182 0.109747 -0.003530 -0.072663 -0.058145 0.183137 -0.003742 -0.326323 -0.029186 -0.104339 0.273208 0.089099 0.314296 -0.094652 0.100843 0.104568 -0.030479 0.102745 0.132859 0.005617 0.044741 0.051076 -0.257849 0.142393 0.062288 -0.103442 0.124931 0.183048 0.144623 0.153002 0.028522 0.132282 -0.065508 -0.111800 
-0.155230 0.031299 0.083109 0.066863 -0.033633 0.266487 0.078557 0.114603 -0.038241 -0.362464 0.003484 -0.024708 -0.070330 0.128667 0.033311 -0.014142 0.015705 0.007991 0.070305 0.030211 -0.127722 0.079411 -0.087670 -0.042269 -0.180111 -0.125560 0.184612 0.076979 0.007120 0.247466 0.028370 0.080586 -0.047112 -0.079409 -0.082148 -0.016177 -0.077005 -0.079832 0.171236 -0.186616 -0.047466 0.104612 -0.184129 0.296866 -0.053550 -0.214123 0.072003 -0.393623 -0.133995 0.258361 
-0.131265 0.186032 -0.015193 0.024625 -0.177198 -0.133379 -0.192360 -0.028067 -0.166701 0.070887 -0.192720 -0.177785 0.060128 -0.166322 0.220383 -0.132384 0.256940 -0.334020 0.079388 -0.106011 0.204531 0.151367 -0.186719 -0.163540 -0.076146 -0.190517 0.027814 -0.001247 -0.014909 -0.007834 -0.098035 0.028759 -0.028531 -0.065715 0.209050 -0.001240 0.097832 0.097638 0.293987 -0.080359 -0.180792 0.056865 0.022368 0.102554 0.089065 0.207908 0.071055 -0.014553 0.102826 -0.107609 
-0.165680 -0.111487 -0.008126 0.121016 -0.142754 0.026403 -0.251929 -0.023863 0.008575 0.312675 0.372306 0.043449 -0.064490 0.113396 -0.107433 -0.057836 -0.059264 -0.140634 -0.079865 0.210178 0.102985 -0.018610 0.001865 -0.004439 0.072974 0.021086 0.099484 0.043569 -0.074558 0.035385 -0.110770 -0.061354 -0.277309 -0.137088 0.071672 0.044870 0.077997 -0.017726 -0.294849 0.024011 0.051246 0.179121 -0.174182 0.120172 0.025119 0.312885 -0.152449 -0.218525 -0.085683 0.108242 
-0.131676 -0.267181 0.199781 -0.187767 -0.025134 -0.181689 -0.065962 0.014492 0.052289 -0.210117 -0.074371 0.017194 0.182718 0.028851 0.076559 -0.198486 -0.064981 0.043029 -0.165003 -0.025503 0.037974 -0.048951 0.004132 -0.069966 -0.201261 0.003499 -0.148230 0.094203 0.191935 -0.129601 -0.075268 -0.123953 0.137286 -0.057680 0.146879 -0.389595 -0.109882 0.164344 -0.029482 -0.094218 0.139930 0.105084 -0.035637 -0.075006 0.003604 0.115840 -0.126917 -0.000733 -0.406820 0.007965 
-0.149563 -0.123360 -0.029991 -0.012447 0.076465 0.305575 -0.024105 0.024200 0.030027 -0.178498 0.155901 -0.297144 0.056212 -0.230787 -0.157159 0.140748 -0.154643 -0.169374 -0.108369 0.119200 0.216603 -0.069235 -0.015838 -0.173561 0.054389 -0.085562 -0.058035 -0.072952 -0.101213 -0.054733 -0.060623 -0.066294 0.213373 0.149854 0.060804 0.241066 0.193136 -0.002447 0.147814 -0.082765 0.219638 -0.136036 -0.113661 0.042480 -0.184237 -0.071370 -0.216321 0.088812 -0.089730 -0.186320 
-0.113334 -0.009008 -0.104605 0.109581 -0.023043 -0.151254 0.163138 -0.056413 0.204939 0.001864 -0.107139 -0.060278 -0.163356 0.114310 0.027504 -0.110460 0.118224 0.025690 -0.291765 0.389216 0.305617 0.003840 -0.164939 -0.038928 0.102380 -0.079762 0.073113 0.009979 -0.041820 0.028658 0.073542 0.057224 -0.233610 0.209289 0.022708 -0.183548 -0.004008 0.021153 -0.022542 -0.149973 0.037237 -0.025361 0.375319 0.019168 -0.016393 -0.285913 -0.091855 0.023738 0.032082 0.053026 
-0.141455 0.186371 0.010901 0.040365 0.121127 -0.027869 -0.058619 0.137026 -0.107947 0.029227 0.123133 -0.208157 -0.201226 -0.026657 0.126189 -0.107509 0.062166 0.005765 -0.025360 0.306094 -0.255041 0.278094 0.252163 -0.058192 0.214838 0.040754 -0.072851 -0.145230 0.224891 -0.080443 0.060985 -0.221581 0.093109 -0.232005 0.025321 0.090516 -0.167464 0.075993 -0.031377 -0.219795 0.010214 0.123427 0.030844 -0.195568 -0.079003 -0.112681 0.127450 -0.034860 -0.026025 -0.168646 
-0.150610 0.119752 -0.010056 0.122784 0.178312 0.163513 -0.135790 0.021693 -0.116934 -0.072866 -0.068345 0.245366 0.146730 -0.139874 0.191842 0.063786 0.024450 -0.003640 0.016866 0.035637 -0.188415 0.177296 0.005502 0.200002 0.088337 0.161182 -0.028010 0.115339 -0.070112 0.220278 0.175428 0.223328 -0.150011 0.041854 -0.030091 -0.122916 0.179056 0.190727 0.056921 -0.023545 0.094998 0.200446 0.105663 0.005663 -0.199623 0.097754 -0.369843 0.217046 -0.047977 -0.070292 
-0.131755 0.053268 0.066770 -0.014000 -0.035497 0.068820 -0.117001 -0.288129 0.011139 -0.053558 -0.021840 0.279722 0.000501 0.106947 -0.273111 -0.061652 0.051945 -0.177272 0.183185 -0.172438 0.024821 -0.197096 0.200496 -0.106299 0.214133 -0.165813 -0.070115 -0.127906 -0.174482 -0.219607 0.204710 -0.133305 0.010687 -0.132166 -0.057907 -0.074577 0.117362 0.243327 0.031360 -0.220580 0.027842 0.056626 0.149573 0.032886 -0.163376 -0.114432 0.132206 0.029939 0.015354 0.211200 
-0.131852 -0.063674 -0.026939 0.017333 0.376327 -0.278178 0.128176 0.040274 -0.089096 0.027537 -0.004410 -0.117221 0.056625 0.038064 -0.035958 -0.099795 -0.094102 0.300920 0.264774 0.064836 0.121182 0.177327 0.004769 0.014662 0.035526 0.003168 0.204336 -0.078733 -0.056165 -0.060663 -0.319668 -0.095622 0.057394 0.014145 -0.112036 -0.054490 0.349053 0.047940 0.085242 -0.056250 -0.106235 -0.029166 -0.064477 -0.010622 -0.167213 0.122914 -0.008487 0.055703 0.045624 0.310367 
-0.131786 -0.000016 0.326675 -0.114874 -0.026831 0.153348 0.133899 -0.000082 -0.155832 0.000525 -0.174164 -0.029083 -0.227618 0.080834 0.002057 -0.086003 0.033092 -0.046774 -0.004673 -0.070033 0.095582 0.108576 0.297514 0.085712 -0.188249 -0.084073 -0.204490 0.044289 -0.257207 0.046758 -0.298061 -0.002038 -0.223056 -0.117408 -0.067160 0.107429 0.067944 0.050557 -0.187235 0.033144 -0.185572 -0.134727 -0.007758 -0.112880 0.160088 -0.202253 -0.237124 0.100247 -0.038478 -0.091004 
-0.149357 0.349738 -0.136746 0.049536 -0.208502 -0.040269 -0.112242 0.044034 -0.031053 -0.078874 0.024285 -0.040739 0.064734 0.071908 -0.136255 -0.066770 0.079714 -0.016711 -0.085283 0.059023 0.051003 -0.041117 -0.034659 0.012934 0.022152 -0.005537 -0.141198 0.133188 0.059335 0.208910 0.056980 -0.197650 0.400789 -0.126021 -0.136013 -0.171540 0.043858 -0.128620 -0.128179 0.290986 -0.242497 -0.216749 0.027379 -0.062980 -0.162636 -0.024293 -0.258800 -0.015727 0.048933 0.175718 
-0.112858 0.054409 0.141621 -0.011473 -0.023224 0.206907 0.065808 -0.093042 0.167322 0.105141 0.093251 -0.188658 0.130755 -0.042855 -0.050871 -0.355029 0.078881 0.135918 0.146652 0.180698 -0.109631 -0.023709 -0.009534 0.087145 -0.105094 -0.047433 -0.062881 0.184438 -0.339786 0.058151 0.102310 0.151423 0.203836 0.314555 -0.004467 -0.005245 -0.000903 0.158168 -0.095406 0.050302 -0.074057 0.074018 0.055024 -0.182249 -0.020452 0.170572 0.299660 -0.134024 -0.023570 -0.109669 
-0.155465 0.176595 -0.104666 -0.058881 0.019297 0.141306 0.115684 0.112994 0.306698 -0.088692 0.206421 0.065964 -0.038634 -0.231823 0.055434 -0.090762 -0.135499 -0.092303 -0.060140 -0.006735 0.021214 -0.158794 0.148266 0.158919 -0.082366 -0.102827 0.051976 -0.185037 0.138651 -0.145520 -0.124319 0.366572 -0.030057 -0.167045 0.287114 -0.192308 0.062045 -0.146638 -0.040439 0.003637 -0.216011 0.074529 -0.077103 -0.089607 -0.022336 -0.027828 0.091534 0.201334 0.096775 0.139121 
-0.130752 -0.255775 0.151082 0.003947 -0.275463 0.107411 0.019371 0.177941 -0.067091 -0.063999 -0.105016 -0.055638 0.074162 0.012152 0.158697 -0.183801 0.007335 -0.018727 -0.057545 -0.014131 -0.100582 0.041231 0.080370 0.262880 0.142675 -0.005946 0.032068 -0.044205 0.078690 -0.141207 0.025103 0.090158 0.123919 -0.094414 -0.112993 0.136322 0.117514 -0.240247 -0.043536 -0.121384 0.249343 -0.250999 0.346662 0.129037 0.038716 0.252647 0.016999 -0.014106 0.193145 0.171436 
-0.158817 0.068508 -0.125594 -0.148718 0.253662 -0.073117 0.032360 -0.071301 -0.061950 0.191059 -0.046301 -0.015836 0.005794 -0.337560 -0.173651 -0.005263 -0.136434 -0.040651 -0.020004 -0.131025 -0.101041 -0.139436 -0.061093 0.306075 -0.052720 -0.275742 0.067790 0.058033 -0.025941 0.345645 -0.027237 -0.285477 -0.013700 -0.092619 0.052406 -0.070794 -0.013554 -0.171734 -0.037378 -0.136545 0.166353 0.015513 0.230370 0.025656 0.191384 -0.039924 0.052657 -0.112553 -0.085033 -0.081463 
-0.142153 -0.176738 -0.117862 -0.006716 -0.087637 -0.020297 -0.087989 -0.237851 0.085852 0.054445 0.028366 -0.176756 0.079816 -0.022076 0.048491 0.270171 0.111973 0.059360 0.215134 0.219571 -0.335069 0.091028 0.063873 -0.225125 -0.146092 -0.121359 -0.118389 -0.087253 -0.053652 0.120236 0.129543 0.036403 -0.092509 -0.004031 0.039577 -0.214014 0.005501 -0.069888 -0.052871 -0.119058 0.037628 -0.303554 -0.129454 0.003170 0.263157 0.021272 -0.037233 0.254849 0.048046 0.179193 
-0.145462 -0.136901 0.109787 0.050877 -0.325151 0.222443 0.114946 -0.069269 -0.097381 0.196017 -0.051254 -0.059686 0.182959 0.011295 0.143973 0.089795 -0.229220 0.065166 0.068084 -0.041056 0.083831 0.030897 -0.062357 0.062688 0.081303 0.151008 0.284188 0.084479 0.151343 0.008121 0.119008 -0.250846 -0.050375 -0.062539 0.085252 -0.231432 0.284947 0.040539 -0.019773 0.067120 -0.084470 0.033714 -0.103109 -0.130810 -0.014587 -0.320841 0.169839 0.032166 0.072341 -0.173734 
-0.135350 -0.109393 0.116923 0.214638 -0.197354 -0.187535 0.238621 -0.157553 -0.297363 -0.057918 0.078645 0.108700 -0.184037 -0.196639 -0.155705 0.125194 -0.274330 0.009165 -0.026291 0.060094 0.048343 -0.061296 -0.108330 -0.102407 -0.153305 0.083849 -0.263293 0.060446 0.108497 0.179040 0.022776 0.149103 -0.056302 -0.035116 -0.036601 0.068623 -0.083020 -0.018136 0.100487 -0.156350 -0.081232 0.013107 0.071985 -0.261614 -0.222821 0.196177 0.132058 -0.022440 0.113749 0.046729 
-0.131726 -0.207715 -0.133493 -0.308748 -0.192300 -0.119179 -0.099810 0.025952 -0.029918 0.074966 -0.160217 0.117722 -0.124423 0.016614 -0.112010 -0.150256 0.085835 -0.007245 -0.004044 0.011616 -0.166714 0.002314 -0.137615 0.120231 0.113185 -0.204099 0.028046 -0.038093 0.194876 0.148613 -0.124843 0.106762 0.043768 0.227779 -0.091180 0.132443 -0.036703 0.078211 -0.204431 -0.105445 -0.094404 0.035743 -0.292707 0.158020 -0.322006 -0.111206 0.060259 0.227140 0.054575 -0.141342 
-0.149563 0.158092 0.022130 -0.099731 0.030113 -0.136986 0.091432 -0.094155 0.200375 -0.108436 -0.282586 -0.139576 0.020826 0.253082 -0.017506 -0.050896 -0.305340 -0.079967 0.031603 0.110042 0.076351 -0.126813 -0.116981 0.044000 0.198829 0.238178 -0.052647 -0.028930 -0.034921 0.178279 0.192633 0.098005 0.050045 -0.233050 -0.041025 0.264500 0.084000 -0.004085 0.000732 -0.073463 -0.059053 0.092802 -0.146178 0.090568 0.279918 0.143610 0.069232 0.195615 -0.174579 -0.041379 
-0.126962 -0.056490 -0.029406 0.144975 0.058696 -0.051290 -0.097157 -0.101593 0.016688 0.162902 -0.203675 -0.235134 -0.365396 -0.061696 0.147137 0.154444 0.045585 0.080473 -0.002992 -0.174859 0.017802 -0.149599 0.245767 0.027536 0.083826 0.198785 0.043134 0.332949 -0.094498 -0.002848 -0.018731 0.100790 0.136880 -0.015114 0.316018 -0.023519 -0.115447 -0.001768 -0.037194 0.086204 0.078890 -0.076482 -0.003329 0.219227 -0.257162 -0.033162 0.116239 0.027714 -0.140798 0.147817 
-0.145758 -0.027161 0.106884 0.068197 0.041818 -0.203586 -0.141848 -0.255705 0.048953 -0.116696 0.220391 0.277147 -0.055885 -0.039619 0.186106 -0.127525 0.150875 0.280089 -0.167344 -0.131923 -0.094541 -0.023364 -0.183121 -0.082054 0.092308 -0.062862 0.190764 0.046934 -0.111133 -0.007161 0.032090 0.130557 0.114879 -0.167122 0.139330 0.259857 0.167060 -0.102390 0.021172 -0.036351 -0.002518 -0.249062 -0.086717 -0.203446 0.087152 -0.160705 -0.062691 -0.100159 -0.081365 -0.158611 
-0.139883 -0.118236 -0.379194 -0.099105 0.019254 0.335802 -0.044177 0.045287 -0.122806 0.134012 -0.114789 -0.027171 -0.080260 0.163062 -0.158590 -0.156490 0.174684 0.224385 0.088485 -0.149526 0.054826 -0.006141 -0.202845 -0.188111 -0.083483 0.146489 -0.165274 0.023792 0.103517 -0.021222 -0.059167 0.100274 0.036536 -0.126869 0.124202 0.108997 0.042606 -0.119090 0.047252 -0.008838 0.162148 0.273175 0.110755 -0.268408 0.118955 -0.080683 -0.069729 0.039395 0.025000 0.135840 
-0.123961 0.164551 0.017028 -0.127964 0.066917 -0.069275 0.143357 -0.084433 -0.268562 -0.060793 0.120376 -0.168295 0.325719 0.101890 0.178480 0.116462 0.241481 0.134980 0.096049 -0.007695 0.147171 -0.408546 0.112292 0.048033 -0.143235 0.064945 0.027273 -0.139011 0.196814 0.033860 0.105514 0.034804 -0.099397 0.082475 0.131280 0.204331 -0.060944 0.095531 -0.291731 -0.129816 -0.005294 0.007067 0.044928 0.081244 -0.084395 -0.009799 -0.106357 -0.100324 0.095731 -0.012314 
