-0.141285 -0.135214 -0.273932 0.019766 -0.097603 -0.018238 0.043149 0.017167 -0.067634 -0.006927 -0.070078 -0.079926 0.201169 -0.017039 0.128513 -0.201263 -0.084236 -0.053826 -0.066164 0.127672 -0.120577 -0.068468 0.223853 -0.039545 0.045449 0.355869 -0.124449 -0.150627 -0.263471 0.032947 0.161290 0.258196 -0.093409 -0.009012 0.117377 -0.058337 0.027823 -0.185436 -0.051734 -0.010923 -0.255151 -0.195932 -0.034251 -0.219159 0.075481 -0.144567 0.028035 -0.095632 0.020129 -0.274586 
-0.136068 0.030641 -0.016598 -0.191618 -0.172399 0.213006 0.033248 0.286437 0.174863 -0.255231 -0.126297 -0.068462 0.204856 0.052647 -0.199820 0.117003 -0.130973 -0.042305 0.063031 0.007712 -0.247417 0.011473 -0.076510 0.338683 0.094549 -0.014409 -0.357958 0.216548 0.064907 -0.032496 0.003213 -0.047487 -0.006236 0.061491 0.074797 -0.261407 0.020025 -0.047422 -0.016740 -0.147696 0.026200 0.066223 0.158748 0.095170 -0.088984 0.082444 0.013609 -0.119054 -0.055125 0.008282 
-0.149364 0.173519 -0.136620 -0.075487 -0.018616 0.017235 0.181528 0.258522 0.073261 -0.000073 0.247487 0.277083 -0.023408 0.003884 0.251223 -0.126943 -0.002948 0.230812 0.147698 -0.036530 -0.054090 0.068354 0.086871 0.353492 -0.185589 -0.104371 0.116888 -0.160687 0.022370 -0.093704 0.011862 0.023371 0.105317 0.126263 -0.195807 0.128868 -0.121083 0.085362 0.216508 0.119500 0.060238 -0.115535 0.179804 -0.087582 -0.033979 0.041676 0.011336 0.053437 0.061323 -0.237883 
-0.132483 -0.064278 0.112748 -0.046949 0.010351 0.194351 0.297071 0.007012 -0.007962 0.031448 -0.283554 -0.292151 0.004938 0.046911 -0.142749 0.263262 -0.036648 0.042168 -0.235850 -0.012571 0.203932 0.052881 0.169096 -0.050535 -0.073659 0.087693 0.054496 -0.097926 -0.155452 -0.184514 -0.194515 -0.188206 -0.105585 0.109451 -0.259213 0.062702 -0.107613 -0.038456 0.116156 0.007401 -0.031832 -0.041378 -0.022171 -0.047706 -0.253596 0.042690 -0.096070 0.134362 0.206967 -0.155959 
-0.148854 0.014076 0.016131 0.125880 0.046214 -0.198080 0.055280 0.179941 0.202010 -0.013000 0.186669 -0.174648 0.257599 0.026853 0.168127 0.205156 -0.016013 0.110626 0.019418 -0.298694 -0.043883 0.096366 -0.274933 -0.268366 0.127330 -0.004815 0.007419 -0.148844 -0.050011 -0.052782 0.042362 -0.013904 0.122738 -0.133947 0.044257 0.075433 -0.011917 -0.063279 -0.139959 0.009879 -0.221263 0.022443 0.038869 -0.118151 -0.043192 0.441750 -0.063950 -0.053800 0.016769 0.025505 
-0.126122 -0.002109 0.094534 -0.048434 0.171296 0.202142 0.037812 0.146976 -0.076883 0.111858 0.309817 -0.143413 0.192103 0.046641 -0.170912 -0.219548 0.196822 -0.027511 -0.077618 -0.271362 -0.030312 0.035820 0.091939 0.017895 -0.018222 0.021895 0.148725 0.197363 -0.128220 -0.017644 -0.118136 0.160504 0.032482 0.000018 0.017424 -0.065300 -0.113259 -0.326569 0.053669 0.109951 -0.014108 0.326590 -0.067670 0.098635 0.140738 -0.119627 0.189270 0.211555 -0.052159 0.031080 
-0.138058 -0.105476 0.129302 -0.118883 -0.031946 0.019948 0.206261 -0.171220 0.025665 0.100050 -0.031455 -0.019216 -0.032639 -0.001344 -0.024600 -0.039832 -0.115355 0.082916 0.344950 -0.062264 0.121275 -0.329284 0.119616 -0.069564 0.151095 -0.040769 -0.208653 0.132160 -0.046799 0.045446 0.079739 0.279331 0.213849 -0.100566 -0.048948 0.076761 0.068716 -0.013783 -0.176267 0.044645 0.350454 -0.086118 -0.051050 -0.020911 -0.099660 0.180727 -0.036084 0.300022 -0.080101 -0.123372 
-0.160770 -0.342867 -0.007695 -0.194863 0.064956 0.236432 -0.130892 -0.045023 -0.054909 -0.020456 0.009545 0.175157 0.132512 -0.017299 0.127474 -0.025396 0.164088 -0.029959 0.180806 -0.108076 0.142750 0.003842 0.158859 -0.070857 -0.089069 0.165781 -0.057793 -0.159726 0.135352 -0.118725 0.016895 -0.137999 0.073821 -0.044063 0.098409 0.138800 0.203722 -0.083646 0.048988 0.156597 -0.042875 0.137405 0.202804 0.060004 -0.237208 -0.096969 -0.299458 -0.183852 -0.086736 0.239977 
-0.144354 0.060124 -0.232905 0.139025 -0.056192 0.225119 -0.234178 0.160410 -0.017667 -0.001470 -0.019592 0.228433 -0.173411 0.048899 0.090565 -0.093577 -0.132478 -0.050067 -0.124165 0.022027 0.175383 0.163863 0.032763 -0.005920 0.111361 -0.015161 -0.099864 -0.064416 -0.188507 0.163469 -0.205691 -0.075337 -0.035016 0.023515 0.308787 0.030243 0.133597 -0.038756 0.037449 -0.109379 0.197561 0.159533 -0.162832 -0.175055 -0.096936 0.256013 0.006885 0.259590 0.181741 0.076099 
-0.152393 -0.215814 0.025188 -0.189179 0.188386 0.100262 -0.115174 -0.085828 0.036767 -0.265911 -0.184004 0.044418 -0.058525 -0.045895 -0.059816 0.091029 0.086648 0.139121 -0.140166 -0.217381 0.008641 -0.134621 0.015839 0.197845 0.007096 -0.087057 0.192923 -0.089924 0.140360 0.284098 -0.004603 0.042118 0.164806 0.104445 -0.033795 0.262609 0.022144 -0.010721 -0.076221 -0.342450 -0.131353 0.005463 -0.173568 -0.169011 0.199926 0.043699 0.126801 -0.080714 -0.087930 -0.125619 
-0.138111 -0.238290 0.190504 0.110859 -0.098995 0.030700 0.117494 0.065334 0.052750 -0.027789 -0.119542 -0.029085 -0.133468 0.092215 0.240383 -0.205074 0.101242 -0.291103 0.050639 -0.128620 -0.211510 0.148428 0.018478 -0.014253 -0.082062 -0.322655 -0.032475 -0.104842 -0.173623 0.069998 0.136432 -0.132641 -0.146955 -0.187827 -0.050332 0.073417 -0.148308 0.021925 -0.154357 -0.181663 -0.003975 -0.115164 0.083612 0.023502 -0.206486 -0.152107 0.238363 0.123980 -0.086799 0.126219 
-0.147555 0.199844 -0.035625 0.288826 0.070916 0.140695 0.096990 0.163235 0.041045 0.033394 -0.077850 0.004161 -0.021558 -0.158514 -0.036468 -0.083645 0.374706 -0.101927 -0.210709 0.076568 -0.079139 -0.103275 0.063311 -0.171400 -0.075160 0.084310 -0.044211 -0.020538 0.357797 0.207839 0.145799 0.090880 0.031173 -0.153342 -0.054446 -0.072165 -0.128105 -0.091723 0.157274 -0.100083 0.229674 -0.086617 -0.093602 0.056202 -0.148102 0.144872 -0.187190 -0.135108 -0.116039 -0.092762 
-0.138472 -0.007731 0.059634 -0.142306 -0.159090 -0.063487 -0.096270 0.080536 0.015645 0.239407 -0.159704 0.117753 -0.079452 -0.073704 -0.124498 -0.020265 0.161279 -0.146080 -0.038963 0.069930 -0.063886 0.067504 -0.096194 -0.160488 0.526302 -0.001292 0.022003 -0.209944 0.067513 -0.158564 -0.249217 0.021791 0.214173 0.065021 -0.051354 0.055074 0.026331 -0.070157 0.203879 0.000031 0.014556 -0.144288 0.260318 0.023971 0.139269 -0.051512 0.216042 0.016945 -0.098008 -0.071369 
-0.143824 0.166194 -0.104478 -0.057454 0.336353 0.200026 0.062012 0.039523 0.025354 0.025430 -0.006724 0.156243 0.150303 -0.029987 0.013563 0.240765 -0.115568 -0.250427 0.072361 0.019771 -0.037194 0.151933 -0.232563 0.003821 0.099612 0.108590 0.064580 -0.143197 0.074661 -0.143295 0.089547 0.210896 -0.124609 0.049212 -0.009839 0.157041 -0.125413 0.056329 -0.313890 -0.066261 0.184412 -0.123787 -0.113217 0.118577 0.099886 -0.283267 -0.102685 0.101710 0.162670 0.089309 
-0.130924 0.028333 -0.028223 -0.071710 0.205437 -0.196030 -0.071104 -0.063046 0.399288 0.217640 0.047975 -0.150995 -0.357452 -0.000921 0.034106 0.077823 0.058482 -0.069976 0.176642 -0.090839 -0.011007 0.003963 0.167120 0.215112 0.180229 0.142534 -0.074542 0.107364 -0.117703 -0.141018 0.045536 -0.093397 -0.174865 -0.042598 0.162921 0.076273 -0.237454 -0.017912 0.197276 -0.055401 0.026211 0.085826 -0.198470 -0.085071 0.011196 -0.035088 -0.119249 -0.197136 -0.101087 0.015805 
-0.142598 0.181967 0.307126 -0.086559 -0.150967 0.095718 -0.138445 -0.076953 -0.167414 0.138241 -0.042040 0.051999 0.031506 0.035481 0.192368 0.224764 0.077655 -0.022794 0.073337 0.055072 -0.194183 0.049779 0.012317 0.072081 0.091471 0.133500 0.140995 -0.024877 -0.014852 0.220862 0.101684 0.111374 -0.335125 0.175902 -0.125014 -0.109966 0.077390 0.141420 0.036180 0.086946 -0.159289 0.160815 -0.018541 -0.133347 -0.014855 0.139313 -0.147918 0.233132 -0.310377 0.001341 
-0.139685 -0.036793 -0.194577 -0.072858 0.085461 0.045644 0.209525 -0.014727 -0.001027 0.063605 -0.148785 -0.024796 -0.059101 0.442244 -0.086704 -0.096433 -0.007900 -0.057424 0.055871 0.209875 -0.036234 0.082318 -0.270309 0.021269 -0.081990 0.119537 0.095601 -0.028277 -0.002248 0.004633 0.187252 -0.215670 0.379367 -0.146597 -0.053778 -0.146140 0.059908 0.096813 0.136900 0.096567 -0.102359 0.061827 -0.238342 -0.098346 0.109743 -0.017727 -0.042342 0.150822 -0.193447 0.096416 
-0.157344 -0.061637 0.075152 0.053744 0.181542 -0.014979 0.102888 0.031809 -0.094585 0.274103 -0.050242 0.042283 -0.025769 -0.008383 0.169018 -0.014145 0.280106 0.131155 0.011779 0.325191 0.012344 -0.015883 0.008860 0.173077 -0.002511 -0.150501 -0.358752 0.092004 0.017223 -0.000959 -0.208695 0.103012 -0.001032 -0.102333 -0.158787 0.010379 0.102803 0.043232 -0.162977 -0.085553 -0.313146 0.110230 -0.049178 0.083394 0.184260 0.093925 -0.031435 -0.063617 0.300978 0.117763 
-0.140418 0.115484 0.150306 0.085457 0.006014 0.105018 -0.088213 -0.255186 0.142797 -0.334074 0.213480 0.090109 -0.139430 0.000827 -0.002289 -0.075653 -0.001813 -0.088170 -0.080426 0.272196 0.151315 -0.076249 -0.219373 0.079540 0.095010 -0.092441 0.137233 -0.034828 -0.301174 -0.150031 -0.041787 0.261131 0.119894 -0.015664 -0.196453 -0.105318 0.020092 -0.204861 0.020100 -0.063427 -0.119699 0.021280 -0.012955 0.022934 -0.280576 0.003654 -0.087781 -0.173298 -0.076884 0.031547 
-0.124299 0.190460 0.011247 -0.316305 0.017317 0.023444 -0.073041 -0.076201 -0.054509 -0.098654 -0.083903 -0.208525 -0.162278 0.150366 0.170544 -0.099438 0.213071 0.142245 -0.265526 -0.191032 -0.023136 0.183997 -0.027228 -0.000135 0.111810 0.075986 0.016307 0.111475 -0.163126 0.141663 0.106272 0.090538 0.055358 -0.095363 0.009361 -0.073282 0.140051 0.218683 -0.132077 0.287749 0.235912 -0.117538 0.097782 0.082187 -0.015103 -0.017608 0.035919 -0.234090 0.228735 0.006028 
-0.126267 -0.084062 -0.232745 0.211400 0.037907 0.071069 -0.102378 0.083880 0.237825 0.079250 -0.184008 0.117075 -0.117108 0.068950 -0.219043 0.107317 -0.013451 0.219601 0.039674 -0.062990 0.060875 -0.120546 0.063165 -0.070924 -0.113680 0.117185 0.161507 -0.030353 -0.036652 -0.075182 0.051755 0.319449 -0.162058 -0.145681 -0.043327 -0.078427 0.055263 0.319596 -0.011147 0.046565 -0.140018 0.123424 0.182197 0.221550 -0.116083 0.037148 0.334400 0.021088 -0.065200 0.087588 
-0.134568 0.074414 -0.046234 0.141948 0.074109 -0.026434 -0.186372 -0.142671 -0.227895 -0.020762 -0.194866 -0.119522 0.212791 0.101923 0.011513 -0.237192 0.046912 0.060175 0.025835 0.212756 -0.014789 -0.019182 -0.011367 0.108249 0.031730 0.006002 0.123568 0.096895 -0.072991 -0.207002 -0.015452 -0.157183 0.021288 0.102478 0.207092 0.282824 -0.330085 0.117390 -0.200357 -0.014367 0.074143 0.102318 0.155727 0.214733 -0.024078 0.248151 -0.029400 -0.037301 -0.173442 -0.188012 
-0.127907 -0.120686 0.102247 0.157523 0.177411 -0.288316 -0.192703 0.084195 0.101169 0.073361 -0.065126 -0.199228 0.190161 -0.132914 0.174276 0.072159 -0.005446 -0.142601 -0.145230 0.083328 -0.051824 -0.145270 -0.153810 0.130577 -0.120936 -0.002225 0.018338 0.051288 -0.059505 -0.051249 0.135616 0.020198 0.154200 0.128177 0.010287 0.015781 0.363680 0.114242 0.215973 -0.070277 0.233559 0.212734 0.101477 -0.041628 -0.112013 -0.217542 0.031987 0.159260 0.119954 -0.143606 
-0.122829 -0.055018 -0.090511 -0.105190 -0.220363 0.019284 0.257233 -0.310993 0.008362 0.093101 0.162513 -0.050597 -0.047220 -0.203576 -0.040859 -0.073176 -0.056084 -0.151653 -0.086004 0.096709 -0.160389 -0.056123 -0.095309 0.068160 -0.111581 0.211214 0.081082 -0.132955 0.161424 -0.069470 0.013933 -0.054013 -0.083323 0.009972 -0.069149 0.047033 -0.019060 0.019499 -0.121758 -0.031950 0.213129 0.341305 0.083213 -0.229225 0.037105 0.217530 0.283812 -0.164022 0.157248 0.169463 
-0.136803 0.170631 -0.002877 0.244784 -0.211610 0.033503 0.120502 0.129355 0.022225 -0.041078 -0.107996 -0.065007 -0.135299 -0.090145 0.043564 -0.191159 -0.072759 -0.171452 0.024087 -0.194005 0.163299 -0.184460 0.030695 0.042522 0.151475 0.072029 0.032540 0.194343 0.086994 -0.016965 0.231514 -0.066352 0.110761 0.437334 -0.072877 0.199316 0.103458 0.015390 -0.057142 0.140907 -0.264635 -0.035442 -0.078251 0.110847 0.056276 -0.025086 -0.010979 -0.016071 0.120313 0.268332 
-0.143698 -0.069958 0.416919 0.158345 0.123963 -0.065398 0.125196 -0.112094 0.062421 -0.125552 -0.050939 0.249455 -0.066930 0.126613 -0.018159 0.074539 -0.080392 -0.032816 -0.030793 0.003281 0.070557 -0.053518 -0.152071 0.007758 -0.142608 0.265619 -0.137150 0.022364 0.027444 0.257951 -0.067133 0.003432 0.043447 0.046900 0.325467 -0.044080 -0.287449 -0.053050 0.132574 0.218389 -0.053006 -0.064250 0.263308 -0.027906 0.117762 -0.027498 0.091153 0.026580 0.176211 -0.029228 
-0.148338 0.125937 -0.121000 -0.004434 0.213444 0.009341 0.252891 0.063196 -0.021835 -0.125079 -0.001460 -0.109716 -0.008039 -0.105567 -0.022349 0.219407 0.087981 -0.052746 0.144134 0.251738 -0.136686 -0.203431 0.143447 -0.049737 0.009550 -0.298554 0.249991 0.005552 -0.082464 0.102559 -0.162003 -0.124722 -0.097685 0.049905 0.333315 0.003661 0.246634 -0.099624 -0.039177 0.289953 0.004531 -0.141592 0.031952 -0.083439 -0.018903 0.007567 0.150574 -0.083997 -0.098534 0.099018 
-0.144707 0.093912 -0.087236 -0.142390 -0.216113 -0.005664 -0.198205 -0.094240 0.022193 0.244315 -0.113400 -0.016401 0.170707 -0.017370 -0.139663 0.021303 0.298433 -0.014329 0.153099 -0.072592 0.339141 -0.052883 -0.277267 0.064835 -0.301886 -0.177220 0.051988 0.099944 -0.037324 -0.060765 0.134375 0.031132 -0.131870 0.065231 0.123641 -0.123040 -0.078573 -0.149070 0.028236 -0.078230 -0.002264 -0.280657 0.030320 -0.247299 0.010562 0.020677 0.044957 0.010122 0.112750 0.070112 
-0.152265 -0.120305 0.036091 0.098342 0.097688 -0.211487 -0.146204 0.114173 0.020859 -0.225129 0.079286 0.052136 -0.023367 0.257715 -0.031879 -0.180975 0.097014 -0.114100 0.099377 -0.048859 0.078448 -0.155068 0.082449 0.025671 0.130480 0.134022 0.162724 0.046380 0.287184 -0.152045 -0.207913 -0.181084 -0.241833 -0.020891 -0.213945 -0.316658 0.084229 0.026638 -0.274503 0.042436 0.081008 -0.098428 -0.011407 -0.197311 0.037729 0.022111 -0.034947 0.074985 0.122760 -0.123270 
-0.164055 0.195581 0.188083 -0.187556 -0.018180 -0.089226 0.012928 0.162480 0.045492 -0.009029 0.118882 0.015396 -0.126392 0.010726 -0.035690 -0.016965 -0.022551 -0.195619 -0.020901 0.011074 0.119462 -0.003931 0.188066 -0.252146 -0.423150 0.095384 -0.100175 -0.136250 -0.184141 -0.129247 -0.099845 -0.021968 0.110061 0.166466 0.064044 -0.089044 0.148359 0.170547 -0.151429 -0.265393 0.036050 -0.024121 0.001097 0.164230 0.270584 0.095409 -0.015567 -0.090480 -0.215635 -0.049492 
-0.157153 0.120992 0.244607 0.084414 -0.162528 0.067049 -0.078589 -0.141870 0.210309 -0.205917 0.082627 -0.141994 0.190916 0.008646 -0.165320 -0.113942 -0.003349 0.064860 0.165684 0.172161 0.008770 0.381752 0.169471 -0.052921 -0.033331 0.008723 -0.027431 0.045405 0.231990 -0.082018 0.007110 0.056524 -0.062241 -0.202512 0.078608 0.307184 0.218351 0.130425 0.175455 0.033606 -0.056275 -0.099422 -0.199701 -0.048014 0.077438 -0.047890 0.127474 0.069504 0.103752 -0.046885 
-0.156049 0.044221 -0.116063 0.257921 0.016011 -0.027058 -0.034410 -0.208388 -0.008227 0.073106 -0.063550 0.149664 0.079418 -0.186157 0.122575 0.245831 -0.043619 -0.018877 -0.019233 -0.108255 0.124077 0.366277 0.175315 0.039377 -0.049488 0.003870 -0.119453 0.256014 0.028404 0.003773 -0.097298 -0.108977 0.275102 0.047025 -0.163819 -0.184862 -0.031166 -0.050638 -0.225751 0.137059 0.036950 0.005735 -0.036818 -0.151509 -0.047812 -0.131350 0.213086 -0.115392 -0.271919 -0.095434 
-0.132943 -0.110085 -0.061322 -0.239299 0.048192 -0.010906 -0.284722 0.126003 0.060869 0.098602 0.069657 -0.023565 -0.089719 -0.090803 -0.076576 -0.062390 -0.271959 -0.234960 -0.222231 0.079039 -0.019173 -0.102448 -0.163661 -0.044691 -0.193773 -0.136520 -0.189789 0.066724 0.132007 0.084368 -0.064479 0.000100 -0.114969 -0.077348 -0.170720 0.218974 -0.081882 -0.023342 -0.045320 0.453392 -0.132244 -0.072742 -0.141481 0.045611 -0.082217 0.103689 0.048696 0.000933 -0.119738 -0.157626 
-0.150117 -0.102185 0.097093 0.125339 -0.242849 0.029121 -0.004831 0.076644 0.111954 0.174431 -0.048852 -0.094804 -0.026836 -0.020975 0.176605 -0.056464 -0.190523 0.374187 -0.099654 0.020998 -0.132273 -0.064751 -0.197493 0.108998 -0.123729 0.188665 0.190026 0.054412 0.015291 0.009537 -0.339260 -0.022400 -0.044475 -0.070868 0.024587 0.054951 0.087088 -0.202723 -0.098062 -0.046244 0.188969 -0.231833 -0.118892 0.143459 0.088480 -0.159432 -0.129186 -0.049459 -0.178368 0.204222 
-0.149245 -0.128231 -0.102989 -0.167597 0.048097 0.018147 -0.080659 0.011640 -0.011538 -0.110763 -0.003064 -0.323190 -0.049834 -0.372676 0.202839 -0.119316 -0.134487 0.007494 0.276446 0.126734 0.106460 0.135648 -0.022755 -0.133403 0.009290 0.016898 0.162784 -0.014472 0.138160 0.205214 -0.129160 0.055042 0.125863 0.069070 0.016726 -0.340367 -0.283962 0.157534 0.108572 -0.077124 -0.108607 -0.002398 -0.004238 0.157016 -0.036889 -0.001877 -0.016946 0.123547 0.125652 0.062567 
-0.154735 0.178886 0.045803 0.078209 0.132158 0.036700 -0.195031 -0.174135 -0.106963 0.137126 -0.082284 -0.109540 -0.006374 0.228906 -0.049687 -0.072786 -0.324697 0.051986 -0.087303 -0.139048 -0.297547 -0.090556 0.239320 -0.088110 -0.085595 -0.289841 -0.050729 -0.131048 0.182191 -0.154174 -0.051961 0.191699 0.154038 0.077645 0.025903 -0.133035 -0.101791 -0.004489 0.091563 -0.034159 -0.029372 -0.033564 0.092356 -0.245905 -0.024896 -0.042134 -0.123832 -0.073482 0.104534 0.248991 
-0.137789 -0.342349 -0.016630 0.202826 -0.088601 0.185960 0.066956 -0.165215 -0.072307 -0.009041 0.079300 0.036024 -0.183713 -0.065991 -0.072538 0.023257 0.093205 0.079803 0.041559 -0.158955 -0.208192 0.095502 -0.198746 -0.086117 -0.012408 -0.224341 -0.065306 -0.076855 -0.009723 -0.229328 0.074801 0.028170 -0.097361 0.268331 0.159665 -0.197309 0.092272 0.095337 0.067512 0.143579 0.049969 0.007416 -0.219913 0.153219 0.164926 0.046373 -0.139024 -0.083623 0.059849 -0.328480 
-0.153019 -0.261301 0.003689 0.097262 -0.127499 -0.160598 0.106860 0.183476 -0.150415 0.066629 0.018422 0.051714 0.154586 0.118364 -0.189832 0.046945 -0.169619 -0.195398 0.052752 0.044913 0.167893 0.159541 0.084187 0.033262 0.079200 -0.173101 0.215831 0.135388 -0.157902 0.253348 -0.017044 0.196872 -0.058818 -0.054774 -0.139306 0.079692 -0.057042 0.142386 0.135419 -0.000991 0.183651 0.064230 0.045609 -0.045120 0.169407 0.048733 -0.235853 -0.365968 0.022230 0.073459 
-0.144932 -0.127799 -0.116626 0.065013 -0.099960 -0.021865 -0.144904 0.131083 -0.331162 -0.218915 0.230183 -0.118710 -0.344517 -0.085216 -0.099643 0.310004 0.111988 0.052945 -0.041767 0.097686 -0.137353 0.018055 0.021645 -0.035646 -0.066707 0.122684 -0.046842 0.249174 -0.034710 -0.179370 0.142393 0.027432 0.099617 -0.142255 -0.031002 0.171892 -0.099628 -0.026437 0.008432 -0.069434 -0.001773 -0.122375 0.216898 -0.149121 0.117824 -0.026991 -0.087320 0.229650 0.009201 0.135183 
-0.116886 -0.050134 -0.045968 -0.119557 0.121021 -0.425532 0.257621 -0.022708 -0.262749 -0.000445 0.050643 0.018397 -0.093325 0.031184 -0.130847 -0.100565 -0.039629 0.075907 -0.172504 -0.055553 0.124240 0.280064 -0.060035 0.150189 0.021529 0.019033 -0.069832 -0.025619 0.238012 -0.047391 0.006540 0.223056 -0.140755 0.153775 0.204034 -0.008382 0.132625 -0.077959 0.017254 -0.118118 -0.071870 -0.085847 -0.043399 0.107067 -0.341020 0.048310 0.034555 0.093347 -0.186350 0.092054 
-0.144652 0.025611 -0.118392 -0.045548 -0.036340 0.067740 0.070134 -0.201166 0.053899 0.207348 0.371301 0.130000 0.124058 0.052237 -0.138219 -0.023392 0.020839 -0.037557 -0.102755 -0.069798 -0.164112 -0.145277 -0.030603 -0.123240 0.082857 0.046704 0.043995 0.279755 -0.052202 0.203771 -0.165964 -0.204720 0.049850 0.031274 0.070746 0.060761 0.026433 0.349231 -0.000618 -0.242608 -0.188600 -0.167750 0.052698 0.030454 -0.268745 -0.156746 -0.101328 0.025729 0.082329 -0.112337 
-0.125966 0.163638 -0.076437 -0.088185 -0.144131 -0.156583 -0.045324 0.027494 -0.244272 -0.079116 -0.126336 0.101516 -0.082126 0.241835 0.164601 0.170836 -0.022836 -0.006969 0.306492 -0.062156 -0.135959 -0.079064 -0.087387 -0.265160 -0.104644 0.054519 0.017439 0.137980 0.060523 0.024834 -0.105586 0.023780 -0.021517 -0.008600 -0.074584 0.129006 -0.008766 -0.250754 0.140861 -0.117000 0.003281 0.223181 -0.202258 0.169833 -0.178178 -0.112142 0.189732 -0.196340 0.197830 -0.186582 
-0.155132 0.029694 -0.145909 -0.080797 -0.216979 -0.348342 -0.032198 -0.093877 0.307188 -0.105189 -0.076186 0.129918 0.030047 -0.021358 -0.221131 0.016343 0.154819 0.155199 -0.083315 0.107304 -0.148184 0.072363 0.148813 -0.099549 -0.037059 -0.138734 -0.007053 -0.149303 -0.063729 0.186846 0.065291 -0.056273 0.041978 0.127229 -0.046790 0.015485 -0.124427 -0.172526 -0.221736 0.119524 0.022985 0.232190 0.021013 0.127846 0.028505 -0.161362 -0.278720 0.234488 0.112543 0.052059 
-0.140487 0.046106 -0.030747 -0.053270 0.274063 0.078211 0.031680 -0.123458 0.070954 0.084277 -0.046480 0.088387 -0.087466 -0.066811 0.002270 -0.149558 -0.270221 0.151951 -0.001132 0.049628 0.024657 0.143267 -0.028653 -0.207374 0.042816 -0.061621 0.065117 0.220063 0.001765 0.060353 0.299896 -0.230119 -0.240651 -0.024177 -0.173674 -0.028634 0.214823 -0.313598 0.086092 -0.176413 -0.003814 -0.019276 0.334497 0.091006 0.193373 0.102390 -0.029276 0.013564 0.015709 -0.098444 
-0.147882 0.280480 0.022369 0.070868 -0.110374 -0.026920 0.082858 -0.014764 -0.207587 0.011651 -0.102509 -0.051504 -0.128675 -0.245600 -0.140618 -0.054293 -0.131413 -0.064474 0.056094 -0.247259 0.124496 -0.084957 -0.106203 0.214911 0.015297 -0.069230 0.033002 -0.184414 0.015085 0.006115 -0.064728 -0.090579 -0.002174 -0.482041 0.124264 -0.043174 0.103220 0.042683 -0.084007 0.016411 -0.168617 0.206764 0.111734 0.000046 0.063456 -0.203595 -0.208935 0.022029 -0.006479 -0.237662 
-0.115956 -0.075557 0.261998 -0.155331 -0.102793 -0.043965 -0.057042 0.139351 -0.079489 0.131136 0.046174 0.272393 0.084959 -0.113729 0.047108 0.129763 -0.130901 0.085081 -0.213549 0.127855 0.022980 -0.097319 0.228258 0.049411 0.118773 -0.051917 0.252610 0.040708 0.034432 -0.201733 0.351605 -0.145600 0.124701 -0.195421 0.181127 -0.198654 -0.099150 -0.020361 -0.056504 -0.006883 -0.043205 -0.038235 -0.269571 0.139769 -0.073853 0.067245 0.122888 -0.035776 0.180286 0.010679 
-0.118382 0.011192 0.032349 0.094850 -0.070419 0.123180 -0.069041 0.102643 -0.062222 0.106596 0.329137 -0.268768 -0.057503 0.240661 -0.017655 0.118988 -0.055141 0.237150 0.001347 0.181316 0.308199 -0.079619 -0.024603 -0.030959 0.157842 -0.094987 -0.186934 -0.292985 0.143903 0.194381 0.199488 -0.134001 -0.056719 0.132035 0.013364 0.000212 -0.073888 -0.009640 -0.121427 -0.039397 0.082326 0.106816 0.058834 -0.000224 -0.028203 -0.274073 0.175233 -0.128011 -0.096514 -0.078922 
-0.151554 0.021508 -0.227656 -0.051443 -0.130432 -0.050305 0.119530 -0.241328 0.037105 -0.222326 0.043730 0.030122 0.201328 0.115034 0.355890 0.126481 0.002032 -0.080236 -0.273887 -0.088163 0.207342 -0.212217 0.058442 -0.025156 0.087722 -0.155663 -0.135080 0.038629 0.088716 -0.122249 -0.064158 0.007249 -0.182965 -0.136330 0.004234 -0.033377 -0.088453 0.078084 0.283987 -0.016080 0.035876 0.012697 -0.004823 0.185082 0.282301 -0.023273 0.020909 0.149338 -0.144650 0.111260 
-0.138323 0.063636 0.099857 -0.052407 0.138054 -0.079792 0.053745 0.143176 -0.140780 -0.177986 -0.100861 0.174195 0.130217 -0.274415 -0.114561 -0.210710 0.005258 0.323465 0.013647 -0.018335 -0.017632 -0.107130 -0.165799 -0.242107 0.078869 0.003127 -0.217051 0.020727 -0.210948 -0.101533 0.007906 -0.128186 -0.155133 0.033913 -0.114497 0.009032 -0.126899 0.232542 0.113099 0.030880 0.092053 0.088621 -0.183642 -0.282538 -0.028312 -0.174522 0.062817 -0.080957 -0.121921 0.191068 
-0.120566 0.037284 -0.045564 0.136285 0.110751 -0.110895 -0.185955 -0.172994 -0.201130 -0.014489 0.110256 -0.026897 0.124407 -0.063399 -0.206347 0.062723 0.001045 -0.040058 0.145476 -0.133340 -0.111081 -0.052307 0.067311 0.238063 -0.001837 0.140372 -0.133196 -0.311756 -0.213235 0.176053 0.032506 -0.216914 0.006779 -0.034510 -0.232894 -0.055778 0.064073 -0.069365 0.163062 0.028700 0.085802 -0.261615 -0.124248 0.319259 0.021094 0.180979 0.134515 0.015864 0.080620 0.180640 
