-0.143589 0.132914 0.179380 -0.045554 -0.008179 -0.054545 -0.033393 0.087976 -0.002642 -0.070241 0.037913 0.108379 -0.242845 0.158017 0.172222 -0.018767 0.201995 0.182862 -0.241162 -0.051985 -0.203948 -0.230733 -0.025829 -0.126050 -0.343156 0.111896 0.084263 -0.055216 0.218645 0.042421 -0.169274 -0.039533 0.103153 0.161924 0.071434 -0.039121 0.166521 0.066846 0.006314 0.067661 -0.244704 0.015775 0.148275 -0.270063 -0.007890 0.129860 -0.004086 0.188559 -0.158561 -0.061260 
-0.153747 0.104615 -0.075729 0.169683 -0.121656 0.197770 -0.014943 0.126157 0.014450 0.208863 -0.207520 0.143430 -0.066970 -0.172661 -0.063930 0.063931 -0.259025 0.071851 -0.142140 0.073923 -0.165513 -0.044847 0.044339 0.313217 0.015228 -0.276030 0.106636 0.123547 0.047899 -0.097366 -0.106868 -0.021398 -0.027324 0.095900 0.093792 0.125159 0.122144 0.046985 0.109469 -0.194383 0.051212 0.089375 -0.220876 0.050037 0.165409 0.073388 0.091061 0.305934 -0.053890 0.236741 
-0.131366 0.213349 0.073588 -0.063033 -0.017081 0.130647 -0.235069 0.104236 -0.248266 -0.179068 -0.059219 0.001952 0.033943 -0.172880 -0.090734 -0.151452 0.074351 0.081356 0.005888 -0.031498 -0.005373 0.138335 0.078568 -0.113556 0.068998 -0.128259 -0.142939 -0.311548 -0.247718 -0.227941 -0.208448 -0.223189 0.200004 0.028458 0.143166 0.192398 0.147399 -0.148161 -0.106660 -0.145090 0.012436 -0.133794 0.134700 -0.051939 -0.012115 -0.104527 0.160751 -0.115507 0.147772 -0.053051 
-0.158756 0.245009 -0.078582 -0.054659 0.098004 0.013860 0.088329 -0.101175 0.019040 -0.222380 -0.019495 -0.031050 -0.138691 -0.150789 0.004754 0.161808 -0.080829 -0.187900 0.168547 -0.129478 -0.327275 -0.217785 0.053464 -0.208737 -0.084676 -0.162878 0.132672 -0.194184 -0.067983 -0.017594 -0.097730 0.290162 -0.118037 0.158070 -0.032158 -0.154007 -0.148611 -0.095921 -0.055648 -0.092364 0.026486 0.278929 -0.062977 0.245947 -0.076577 -0.022942 -0.083541 -0.134872 0.029928 -0.027679 
-0.133635 -0.185974 0.164299 0.036386 0.041378 -0.015470 -0.037910 -0.172898 -0.148938 0.040710 -0.191936 0.232178 0.198886 0.118775 0.169813 0.118559 -0.114207 -0.304801 0.037315 -0.283088 0.042486 0.147975 -0.238794 0.103358 -0.045476 -0.129468 -0.209841 -0.180952 0.101569 -0.095619 -0.184692 0.015668 -0.034117 -0.187952 -0.111553 -0.026162 0.154170 0.058490 0.000192 0.157732 -0.116962 0.186006 0.238201 0.132402 0.034730 -0.020089 0.003649 0.117709 -0.072161 0.039795 
-0.124227 -0.035355 0.110167 -0.206184 0.009491 -0.152114 -0.076076 0.154958 -0.027275 0.228070 0.017467 -0.051099 -0.355737 0.171643 -0.120529 -0.102019 -0.033164 0.088092 0.016360 -0.053805 0.057719 -0.004955 -0.057557 0.031796 -0.037770 -0.194227 -0.000004 -0.048946 -0.090049 0.267973 -0.197362 -0.031807 0.007381 -0.354889 0.034655 -0.174497 -0.046403 -0.354583 0.076344 0.082667 0.201467 0.088401 -0.106448 -0.040084 0.132099 -0.206476 -0.176496 0.046241 0.068675 0.016220 
-0.132167 0.161148 0.234236 0.143078 0.040245 0.239176 -0.077926 -0.066652 -0.035455 -0.098971 0.023062 0.066207 -0.247584 0.045443 -0.019416 0.072147 -0.207174 0.002730 -0.037140 0.193841 -0.012964 0.173193 0.378003 0.200938 0.092544 0.071540 -0.357704 -0.044183 0.137245 -0.023606 0.131635 0.069204 -0.070236 -0.063919 -0.139279 -0.048860 -0.171625 -0.121215 -0.008249 0.140508 -0.188938 -0.022021 -0.026417 -0.141819 -0.197642 0.055748 -0.210157 -0.081686 -0.033509 0.026058 
-0.155914 -0.079733 -0.120459 0.045936 0.121039 0.202500 0.170807 -0.070044 -0.063415 0.093413 -0.094139 -0.180518 0.309453 0.108752 0.147335 0.204053 -0.077602 0.167288 -0.079199 0.149002 0.058642 0.011640 -0.059224 -0.112719 -0.046467 -0.127239 0.153020 -0.018744 -0.104048 0.075862 -0.210871 -0.072203 -0.177981 0.089538 0.157109 0.076101 0.059159 -0.156604 0.152003 0.153486 0.016900 0.009573 0.025408 -0.292734 -0.228755 -0.027197 -0.184172 -0.290126 -0.084003 0.193418 
-0.115997 -0.040537 0.090266 0.140249 0.043549 0.055919 0.047474 0.186952 0.147979 0.019931 -0.079256 0.089730 0.093223 0.140567 0.217810 0.102800 -0.231661 0.057583 0.082994 -0.209723 0.168634 -0.075864 0.300752 -0.207383 -0.215302 0.100763 -0.036837 -0.076623 -0.027332 0.132678 0.307626 0.003813 0.288534 -0.141744 0.214895 0.020932 0.089420 -0.017727 0.084065 -0.162902 0.251227 0.077074 0.030260 0.096770 -0.136328 0.128535 0.078023 0.026347 0.156706 0.043260 
-0.148515 -0.130721 -0.154351 0.013031 -0.246853 -0.136520 -0.255476 0.009807 0.135947 -0.260150 -0.055487 -0.005304 -0.048681 0.061668 -0.000881 0.113588 -0.032466 0.134603 -0.084711 -0.165603 0.039608 -0.053041 -0.002484 0.020198 0.064574 -0.044003 0.031482 -0.111539 -0.120926 -0.004334 0.095667 -0.012998 -0.161047 -0.024069 -0.429742 -0.011956 -0.062166 -0.021834 0.397878 -0.173545 0.058851 -0.048753 0.041209 -0.175063 -0.172750 -0.122088 0.245399 0.008542 -0.184155 -0.016355 
-0.138254 0.161112 0.082356 0.134927 -0.053041 -0.124143 -0.131991 0.072763 0.262534 0.101759 0.192679 0.034655 0.062873 0.207194 0.007071 -0.092506 0.036923 -0.119418 -0.171081 -0.028816 0.230414 -0.039014 0.077716 -0.168272 0.059558 -0.359795 0.145322 0.060889 -0.015267 -0.023155 -0.026799 0.076244 -0.131230 -0.132371 -0.033581 0.061852 0.102585 0.191175 -0.189931 -0.102536 -0.388918 -0.132751 -0.131779 0.133870 -0.131345 -0.112474 -0.043455 -0.136256 0.125795 0.111286 
-0.145057 -0.026188 -0.058878 -0.190531 0.123570 0.078549 0.130762 -0.316386 0.023554 0.002314 0.108314 0.330560 0.064768 0.038264 0.044339 -0.141201 0.192371 0.001042 -0.107262 -0.061068 -0.057336 -0.161074 0.249091 0.250639 0.065860 -0.018624 0.125631 0.136470 -0.024084 -0.032390 -0.047852 0.098324 0.080655 -0.170840 -0.181972 0.075757 0.236289 -0.139340 0.087024 -0.124252 0.136732 -0.086700 0.036770 -0.010572 0.158029 0.230628 -0.034786 -0.315688 0.054803 -0.095950 
-0.162612 0.075180 0.013046 -0.231486 0.135075 0.094442 0.219259 -0.136026 -0.144072 -0.274128 0.174063 -0.105244 -0.172531 -0.068474 -0.083384 -0.032029 -0.101143 -0.101279 -0.012493 -0.031716 0.378185 0.062814 -0.079778 -0.012450 0.067673 -0.110209 0.071110 0.115392 0.229052 0.167800 0.068236 -0.233116 -0.083046 -0.021646 0.100304 0.079316 0.049198 0.022545 0.041997 -0.016267 -0.076907 0.282750 -0.117119 -0.067228 -0.062773 0.110952 0.371154 0.054169 0.000371 -0.033542 
-0.143447 -0.194314 -0.093475 -0.026032 -0.140115 0.133178 -0.056104 -0.143521 0.097473 0.106337 0.086581 -0.063832 0.051932 -0.218255 -0.089747 0.165955 0.228425 -0.192720 -0.389132 0.209280 -0.047538 -0.103736 0.194559 -0.229585 -0.046840 0.120672 -0.171205 0.033987 -0.020845 -0.096633 0.068543 -0.087219 0.144190 -0.120526 0.038079 -0.122079 0.078055 0.000121 0.073772 0.132314 -0.020389 0.295483 -0.046795 0.048220 0.097151 -0.318431 0.071359 0.032154 0.055168 0.049443 
-0.153119 -0.216857 0.202551 -0.066673 -0.007715 -0.100497 0.012078 0.027115 0.072000 -0.020167 -0.086924 -0.235287 0.007338 -0.051710 0.032865 -0.034807 0.122680 -0.254758 0.240317 0.166601 -0.033418 -0.146160 0.215760 0.285120 -0.267799 -0.212044 0.033003 0.016396 0.188164 -0.105639 0.031787 0.026943 -0.056372 -0.014391 0.231085 0.070974 -0.055399 0.018677 -0.032609 -0.018768 0.115247 -0.254203 0.078478 -0.003602 -0.084019 -0.216903 0.175384 -0.078321 -0.254663 -0.103842 
-0.145134 -0.107587 -0.313392 0.089907 0.312399 -0.042668 -0.064076 0.234304 -0.009250 -0.074196 -0.083631 0.011994 0.090971 0.015645 0.132179 -0.129982 -0.024051 0.010890 -0.079244 0.250236 0.153738 -0.091900 -0.049963 0.130759 -0.186770 0.001100 -0.183222 0.041163 -0.063024 -0.059380 -0.031629 0.230812 -0.213023 0.058364 -0.111692 -0.147650 0.059047 -0.145288 -0.191163 -0.018969 -0.025279 0.065531 0.007303 -0.117121 0.005107 0.015757 0.148320 0.167159 0.337759 -0.257446 
-0.128571 -0.110627 -0.302973 0.033669 -0.084157 -0.099200 0.016086 0.046459 -0.008795 -0.245359 -0.136041 0.227176 -0.052436 0.165155 -0.083779 0.120341 -0.032303 0.087451 0.280397 0.198205 -0.119027 -0.091952 -0.018199 -0.211148 0.104721 0.194975 -0.040249 0.156870 0.361936 -0.028526 -0.154089 -0.133953 -0.015328 -0.245081 0.055954 0.219957 0.004169 -0.149221 -0.125297 -0.086614 -0.107344 -0.088628 0.005066 0.121823 0.033409 -0.116015 -0.032854 -0.022959 0.033270 0.159279 
-0.133362 0.004395 -0.069091 0.074262 -0.038983 -0.048166 -0.049487 -0.285685 -0.158262 -0.111048 0.070799 0.106042 0.034811 0.237335 0.109723 -0.233242 -0.179902 -0.275326 -0.164586 0.085019 -0.100051 0.042219 -0.160277 0.035170 -0.237848 0.073478 -0.086460 0.156653 -0.257318 0.191103 0.045602 -0.125272 0.138164 0.150300 0.148558 0.067783 -0.327996 -0.028095 0.080388 -0.270808 -0.062988 -0.098711 -0.087386 -0.000063 0.073764 -0.137670 -0.087648 0.014872 -0.018374 0.013899 
-0.130180 0.056768 0.224309 -0.270562 0.046364 0.120468 0.040850 0.067157 0.345526 -0.057837 0.019824 0.251132 0.121534 -0.143232 0.018084 0.021999 0.038766 0.049272 -0.053906 0.190044 0.103175 -0.030855 -0.215351 0.100394 0.111045 0.091775 0.070820 -0.024935 -0.043849 0.049511 -0.091833 0.049725 0.078869 -0.042084 -0.046340 -0.054277 -0.325704 0.102128 -0.257581 -0.175083 0.188546 0.075361 0.268344 -0.119243 -0.141257 -0.087413 0.001586 0.092434 0.000515 0.261356 
-0.150881 0.085378 -0.064449 0.127636 -0.259428 -0.012524 0.050556 0.003528 0.012570 0.087658 -0.090830 0.069413 -0.020828 -0.133227 0.258534 -0.340693 0.282763 0.069685 0.095613 0.132109 0.201916 0.178306 -0.040080 -0.149004 -0.135715 -0.036226 0.087219 -0.025883 -0.026181 -0.245739 0.075174 0.013788 -0.072188 -0.134248 -0.012465 0.078590 -0.272526 -0.205220 0.069339 0.100263 -0.002292 0.207578 -0.041438 0.141700 0.000669 0.276863 -0.042344 0.024334 -0.223631 -0.004073 
-0.159610 -0.078802 0.059687 0.175936 -0.117060 -0.211628 0.201795 -0.164675 0.090326 0.139286 -0.019745 -0.182559 0.053255 -0.115965 -0.216942 -0.193892 0.037283 -0.051107 0.071486 -0.028463 -0.055874 -0.010976 0.085490 -0.112350 0.077350 -0.101015 -0.134867 -0.029527 0.163272 0.197630 -0.169025 0.154855 0.144496 0.181147 -0.122990 0.171940 -0.134476 -0.064798 0.191369 0.045898 -0.038618 -0.058195 0.243352 -0.128269 -0.028728 0.160590 0.074085 0.134042 0.385063 0.142667 
-0.156064 0.056894 0.108047 -0.006668 0.182713 -0.208013 -0.129880 -0.205173 0.090586 -0.002867 -0.064865 -0.056287 0.194631 -0.091228 -0.136371 -0.125736 -0.094542 0.057367 0.211001 0.063878 -0.252621 0.121518 0.137980 -0.222469 0.011384 0.057355 -0.043804 0.123089 -0.280535 0.121977 0.083628 0.026069 -0.161534 -0.235700 0.019229 -0.036927 0.186103 0.104853 -0.178474 0.012948 -0.020191 0.076873 -0.095764 -0.273595 0.108469 0.140254 0.102018 0.179842 -0.262349 0.069263 
-0.135721 0.083534 -0.142245 0.030830 -0.133598 0.036417 0.091828 -0.012457 0.162233 -0.073602 -0.145247 -0.221564 -0.079438 0.080101 0.272348 0.115413 -0.016845 -0.334989 0.135558 -0.016075 0.045224 0.028822 0.082058 0.104745 0.266044 0.083178 0.323312 -0.116441 -0.091422 -0.085470 -0.018042 -0.172701 0.235087 -0.064812 -0.069563 -0.083295 0.009368 0.001945 -0.121014 0.060137 -0.083222 -0.057609 -0.049387 -0.315712 0.189416 0.021606 -0.150572 0.184664 0.128163 -0.136733 
-0.126249 -0.131735 0.019235 -0.006308 -0.031809 0.209720 -0.191252 -0.039212 -0.089093 -0.124648 0.126915 -0.150685 0.166063 0.293513 -0.186304 -0.131900 -0.129503 0.078454 -0.023485 0.060307 -0.068713 0.007108 -0.005048 -0.106351 -0.146638 -0.102074 0.122526 -0.057772 0.206945 -0.197810 -0.138431 -0.033894 0.198033 -0.007480 -0.237814 -0.157687 -0.157551 0.224762 -0.140248 0.198019 0.319089 -0.037849 -0.234745 0.040916 0.042049 0.193295 0.039270 -0.003227 0.047710 0.037418 
-0.137487 -0.010914 -0.103409 -0.080703 0.117922 0.103456 -0.158212 -0.211776 0.246679 0.128992 0.064520 -0.130124 -0.023375 -0.022769 -0.066069 0.058185 0.090801 0.226081 0.187056 -0.291006 0.004767 0.286858 -0.177214 0.135069 -0.272128 0.071835 -0.003234 -0.034291 0.207450 -0.185866 0.218710 0.098501 0.072289 0.104409 0.030837 0.088869 0.008198 -0.107332 -0.059363 -0.156751 -0.152652 0.085224 -0.115225 -0.155146 0.150438 -0.191907 -0.073341 -0.093146 0.134792 0.105445 
-0.119640 -0.186874 0.227158 0.255917 0.081162 -0.202092 -0.078896 0.144872 0.112755 -0.194476 -0.100381 0.155499 0.055236 -0.066076 -0.227155 0.078683 0.062418 -0.049078 -0.188280 -0.017405 0.017192 0.208032 -0.004655 -0.053346 0.098941 -0.047684 0.142936 0.028051 0.139866 0.029040 0.021887 -0.125821 -0.120163 0.171002 0.113692 0.123235 -0.041789 0.022937 0.002127 -0.094231 0.190326 0.217154 -0.020292 -0.086336 0.161102 0.041165 -0.309860 -0.147058 0.015348 -0.361688 
-0.160465 -0.014226 -0.028282 -0.429640 0.060114 0.017941 -0.228885 0.048549 0.104002 -0.028798 -0.005123 0.011085 -0.031867 -0.003465 -0.154623 0.011574 -0.070317 -0.150526 0.114091 0.055561 0.191893 -0.104867 0.033291 -0.055338 -0.071180 0.146718 -0.033868 0.011948 -0.148341 -0.180237 0.004150 -0.014813 -0.192761 0.137436 0.122374 0.155024 0.066499 0.153248 0.349682 0.145558 -0.034645 -0.124833 0.043332 0.141148 0.020760 0.201245 -0.339564 0.191471 0.118501 0.053464 
-0.136689 0.154711 0.128393 -0.004791 0.322245 -0.049483 0.297933 0.168582 -0.077248 -0.174793 -0.068797 -0.049650 0.066594 -0.007330 0.062491 0.129554 0.118697 0.052986 -0.139581 0.033582 -0.004843 0.274999 0.086198 -0.111725 -0.104265 -0.020161 0.096185 0.032081 -0.008931 -0.003553 0.118524 -0.021462 -0.025775 0.010913 -0.256937 -0.049919 -0.064769 -0.033896 0.160869 0.074502 -0.004056 -0.311182 0.041047 0.219909 0.368532 -0.174783 0.048363 0.110081 -0.013876 0.212840 
-0.139207 0.086416 -0.102338 0.067063 -0.130981 -0.160290 0.124336 -0.023255 -0.124693 0.047065 0.206104 0.114408 0.027757 -0.157031 -0.073083 0.068840 -0.099088 0.062443 0.178480 0.281666 0.135044 -0.214455 -0.192920 0.011383 -0.120636 -0.237957 -0.140064 -0.274262 0.040258 0.083838 0.340359 -0.166508 0.120116 0.077482 -0.185789 -0.093088 0.222352 0.094779 -0.070148 -0.030242 0.049899 -0.040884 0.081740 -0.073777 0.142988 0.004881 -0.257379 -0.072648 -0.095209 0.023697 
-0.155279 0.176029 -0.015085 0.029309 -0.235843 0.065825 0.169368 -0.187808 0.097200 -0.003089 -0.119335 -0.045384 0.020811 0.041459 0.065552 -0.043236 0.061949 0.311372 0.103154 0.025922 0.020029 0.100900 0.120819 0.173653 -0.132965 0.157014 -0.075463 -0.090261 -0.065921 0.234361 -0.216319 -0.163523 -0.236836 -0.037737 0.001709 -0.031102 0.042541 0.412927 -0.004018 0.030346 0.072167 0.053856 -0.011047 0.226953 0.014353 -0.195789 -0.017611 -0.014237 0.180432 -0.257534 
-0.140638 -0.207477 -0.050049 -0.183059 -0.105394 0.024835 0.189001 0.150073 0.181511 0.166629 0.131905 0.061928 0.130759 0.004473 0.023193 -0.080657 -0.093781 -0.061018 -0.052289 -0.196847 0.025802 0.027813 0.154569 -0.072659 0.109091 0.156348 -0.228308 -0.263315 0.060238 0.090277 -0.142223 -0.154846 -0.172122 0.318772 -0.022114 -0.109639 -0.024742 -0.215508 -0.210032 -0.095464 -0.068323 -0.151289 -0.243744 0.071971 0.121209 0.100893 0.068349 -0.008280 -0.246671 -0.006774 
-0.127548 0.174023 0.103372 0.002406 -0.018694 -0.125039 -0.047769 -0.090521 -0.148418 0.068329 -0.075725 -0.257547 0.261738 0.066205 -0.202948 0.033539 -0.187155 0.139139 -0.229729 0.060387 0.155123 -0.246991 -0.047220 0.151371 0.099983 0.310495 0.190085 -0.244610 0.084229 -0.006512 0.061859 0.238717 0.059526 -0.148670 0.055813 0.154119 -0.072053 -0.177948 -0.040006 -0.057545 -0.149005 0.042122 0.042622 0.178215 0.104171 -0.012943 0.015290 0.052905 -0.151052 -0.149294 
-0.170967 -0.194867 -0.007652 0.089885 0.006517 -0.222302 -0.008154 -0.063085 -0.293420 0.221772 0.027105 0.135200 -0.213637 -0.137964 -0.097345 0.279610 -0.083028 0.103877 0.053396 -0.073950 0.197972 0.001467 0.145877 0.002827 -0.085419 0.134913 0.173620 0.074644 -0.171642 -0.196040 -0.130217 -0.045671 -0.027253 0.006243 0.085519 -0.271875 -0.257673 0.174008 -0.099141 -0.064110 -0.138671 -0.080336 0.106898 -0.068994 0.079875 0.137855 0.150857 -0.184862 0.081565 0.080179 
-0.142044 0.161355 0.138374 -0.040191 -0.041256 0.111407 -0.030995 0.206950 -0.170015 0.142677 -0.067953 0.140939 0.292036 0.161786 -0.062406 -0.228407 0.049942 0.014550 0.256159 -0.124140 -0.095917 -0.234171 0.055622 0.010908 0.205205 0.024485 0.054448 0.232679 0.074881 -0.074502 0.216345 -0.160946 -0.077812 0.177317 -0.011855 -0.251049 -0.106370 -0.031146 0.165174 0.089963 -0.130941 0.195085 0.080606 -0.096576 0.064234 -0.234751 0.070645 -0.077343 0.092982 -0.031473 
-0.152278 -0.241218 0.219653 -0.036289 0.142994 -0.163853 -0.145151 0.006083 -0.011897 0.013315 0.026807 -0.028192 -0.109919 0.117219 0.310781 0.116584 0.141632 0.173315 0.111545 0.204776 -0.135300 -0.095156 -0.090270 0.131595 0.259269 -0.010393 -0.044104 -0.112653 -0.184440 0.090542 0.090790 -0.020031 0.142653 0.199989 -0.040105 0.263961 -0.022482 0.056339 -0.008611 0.164420 -0.086747 0.175922 -0.261774 0.186334 0.045062 0.064375 0.165873 -0.107898 0.109117 0.106447 
-0.140069 0.038326 -0.318177 0.057083 0.346441 -0.040669 -0.034923 0.192006 0.025865 0.171290 0.027206 -0.248508 -0.100745 0.018098 0.005981 -0.175512 0.070079 -0.084706 -0.155453 -0.094335 -0.253287 -0.009636 -0.027173 0.122335 0.119785 0.049394 -0.096858 -0.162096 0.107508 0.006479 0.085919 -0.285175 -0.047856 -0.211999 0.028180 0.012731 -0.136084 0.261175 0.055463 -0.129859 0.015853 0.088763 0.234456 0.084268 -0.075679 0.160194 -0.059279 -0.155543 -0.085488 0.107295 
-0.128547 0.041011 0.106322 -0.072995 -0.145383 0.054049 -0.110820 0.050350 -0.118538 0.291760 0.277610 -0.172726 -0.123568 0.073275 0.206430 0.082793 -0.200423 -0.103438 0.029279 0.154222 -0.120868 0.217437 -0.016125 -0.162107 0.017734 0.133525 0.124495 0.226330 0.057572 -0.041117 0.005239 0.023613 -0.165199 0.121803 -0.234728 0.175216 0.192091 -0.092323 -0.108284 -0.175169 0.204864 0.065369 0.323326 0.095054 -0.000701 -0.034928 0.050338 -0.011612 0.018438 -0.126119 
-0.152684 0.048817 -0.137498 0.054365 0.003358 -0.094152 -0.285236 -0.072009 0.149591 -0.151347 0.256035 0.005941 0.094745 -0.269388 0.272030 -0.054737 -0.205504 0.165807 -0.020750 -0.025141 -0.016075 0.110250 -0.043605 0.043606 0.214748 -0.080769 0.018722 0.134077 0.174030 0.113429 -0.089470 0.082998 0.141875 0.034200 0.295402 -0.304429 0.020926 -0.057542 0.139448 0.231917 0.005917 -0.166476 0.148250 0.158188 0.087686 -0.011729 0.015906 -0.024370 -0.066290 -0.074524 
-0.135996 0.085798 -0.012567 0.223215 0.252746 0.186328 0.053691 0.028007 0.170406 0.131662 0.124013 -0.040488 -0.028524 -0.029499 -0.126199 0.181759 0.044569 0.054559 0.177344 -0.126265 0.140319 -0.195058 -0.109883 -0.063734 0.001558 -0.041039 -0.196411 0.292395 -0.179883 -0.043302 -0.224727 -0.098947 0.266866 0.002834 -0.178905 0.172213 -0.122858 -0.022105 0.031076 0.045986 -0.032368 -0.044524 -0.001414 0.084525 -0.035332 -0.033832 -0.015360 0.095769 -0.276528 -0.333683 
-0.119826 0.125836 0.065488 0.030011 0.055532 -0.153416 -0.143589 -0.260611 -0.118339 0.071228 -0.228061 -0.050992 -0.009957 -0.192441 0.118686 0.049100 0.119612 0.014340 -0.167087 -0.229922 0.039401 -0.202504 -0.067004 -0.014647 0.038433 0.037626 -0.022939 0.171202 0.119710 -0.009733 0.148560 -0.282398 -0.136817 0.072980 -0.094395 -0.019988 0.009077 -0.161641 -0.259432 0.089162 0.257516 -0.223454 -0.153532 0.083420 -0.297177 0.000969 -0.121600 0.149621 0.130959 0.079840 
-0.137641 0.120078 -0.021521 -0.051778 -0.081028 -0.276369 0.236053 0.205826 -0.080306 0.021169 0.404539 0.153185 0.209933 -0.077489 -0.041004 0.136332 -0.006660 -0.060204 -0.008577 -0.065693 -0.262959 0.166977 -0.071738 0.181272 -0.083475 0.111356 0.032591 -0.028768 -0.034958 -0.184080 -0.012516 -0.003027 0.038896 -0.182322 0.054453 0.117167 -0.031085 -0.017037 0.105710 0.150075 0.035008 -0.018275 -0.252562 -0.096588 -0.339482 -0.035366 0.015477 0.111027 0.131894 -0.104593 
-0.122307 0.157219 -0.003038 -0.060072 0.005376 0.104213 -0.060824 -0.089219 0.097225 0.244616 -0.230958 0.126044 -0.019989 0.176693 -0.184894 0.230033 0.192390 -0.124329 0.015474 0.250864 -0.103144 0.203659 -0.259386 -0.109576 0.074944 -0.035985 -0.001740 -0.106243 0.074478 0.116827 0.125423 0.028423 0.047925 0.004062 0.120838 -0.260509 0.032813 -0.059126 0.147935 -0.092593 -0.014607 -0.235681 -0.073442 0.069897 -0.137324 0.221833 0.247188 -0.048765 0.043614 -0.237979 
-0.132139 0.144230 -0.254863 -0.058182 -0.061445 0.080139 -0.252645 0.185066 -0.289892 0.083612 -0.027567 0.120006 0.067782 -0.075157 0.010592 0.114725 0.247126 -0.178578 0.039922 -0.132622 0.135211 0.090672 0.131572 0.009690 -0.007051 0.039919 0.004125 0.002196 0.093324 0.431400 -0.007416 0.311407 0.061412 0.060054 -0.032447 0.227063 -0.094895 0.189785 -0.110825 0.139217 0.115559 -0.019685 -0.083416 -0.138845 0.062378 -0.049242 -0.007725 -0.042328 -0.132989 0.057833 
-0.148470 -0.091933 -0.137355 -0.026654 -0.176139 -0.042190 0.066412 0.061225 -0.049241 -0.201321 0.017703 -0.144141 0.036091 0.248876 -0.248556 0.096344 0.229543 0.085932 -0.018415 -0.066825 -0.009489 0.176253 0.104291 0.246348 0.016658 -0.102614 0.004178 0.200598 -0.222394 0.060160 0.099746 0.014712 0.141794 0.166158 0.074638 -0.167266 0.152690 -0.142960 -0.224952 -0.001210 -0.064794 0.141604 0.237908 0.229525 -0.185944 0.133391 -0.122864 0.152256 -0.107323 0.131885 
-0.144903 -0.096271 0.009869 0.182253 -0.164265 0.294363 0.069943 0.060404 0.130842 -0.089340 0.071304 0.073177 -0.165933 -0.015963 -0.153308 -0.035298 -0.081725 -0.045451 -0.079010 -0.167856 -0.150121 -0.132468 -0.234727 0.019400 -0.061418 0.039911 0.087481 -0.037540 -0.204469 0.078140 0.255648 0.018156 -0.242659 -0.107439 0.118843 0.181127 -0.030940 -0.076103 -0.177084 0.399874 0.016739 -0.182303 0.170204 -0.010252 0.163922 0.054041 0.173444 -0.107934 0.099633 0.004528 
-0.143171 0.011890 0.214987 -0.046362 -0.244417 0.031637 0.045548 0.261044 -0.040541 -0.165586 -0.143116 -0.296914 0.055288 -0.195559 0.077198 0.027770 0.012505 -0.075738 -0.024964 -0.063564 -0.016237 -0.063967 -0.276128 0.037227 -0.062368 0.142602 -0.257120 0.290194 -0.010978 0.035301 -0.089882 0.116264 0.059281 -0.156416 -0.066270 -0.136619 0.122675 0.064110 0.049167 -0.184238 -0.080046 -0.037443 -0.176816 -0.030717 0.087962 0.209937 -0.083240 -0.328917 0.062075 0.083010 
-0.140031 0.047404 0.031949 0.175663 -0.012291 0.022532 0.162237 -0.114747 -0.120387 -0.052029 0.186902 -0.057708 -0.121478 0.255870 0.072211 0.024968 0.209421 0.049608 -0.003503 -0.075656 0.094421 -0.089512 -0.091030 -0.088153 0.325660 0.014327 -0.255684 -0.050953 0.003029 -0.266056 0.014385 0.297408 -0.177131 0.007903 0.288552 -0.055577 0.039963 0.140362 0.053198 -0.162264 0.308712 -0.067164 -0.041148 -0.136456 0.117339 -0.078519 -0.036360 0.161239 -0.056028 0.084276 
-0.138842 -0.174811 0.083605 0.321217 0.160818 0.153117 -0.009925 0.024481 -0.060937 -0.018334 0.058536 0.064592 -0.145502 -0.145745 -0.119554 -0.303064 0.063950 -0.133587 0.150434 0.050010 0.087018 0.045861 -0.099556 0.042604 0.022352 0.353791 0.286758 -0.133210 -0.025934 0.093933 -0.094850 0.069895 0.057200 0.064967 -0.085680 -0.154888 0.318433 0.000464 0.114872 -0.048253 -0.005119 -0.050200 -0.122636 0.103482 -0.255040 -0.168832 -0.057712 0.026709 -0.073690 0.158846 
-0.123822 -0.400648 0.024671 -0.194154 -0.008630 0.264629 0.111944 0.007475 -0.244365 0.023977 -0.030169 -0.014833 0.005839 -0.181218 0.088837 -0.070593 -0.003437 0.216578 -0.028382 -0.066843 -0.154074 0.022014 -0.005051 -0.170372 0.134487 -0.203412 0.092772 -0.005724 0.019648 0.080474 0.182518 0.127047 0.030164 -0.163226 -0.006245 0.023264 -0.112555 0.130395 -0.030582 -0.188897 -0.229435 -0.147368 -0.015491 0.021416 -0.130924 -0.047210 -0.219004 0.238650 0.040817 -0.265838 
-0.146933 0.027070 -0.136739 -0.200568 0.001119 -0.197247 0.239772 0.019861 0.065224 0.078635 -0.349242 0.073526 -0.219377 0.044914 -0.048807 -0.229646 -0.276156 0.042550 -0.166964 -0.022397 0.027046 0.115476 -0.051167 -0.102265 0.096891 0.013424 -0.059811 0.111039 -0.027696 -0.199447 0.089682 0.198719 0.248740 0.157758 -0.022092 0.065580 0.114157 0.177626 -0.076426 0.227063 0.073756 0.003609 -0.013796 -0.035191 -0.137757 -0.204646 0.027168 -0.205544 -0.145870 -0.078769 
