-0.149119 0.148389 -0.285776 -0.078846 -0.160046 -0.173627 0.151247 0.138365 -0.048442 0.189495 0.023172 0.232966 -0.000722 0.112506 0.152023 -0.052074 0.040315 0.210694 0.233273 -0.040587 0.087715 0.022752 -0.014728 -0.104623 -0.049540 0.120691 0.067041 -0.161104 0.042681 -0.186724 0.164436 0.163593 -0.134202 0.096371 0.084089 -0.335751 -0.007118 -0.014889 0.108681 0.193757 -0.109288 0.038370 0.231668 -0.076129 0.118214 0.052242 0.135055 0.111930 -0.061270 0.241425 
-0.148892 -0.131598 -0.058117 0.107738 -0.124114 0.054301 -0.047983 -0.075592 0.093189 0.047913 0.317670 -0.232177 0.166944 0.107344 -0.115988 -0.143105 -0.111032 -0.090055 -0.260237 -0.104963 0.030480 0.103386 0.154320 0.211814 0.171991 0.065413 -0.078277 0.149157 -0.027253 0.144548 0.107960 0.201090 -0.045177 -0.114719 0.083667 0.013594 0.136475 0.041532 0.306681 0.008681 0.005626 0.284058 0.245141 0.007329 -0.052669 0.065254 -0.031292 0.137785 -0.223362 0.099858 
-0.138737 0.131457 -0.030510 -0.141358 0.018741 -0.190186 0.099718 0.031995 0.173442 -0.084473 -0.057366 -0.293349 0.106863 -0.075389 0.027436 0.054301 -0.175830 0.236067 -0.130767 0.467403 0.230127 -0.079075 -0.048922 0.061610 0.015523 -0.085880 -0.117696 0.130666 0.032867 -0.031747 -0.022063 0.080287 0.089576 0.172328 -0.051014 -0.205313 -0.049549 0.165939 0.106552 -0.076358 0.177305 -0.187381 -0.160470 0.150457 -0.112543 -0.095786 0.137393 0.122954 -0.110016 -0.001428 
-0.126481 -0.055363 -0.132194 -0.020962 -0.141754 -0.115248 -0.293035 -0.166639 -0.222328 0.097637 0.194374 -0.037820 -0.130328 0.161791 -0.182661 -0.181673 0.025097 0.049718 -0.167686 0.047597 -0.045918 0.132969 0.076773 -0.437422 0.012351 0.181717 0.118538 0.033618 -0.012904 -0.058500 -0.227020 -0.014429 -0.071404 0.031689 -0.036524 -0.041788 0.242054 0.015734 -0.130450 -0.038536 0.160611 -0.140809 -0.074820 0.000726 0.012570 -0.214174 0.210637 0.013804 0.002224 -0.160525 
-0.117376 0.060686 0.002599 0.088710 0.021259 -0.103017 0.297307 -0.054986 0.129212 0.134581 0.124571 0.114719 -0.098623 -0.267642 -0.132281 0.002218 0.191191 -0.073116 -0.197251 -0.100504 0.027163 -0.224453 0.031860 0.177711 -0.111600 -0.004661 0.124785 0.191879 0.106111 0.306981 -0.138855 0.007727 -0.100642 0.191513 -0.113948 -0.264915 0.140503 -0.127920 -0.230761 0.160000 0.022528 0.164303 -0.023961 -0.044658 -0.063525 -0.123752 0.039853 0.047163 0.214206 -0.038316 
-0.123752 -0.151906 0.206412 0.039207 -0.063867 -0.220264 -0.147750 -0.065482 0.155142 0.000653 0.178012 0.075755 -0.097646 0.021510 -0.007161 0.066721 0.255126 -0.144130 0.060425 0.261077 -0.108197 -0.062185 0.002243 -0.152463 -0.051371 0.027816 -0.021077 0.050891 0.239295 -0.199653 0.195365 -0.121517 0.235886 -0.140651 0.045173 -0.195466 -0.047811 -0.112991 0.031545 0.070510 0.208830 0.171437 -0.163120 -0.071375 0.018320 0.037495 -0.366173 0.009750 -0.104213 0.146899 
-0.134983 0.076220 0.279251 0.026764 0.084066 0.014597 0.046010 0.111889 -0.080343 -0.088865 0.192794 -0.127441 -0.229057 -0.281912 -0.118174 -0.143823 0.001321 0.197704 -0.170774 -0.008968 0.178098 0.135131 0.029097 -0.042296 0.013131 0.023199 0.054293 -0.187536 0.082248 -0.216738 0.231399 -0.014146 -0.065506 -0.058355 -0.070906 0.015958 -0.273907 0.082136 -0.102197 -0.045476 0.104572 0.110847 0.338672 0.072488 0.113544 0.105029 0.037187 -0.094451 0.182393 -0.236237 
-0.141838 -0.003886 0.280694 -0.040799 -0.072861 0.073400 0.014688 0.063715 0.239447 0.021912 -0.196097 -0.041647 0.024290 0.148651 -0.016962 0.043570 0.351358 0.057447 -0.259819 -0.221756 -0.090495 -0.193644 0.098899 -0.038232 0.128021 0.146220 0.062083 -0.271669 -0.069592 -0.017375 -0.174539 0.014297 0.172411 -0.026713 0.238360 -0.014617 -0.025863 0.233440 0.025697 0.146641 -0.010938 -0.173326 -0.034384 0.177331 0.035130 0.130480 0.118501 0.219464 0.027423 0.033996 
-0.145653 0.065553 -0.016920 -0.054705 -0.110313 0.240257 0.100110 0.148840 -0.144438 0.194600 0.084750 -0.140296 0.295134 -0.248882 -0.111430 0.268467 0.052603 -0.021379 0.020786 0.012658 0.007726 0.064399 0.052453 -0.348731 -0.015946 -0.306059 0.103428 0.205017 0.071302 -0.015248 0.048935 -0.152366 0.026512 -0.087150 0.216613 -0.064361 0.118790 0.225253 -0.068713 0.026012 -0.253093 -0.081315 0.047379 -0.083630 -0.062178 0.065975 -0.131279 0.002515 -0.024408 -0.066815 
-0.152696 0.202716 0.062427 -0.148218 -0.195771 -0.175937 0.004940 0.010171 -0.125709 -0.093694 -0.244496 0.085435 -0.129988 -0.069717 0.003722 -0.095519 -0.100724 0.007974 0.056744 -0.170037 -0.056615 0.043488 0.033379 0.023850 0.003028 0.008401 0.210439 0.004251 0.072630 0.010901 -0.089641 -0.284093 -0.153257 0.046696 -0.009220 -0.022491 0.091735 0.039765 0.107647 -0.347507 0.032980 0.278963 -0.085513 0.194701 -0.335305 0.251567 -0.119607 0.148061 -0.156864 -0.028955 
-0.142417 -0.126654 0.036935 -0.193443 -0.345316 -0.084866 0.117066 0.130538 -0.164718 -0.068015 -0.169865 0.025957 0.142583 0.024472 -0.015676 -0.019684 0.193651 -0.051642 0.054476 0.072150 -0.105671 0.160191 0.064056 -0.051547 0.294067 -0.219952 -0.104343 -0.001661 -0.244253 0.174742 0.182390 -0.074850 0.150983 0.157554 -0.180850 0.115109 -0.136026 -0.173885 0.037111 0.142055 0.116094 0.214792 -0.011143 0.031428 0.093159 -0.194820 0.139512 0.042954 0.108401 -0.117588 
-0.146665 -0.129897 -0.096780 0.042133 0.298064 0.097524 0.031235 -0.074853 0.020387 -0.185809 -0.133118 0.183593 0.318343 -0.143729 -0.162148 -0.108093 -0.082740 0.090110 -0.067263 -0.177729 -0.059018 -0.164975 -0.143778 -0.160425 0.207896 -0.018275 0.063650 -0.203082 0.086571 -0.102580 0.138320 0.108900 -0.122195 -0.032123 -0.041840 -0.195256 0.106065 0.007544 0.221441 -0.082498 -0.004139 0.119742 -0.237263 0.109787 0.141539 -0.259727 -0.129975 -0.087865 -0.001692 -0.123927 
-0.113334 0.046638 -0.068698 0.046350 0.195152 -0.095668 -0.123708 0.054699 0.111171 0.171046 -0.044459 0.331292 0.040662 -0.095443 -0.066514 0.095736 0.275036 -0.208850 -0.116160 0.113976 0.211343 0.087258 0.083432 0.137438 0.003138 -0.087763 0.134943 -0.028374 -0.061711 -0.129169 0.041170 -0.131004 -0.261051 0.060517 -0.001507 0.311342 -0.098982 0.115125 0.173047 0.081614 0.109516 -0.108616 0.059025 -0.097004 -0.161113 -0.171773 0.117483 -0.082362 -0.316829 -0.058388 
-0.116615 0.020574 0.127960 0.165156 0.016444 0.178206 0.000241 0.115513 0.091069 -0.241052 -0.130130 0.220199 -0.158694 0.114728 0.093640 -0.188547 -0.274709 -0.082061 -0.147306 0.173076 -0.239235 0.135683 0.190506 0.025752 -0.167801 -0.312247 0.123053 -0.056790 0.048878 0.094302 -0.016056 -0.045044 0.106919 0.011900 -0.056197 -0.223735 0.111437 0.115848 -0.044581 0.129891 -0.062779 -0.017068 0.053887 -0.196816 0.177081 0.019503 0.135166 0.010915 -0.251999 -0.097144 
-0.139927 -0.264584 -0.309910 -0.017461 0.016867 0.078583 0.157742 0.120335 -0.020936 0.006104 -0.088460 0.194371 0.006757 0.031163 -0.070554 0.001414 -0.144658 -0.078048 -0.061669 0.103718 0.194793 0.015769 -0.069081 0.061035 0.249951 0.071241 0.255754 -0.059259 0.219656 0.047441 -0.164657 0.029567 0.403462 -0.119389 0.160590 0.045845 -0.097860 -0.189981 -0.172791 -0.167933 0.151937 -0.103365 0.207962 -0.029829 -0.130237 0.085785 -0.025928 -0.009826 0.033390 -0.013217 
-0.162899 -0.068701 -0.037385 0.165858 0.029687 -0.023896 0.004305 -0.068805 -0.049019 -0.055630 -0.174886 -0.109804 0.054895 0.300383 -0.029947 -0.159872 0.241523 0.044479 0.006992 0.011550 0.237904 -0.211635 -0.205096 -0.001743 -0.187467 -0.241510 -0.220351 0.039791 -0.036942 -0.045908 -0.171545 -0.276236 -0.051714 -0.219853 -0.041715 -0.104173 -0.002398 0.002685 0.140276 -0.210281 -0.042662 0.088148 0.235827 -0.268811 0.005814 -0.041050 0.062959 0.052881 0.183428 -0.043938 
-0.139950 -0.284874 0.055670 0.066391 -0.112653 0.013946 0.162802 0.127295 -0.011655 -0.178575 0.059530 -0.010892 -0.020807 0.088208 -0.084746 0.290790 0.128404 0.210160 0.077498 -0.136254 0.053033 -0.051002 -0.059306 0.064937 -0.201394 0.068625 0.093091 0.039060 -0.209256 0.038864 0.230838 0.186673 -0.123054 0.042908 -0.062257 0.043859 0.210383 -0.059066 -0.105605 -0.233115 0.227610 -0.159252 -0.137012 -0.211375 0.068881 0.237208 0.036115 -0.031011 -0.224830 -0.150925 
-0.141810 -0.096510 -0.062382 0.029934 -0.011581 0.083668 -0.004835 -0.196940 0.070097 -0.236035 -0.044720 -0.136145 -0.053812 -0.013122 -0.233893 0.248587 -0.020839 -0.310677 0.078482 -0.213512 0.031895 0.320904 0.047871 -0.090256 -0.158422 -0.198980 -0.035576 -0.117015 0.139467 -0.034700 -0.074086 0.089740 -0.156559 0.124368 -0.059882 -0.147179 -0.247575 -0.073050 0.030227 -0.038722 0.110232 -0.140925 0.007334 0.111748 -0.027570 -0.005731 0.118276 0.108743 0.112757 0.352123 
-0.151445 0.223469 -0.058878 -0.035219 -0.070015 -0.005978 0.110266 -0.076987 0.168855 -0.218141 0.059547 0.045942 -0.237369 0.041180 0.115250 -0.034096 0.071186 -0.069371 0.054529 -0.149200 -0.052998 -0.219033 0.005128 -0.134486 0.369700 -0.143431 -0.249564 0.131193 0.229361 -0.055421 0.191362 0.056745 -0.006777 -0.026479 -0.129007 0.221415 0.254052 0.097583 -0.169674 -0.099799 -0.022019 -0.187051 0.157482 0.010392 -0.070864 -0.074409 0.060369 -0.167161 -0.060251 0.153290 
-0.140540 0.107147 0.115256 -0.095466 -0.207865 0.035011 -0.228962 0.171917 0.105433 -0.097520 0.021875 0.049127 -0.054747 -0.055910 -0.055448 -0.081651 -0.186745 -0.232630 0.177230 -0.234979 0.323517 -0.073737 -0.052552 0.085822 -0.167025 0.102256 -0.026028 0.050233 -0.162956 -0.067895 0.005168 0.095989 0.245096 0.229403 0.269156 -0.008577 0.039442 0.181900 -0.023536 -0.073188 0.019387 0.082817 -0.039597 -0.144761 0.057357 -0.341674 -0.106532 -0.081923 0.087093 -0.039595 
-0.150901 0.034542 -0.075326 -0.031726 0.211836 -0.039958 0.107582 0.292210 -0.142810 -0.193885 -0.040554 -0.219276 -0.104925 -0.051433 -0.036555 -0.040542 0.095983 0.038109 -0.193190 0.040426 -0.360925 0.127142 -0.298930 0.063757 -0.101968 0.155708 0.134123 0.077223 -0.231404 -0.105234 0.010997 -0.051010 0.046588 -0.066064 0.091539 0.061615 0.061611 -0.009960 -0.040113 0.051225 -0.049148 0.041195 0.056793 -0.063708 -0.167191 -0.247651 -0.025381 -0.095626 -0.015653 0.385494 
-0.145712 0.124393 0.073423 -0.288905 0.260213 0.150951 -0.057741 0.003782 0.068686 0.197138 -0.055284 -0.130895 -0.057318 0.001830 -0.211063 0.040728 -0.121270 -0.193429 0.137551 0.045512 0.112932 -0.097694 -0.128295 -0.034461 0.195385 0.012326 -0.099335 -0.055085 -0.219778 -0.073111 -0.126117 -0.054754 -0.044482 -0.111871 -0.071505 -0.102876 0.085992 -0.135540 -0.243148 0.105252 0.090080 0.271666 -0.077262 -0.076504 0.174648 0.254945 0.214252 -0.063409 -0.239489 0.088405 
-0.135844 0.214956 -0.127409 -0.246437 0.026651 0.184823 -0.060636 0.196769 -0.043477 0.040525 -0.102793 -0.084836 -0.003114 0.237779 -0.184863 -0.066048 0.180527 -0.132166 -0.049579 -0.033717 -0.072941 0.085284 0.045605 0.189212 -0.093833 0.149720 -0.102624 0.124490 0.149462 -0.079238 -0.005647 0.094990 0.019321 0.079183 -0.289286 -0.151126 -0.021822 -0.157601 0.103009 0.067569 -0.095002 -0.256772 0.062074 0.095195 0.026175 0.066559 -0.345358 -0.095732 -0.030541 -0.299439 
-0.144432 -0.126518 -0.116834 -0.115467 -0.049851 0.016599 0.383480 -0.273432 0.100808 0.006057 0.119524 -0.069001 -0.016482 -0.039646 0.029078 -0.137800 -0.053908 -0.048058 0.008886 -0.004048 -0.065843 0.170060 -0.041719 0.071091 -0.012050 0.284588 -0.225196 -0.139495 0.031762 0.076426 0.021256 -0.481456 -0.054735 0.166598 0.202048 0.027863 -0.098711 0.105374 -0.002312 -0.014288 -0.089082 -0.133113 -0.103184 -0.127118 0.185639 -0.007674 -0.060315 -0.114489 -0.137879 -0.093424 
-0.134285 -0.015353 0.135788 0.120480 -0.196138 0.016064 0.083725 0.169694 -0.231987 0.117987 0.049023 0.088143 -0.169210 0.133643 -0.204708 0.107470 -0.131726 0.028704 0.010436 0.157797 0.011054 0.006255 0.091609 0.294015 0.263049 -0.013317 -0.037514 -0.055235 0.115416 -0.077678 -0.127561 0.026639 -0.202424 -0.152815 0.018972 -0.012474 0.026489 0.176412 0.168758 0.022560 -0.047699 -0.052187 -0.352586 -0.123938 0.039258 0.025759 0.012618 -0.241329 0.298681 0.167003 
-0.149186 -0.144223 -0.144255 0.158031 0.046826 0.187370 -0.162722 0.004672 0.022825 0.234798 -0.127023 0.132622 0.019312 -0.168805 -0.066512 -0.245276 0.121181 0.085874 0.181106 -0.020826 -0.223683 0.024154 -0.010865 0.011673 -0.065433 0.132131 -0.180136 0.251637 -0.005934 0.093621 0.096545 0.096221 0.142819 0.044079 -0.164080 -0.061261 -0.258347 0.404726 -0.087148 -0.159147 0.099244 0.048407 -0.077041 0.033093 -0.095332 0.161264 0.167013 -0.064354 0.026220 0.099776 
-0.136321 0.184278 0.015929 0.167969 -0.020263 0.170533 -0.002836 -0.080276 -0.066678 -0.084076 0.080513 0.017398 0.030811 -0.084457 0.264839 -0.032568 0.124858 -0.375516 -0.018819 0.294899 -0.019826 0.079639 -0.349345 -0.036586 0.147612 0.153621 0.094642 -0.066315 -0.048186 -0.017673 0.032738 0.197282 -0.100775 0.146060 -0.020623 0.065694 0.067200 0.035356 0.046898 -0.133803 -0.074332 -0.007300 -0.083099 -0.140610 0.063738 0.184760 0.001835 0.351271 0.198599 -0.121117 
-0.142892 0.004022 -0.121349 -0.122149 -0.044246 -0.187446 -0.124467 0.041381 0.319926 -0.082642 -0.060630 0.070636 0.119812 0.101690 -0.053680 0.076763 -0.098671 0.017964 -0.110109 -0.026576 0.044144 0.207686 -0.174186 0.022206 -0.226667 0.082813 0.017955 0.107652 0.222253 -0.000828 0.220467 -0.044589 0.028079 -0.260890 0.003756 0.223300 0.095173 -0.021930 -0.076492 0.156617 -0.250317 0.142349 -0.199530 0.081085 0.009523 0.129908 0.298108 -0.015417 0.249762 -0.137656 
-0.143819 -0.139406 0.280540 0.006004 -0.093794 -0.033307 -0.053132 -0.278683 0.312036 0.186011 -0.244374 -0.064826 0.101431 0.093470 -0.003697 -0.053597 -0.104619 0.142097 0.110475 0.098678 -0.127585 0.097196 -0.105154 0.059215 0.142694 -0.030881 0.340903 0.249219 -0.079774 -0.157871 -0.041953 0.063652 -0.188608 0.188799 0.020533 0.030052 0.003243 -0.092404 -0.079911 -0.050625 -0.099541 -0.080952 0.246175 -0.014215 0.090171 -0.034589 -0.133630 -0.185328 0.109177 0.045691 
-0.138189 -0.148089 0.206808 0.058259 0.074385 -0.112912 0.150835 0.100371 -0.113646 0.137527 -0.089944 -0.183254 -0.062494 -0.065087 0.062106 -0.041709 -0.292086 -0.207654 0.252373 -0.156909 -0.108929 -0.231270 -0.091548 -0.136931 -0.063662 0.145088 0.077923 0.126045 0.174487 0.037954 0.031120 -0.025039 -0.018694 -0.123293 -0.109271 0.122895 -0.052091 -0.018888 0.295376 0.302997 0.168493 -0.195508 0.073996 -0.067450 -0.097136 -0.061912 0.140677 0.154296 -0.022167 -0.161166 
-0.122631 0.114739 -0.320999 0.148919 0.014202 -0.145550 -0.009800 -0.038284 0.063680 0.031340 -0.051563 -0.280616 -0.071045 -0.123340 -0.109038 0.020664 0.018396 -0.006754 0.105306 0.038829 -0.025070 -0.192977 0.328808 0.040163 -0.065649 -0.009089 0.313559 -0.109353 -0.057517 -0.048395 -0.006690 -0.062846 0.200850 0.002609 -0.245764 0.276113 0.009759 0.049770 0.077766 -0.113217 -0.130815 0.044985 -0.068811 -0.046805 0.408370 0.010690 -0.083925 0.096643 0.031179 0.104881 
-0.147581 0.186816 0.047608 0.167991 -0.069346 -0.211716 -0.194803 -0.050970 -0.065619 -0.273735 -0.050760 -0.131517 0.403998 -0.181493 0.022933 0.017810 0.075883 0.076465 0.237080 -0.001834 -0.090907 0.067826 0.139294 0.170436 0.101616 0.176531 -0.071440 -0.183628 0.133324 0.077519 -0.211060 0.074131 -0.044065 -0.144804 0.007192 -0.061471 -0.046564 -0.035632 -0.255156 0.139335 0.011078 -0.034917 0.072241 -0.265517 -0.141433 -0.005396 0.017371 -0.105582 -0.110042 -0.089043 
-0.149306 0.374194 0.105419 -0.065842 -0.023170 0.281295 0.016887 -0.107429 -0.027868 0.070832 0.031087 0.095139 0.070460 0.099825 -0.147425 -0.093702 -0.006097 0.133216 0.101750 0.165921 -0.111201 -0.126078 0.079798 0.014898 -0.191490 0.021668 0.056144 -0.011107 0.064287 0.299771 0.202138 0.023580 -0.105955 -0.210936 0.291541 0.161081 -0.139520 -0.265128 -0.004935 -0.163493 0.202219 -0.077023 -0.026418 0.073795 0.079952 -0.190831 0.051987 0.103085 0.014893 0.103175 
-0.142546 -0.026715 -0.179367 0.028814 0.075851 -0.053843 -0.192019 0.296068 0.306275 0.107010 0.061232 -0.098147 -0.003390 0.025456 0.232620 -0.128835 -0.143391 -0.007151 -0.041495 -0.062447 0.022487 0.031104 0.094214 -0.152718 0.088252 -0.107959 -0.011704 -0.183421 -0.237540 0.277317 0.096350 -0.146954 -0.251385 -0.058223 -0.022853 -0.068597 -0.014470 -0.043808 -0.072605 0.040685 0.208983 -0.167743 -0.074435 -0.063298 -0.129779 0.112911 -0.284584 -0.031765 0.263800 0.045089 
-0.144519 -0.094389 -0.135769 -0.124364 0.203962 -0.207218 0.000473 -0.055113 -0.028520 0.168910 -0.200794 -0.117788 -0.317078 -0.067057 0.088483 0.101754 0.056358 0.024639 0.024530 0.007793 -0.214307 0.093595 0.096663 0.031650 -0.023030 -0.212935 -0.235325 -0.053697 0.086022 0.019390 -0.086840 0.377787 -0.072602 -0.006800 0.403115 0.079766 0.008246 0.005546 -0.003277 -0.086280 -0.013287 0.151247 -0.010744 -0.095820 0.039952 -0.054696 -0.088818 0.061804 0.018735 -0.282118 
-0.138972 0.238054 0.007683 0.219949 -0.034320 0.035609 -0.017554 -0.059663 -0.057812 0.245599 0.072853 -0.113100 0.032618 -0.012794 0.331254 0.045030 0.076695 0.107614 -0.061867 -0.270196 0.040039 0.237916 -0.290329 0.088291 -0.029226 -0.205832 0.073833 -0.042434 0.123522 0.041252 -0.128981 -0.018875 0.251045 0.024818 -0.020194 0.010594 0.075545 -0.105576 0.151365 0.020973 0.267178 0.009097 -0.136997 0.126635 0.167227 0.024074 0.058934 -0.303183 -0.104557 -0.001207 
-0.138801 0.183091 -0.086060 0.296994 -0.082972 0.074298 0.163793 0.005946 0.102061 0.022483 -0.031623 0.171121 0.015261 0.091967 0.106749 0.320769 -0.237075 0.065864 -0.171695 -0.106113 -0.083767 0.011371 0.107341 -0.116260 0.030598 0.163687 -0.207179 0.227114 -0.216928 -0.312096 -0.157615 -0.039983 -0.033126 -0.132274 -0.082776 0.031293 -0.257775 -0.078571 -0.128534 0.000671 0.084538 0.143857 -0.025083 0.025573 0.017743 -0.134527 -0.118099 0.166605 -0.022276 -0.127443 
-0.160056 -0.059117 -0.081810 -0.067602 -0.162514 0.128510 -0.137018 -0.171211 -0.017923 -0.228724 -0.083356 0.025796 -0.311257 -0.167488 0.130540 0.129255 0.072072 0.098471 -0.050771 0.090015 0.205202 -0.110510 -0.094076 -0.184506 0.016045 0.126518 0.095176 0.111272 -0.135855 0.331420 -0.122775 0.109915 -0.066734 -0.193906 -0.026927 -0.051282 -0.237675 -0.024302 0.215475 0.190267 -0.234497 0.027316 -0.003928 0.044614 0.019257 0.029760 -0.079913 -0.248201 -0.147059 -0.003125 
-0.147391 0.048300 -0.199053 -0.010440 0.081491 0.061237 -0.217709 -0.285094 -0.252894 -0.157751 0.018834 0.050978 0.032324 0.068603 -0.023099 0.168462 -0.125833 0.053067 -0.099899 0.019509 -0.130023 -0.290773 0.033306 0.141783 -0.035113 -0.078022 0.005629 0.041147 -0.095546 -0.120791 0.169842 -0.158947 0.073684 0.303966 0.195203 0.027738 0.041082 0.026310 0.052110 0.309535 0.195664 0.016048 0.110639 0.011968 -0.100763 0.276471 0.011604 -0.099672 0.211433 -0.047333 
-0.140948 -0.075522 0.032936 0.080701 -0.035853 -0.270068 -0.084635 0.231541 -0.049201 -0.056881 0.288122 0.086899 0.124510 -0.069376 -0.005416 -0.163172 -0.031202 -0.160326 -0.044330 -0.022970 -0.156826 -0.252747 -0.046327 -0.001640 -0.025091 -0.163386 -0.082746 0.118434 -0.088193 -0.072357 -0.154218 0.020867 -0.071054 0.102510 0.176247 0.001781 -0.251647 -0.268945 -0.006389 -0.182460 -0.258482 -0.170106 -0.045081 0.247754 0.157586 0.181285 0.157525 -0.119646 -0.107324 -0.017250 
-0.148534 -0.164072 -0.016578 -0.099151 -0.076652 0.175386 0.235286 -0.071378 -0.067228 0.021393 0.022622 -0.132976 0.154503 0.124679 0.353762 -0.130767 0.049393 -0.230212 0.016504 0.138811 0.061398 -0.147676 0.251485 -0.008238 -0.279863 0.007101 0.093732 -0.160912 -0.018401 -0.204514 -0.032310 0.169683 -0.104237 -0.087860 -0.062757 0.060155 0.029971 0.072555 -0.169202 0.012037 0.030383 0.186940 -0.073001 0.242080 -0.196546 -0.062221 0.033927 -0.290842 0.029753 -0.007610 
-0.149326 0.061819 0.039901 0.062530 0.040972 -0.130839 0.166779 -0.101007 0.040271 0.013843 0.267486 0.153392 0.001650 0.209822 -0.291027 -0.045710 -0.081084 0.110411 0.208483 0.072063 -0.033269 0.030480 -0.272936 -0.071658 -0.105479 -0.196549 -0.019280 -0.243780 -0.146907 0.138113 -0.175779 0.153538 0.115672 0.039948 -0.144911 0.228316 -0.033078 0.225286 -0.069051 0.186703 -0.080538 0.039073 0.042574 0.160013 -0.174575 0.035943 -0.268831 0.061833 -0.061513 -0.058570 
-0.133243 -0.089245 0.102533 -0.064185 0.155084 0.236624 0.022094 0.161471 0.080161 -0.143775 0.069876 0.078865 0.047226 -0.098003 0.059581 -0.163312 0.059914 0.295166 0.076105 0.029632 0.118501 0.092615 0.191425 -0.177337 -0.063249 0.040883 -0.147019 0.120617 0.169254 -0.093595 -0.318869 0.013666 -0.000163 0.292498 -0.004368 0.318706 0.119773 -0.233265 0.178326 0.116886 0.007136 0.118115 -0.097560 -0.145781 -0.027464 0.134913 -0.032352 0.076680 0.076395 0.160412 
-0.140284 -0.131461 0.099938 -0.282367 -0.029155 0.045218 -0.241381 0.050014 -0.106281 0.166092 0.115077 0.019440 0.086051 0.086644 0.187321 0.270502 -0.147420 0.093566 -0.249461 -0.055042 -0.117765 -0.189600 -0.132645 0.047886 -0.058483 0.013677 -0.023140 -0.204856 0.279802 0.131603 -0.023568 -0.029424 -0.053940 0.171360 -0.271026 0.094654 -0.180272 0.080347 -0.115453 -0.169252 -0.116299 0.098228 0.078599 -0.205901 0.047129 -0.151841 -0.025955 0.096396 -0.080526 0.127673 
-0.132035 -0.138695 -0.024880 -0.200761 -0.092882 0.088095 -0.083721 -0.216876 -0.120386 0.027312 0.077371 0.065592 -0.065802 -0.232801 0.118303 -0.252125 -0.003755 0.135820 -0.017739 -0.160010 0.086073 0.030809 -0.039518 0.313121 0.007648 -0.236354 0.020400 0.054704 -0.123979 -0.253083 0.027577 0.004716 0.022305 -0.274230 -0.077717 0.004813 -0.000930 -0.080797 -0.158481 0.155206 -0.065033 -0.250867 -0.193785 -0.035332 -0.031336 -0.061246 -0.093399 0.369171 -0.044204 0.057626 
-0.142235 -0.069011 0.108587 0.037104 0.318498 -0.174746 -0.008494 0.046917 -0.310470 -0.122232 -0.078422 0.063546 0.079909 0.213607 0.164047 0.017000 0.036737 -0.038995 0.048526 -0.031097 0.256171 0.123125 0.083191 0.036828 0.059269 0.077616 0.024322 0.287698 0.077547 0.209057 0.024877 -0.057911 -0.106019 -0.002817 0.064096 0.026254 0.026124 0.220908 -0.241023 0.080471 0.037908 -0.002055 0.014812 0.269342 0.342082 -0.011450 -0.170892 0.132166 -0.017683 0.128746 
-0.145111 -0.107231 0.084454 0.377657 -0.113368 0.028411 -0.106153 0.017970 -0.130015 0.212657 -0.318875 -0.033573 -0.074371 -0.156493 -0.101406 0.011510 -0.098551 -0.001913 -0.107626 0.129826 0.161176 -0.009110 -0.027564 -0.018576 -0.099454 0.101400 -0.305583 -0.238798 0.003067 0.032653 0.198105 -0.040375 0.034722 0.128147 -0.011708 0.061789 0.263031 -0.241028 -0.127311 0.049192 -0.211814 -0.075486 0.048628 0.222403 -0.084330 -0.027855 -0.073254 0.027514 -0.111045 0.113986 
-0.140144 0.057768 0.121334 0.134340 0.315210 0.008351 0.011381 -0.105098 -0.055734 0.056102 0.121114 -0.120089 -0.102000 0.280930 0.064422 0.017755 0.033968 0.070803 0.092632 -0.119291 0.123246 0.065198 0.188741 -0.032715 0.172499 0.005367 0.149155 0.014719 -0.062014 0.036498 0.239673 -0.022588 0.204666 0.143783 0.002073 -0.131794 -0.186913 -0.159295 -0.015600 -0.080292 -0.359269 0.009082 -0.236471 -0.140015 -0.346998 -0.074758 0.140356 0.008881 -0.021634 -0.078519 
-0.152245 -0.150924 -0.004835 -0.011752 0.105874 0.166774 -0.152467 0.087329 0.129127 -0.038503 0.250107 0.062293 -0.112211 -0.078769 0.121311 0.288748 0.058756 0.077605 0.366285 0.114752 -0.133662 0.055879 0.051174 0.212800 0.046432 0.066620 -0.023237 -0.066951 -0.069549 0.007973 -0.112492 -0.227304 0.029826 -0.080926 -0.041214 -0.145481 0.252811 -0.009487 0.118814 -0.108431 -0.057792 0.008980 0.203643 0.336125 -0.001325 -0.194522 0.147307 0.093206 0.099500 -0.140692 
-0.140812 0.089060 0.211617 -0.222341 0.167951 -0.234724 0.104327 -0.204304 -0.091058 0.080198 -0.006715 0.268637 0.137242 -0.151151 0.061252 0.079604 -0.088864 -0.097215 -0.141601 -0.007929 -0.014507 0.123621 0.198116 -0.082575 -0.124815 0.099587 -0.138275 -0.019922 -0.259998 0.072217 -0.014737 0.105776 0.246282 -0.162971 -0.149375 -0.052167 0.168685 -0.020424 0.210552 -0.204871 -0.026436 -0.180492 0.135293 -0.111097 0.001713 0.115895 -0.001883 -0.130791 0.193009 0.126456 
