-0.140827 0.195094 -0.049061 -0.209807 -0.015646 0.139254 -0.102745 -0.022046 0.117653 0.070377 0.146446 0.099726 0.165505 -0.236708 -0.106320 -0.156658 -0.188215 0.018148 0.172105 0.091515 0.023182 0.115305 0.054575 -0.004505 0.065637 0.347106 -0.003921 0.036001 -0.059068 0.076610 -0.092558 -0.025421 -0.454513 0.026844 -0.022334 0.126197 0.050945 0.047122 -0.261814 0.118207 0.181446 -0.173621 0.120531 -0.008292 -0.094557 -0.045095 0.088550 0.135602 -0.120965 0.140459 
-0.155035 0.211467 0.328711 -0.042794 -0.051346 0.180917 -0.096343 0.046103 -0.134998 0.191069 -0.040906 -0.094390 -0.080831 0.277556 0.015377 -0.246502 -0.065880 -0.111039 -0.013701 -0.012081 0.153290 0.035777 -0.011134 -0.015364 -0.144654 -0.110676 0.104770 0.166080 -0.154459 0.039094 -0.005099 0.286954 0.023115 0.030845 -0.010827 -0.026620 0.216307 0.148137 0.141070 -0.275101 -0.112313 -0.201841 0.045847 0.018063 0.137210 -0.107620 0.110825 0.120526 0.111314 0.225960 
-0.162420 0.041291 0.160143 0.279904 0.174133 -0.185682 -0.049866 0.025860 -0.115999 -0.119411 0.095090 0.133365 0.157281 -0.134341 0.042077 -0.111844 0.173916 -0.175066 0.207093 -0.196994 -0.047032 0.137164 -0.150646 0.128672 0.174773 0.055532 0.169793 -0.284885 -0.084773 -0.052563 -0.138618 0.263433 -0.007538 -0.045325 0.122895 0.077687 -0.005333 -0.253283 0.002220 -0.191431 -0.089434 0.046707 -0.106618 0.188008 -0.081428 -0.010852 -0.075345 0.131646 -0.174450 -0.046371 
-0.136732 -0.089923 0.081041 0.220732 0.000183 0.095389 0.059994 -0.005249 -0.143857 0.161219 -0.041977 0.059654 0.024479 -0.002495 -0.101892 0.317129 0.021502 0.176201 0.024464 -0.000821 0.181889 -0.116203 0.024962 -0.062901 -0.260292 0.254650 -0.013968 0.234688 -0.022762 -0.257464 -0.006228 0.007510 -0.005373 -0.245300 -0.164288 0.196527 0.289144 -0.196580 0.057485 -0.024181 0.191778 0.052054 -0.109472 0.228967 -0.194871 0.036962 -0.001013 -0.089815 0.008477 -0.016063 
-0.125097 -0.169854 -0.092662 0.195880 0.016206 -0.036054 0.125938 -0.097101 0.048140 0.017864 -0.026311 0.099546 0.045251 0.067058 0.186955 0.083333 0.042560 -0.356608 0.120483 0.193861 0.233529 0.060592 0.272043 -0.176510 0.057566 0.083259 -0.224352 -0.051833 -0.066818 0.115240 -0.119876 -0.032322 0.050223 0.272695 0.085973 -0.116391 0.121479 0.202302 0.221514 0.081867 0.203045 -0.017520 -0.227593 -0.029270 -0.029616 -0.072170 -0.147166 0.060630 -0.121385 0.171812 
-0.146378 0.053802 0.110263 0.098721 -0.375090 0.090796 -0.055706 0.090287 -0.161957 -0.014536 -0.020889 -0.042915 -0.052871 -0.168955 -0.216340 0.173240 -0.052912 -0.157462 -0.096101 0.282633 0.102572 -0.236903 -0.142717 0.019436 0.198030 0.141257 -0.051055 -0.204926 -0.094265 0.005355 0.001995 -0.154333 0.066671 0.035053 0.092649 -0.169154 -0.084358 -0.255734 0.134294 -0.135701 0.086414 0.093585 0.264918 -0.154398 0.074673 -0.019943 0.108447 0.164657 0.095003 -0.012073 
-0.139055 -0.107098 0.123002 0.065797 -0.053602 -0.291822 -0.071891 -0.119565 -0.092473 -0.004549 0.026997 0.020303 0.072985 -0.016973 0.206727 0.065846 -0.029907 0.219860 -0.021545 0.019849 0.057379 0.029820 0.069044 0.127053 0.087581 -0.217873 0.275060 0.122131 -0.124417 -0.133184 -0.170661 -0.065930 -0.139503 -0.110960 0.212783 -0.061608 -0.107095 0.041415 0.203893 0.343242 0.039748 -0.038657 0.236343 -0.070816 -0.184322 -0.241527 0.067331 -0.090605 0.151839 0.216290 
-0.145597 -0.163683 0.105774 0.153451 -0.068293 0.078225 0.073334 0.020607 -0.012887 -0.002879 -0.147006 0.200996 0.056343 -0.235698 0.223153 0.050505 -0.257191 0.211483 0.182791 -0.151005 0.141442 -0.017929 -0.219964 0.010877 0.026276 0.019468 -0.064158 -0.124566 0.143062 -0.125083 0.213599 0.101621 -0.020689 -0.053623 -0.144138 -0.089587 -0.095208 0.319398 -0.118222 0.057579 -0.039042 0.103319 -0.099925 -0.044134 0.317433 0.009365 -0.043279 0.202189 0.206766 0.088200 
-0.155544 -0.256485 -0.159307 -0.133191 -0.115653 0.055317 -0.149036 0.010603 0.146779 -0.037768 0.228893 0.131820 -0.009086 0.171092 -0.106615 0.158629 0.086720 -0.132857 -0.102991 -0.189195 -0.113953 -0.079411 -0.247885 -0.108910 0.019122 0.046232 -0.025374 0.141342 -0.094798 -0.065107 -0.051576 0.052086 -0.184114 -0.019089 0.144930 -0.056886 -0.225506 0.101904 0.076188 -0.166927 -0.032968 -0.176608 -0.116159 0.073649 -0.184641 0.241251 -0.207388 0.102116 0.320699 0.102174 
-0.150984 -0.157441 -0.023705 -0.052689 -0.037990 0.006546 0.092606 0.003990 -0.003691 -0.125377 -0.196874 0.090535 -0.101286 0.111771 0.019833 -0.222589 -0.278624 -0.011471 -0.150829 0.140830 0.065423 -0.125974 0.019892 0.234637 0.132178 -0.053049 -0.160839 0.113418 0.213086 -0.212780 -0.093121 0.283273 -0.159865 0.169728 0.232803 0.287565 0.119827 -0.091702 0.001701 -0.019977 -0.061340 0.167041 0.094750 -0.123609 -0.060935 0.235157 -0.121748 -0.111443 -0.092154 -0.062989 
-0.133026 -0.228457 -0.089158 0.055926 -0.031775 0.103955 0.036818 0.094336 0.086091 -0.125337 0.231304 -0.184024 0.098792 -0.145938 -0.011203 0.048405 0.051217 -0.368716 -0.036187 -0.130218 0.005733 -0.018499 -0.070260 -0.050277 0.064453 -0.115720 -0.064403 0.021594 -0.102710 0.002524 0.101877 0.084078 0.137979 -0.161863 -0.000147 0.359422 0.156738 0.130231 -0.164046 0.095732 -0.066571 0.108575 0.050904 -0.165162 0.014490 -0.129129 0.397048 -0.217058 0.061003 0.120933 
-0.136837 0.183597 -0.073065 0.073668 -0.292961 -0.222558 -0.009434 0.073079 0.158397 -0.121395 0.168638 0.255992 -0.237093 0.071488 0.001600 0.045941 0.052806 -0.060915 -0.308323 -0.095776 0.276502 0.178191 0.130593 0.021529 -0.033221 0.006812 0.073207 -0.019682 -0.045003 -0.039587 0.009200 -0.064814 -0.063407 -0.031564 -0.292966 0.188891 0.039695 0.075928 0.052278 0.133758 -0.238356 -0.033870 0.040997 -0.006365 0.069658 -0.054987 -0.057435 0.207034 -0.092009 -0.266218 
-0.135590 -0.225545 0.109713 0.078763 -0.060141 -0.043165 -0.262506 0.081212 0.060243 0.236151 -0.247074 0.006748 -0.019138 0.068153 -0.290414 -0.081532 0.100312 0.016151 0.130494 0.108050 -0.037436 0.007488 0.265028 -0.060006 -0.080132 -0.189167 0.004588 -0.236968 -0.044788 0.210687 0.303567 -0.002844 -0.139675 -0.157179 0.112376 0.286912 -0.106808 -0.041851 -0.081237 0.068488 0.022118 -0.033234 -0.073849 -0.070953 0.009202 -0.111617 -0.238990 0.000187 0.098405 -0.093475 
-0.126980 -0.026154 -0.206910 0.241510 -0.125217 -0.137168 0.075365 0.110002 -0.156749 0.187474 0.121224 -0.112744 -0.028633 -0.054268 -0.143232 -0.091246 -0.203705 0.083838 -0.264506 -0.169663 -0.161514 0.095788 0.144789 0.121897 -0.135420 -0.019307 -0.049620 -0.063212 0.179499 0.095623 0.065473 -0.232806 -0.136170 0.125608 0.176181 -0.087683 0.035464 -0.024788 -0.028052 -0.107916 -0.141967 0.124751 -0.181345 0.256538 0.034013 -0.008705 0.158079 0.029649 -0.057708 0.338339 
-0.140513 0.066751 -0.055209 -0.226714 -0.054495 0.025725 0.001915 -0.040542 0.136177 0.268263 -0.021400 0.060599 0.169731 -0.040896 -0.095402 0.334134 -0.072931 -0.117860 -0.050911 0.026043 0.025248 0.161694 0.154252 0.235722 0.018744 -0.258123 -0.100526 0.167127 0.030458 -0.082310 -0.049479 0.248464 0.278890 -0.173275 0.137207 -0.149478 -0.190263 -0.005974 -0.189282 -0.000355 0.098031 0.068083 0.051035 0.176319 0.084246 -0.022494 0.002889 0.181345 -0.232770 -0.032080 
-0.135831 0.037787 -0.130312 0.017026 -0.166838 -0.022776 -0.301194 -0.118952 -0.237835 -0.186436 0.007484 -0.014863 -0.161278 0.113935 0.017920 -0.199535 -0.167078 0.064495 0.088265 -0.041100 -0.179120 0.165261 0.262490 -0.139425 0.060766 0.259425 0.038241 0.113204 -0.016597 -0.147276 -0.102471 0.057011 0.375184 -0.068963 -0.051808 0.027527 -0.212265 0.011404 -0.154489 -0.072102 0.151675 0.157752 -0.170063 -0.154940 -0.065742 -0.085914 0.027858 0.007577 0.109409 -0.009259 
-0.120484 0.037168 -0.287257 0.007271 -0.014074 -0.183621 0.091763 -0.140415 0.234910 0.210679 0.070034 0.068219 0.078098 -0.131552 -0.042653 -0.130002 0.268994 0.118639 0.042720 -0.013855 -0.106142 -0.081372 0.138281 -0.206341 -0.012858 0.060539 0.018701 0.039940 0.068601 -0.144626 -0.079595 0.217831 -0.035461 0.025453 -0.089029 0.004149 0.023967 -0.201775 0.176525 -0.162942 0.033735 0.058282 0.199715 -0.111966 0.459936 -0.038224 -0.037421 -0.145057 0.131448 0.128385 
-0.142289 -0.091411 0.072041 -0.101014 0.066852 -0.247995 0.038691 0.102058 -0.025520 -0.082339 -0.174318 -0.272105 -0.253320 0.041206 0.175761 0.207995 -0.041658 -0.184552 0.146917 0.086277 0.085053 0.311414 0.028475 -0.099287 0.052467 -0.000482 -0.001291 0.071376 -0.025227 -0.058274 0.164043 -0.010634 -0.260770 0.090048 -0.267060 -0.060254 -0.218926 -0.171654 -0.152792 -0.183223 0.008688 0.012256 0.156426 0.160157 0.029871 0.133769 0.059619 -0.189310 0.013577 0.116406 
-0.140811 -0.015856 -0.270627 0.054437 0.081613 0.000738 -0.133164 0.095533 0.254389 -0.200685 0.008019 -0.095843 0.203226 0.201833 0.064045 -0.041374 -0.002204 0.237125 0.107098 0.148877 0.236079 -0.126481 -0.042505 0.381207 -0.181113 0.117653 0.042431 -0.003870 -0.274152 0.090793 0.140450 -0.017262 0.030496 0.145258 0.024257 0.027816 -0.183016 0.057932 0.104355 -0.202954 0.062251 0.104466 -0.046189 0.113693 0.053567 -0.099259 0.187071 -0.059320 -0.016684 -0.117529 
-0.155276 0.087820 0.018481 0.055204 -0.173431 0.060792 0.083403 -0.139438 0.165378 -0.215897 0.198736 -0.340122 -0.183844 -0.146456 0.039008 0.149383 -0.079119 0.271979 0.093226 0.074681 -0.067124 -0.037628 0.099715 -0.082134 -0.012186 -0.294551 0.121022 -0.188106 0.051124 -0.007729 -0.028343 0.115220 -0.080137 -0.127683 0.052745 0.013737 0.104771 0.069155 0.093133 -0.183029 0.187572 -0.211186 -0.220398 -0.145291 -0.035023 0.212186 0.011249 0.050882 -0.205856 -0.033912 
-0.135819 0.066503 0.013527 0.056988 0.174114 -0.253121 0.195649 -0.146320 0.164500 0.041368 -0.044078 -0.057475 -0.195345 0.144496 -0.148865 0.063292 -0.106547 -0.196559 0.080387 -0.106861 0.016357 -0.245034 -0.066333 0.095807 -0.270268 0.093465 0.066068 -0.094796 0.098713 -0.038611 -0.170845 -0.042197 -0.092917 -0.091964 0.066330 -0.237220 0.077387 0.102706 -0.338089 -0.132536 0.004752 0.063385 0.027994 -0.266749 -0.114541 -0.285652 -0.048345 0.005969 0.090443 -0.117857 
-0.180794 0.044616 0.131924 -0.047956 0.218197 -0.127775 -0.173994 0.058978 0.113139 0.131212 0.076327 0.075252 -0.121523 0.028521 0.063474 0.030909 -0.005491 0.010189 -0.138894 0.243124 -0.092321 -0.177916 0.071119 -0.019209 0.093356 0.177721 0.035718 -0.199707 0.243348 0.305311 -0.121423 0.220510 0.064260 -0.186345 -0.152533 -0.076119 -0.021276 0.188440 0.125697 0.135599 -0.037488 0.159197 -0.014731 0.180843 -0.105971 0.251983 0.263541 -0.086189 0.122953 -0.000935 
-0.150455 0.053478 -0.291108 0.007228 0.120591 0.209872 0.049420 0.004102 0.007971 -0.026611 -0.354769 0.048432 0.062947 0.088910 0.042355 0.047677 -0.092042 0.069231 -0.110584 -0.272510 0.104358 0.134172 0.145598 -0.149664 0.326620 -0.094137 0.115044 -0.100276 -0.170761 0.149111 -0.097683 -0.079978 -0.092247 -0.137172 0.109248 -0.175930 0.286862 -0.079373 -0.050923 -0.062249 0.040748 0.016413 0.050116 0.048421 0.002366 0.093608 0.136957 -0.019010 0.227876 -0.231228 
-0.157983 -0.009397 0.060989 0.117540 -0.258802 -0.048695 -0.162000 -0.357461 0.082648 0.077611 -0.072589 0.043223 0.216390 0.021469 0.007997 -0.226024 -0.034327 -0.008411 -0.016999 -0.024996 -0.131000 -0.013719 -0.232720 -0.210881 -0.079746 -0.277336 -0.231290 -0.038697 -0.034215 -0.030026 0.012781 -0.049521 -0.038966 0.144054 -0.254476 -0.129749 0.041386 0.089081 -0.028583 -0.060247 0.066560 0.133370 0.159785 0.193824 -0.257785 -0.018359 0.092480 -0.130712 -0.139255 -0.198558 
-0.139175 -0.164793 0.183119 -0.228171 -0.231258 -0.059433 0.240240 0.082425 0.113361 -0.033724 -0.091177 -0.056632 0.166310 0.074756 0.146065 0.127282 -0.035974 0.046828 0.058929 0.029734 -0.286745 0.138535 0.004969 -0.145558 -0.206296 0.215281 0.207538 -0.116508 0.116351 0.039397 -0.096274 -0.056596 0.183744 0.262711 0.214009 0.200087 0.122210 0.015546 0.003361 0.012971 -0.044176 -0.080209 0.108241 0.181568 0.050212 -0.071602 0.081588 0.113868 0.118055 -0.219631 
-0.123333 -0.148003 -0.094672 -0.053013 0.167576 0.074693 -0.131999 -0.156628 0.032279 -0.021173 -0.034084 0.202182 -0.259654 -0.009773 -0.037514 -0.083567 0.047405 -0.165792 0.111346 0.070962 -0.101782 -0.006331 -0.110208 0.176091 0.175983 -0.098441 0.161817 0.133258 0.374724 -0.133122 0.170351 -0.296846 0.040851 -0.019423 -0.024733 0.052015 0.101113 -0.011856 0.183052 -0.096645 0.195544 -0.244436 -0.030995 0.150274 0.105928 -0.198471 0.210533 0.103555 -0.051281 -0.084039 
-0.122752 0.189478 -0.279962 -0.010039 0.186519 -0.143315 0.057840 -0.042258 -0.228381 0.154810 -0.129891 0.083137 0.019019 -0.166043 0.151328 0.013331 0.021294 0.018222 0.007540 0.138172 0.164576 -0.174150 -0.099996 -0.363615 -0.135575 -0.092831 0.073367 0.094316 0.023413 0.012837 0.137486 -0.021993 0.099503 0.057082 0.196341 0.214269 -0.224447 0.024265 -0.056092 -0.094494 -0.218247 -0.130807 0.010865 -0.116529 -0.210545 0.110739 0.180321 0.200675 -0.089496 -0.041803 
-0.153113 0.082069 -0.134883 0.185929 -0.039727 0.130288 -0.069408 -0.110156 0.009200 -0.017111 -0.180652 -0.152477 0.072145 0.201978 0.026990 0.114486 0.386542 0.062380 0.030027 0.157133 -0.214737 0.152735 -0.024189 0.213071 0.009480 0.129479 -0.124308 -0.057588 0.100256 -0.198553 0.136815 0.097583 -0.030520 0.064021 -0.061088 -0.151174 0.148710 -0.032601 -0.124725 0.253086 -0.276777 -0.157793 0.001863 -0.198144 -0.112912 0.098964 0.112265 0.180584 0.031117 0.117892 
-0.131152 0.143092 0.063438 -0.112786 -0.114614 -0.096061 0.120896 0.283212 -0.025463 0.085542 0.097068 -0.044488 0.241777 0.318220 0.229666 -0.101898 0.083877 -0.057808 -0.047753 -0.252713 -0.004188 -0.296955 0.052362 -0.041157 0.166110 -0.021789 0.107490 0.016656 0.186247 -0.019740 0.307732 -0.014809 -0.039462 0.021444 -0.111730 -0.055267 -0.035709 -0.166545 -0.047924 0.111057 0.357204 0.047990 -0.094936 -0.140660 -0.086289 0.026104 -0.006999 0.087232 -0.103252 0.027949 
-0.136664 -0.024021 -0.124269 -0.124530 -0.233793 -0.265417 0.065428 -0.022555 -0.022855 0.278701 -0.034530 0.025358 -0.150047 -0.096486 0.129807 -0.133236 -0.046296 0.026978 0.157760 -0.037421 0.039621 0.059462 -0.286993 0.281061 0.043959 0.087374 -0.081299 0.035844 -0.183620 0.274862 0.002737 -0.082605 0.281378 -0.099478 -0.016518 -0.006099 0.193260 -0.119220 -0.043930 0.080296 0.014984 -0.257383 -0.119197 -0.097111 -0.010846 0.198388 -0.109838 -0.229973 0.007854 0.018504 
-0.148315 -0.082867 0.091302 0.221213 -0.077406 0.105354 0.168022 0.137197 0.031131 -0.256466 0.003529 0.125801 -0.153101 -0.042020 -0.027960 -0.269052 0.169131 -0.009041 0.059256 0.019544 -0.017265 -0.222307 0.169023 -0.103787 -0.104436 0.036241 0.014200 0.198110 -0.096960 0.022303 0.051820 -0.008804 0.071780 -0.136334 0.198663 -0.269767 -0.109210 0.036209 -0.249778 0.176657 -0.018921 -0.214803 0.195798 0.270366 0.131438 0.162279 0.017374 -0.112921 -0.154894 -0.037239 
-0.127705 0.203136 -0.161687 -0.087089 0.134957 -0.080785 0.159869 0.265390 -0.057424 -0.112163 0.148806 0.030016 -0.176046 -0.010557 -0.078001 -0.014240 -0.148628 0.037557 0.257136 0.172021 -0.293613 -0.067394 -0.050560 -0.055478 0.014569 -0.245291 -0.248156 0.052185 -0.231118 -0.061482 0.089125 0.089634 0.001253 0.040469 -0.066934 -0.015502 0.179737 -0.079401 0.110913 0.206919 -0.004262 0.144211 -0.019867 0.187438 -0.069899 -0.177008 -0.098334 0.198129 0.233446 -0.046223 
-0.158145 0.125709 0.104981 0.072207 0.021210 0.211698 0.063208 -0.191429 0.031377 0.034452 0.054351 0.032842 -0.250306 0.022997 -0.064419 0.239197 0.014516 0.200375 -0.039745 -0.227757 0.028866 -0.074028 -0.083688 -0.059771 0.214938 0.078669 -0.089792 0.077102 0.053451 0.270665 0.088073 0.229290 0.016826 0.360680 0.066933 0.073241 -0.196276 -0.154472 -0.033207 0.136880 -0.067224 -0.077502 -0.080081 0.046154 -0.025541 -0.335884 0.009376 -0.234461 -0.046587 -0.023206 
-0.128769 0.062556 0.283222 -0.002276 0.243477 -0.079181 -0.177775 0.013911 0.144352 0.056856 0.053667 -0.203763 -0.091373 -0.218493 0.191280 -0.137610 0.174369 0.059745 -0.287412 -0.092672 0.075322 0.117100 -0.022303 0.000713 -0.094392 0.028357 -0.395914 0.087557 -0.059196 -0.121599 -0.032290 -0.152110 -0.004368 0.063939 0.239495 0.016210 -0.005007 -0.104603 -0.045448 0.046762 0.217167 0.002642 -0.116794 -0.051872 0.108220 0.047721 0.066460 0.150248 0.195618 -0.201272 
-0.140580 -0.160428 -0.056408 0.065832 0.145683 -0.049653 -0.116670 -0.035419 -0.403588 -0.055634 0.186933 -0.115829 0.233460 -0.102654 0.138385 0.143386 -0.132048 -0.049615 -0.098449 -0.040106 -0.184066 -0.124631 0.206790 0.147968 -0.040757 0.047070 -0.128299 0.142097 0.045386 0.214731 0.045966 0.075453 -0.090394 0.006050 -0.173488 -0.059918 0.061912 0.063008 0.045544 -0.112620 -0.077904 -0.268694 0.200895 -0.101339 0.123536 -0.054609 -0.187188 -0.000604 -0.008680 -0.317581 
-0.144693 0.057401 0.083410 0.181207 0.062243 0.196884 0.187795 -0.095796 0.137114 0.118983 0.181938 -0.171500 0.110562 0.156019 0.142305 -0.090523 0.001648 0.067151 0.080447 0.191002 0.055149 -0.047009 0.031695 0.033251 0.274989 -0.097304 -0.013997 0.112028 0.104728 0.081208 -0.233226 -0.360338 0.118945 -0.115738 -0.137560 0.227972 -0.129638 -0.057790 -0.187837 -0.127992 -0.208261 0.062098 0.058315 0.098156 -0.004457 0.007802 -0.256572 0.093985 0.154979 0.068395 
-0.131210 -0.242986 -0.036569 -0.124796 0.068249 0.259006 -0.037415 0.258415 0.140493 0.123078 -0.018924 -0.003402 0.009115 -0.215100 0.083479 -0.158799 -0.143030 -0.033781 -0.085954 0.015292 0.065266 -0.069670 0.119947 -0.009652 -0.143559 -0.094222 0.097973 -0.177958 -0.007844 -0.216617 -0.200428 0.021191 0.086792 0.119623 -0.276602 -0.206046 -0.123124 -0.296055 0.041177 0.071783 -0.209037 -0.206775 -0.185623 -0.081029 -0.186047 -0.148204 0.017254 -0.080051 -0.015134 -0.022196 
-0.143260 0.292269 -0.000197 0.006757 0.090779 0.085383 -0.202783 -0.115205 0.118150 -0.316805 0.027742 0.088873 0.172890 0.020106 0.009058 0.075648 -0.235299 -0.169801 0.052311 -0.078779 0.110944 0.105907 -0.033402 -0.052850 -0.342168 -0.067170 -0.011861 -0.073873 0.263117 0.117242 0.129736 -0.104968 0.147686 -0.066636 0.093767 -0.010549 0.045622 -0.281318 0.120515 0.153824 -0.032192 -0.027325 0.119797 -0.022593 0.045010 0.125575 -0.189581 -0.153981 0.125599 0.204879 
-0.123827 0.043860 0.014728 -0.100547 0.045115 -0.253448 -0.221897 0.277297 -0.002831 -0.151435 -0.171308 -0.127901 0.175324 0.145244 -0.213659 0.091108 -0.035954 0.160565 -0.004851 0.000395 0.073873 -0.098755 -0.178785 -0.233381 0.212909 0.032272 -0.227369 -0.016928 0.112185 -0.138377 -0.236203 -0.113234 0.059480 -0.097508 0.023689 0.010310 0.078584 0.132438 -0.006101 0.014729 -0.137100 -0.224190 -0.109564 0.055151 0.193731 -0.171413 -0.046457 -0.131208 -0.249381 0.088755 
-0.144870 0.194753 -0.008867 0.177391 0.003116 0.181701 0.170688 0.100955 -0.098095 0.126231 -0.059670 0.083090 0.059186 0.138842 0.055444 0.016773 -0.079029 -0.169102 -0.075883 0.165051 -0.270759 0.196615 -0.232519 -0.012705 -0.131057 -0.002816 0.064997 0.052993 -0.077990 -0.033837 -0.148598 -0.062391 -0.233153 -0.172669 0.038001 0.044952 -0.286129 0.047482 0.163385 0.124305 0.088226 0.026513 -0.230163 -0.162229 0.246798 0.006995 0.057761 -0.253415 -0.099297 -0.208596 
-0.121953 0.100646 -0.068296 -0.148977 0.069337 0.053125 0.256401 0.006552 -0.276495 -0.105157 0.054445 0.147321 0.035910 0.000034 -0.068001 -0.064200 0.216535 0.097515 -0.280065 0.140577 0.098359 0.143181 -0.018959 0.103965 -0.042820 -0.071870 -0.089475 -0.390861 0.048745 -0.120121 0.032658 0.037341 0.099808 0.009399 -0.060378 0.080822 -0.068473 0.192290 -0.152264 -0.132997 0.277103 -0.191774 0.093696 0.102391 -0.102223 -0.104231 -0.120700 -0.224472 0.184864 0.116182 
-0.143137 -0.283592 -0.040819 -0.168917 0.203360 0.053650 -0.081301 -0.246117 -0.178824 -0.028109 0.109436 0.012607 -0.114402 0.234352 0.017557 0.027246 -0.012387 0.085956 -0.176661 0.054934 -0.010669 -0.082416 -0.183902 -0.101113 -0.128535 -0.066184 0.146678 -0.170424 -0.251737 0.073523 -0.090365 -0.052074 0.006885 0.060413 -0.090880 0.041273 0.085525 -0.177480 -0.194906 0.210370 0.080265 0.147013 0.014739 -0.001764 0.306566 0.085181 -0.033045 0.218604 -0.246885 0.160034 
-0.147344 0.136299 0.023711 0.163572 0.118443 -0.008247 -0.151699 0.189645 0.139117 -0.018070 -0.203868 -0.013582 0.009110 -0.282817 -0.098077 0.098588 0.051835 -0.040084 -0.217298 0.048647 -0.198806 -0.037132 -0.073433 0.047057 0.048941 -0.055567 0.390608 0.223317 -0.115081 0.014356 0.018678 -0.054114 0.145338 0.325378 -0.124624 0.033733 0.136591 0.218148 -0.119596 -0.027626 0.145717 0.105689 0.008648 -0.068493 -0.035326 0.092755 -0.284830 -0.058334 -0.029917 0.118411 
-0.125023 0.085405 -0.049288 -0.280411 -0.044704 0.115640 0.021498 -0.206476 0.029494 -0.007907 -0.111702 -0.232385 -0.056857 -0.160177 0.221560 -0.083332 0.039628 -0.117261 -0.169630 0.009229 -0.061190 -0.121701 0.002833 -0.017499 0.062380 0.258328 0.059002 -0.071976 -0.116569 -0.126491 0.283374 -0.034820 -0.060482 -0.279320 0.124235 -0.051369 0.040556 0.112051 0.172475 -0.005463 -0.211142 0.187579 -0.061273 0.191231 -0.040719 -0.214730 -0.296203 -0.069572 -0.163398 0.030262 
-0.140190 0.094184 -0.096571 -0.147928 -0.088997 0.153107 -0.037342 0.060322 -0.184456 -0.020501 -0.231709 -0.155843 -0.149475 -0.101543 -0.006519 0.014130 0.265744 -0.073053 0.249182 -0.371066 0.019710 -0.172639 0.067787 0.183447 -0.180891 -0.080435 -0.100178 -0.060419 0.085549 0.077306 -0.363372 -0.106601 -0.058575 0.057595 -0.113028 0.177464 -0.155228 0.150083 0.177640 0.109939 0.063099 0.134821 0.126296 0.062806 0.008254 0.100560 -0.005131 0.084374 -0.042663 0.048194 
-0.143407 0.054694 0.196999 -0.316861 -0.119025 -0.009904 -0.042244 -0.061888 -0.164320 -0.150402 0.077535 0.299958 0.116133 -0.102876 0.012498 0.099273 0.259345 0.039072 0.122320 0.135422 0.033110 -0.074896 0.156835 0.055732 -0.018025 -0.155430 0.023964 0.146576 0.009479 0.060231 -0.017819 -0.166377 -0.152703 0.086676 0.034920 -0.123865 0.144825 -0.042003 -0.157531 -0.151495 -0.230328 0.231432 -0.361115 -0.100539 0.075694 0.025996 0.103196 -0.184540 0.078878 -0.023546 
-0.137674 0.072456 0.210978 -0.070754 0.217486 -0.058317 0.141964 -0.181615 0.007084 0.125195 0.094852 0.028410 0.065189 0.069713 -0.299958 0.026205 -0.173966 -0.022486 0.122931 -0.192350 -0.049524 -0.054580 0.228397 0.065310 0.131056 0.078825 -0.012259 -0.143047 -0.260446 -0.316471 0.179969 -0.213126 0.129819 0.160675 -0.033562 0.039768 -0.089277 0.146700 0.174000 0.067110 -0.129706 -0.076285 0.036021 -0.070651 0.033383 0.313121 0.096680 -0.112148 -0.032014 -0.043707 
-0.146643 -0.156484 0.151959 -0.089084 0.101057 -0.081776 0.352195 -0.075041 0.085652 -0.267419 -0.240063 0.047582 0.122479 -0.079759 -0.249321 -0.134827 0.033336 0.100299 -0.158614 -0.045144 -0.085980 0.140496 -0.023126 0.007183 -0.017277 0.056981 -0.108231 0.218542 -0.029169 0.293037 0.035937 0.005851 0.050405 -0.189714 -0.200907 -0.014377 -0.126133 -0.088948 0.227682 -0.089011 0.009204 0.022196 -0.047092 -0.194276 -0.142674 -0.054753 0.075706 0.233815 -0.075024 0.161877 
-0.143673 -0.111451 0.029130 -0.021193 0.115645 0.177582 -0.071609 0.298608 0.040812 0.133946 0.202747 0.200479 -0.171653 0.081232 0.119148 0.056522 0.084218 0.226602 0.125101 -0.076558 -0.058013 0.251242 -0.041865 -0.080740 -0.045828 0.041371 -0.111852 -0.040006 0.042614 0.023851 0.071665 -0.133482 0.065764 -0.058698 0.133663 -0.108219 0.096201 0.098412 0.100734 -0.210130 -0.050791 0.214130 0.339582 -0.273229 -0.159972 -0.028845 -0.077284 -0.073233 -0.294887 0.019878 
-0.149187 -0.109802 -0.083023 -0.066728 0.028796 0.016709 0.074098 0.007691 -0.165417 0.056033 0.208398 -0.324201 0.075878 -0.048548 -0.347206 -0.185473 0.093707 0.018939 0.107871 0.057464 0.349831 0.243976 -0.163743 -0.086971 0.022899 0.021737 0.224278 0.131114 0.239240 0.016992 0.044184 0.087948 0.012782 0.089760 0.047905 -0.201295 0.019750 0.089445 0.083672 0.218231 -0.011036 0.171574 -0.033458 0.005547 -0.010068 0.061248 -0.109478 -0.007475 0.061330 -0.255151 
