-0.142983 0.058967 0.192960 0.160364 0.208191 -0.094509 -0.112079 -0.126489 -0.198843 0.056692 0.228996 0.212811 0.066642 -0.107989 0.091551 -0.062497 0.042349 -0.181391 0.034571 -0.209566 -0.058104 -0.278989 0.086590 0.079001 0.025804 0.318664 -0.038011 0.115996 0.096814 0.257276 0.151020 0.035036 -0.022064 -0.040437 -0.091953 -0.265729 -0.043451 0.235712 -0.077037 0.231327 0.070973 -0.142635 -0.049588 -0.002982 -0.067870 -0.006561 -0.082519 0.127866 -0.006017 -0.134804 
-0.136284 -0.230588 -0.118379 0.252003 -0.166221 -0.130661 0.126331 -0.045571 -0.204656 -0.051903 -0.135844 -0.011738 -0.157821 0.233502 -0.014345 0.060968 0.147266 -0.173103 0.029083 -0.199254 0.033330 0.123965 0.058167 0.186501 0.155767 0.086117 0.272683 0.070911 0.058538 -0.130543 -0.097575 -0.023991 0.178907 0.200039 -0.015452 0.026106 -0.014907 0.021837 -0.028318 -0.014939 -0.147791 0.044402 -0.314852 -0.002322 0.174934 0.083515 -0.242068 0.025346 0.241958 0.005020 
-0.158010 -0.103377 -0.254974 -0.137566 0.108052 0.222000 0.223773 0.082893 0.011228 0.033567 0.082885 -0.173577 -0.257414 0.098550 -0.044416 0.255709 0.223973 0.043431 -0.166276 0.010347 -0.180877 -0.087969 0.099821 0.002737 -0.103308 0.340622 -0.081851 -0.045083 0.007477 0.130401 -0.225077 0.201998 -0.077047 -0.023263 0.161372 0.061978 0.036652 0.134305 -0.077951 -0.045974 -0.027435 0.018375 -0.059995 0.043691 0.057582 -0.072504 0.075185 0.115217 -0.328294 -0.030497 
-0.132175 0.054561 -0.208390 0.035405 0.095757 -0.360415 -0.124689 -0.065784 0.094401 0.145760 0.072143 -0.058814 0.145758 0.054451 -0.160492 0.110282 0.117773 0.018871 0.044340 -0.159561 -0.045009 -0.284959 -0.099690 -0.045757 -0.065016 -0.042026 0.034482 0.021997 -0.127539 -0.020478 -0.121290 0.132034 0.178995 0.108961 -0.012099 -0.083187 -0.133630 -0.219322 -0.094590 0.005983 -0.259558 0.110632 0.308313 0.163945 0.111472 -0.278971 0.109882 -0.192639 0.086702 -0.084582 
-0.162145 0.103893 -0.359209 0.099710 -0.167927 0.003261 0.013513 -0.072168 -0.158196 0.031214 0.086997 0.114208 -0.081355 -0.042218 0.103600 0.108705 -0.242621 -0.283595 -0.044095 0.135719 0.185065 -0.106394 0.124106 0.101361 -0.256981 -0.033816 -0.130525 -0.047991 0.058918 0.042564 0.055566 -0.236639 -0.168660 0.054451 0.142298 -0.042818 -0.235062 -0.205752 0.039280 -0.093940 0.102699 -0.103157 -0.064659 -0.066351 0.050384 0.060114 -0.022400 -0.335903 -0.133470 -0.049668 
-0.149571 -0.006719 -0.136684 -0.144032 0.142754 -0.087488 0.060189 0.161671 0.068574 -0.165858 -0.154440 0.272332 -0.134767 0.006953 0.111599 -0.064444 0.269982 -0.166067 -0.038399 -0.018899 0.137436 0.036034 -0.167896 -0.195145 -0.242435 0.034751 -0.072080 -0.157336 -0.179485 -0.022651 0.173552 -0.081732 0.156998 -0.006750 -0.143600 -0.317985 0.082704 -0.020753 -0.132802 -0.302925 0.157046 0.056484 -0.002694 -0.048377 0.015075 0.020499 0.050042 0.187153 0.121378 0.144522 
-0.125402 0.186880 -0.129676 -0.123774 -0.126876 -0.055138 0.250043 -0.080552 0.175267 0.111374 -0.198125 0.077165 0.089664 0.069746 -0.091931 0.168873 -0.135163 0.053630 0.017883 -0.003231 0.028871 -0.034748 -0.102768 0.087202 0.344997 0.205513 -0.094114 0.037201 0.035665 0.192332 -0.076461 -0.493368 -0.000991 0.009344 -0.252434 0.028095 -0.076628 0.031040 0.000000 0.076107 -0.040354 0.104393 0.175662 0.003882 -0.029687 0.101584 0.029011 0.224752 -0.033327 0.076586 
-0.137085 0.021085 0.103437 -0.160244 0.156664 -0.189113 0.135339 -0.029507 0.074638 -0.015013 -0.067814 -0.029628 -0.142724 0.339322 0.130993 -0.006267 -0.097386 -0.051760 -0.032802 0.050456 -0.112114 0.128199 -0.041837 0.061680 0.037158 -0.310757 0.249502 0.068170 -0.175584 0.177449 0.219192 -0.027733 -0.154176 0.179555 -0.095802 -0.036337 0.090543 -0.030590 -0.113633 0.166755 0.120936 0.041744 -0.147411 0.103868 -0.063826 -0.110691 0.105227 -0.090986 -0.261794 -0.324228 
-0.161838 -0.210486 0.069943 -0.117459 -0.088264 -0.026176 -0.121197 0.123147 0.204562 0.191762 0.018714 0.109248 0.236415 -0.023088 -0.092487 -0.009214 -0.108940 -0.078883 0.004877 -0.135090 -0.114882 0.186881 0.089896 -0.020872 0.115015 0.107753 0.081566 0.106142 -0.061702 0.068023 -0.083518 0.096981 0.023557 0.077777 0.114441 -0.254740 0.019183 -0.104740 0.261204 -0.127974 0.214162 -0.148467 -0.087247 0.352567 0.158115 0.256257 0.136802 -0.096990 -0.140917 0.192185 
-0.122857 -0.066106 -0.025654 0.007381 0.147359 0.122556 -0.110796 0.156445 -0.029974 0.139731 -0.059196 -0.040383 0.014859 -0.066485 0.120906 -0.045564 0.074915 0.065650 -0.085708 -0.079808 0.140832 -0.348623 -0.045130 -0.130921 0.256612 -0.344541 -0.052534 -0.157811 0.114692 -0.081116 0.006186 -0.033471 0.166377 0.075884 -0.054104 -0.070510 -0.111153 0.085869 0.268024 -0.002689 -0.148714 0.116859 -0.176528 -0.206275 0.192028 0.215490 0.063815 0.067028 -0.290492 -0.153256 
-0.140322 -0.078060 0.102271 0.019028 0.151243 -0.028092 0.034664 -0.075598 0.044147 0.150332 -0.043774 0.037171 -0.281503 -0.029232 -0.224342 -0.172696 -0.138053 0.057644 0.233348 -0.128722 0.213946 0.160722 -0.154030 -0.038461 -0.195981 0.043569 -0.053756 0.110850 -0.153046 0.187374 -0.076105 0.036006 -0.147592 0.066057 -0.000756 0.051952 0.096963 0.232471 0.254049 -0.072147 -0.082204 0.106710 0.232169 -0.212156 0.210881 0.022436 -0.278794 -0.157353 -0.082664 0.003616 
-0.153216 -0.250816 0.218249 -0.139521 -0.178085 -0.126304 0.078855 -0.004797 0.003716 0.013544 0.096689 0.151428 0.032215 -0.070770 -0.011482 -0.108132 0.187564 -0.034604 -0.327885 -0.014428 -0.198115 -0.029814 0.079087 0.061807 -0.042563 -0.062073 -0.181904 0.127742 -0.025192 0.109160 0.010799 -0.200894 0.204633 -0.012056 0.001380 0.145134 0.084511 0.061446 0.080711 -0.088338 -0.206223 0.118643 -0.060671 -0.164666 -0.351711 -0.091993 -0.008757 -0.329128 -0.063962 0.139568 
-0.139237 -0.243485 0.088945 -0.126241 0.047657 0.063884 -0.058807 -0.071913 -0.094068 0.059695 -0.025575 -0.297626 -0.080534 -0.062795 0.050916 -0.029811 -0.204644 -0.134966 0.054827 -0.060147 0.392507 -0.151647 -0.085582 -0.120315 0.225299 -0.042049 -0.039502 -0.051836 0.001968 -0.023333 -0.264006 -0.052559 -0.023365 -0.059662 0.062259 -0.132622 0.110069 -0.040623 -0.224513 -0.031757 0.149658 0.075083 -0.078216 0.201068 -0.317318 -0.243137 -0.154735 -0.027603 -0.011063 0.147014 
-0.127857 0.230272 0.078834 -0.085481 0.031197 -0.271438 -0.004243 -0.068547 -0.101894 -0.076126 -0.144802 -0.163219 0.052635 -0.177990 0.208237 0.098280 0.073755 -0.142061 0.040913 -0.046455 0.024025 0.312384 -0.113710 -0.052156 -0.108194 -0.005806 -0.148617 -0.164310 0.143146 0.157383 -0.213767 -0.008375 0.079279 -0.179836 0.228128 0.060008 -0.050755 0.183186 0.229252 0.148237 -0.008528 0.205813 -0.160748 0.138026 0.043708 0.009856 0.223038 -0.032325 0.164288 -0.138995 
-0.134223 0.245242 -0.151899 0.064558 -0.092359 -0.017478 -0.007597 0.156456 -0.247417 -0.006061 0.080396 0.165857 -0.126314 -0.134534 -0.071171 0.145905 -0.381808 0.153098 -0.131490 -0.292568 -0.203173 -0.012571 0.210819 0.007605 0.044441 -0.211134 0.106150 -0.064248 -0.205639 -0.130731 0.008459 0.060042 -0.055674 -0.112969 -0.004816 -0.073916 0.198237 0.220431 0.027097 -0.086256 0.007505 0.248424 0.016318 0.064209 -0.078981 -0.069562 0.028765 0.090045 0.066363 0.120680 
-0.128626 -0.132425 -0.280409 -0.142794 -0.092867 0.007569 -0.153367 -0.034695 0.173676 -0.074288 0.092013 0.060263 0.253082 0.050028 0.268085 -0.092019 -0.076528 -0.146262 0.221610 0.071982 0.123109 0.121482 0.332982 -0.107115 0.142839 0.001393 0.142505 0.057088 -0.125879 0.194007 0.030374 0.087351 0.029592 -0.286173 0.037321 0.126346 0.127058 0.083037 -0.070870 -0.070917 -0.260429 -0.021244 0.023600 -0.228389 0.083801 -0.131357 -0.001511 0.121567 -0.011188 -0.074924 
-0.122427 -0.060437 0.064882 -0.214231 0.059858 0.047191 -0.062464 -0.038632 -0.176423 0.149875 -0.354507 -0.137499 0.160455 -0.148742 0.044463 0.049885 -0.050331 0.064916 0.000378 -0.010559 -0.074716 -0.126860 0.102637 0.331537 -0.023496 0.095534 -0.049849 -0.226821 -0.248203 0.151368 0.202008 0.117206 0.004248 0.272339 0.195301 0.114449 0.069206 -0.225200 0.095284 -0.027933 0.089858 -0.038165 0.025435 -0.213292 -0.025130 -0.054007 -0.061871 0.161793 0.194562 -0.004229 
-0.123975 -0.263760 -0.047199 0.067782 0.023261 0.105062 0.016733 -0.337897 0.152597 -0.042165 -0.141509 0.220901 0.029852 0.100474 0.208458 0.064889 -0.116399 0.329199 0.119830 0.078995 -0.056731 -0.142450 0.007703 -0.220879 -0.158752 0.245236 0.090392 -0.017106 0.013069 -0.293552 0.104057 -0.049914 -0.054043 0.017721 0.093328 -0.058976 -0.057187 0.046031 0.239820 0.146400 0.034741 0.246615 -0.091582 0.068507 -0.151227 -0.074436 0.061883 -0.055255 0.083590 -0.064620 
-0.139602 -0.144292 -0.148029 0.049602 0.077059 0.105694 -0.336854 0.065102 0.031658 0.141534 -0.195673 -0.089533 -0.043922 0.052954 -0.013583 0.104037 -0.018852 0.010391 0.010600 -0.041933 -0.156714 0.050372 -0.071569 -0.060920 -0.252217 -0.257359 0.061124 0.217914 0.103674 0.191750 0.026151 -0.040076 -0.010269 -0.014922 -0.131359 0.167857 -0.369150 0.187991 -0.100515 0.157380 0.086409 -0.099150 -0.067164 -0.040700 -0.086542 -0.061663 0.057623 0.130090 0.098514 0.362397 
-0.141058 -0.177538 -0.065579 -0.128241 0.199937 0.016585 0.183974 0.079280 -0.124508 -0.297547 -0.037816 -0.162603 0.269393 -0.009229 -0.064266 -0.030670 0.125158 0.067869 -0.114488 -0.237273 0.119816 0.007263 0.191237 0.091173 -0.091272 -0.108597 0.062437 0.109435 0.291858 -0.095055 0.257321 -0.159331 -0.106427 -0.157148 0.029016 0.091384 -0.014352 0.017929 0.065102 0.011007 0.142969 0.076332 0.325551 0.198228 0.137356 0.005853 -0.156103 -0.027178 -0.025215 -0.027291 
-0.121713 -0.045229 -0.053707 -0.007104 -0.127663 -0.106685 0.137942 0.186542 0.174737 0.094260 0.211580 -0.055678 0.218578 -0.158120 0.044551 0.283738 0.123440 -0.009500 0.367981 0.121830 -0.148693 -0.034710 -0.030531 0.032208 -0.119494 -0.172094 -0.053412 -0.022764 0.094826 -0.141159 -0.109323 0.000474 0.035658 0.174296 -0.036637 -0.066450 0.233103 0.132480 -0.112989 0.187642 0.306444 0.085479 -0.005056 -0.216243 -0.033265 0.071547 -0.250550 -0.046179 0.006573 -0.026376 
-0.131152 0.321010 0.143785 0.033103 -0.091456 -0.136904 -0.015081 0.008858 0.132728 0.210939 0.076695 -0.163038 -0.050732 0.101349 -0.005500 -0.080923 0.197039 0.242414 0.058435 -0.092083 0.074831 0.032644 0.238395 0.000069 -0.149161 0.033256 0.096768 -0.050935 0.150394 -0.029517 0.025210 -0.113141 -0.081814 -0.175485 -0.103387 -0.093453 -0.009712 -0.274016 0.222385 -0.107548 0.035852 -0.057379 -0.275552 -0.075730 -0.001728 -0.322645 -0.176699 0.152827 -0.111967 0.144149 
-0.147061 0.257357 -0.069737 -0.265902 -0.126440 0.131269 -0.204271 -0.079573 0.205465 -0.066203 -0.193137 0.148971 -0.209360 -0.126556 0.159737 0.002050 0.015844 0.090542 -0.274942 0.083312 0.067839 -0.072457 -0.006913 0.079850 -0.048201 -0.047616 0.100374 0.134648 0.184131 0.016000 -0.101274 0.174122 0.169397 0.018564 -0.032290 -0.055671 0.202427 -0.032947 -0.020367 0.220080 -0.074888 -0.144719 0.093407 0.172743 0.048593 0.101802 -0.357009 -0.098048 0.072708 -0.068955 
-0.147817 -0.002033 -0.018471 -0.242386 0.170004 -0.040032 0.088634 0.035608 -0.092101 0.008730 0.132840 0.230835 0.010205 -0.297945 -0.215688 0.095946 0.063501 0.157092 0.029295 0.271129 0.065745 -0.032701 -0.127135 -0.039612 0.211680 0.002847 0.315334 -0.037213 0.174854 0.045076 0.011110 0.008025 -0.197297 0.062617 -0.051176 0.131141 -0.100342 0.125585 0.007502 -0.229423 -0.011390 -0.176786 -0.216071 0.013168 0.076304 -0.191066 0.078588 -0.147358 0.244529 -0.035323 
-0.145670 -0.135425 0.117683 -0.083464 -0.028454 -0.286339 -0.079217 -0.040173 0.060859 -0.081818 0.107495 -0.057321 -0.327619 -0.012791 -0.157444 0.084548 0.121145 -0.033623 -0.071359 0.086449 -0.000292 -0.155403 0.161592 -0.127356 0.074574 -0.103041 0.065407 0.084885 -0.204319 -0.137501 -0.107878 -0.148847 -0.199532 -0.204630 0.237227 0.002553 -0.044174 -0.133439 0.078895 0.192169 0.070025 -0.176310 0.146455 -0.157358 -0.027348 0.292225 0.091915 0.218356 0.195970 -0.059540 
-0.157399 0.037890 0.032605 -0.023623 -0.116881 0.174106 -0.139143 0.180122 -0.272640 0.194490 -0.061814 -0.025530 -0.122522 0.299655 0.005101 -0.004125 0.042938 0.040625 0.182010 0.076176 -0.100245 -0.059141 -0.076552 0.000467 0.090956 0.106734 0.004466 0.143288 0.095241 0.011757 0.005760 0.013504 0.243266 -0.316521 -0.118524 0.080317 0.080216 -0.062441 0.085342 -0.191126 0.313249 0.015448 0.182028 -0.056112 -0.059195 0.017294 0.128416 -0.192850 0.156048 -0.304873 
-0.138595 -0.045974 0.149675 0.076665 -0.221020 0.158738 0.055657 -0.020603 0.043772 -0.030932 -0.249821 0.226014 0.192121 0.054833 -0.126754 -0.042992 0.109719 0.170519 -0.082141 -0.238144 0.165874 0.115634 0.076532 0.114350 -0.080602 -0.123218 -0.002653 -0.137031 0.039649 -0.012003 -0.337722 0.099768 -0.218945 -0.036990 0.003225 -0.213001 -0.136544 0.058499 -0.272239 0.030443 0.036283 -0.119186 0.061906 -0.232088 -0.045712 -0.058522 0.204213 -0.060260 -0.010928 -0.228184 
-0.137038 0.102086 0.286946 0.016462 -0.095587 0.237849 0.189107 0.252329 0.023997 -0.202731 0.191397 0.037040 0.016899 0.102545 0.308795 -0.072138 -0.103213 -0.047927 -0.024107 -0.047532 -0.037247 -0.197211 -0.172619 -0.066936 -0.009748 0.017110 0.126992 0.169426 0.000828 0.163741 -0.138502 -0.008723 -0.091885 0.124199 0.162116 0.033378 -0.064975 -0.204865 0.007956 0.092565 -0.010502 0.177334 0.067475 -0.108493 0.286557 -0.126358 0.098116 0.011502 0.189481 0.229478 
-0.136394 -0.082663 0.164525 0.158071 0.010141 0.147972 0.006411 -0.169149 0.019483 -0.016708 -0.035137 0.243554 0.001001 0.001287 -0.328859 0.235808 -0.078692 -0.286523 -0.085626 0.019688 -0.115559 0.117035 -0.043880 -0.275762 0.073713 -0.091914 -0.034304 -0.301943 0.150058 0.077703 0.124904 0.082171 0.145283 -0.151934 0.010449 0.161488 0.102103 -0.271733 -0.001111 0.172885 0.068056 0.041951 0.030729 -0.041671 0.154399 -0.190547 -0.127435 0.088480 -0.104113 0.008077 
-0.149116 -0.012877 0.141821 0.006257 -0.156124 -0.081228 -0.269188 0.192908 0.041084 -0.235520 -0.060868 -0.026440 -0.136904 -0.015043 0.150314 0.239403 0.063732 -0.001428 0.196989 -0.223097 -0.013949 0.011957 0.017832 -0.140179 0.120339 0.144630 -0.225403 -0.122643 0.095711 -0.040321 0.158816 0.108417 -0.368086 0.181702 -0.264431 0.213998 0.026210 -0.092422 -0.024740 -0.107091 -0.194106 -0.049801 0.039590 0.097783 -0.104396 0.097060 0.013931 -0.121120 -0.047498 -0.012112 
-0.136792 -0.000967 -0.143213 -0.023801 0.034830 0.259045 0.076561 -0.116473 -0.236185 0.030594 0.160685 0.101391 -0.047902 -0.211636 0.075251 -0.014352 0.188414 0.088727 0.137760 -0.119100 0.087306 0.273388 -0.034408 -0.022458 0.065915 -0.123160 -0.263738 0.306005 -0.215613 -0.163393 -0.030617 -0.099597 0.080889 0.159707 -0.101293 0.054971 0.093925 -0.206532 0.112430 0.224754 -0.036474 -0.211108 -0.019303 0.099542 0.014564 -0.183264 0.169219 0.127372 -0.030519 -0.060201 
-0.131623 -0.135012 -0.048946 0.361886 0.117511 -0.171681 0.013878 0.010846 0.010060 -0.215847 -0.183492 -0.004758 0.134855 -0.141452 0.078675 0.036822 -0.121531 0.152553 -0.085148 0.182669 -0.187901 -0.068795 -0.265941 0.134753 0.010836 -0.081567 -0.177825 0.274956 -0.041052 0.097054 -0.167975 0.067503 -0.137657 -0.251941 -0.053692 -0.042454 0.127808 -0.195825 0.027530 -0.249269 -0.022567 -0.056267 -0.140426 0.014509 0.039722 -0.009490 -0.152911 0.146015 -0.086667 -0.117260 
-0.157008 0.131197 0.206363 0.055174 -0.093557 -0.086149 0.044198 -0.035351 0.001046 -0.200488 -0.003979 0.096860 0.002963 0.008547 -0.098540 0.090372 0.004151 0.285562 0.212688 0.058762 0.268278 -0.136386 0.080171 0.072026 -0.023521 -0.006916 -0.080086 0.053365 -0.244548 0.052362 0.128178 0.080349 0.356497 -0.079565 0.165033 0.272588 -0.173429 0.096583 -0.256102 -0.023436 0.114717 -0.014012 -0.156174 0.168454 0.099231 0.134663 0.006122 -0.030817 -0.220760 0.116226 
-0.133605 -0.054595 -0.159801 0.116057 -0.228801 0.066743 -0.024700 0.018094 0.196243 -0.233026 0.115226 -0.248584 -0.145763 -0.128750 -0.332560 -0.178316 -0.059760 0.083764 -0.023010 0.116930 0.096774 0.040594 0.080918 0.043772 0.078366 0.004681 -0.142583 0.093533 0.157758 0.245847 0.258444 0.172347 0.077907 0.161180 -0.043751 -0.245606 -0.020693 -0.033456 0.054403 0.066575 0.061285 0.253201 -0.086370 -0.047522 -0.071487 -0.035521 0.194046 0.061421 0.174129 -0.118578 
-0.149482 -0.108391 0.034009 0.088056 -0.146275 -0.034055 0.129858 0.120498 -0.060668 0.330560 -0.158518 -0.069801 -0.013482 -0.229922 -0.001701 -0.290246 0.033505 -0.088242 -0.025832 0.196886 0.026547 -0.109762 0.034384 0.043282 -0.149416 0.101065 0.044167 -0.072301 -0.068566 -0.137632 0.110167 0.026771 -0.180939 -0.212201 -0.260313 0.113978 0.171354 -0.017843 -0.212120 0.259457 -0.120628 0.132291 -0.064181 0.183847 0.241512 0.085654 0.191275 -0.059162 -0.003793 0.078743 
-0.152887 0.079448 0.095123 0.279602 0.158444 0.023137 -0.052048 0.177057 0.239979 0.034902 -0.031925 -0.166953 0.006265 -0.228610 0.120449 -0.042636 -0.079620 -0.053560 -0.304693 0.056551 -0.010492 0.195656 0.202833 -0.174859 0.094643 0.217744 0.062286 0.018979 -0.205041 -0.177346 -0.060018 -0.134810 0.141890 0.174227 -0.079578 0.159083 -0.211323 0.102523 -0.076059 -0.074168 0.205758 -0.026803 0.104123 -0.058707 0.035195 -0.137982 -0.097033 -0.066822 0.032085 -0.233918 
-0.140282 0.087003 0.058611 0.049450 -0.003526 0.119398 0.311728 0.315726 0.142410 0.145476 -0.165335 -0.020366 -0.020262 0.026733 -0.050376 0.023368 -0.070655 -0.140356 0.165678 0.025334 -0.058648 0.019654 -0.086712 -0.020026 0.052643 -0.060301 -0.100776 0.065209 0.002816 -0.151347 0.277528 0.071349 0.021225 -0.138045 0.328476 -0.179358 -0.181725 0.100221 0.036647 0.027896 -0.353741 -0.245126 0.022508 0.105193 -0.227591 -0.081994 -0.135666 0.008279 0.087876 -0.075506 
-0.141250 0.107503 -0.001564 -0.180039 -0.009243 0.035465 0.044820 -0.322564 0.142462 0.191916 0.189917 -0.186507 0.131727 0.110449 -0.009371 0.009609 -0.145578 0.006740 -0.211761 -0.280972 -0.034240 0.024811 -0.231321 -0.119901 -0.029230 0.010196 -0.203964 0.141862 0.042718 -0.195924 0.202331 0.076732 -0.069362 -0.061209 0.046380 0.108675 0.061658 0.030044 -0.257254 -0.182557 0.020155 -0.039284 -0.223382 -0.161805 0.153647 0.190760 0.009193 -0.001737 0.192071 -0.069330 
-0.153523 0.223840 -0.047283 0.006599 -0.153411 -0.051822 -0.212217 0.017096 -0.122660 0.001621 -0.037010 0.115512 0.246859 0.213411 -0.163007 -0.129462 0.197609 -0.233092 -0.147877 0.234756 0.141574 -0.019789 -0.156657 0.001341 0.082193 0.050849 -0.025034 0.182960 -0.060336 -0.234989 0.006241 0.167809 -0.242949 0.161014 0.148808 0.136803 0.001569 0.175480 0.141232 0.004207 0.096127 0.204932 0.038837 0.018131 -0.117037 -0.095817 -0.068542 0.203508 -0.160342 0.052334 
-0.136898 0.195077 -0.122588 0.121877 0.054544 0.241836 0.079081 -0.278389 0.056368 -0.106260 -0.031988 -0.091613 0.034058 0.028564 -0.007692 -0.285049 0.303108 -0.042165 0.148108 0.001701 -0.313881 -0.101958 0.087690 -0.090888 0.218662 -0.179275 -0.055720 -0.211315 -0.231083 0.141057 -0.073440 -0.016577 -0.166071 -0.051194 -0.016890 -0.002871 -0.084229 0.051135 0.015283 -0.055721 0.101837 0.010245 -0.015907 0.151329 -0.025135 0.129990 -0.181309 -0.233509 0.134572 0.116587 
-0.137795 -0.103333 0.195588 0.120386 -0.028166 -0.006150 0.089341 -0.281275 0.098056 0.205083 0.178480 0.059872 -0.178747 0.012668 0.281751 0.079694 0.030752 -0.054291 -0.005490 0.193780 0.030730 0.077015 0.108726 0.304322 0.045176 -0.235075 -0.086434 -0.093169 0.176366 -0.064012 0.022487 0.164896 0.010273 0.066327 -0.059175 -0.004344 -0.108991 0.113031 0.012269 -0.305392 -0.006191 0.057746 0.323255 0.168026 0.042265 -0.020047 0.098743 0.230880 0.052813 0.073054 
-0.121445 0.045272 0.005105 0.129219 0.008263 0.134567 -0.274125 -0.111272 0.102520 -0.121985 0.032822 -0.161756 -0.074869 -0.145572 0.024406 0.128559 0.132921 -0.018719 0.032524 -0.044719 -0.043187 0.113086 -0.311686 0.343838 0.131572 0.107185 0.276221 -0.073909 -0.051380 -0.151299 0.194392 -0.209682 0.013577 -0.155159 0.171967 -0.168604 0.136991 0.065064 -0.054458 0.023998 -0.051694 -0.012296 0.093113 -0.174348 0.051631 -0.070831 0.172950 -0.173239 -0.216256 0.173810 
-0.127495 0.054612 0.037345 -0.060174 0.178749 -0.046496 -0.183233 0.025443 -0.225991 0.094121 -0.032506 0.079954 -0.045337 -0.009417 -0.015795 -0.190501 -0.018464 0.194828 0.127513 0.171296 -0.221140 0.245896 0.142556 -0.142723 0.070471 0.043365 -0.070708 0.057382 0.259395 -0.026753 -0.032448 -0.171718 -0.005568 0.159754 0.288548 -0.152237 -0.028434 -0.176795 -0.397827 -0.052889 -0.164399 0.230967 0.061390 -0.038849 0.044293 0.146438 -0.077080 0.045289 -0.104995 0.022748 
-0.160395 0.100918 0.047358 -0.248670 0.164112 -0.036236 0.164443 -0.111679 -0.071985 -0.218480 -0.036011 -0.076379 -0.004243 -0.086649 -0.052282 -0.088724 -0.188774 -0.191502 0.134282 0.029592 -0.127993 0.056729 0.046086 0.108465 -0.006989 0.094419 0.100695 0.069705 0.031120 -0.282939 -0.142205 0.321689 0.122330 -0.085236 -0.321802 -0.055136 -0.296212 -0.160177 0.067962 0.043654 -0.027593 0.053885 0.009062 -0.247867 -0.145491 0.119218 0.039581 -0.041911 -0.165938 0.143188 
-0.147140 0.123329 0.047569 0.215549 0.264676 0.227015 0.021954 0.025720 0.014846 0.100430 0.149655 -0.033443 0.180744 0.034465 -0.068860 0.206592 0.074783 -0.010405 -0.054989 0.048998 0.257663 0.081995 0.028357 -0.003794 -0.200885 -0.008630 0.265194 0.014129 -0.058118 0.160459 -0.046853 0.004941 -0.000535 0.023380 -0.067838 0.071320 0.159287 -0.187471 0.022797 -0.046244 -0.213664 0.139078 -0.016319 0.053435 -0.371090 0.394556 0.052707 0.014337 0.103158 -0.026250 
-0.143126 -0.102877 -0.103468 0.044875 -0.075079 -0.156967 0.059369 0.079407 -0.249739 0.039153 0.215624 -0.085031 0.104451 0.196299 0.163578 0.029876 -0.025093 0.330858 -0.249937 0.164556 0.103172 0.246477 -0.184813 -0.102515 0.136765 0.070630 -0.056448 -0.269065 -0.115320 0.095129 0.101659 0.183089 0.004307 -0.078566 -0.096177 -0.157996 -0.135963 0.008218 0.044230 0.237634 -0.011384 -0.145735 0.134703 -0.081704 -0.006391 0.070909 -0.175045 -0.100323 0.024318 0.173965 
-0.152920 0.106908 -0.052520 0.198529 -0.103138 -0.154833 0.191967 -0.153173 -0.117905 -0.068100 -0.161217 -0.160313 0.032392 -0.012011 0.034074 -0.161966 -0.083491 0.023808 0.024120 -0.001557 -0.037466 -0.114072 0.001614 -0.314650 -0.062107 -0.007696 0.171904 -0.006528 0.226025 0.040194 -0.007202 0.026513 0.130095 0.242370 0.075272 0.078010 0.314225 0.111018 0.035939 -0.090407 0.015412 -0.403890 0.175096 -0.088494 -0.099698 0.027638 0.248342 0.034921 -0.127650 0.145144 
-0.135996 -0.092143 0.120464 -0.165746 -0.322299 0.138197 -0.121249 -0.042505 -0.137387 -0.139484 0.201652 -0.160302 0.091459 -0.053324 -0.099263 -0.107487 -0.102836 -0.010094 0.054269 0.050198 -0.181114 -0.018888 -0.196460 -0.042819 -0.307194 0.001029 0.171409 -0.201786 -0.121020 0.002847 -0.069479 -0.230750 0.084276 0.061921 -0.107600 -0.039072 -0.141475 0.081077 0.024361 -0.122998 -0.176470 -0.081984 0.021791 0.198510 0.020026 0.024355 -0.151842 0.271280 -0.081197 -0.281041 
-0.153287 0.041698 0.130189 -0.020363 0.265445 0.076856 -0.148601 0.049057 0.018998 -0.179168 0.011569 -0.074002 0.096193 0.356115 -0.161680 0.061466 -0.168409 -0.027432 -0.010028 0.253957 0.006708 -0.049519 0.210209 0.147595 -0.082623 -0.006821 -0.295111 -0.098607 -0.013998 -0.152546 -0.129484 -0.168606 0.048822 0.073135 -0.131220 -0.121282 0.232257 0.186939 0.059930 0.068698 -0.154651 -0.182506 -0.102550 0.022484 0.195169 -0.096316 0.111585 -0.094961 0.180274 0.107294 
-0.145376 -0.049986 -0.215239 0.050854 0.168236 -0.089053 -0.048912 0.191137 0.221978 -0.022271 0.209823 0.201546 -0.083027 0.095188 -0.006610 -0.407478 -0.131313 0.051218 0.049885 -0.182577 -0.024776 0.007919 -0.178542 0.280988 0.001012 0.042403 -0.047273 -0.307409 0.149988 -0.071244 -0.115785 -0.024159 0.054195 -0.001432 0.116724 0.343213 0.037332 -0.096041 0.001490 0.113888 0.093080 -0.088880 -0.036305 0.055617 -0.182386 0.025912 0.040227 0.109471 0.026408 -0.037240 
