-0.138706 0.004631 0.079277 -0.099536 -0.093765 0.251232 -0.054277 0.023129 -0.371949 -0.096364 0.224898 -0.083304 -0.085556 0.072027 -0.086822 0.024182 -0.079806 -0.018773 -0.180019 0.012458 0.099502 0.221369 0.086879 -0.180811 -0.091560 -0.238803 0.063936 -0.208962 0.016227 -0.041775 0.225499 -0.133671 -0.069054 -0.056654 0.132284 0.026846 -0.132487 -0.027383 0.152196 -0.034947 -0.205421 0.158338 0.015584 0.080844 -0.168344 0.306276 0.139255 -0.123865 -0.200216 -0.034042 
-0.151080 0.155611 -0.031783 0.059834 -0.144414 -0.082774 0.035046 -0.094926 0.022324 0.073172 0.137042 0.264247 0.332983 -0.322271 0.087844 -0.104002 0.187728 -0.150113 -0.022735 0.150991 0.134218 0.031354 0.057283 -0.185090 -0.075853 -0.140666 -0.270128 -0.124172 0.091671 0.071171 0.010878 -0.024586 -0.210673 0.051905 -0.012412 -0.062605 0.152356 -0.139802 0.022749 -0.029523 -0.151165 -0.282295 0.105016 -0.099668 -0.068323 -0.233517 0.104227 -0.006994 -0.154758 0.063932 
-0.135557 0.098453 0.112050 -0.178278 -0.024637 0.194900 0.142544 -0.085211 0.164960 -0.131467 0.190137 -0.139689 -0.058776 0.087392 0.098548 -0.070347 -0.215634 -0.009747 0.135662 -0.000243 0.445268 -0.078884 -0.202977 0.133976 -0.223918 -0.102952 -0.013447 0.073735 0.038281 0.265781 -0.132342 0.053341 0.182549 -0.014007 -0.120856 0.117105 0.194779 -0.138162 0.136675 0.064354 0.015871 0.011832 -0.244604 0.042483 -0.134797 -0.127384 -0.084468 -0.042730 -0.001005 0.031286 
-0.125643 -0.106397 -0.123748 0.101646 -0.030984 0.040185 -0.168794 0.087104 -0.032995 -0.116004 0.228974 0.091603 -0.216145 -0.174977 -0.023056 0.070230 0.269114 -0.166243 -0.152757 0.080921 0.196402 -0.187257 0.057569 0.026733 -0.033502 0.044451 0.136507 -0.050106 0.143297 -0.018979 -0.149073 -0.105248 0.131766 -0.220837 0.240143 0.163996 0.163278 0.159659 0.003423 0.199505 0.067204 -0.161585 -0.011828 -0.016952 0.116252 0.148878 0.087772 0.195957 0.321617 -0.073830 
-0.152962 0.212166 0.040199 0.129912 0.071799 -0.109961 0.106803 -0.017127 -0.128168 0.076588 0.237289 -0.033623 -0.044214 0.134491 0.058514 0.071453 0.063913 0.443115 -0.067780 0.108112 -0.070245 0.102932 -0.164727 -0.043781 -0.009015 -0.162430 -0.106007 0.139071 0.001967 -0.167210 -0.146472 -0.118872 0.024426 0.330027 0.060434 -0.192150 -0.101025 0.010826 0.130653 0.114983 0.203586 -0.250117 -0.176819 -0.020904 0.067282 0.121988 0.054617 0.043904 0.152868 0.140923 
-0.147497 -0.162663 -0.140235 0.202136 -0.129853 0.059787 -0.158872 0.214238 0.060597 0.114606 0.135881 0.018275 -0.037507 0.017337 -0.042987 -0.038943 -0.131939 -0.070106 0.284693 0.367637 -0.233172 0.118212 -0.002285 0.153938 0.110521 0.081612 0.096578 0.093038 -0.025027 -0.063981 -0.209409 -0.151218 -0.052212 -0.085235 0.125808 0.135811 -0.011087 -0.332249 0.042118 -0.082824 -0.021709 -0.090222 -0.107526 -0.063516 -0.194646 0.062356 -0.224355 -0.148059 -0.129900 0.040164 
-0.131809 0.020223 0.019152 0.240939 0.188531 -0.106762 -0.059197 -0.035989 0.000467 -0.009871 0.040767 0.229103 -0.071572 0.283675 0.140679 0.012590 -0.196988 -0.015572 0.142384 -0.157353 0.041659 -0.081439 0.028216 -0.193344 -0.069244 -0.026529 -0.024027 -0.222692 0.104075 -0.422415 0.155876 -0.183399 0.068186 -0.114340 -0.290120 0.181136 0.220009 -0.023813 -0.055902 -0.022572 0.010195 -0.075307 0.055600 0.141662 0.073341 -0.074285 -0.088501 -0.194230 0.076738 -0.013744 
-0.144859 -0.102602 -0.138476 -0.052653 0.326326 0.168479 -0.262095 -0.020749 0.125979 -0.046713 0.042768 0.215733 0.064884 -0.081324 -0.005929 -0.270842 -0.070926 0.047078 0.162467 -0.103057 -0.044935 0.136747 0.039968 0.062625 0.073230 -0.152401 -0.017954 -0.086638 0.108540 0.006197 0.171252 0.284257 0.165264 -0.027159 -0.110389 -0.169009 -0.202552 -0.094602 0.074253 0.034735 -0.133209 -0.002203 -0.054725 -0.176612 -0.035055 0.146530 -0.025231 0.270296 0.204383 0.217801 
-0.144497 -0.006730 -0.002826 0.126452 0.225574 -0.050869 -0.220882 0.064810 0.007276 0.142342 -0.051095 -0.251352 -0.038762 0.209245 0.088401 0.195270 -0.055418 0.037984 -0.171744 0.013815 0.077179 0.159467 0.146483 0.040312 0.188080 -0.086901 0.000901 0.241428 0.102127 0.238584 0.064894 0.041862 -0.236151 -0.139301 -0.163101 0.167663 0.183947 -0.080600 -0.145145 0.208350 -0.033652 -0.053497 0.016914 -0.084313 0.097184 -0.057149 0.253356 0.146457 -0.212245 0.163100 
-0.141515 0.045432 -0.017282 -0.225754 0.057025 0.192797 -0.005590 -0.065668 -0.031935 0.099012 -0.238662 0.115319 0.110539 0.068294 -0.060157 -0.018026 0.054655 -0.070761 0.119966 -0.071630 -0.245124 -0.266903 -0.246748 0.042355 0.088994 -0.240739 0.073767 0.039653 -0.076500 -0.109503 0.208792 -0.017865 -0.167441 0.023783 0.305864 0.217401 0.150681 -0.023791 0.013151 0.081313 0.173118 -0.092392 -0.166408 0.249276 -0.177544 -0.075577 0.170915 0.168169 -0.024219 0.026162 
-0.146257 -0.071150 -0.055977 0.016980 -0.133561 -0.066780 -0.226623 -0.273842 0.040645 0.047810 -0.074788 -0.225487 -0.102056 -0.139053 0.036173 0.053945 0.014764 0.163183 0.070049 -0.276563 -0.075138 -0.175693 -0.098006 -0.016291 0.173788 0.011034 -0.150067 -0.106240 0.399134 0.067547 -0.223751 -0.133611 0.050790 -0.112479 0.060269 -0.129001 -0.069476 -0.206987 0.148363 -0.237411 0.032193 0.143588 0.070345 0.123792 -0.012036 -0.037029 0.237023 -0.117240 0.025002 0.032365 
-0.144068 0.050747 -0.206396 0.093787 -0.134449 -0.032004 0.131571 -0.113084 0.164094 -0.130521 0.156395 -0.255723 0.222128 0.142720 -0.071652 0.091752 -0.220123 -0.049691 0.111996 0.121162 -0.217869 -0.161659 0.107719 -0.083374 -0.130578 -0.222032 -0.158903 -0.126202 -0.149740 -0.020177 -0.211765 0.227248 -0.038684 -0.148219 -0.088037 0.192691 -0.215281 0.176446 -0.029509 -0.026309 0.004764 -0.021609 0.140874 0.042398 0.085994 0.111155 0.127110 0.202924 0.037123 -0.117767 
-0.141685 0.044742 0.286963 0.097384 0.068691 -0.065329 -0.035806 0.012587 -0.149282 -0.253214 -0.109911 -0.169198 0.068020 0.023025 -0.282251 -0.148555 0.007393 0.010638 0.037464 0.137044 0.101682 -0.285046 0.276939 0.003978 0.119509 -0.060362 -0.173040 0.202786 -0.062603 -0.107610 0.070433 0.140511 0.175731 -0.023899 0.148227 -0.196319 0.250814 -0.117592 -0.184450 -0.268048 -0.051724 -0.081888 -0.076107 0.032449 0.074409 0.145313 -0.056691 -0.023019 -0.034539 0.037784 
-0.139726 0.061161 -0.098076 0.212316 -0.097585 0.299844 0.026305 0.180712 0.026406 -0.225838 0.012103 -0.098202 0.031687 -0.011667 0.188911 0.115741 0.063026 0.042507 0.145617 -0.115943 0.122982 0.103163 -0.129432 -0.235224 0.172281 0.146989 0.006124 0.321133 -0.001151 0.034752 0.211490 0.118685 -0.098742 -0.054674 0.051478 -0.110091 -0.033261 0.116350 0.150123 -0.135982 0.095807 -0.113624 0.343816 0.193024 -0.105690 -0.077860 -0.182869 0.066919 0.084149 -0.042735 
-0.144187 -0.157240 0.258640 0.070061 -0.150991 -0.144281 0.089840 0.014329 0.112548 0.002486 0.205305 -0.074071 -0.253586 -0.185844 0.044161 -0.229344 -0.056235 -0.133639 -0.060213 -0.063146 -0.098945 -0.041583 -0.220461 -0.069442 0.064902 -0.054273 -0.067539 0.107211 -0.044687 -0.120873 0.189438 0.050815 0.221127 0.081666 0.031383 0.049777 -0.197197 -0.211036 -0.218711 0.338488 0.082651 0.068516 0.227966 0.036172 0.087940 -0.076323 0.032073 0.098872 -0.223611 -0.034530 
-0.139846 0.145479 -0.011288 -0.189673 0.203344 -0.037132 -0.105449 -0.172467 -0.055698 -0.095700 -0.060279 0.117516 0.005328 0.043644 0.190307 -0.056971 -0.132312 0.083805 -0.158228 0.278204 0.043813 -0.150337 0.213842 -0.056990 0.216576 0.174250 -0.217622 0.015784 -0.211011 0.082572 -0.088592 -0.169916 -0.027846 0.058807 0.130636 0.111202 -0.125671 -0.105881 0.094056 0.239431 -0.046413 0.274610 0.222212 0.098619 -0.124799 -0.103669 -0.145561 -0.017894 0.207981 -0.022011 
-0.149294 0.162874 -0.075922 0.235488 0.188365 -0.011242 0.104204 -0.000695 -0.095678 0.072577 -0.134767 -0.213658 0.114378 -0.326586 -0.090447 -0.049140 0.069084 0.267517 0.155154 -0.174404 -0.045260 0.022840 0.032756 -0.039145 -0.344172 0.277380 0.118108 -0.012569 -0.105721 -0.011278 0.062113 -0.075025 0.043141 0.082028 0.032382 0.240275 0.135652 -0.200003 0.084705 0.106124 -0.181496 0.139027 0.010316 -0.055753 -0.005173 0.100315 0.012345 0.184852 -0.031217 -0.153467 
-0.131262 0.019100 0.120930 0.000258 0.180894 -0.099067 -0.040056 0.261074 0.050838 0.207132 0.241476 -0.035101 0.133977 -0.135956 0.073652 0.315863 0.174291 0.018621 -0.093421 -0.130467 -0.105215 -0.266341 0.185834 -0.106093 0.086232 0.004369 0.068214 -0.121969 -0.173174 0.138673 0.094654 0.133286 0.270918 -0.114820 -0.080408 -0.010797 -0.176797 0.040594 0.118221 -0.040320 0.106944 -0.007556 -0.228947 0.067671 -0.219555 -0.129365 -0.091516 -0.151927 -0.122121 0.012387 
-0.139661 -0.294359 -0.003982 0.083213 -0.118464 -0.033728 -0.084559 -0.097342 0.214272 0.089546 -0.146931 0.063177 0.073476 -0.044317 0.191725 -0.086556 -0.054247 0.158475 -0.004860 0.058627 0.205428 0.036615 0.149185 -0.169119 -0.082559 -0.206218 0.131985 0.157294 -0.212657 -0.054588 0.140496 0.011957 -0.073597 -0.022134 0.124376 -0.033771 -0.001608 0.001609 0.080959 -0.079182 0.288346 0.179492 -0.141847 -0.306698 0.074599 -0.000389 0.173468 -0.182349 0.098605 -0.308157 
-0.150774 -0.007911 -0.240602 -0.050340 -0.064077 -0.048956 0.417496 -0.071143 0.070435 0.053294 0.000665 0.104173 0.002814 0.104622 -0.117836 -0.190890 0.174310 0.114088 -0.333660 0.145054 -0.052208 0.199824 0.070830 0.104726 0.056196 0.139523 -0.008673 0.103501 0.086962 -0.126578 0.129523 0.088153 0.167771 -0.363043 -0.082446 0.062896 0.046979 -0.114222 0.191195 -0.142117 0.087836 0.122256 -0.078827 0.187877 0.055331 -0.095562 0.063609 0.050406 -0.040623 0.087854 
-0.134702 0.254712 0.031739 0.112696 -0.155751 0.224353 -0.177170 -0.110914 0.273562 0.049492 -0.000173 -0.134508 0.128646 0.058583 -0.095752 -0.110110 0.097645 0.001045 -0.176647 -0.082478 -0.096292 0.013431 0.061326 0.055533 -0.256079 0.064329 -0.018934 -0.017275 0.067119 -0.070250 0.063514 -0.156366 -0.024933 -0.093315 0.089168 -0.080002 0.004319 0.211991 -0.293695 0.118263 0.195661 0.183929 0.024429 -0.142587 -0.172093 0.006909 -0.199843 -0.146365 0.013678 0.350804 
-0.156737 0.034678 -0.089248 -0.104931 -0.010469 -0.387589 -0.075566 0.073270 0.006155 -0.118286 0.069362 0.113336 0.050602 -0.076371 0.123516 -0.039576 -0.124712 -0.054683 -0.026494 -0.082167 0.064715 -0.146016 -0.144487 0.201124 -0.098157 0.137266 -0.087193 0.383439 0.095767 -0.066967 0.171251 -0.107069 -0.077212 0.041740 0.016539 0.225309 -0.204421 0.318155 0.035163 -0.218186 -0.219433 0.018612 -0.101704 -0.087963 -0.094437 0.168906 0.091256 -0.067512 -0.084841 0.108874 
-0.143847 0.160493 -0.081512 0.031127 -0.105205 -0.033630 -0.047333 0.022013 -0.107735 0.087887 -0.153385 -0.315350 -0.114909 0.055044 0.309262 -0.236950 0.311407 -0.177288 0.117487 0.289317 -0.122317 -0.089079 0.028671 0.095278 0.015881 -0.115850 0.065982 -0.109636 0.185184 0.094386 0.237301 0.064940 -0.005963 0.167500 -0.207418 -0.018837 -0.044156 0.110597 0.068410 0.055078 -0.105040 0.061619 -0.143790 0.083256 0.160046 0.015642 -0.128727 -0.124903 0.111409 -0.148180 
-0.121534 -0.041576 0.093019 -0.099952 -0.237486 -0.192355 -0.057381 0.289349 0.002589 -0.012418 -0.081645 0.023202 0.079828 0.135192 -0.124297 0.006595 0.088749 0.170833 0.097202 0.019227 0.172791 0.047606 -0.198643 -0.091347 0.182852 0.116640 -0.181377 -0.396588 -0.020670 0.130761 0.093400 0.113385 -0.035906 0.088743 0.056016 0.292055 0.102638 0.011526 0.080806 -0.067291 0.199447 0.158808 0.048143 -0.174236 0.160420 0.137686 -0.127301 0.100460 -0.001257 0.214045 
-0.142428 0.165866 -0.041136 -0.200544 -0.070920 -0.124606 0.095015 0.221680 0.096129 0.127851 -0.171190 -0.038213 -0.295880 0.081834 -0.091580 0.088372 -0.099465 0.046692 0.286294 0.178314 0.037400 0.040831 0.105039 -0.007430 -0.108274 0.106678 0.029534 -0.101184 -0.026358 -0.033556 0.116254 -0.018828 0.193918 -0.078029 0.076241 -0.242708 0.035519 0.112922 -0.025254 0.073432 -0.084153 -0.123185 0.223500 -0.138884 -0.258917 -0.138069 0.396386 -0.034413 0.090641 0.048042 
-0.139849 0.223634 -0.010910 -0.110364 -0.029571 0.006157 -0.266439 0.175419 0.132684 -0.029769 -0.180019 -0.086050 -0.036154 -0.065799 0.075189 -0.202928 0.090447 -0.077953 -0.183390 -0.087213 0.164895 0.051333 -0.156676 0.009361 0.117582 -0.005021 0.130387 -0.077024 -0.391247 -0.327802 -0.358766 -0.032721 -0.034062 -0.063915 -0.236452 -0.122404 -0.001963 0.015299 0.099034 -0.067047 -0.051499 -0.050937 -0.018944 0.087505 0.007260 0.068174 0.073330 0.111411 -0.197576 -0.046530 
-0.137035 -0.011513 0.168020 0.117488 -0.193961 -0.101547 0.093212 -0.269676 0.029813 0.140828 -0.082285 -0.125709 -0.069490 -0.090949 -0.175023 -0.012867 -0.277338 -0.320899 -0.105147 -0.170702 -0.067663 0.166720 0.176192 -0.075952 0.259706 0.084073 0.083301 -0.013301 -0.078051 0.037920 0.057293 -0.081653 0.022765 0.171252 -0.066902 0.061155 0.101042 0.156837 0.320546 0.013377 -0.015248 -0.185078 -0.137359 -0.076411 -0.132392 0.011387 -0.102251 0.132131 0.213474 0.089429 
-0.126151 -0.004966 -0.111029 -0.112361 -0.121686 -0.018616 -0.126090 -0.043787 0.136628 0.029201 0.004435 0.024808 -0.117241 0.307004 -0.329277 0.089631 0.191610 -0.026763 -0.084768 -0.114296 0.174364 -0.126028 0.108105 -0.079441 -0.173513 0.082699 0.109023 0.057122 -0.034285 0.048799 0.120767 -0.085587 -0.146595 0.207011 -0.060558 0.041622 -0.367114 -0.345882 -0.097962 -0.128941 -0.107337 -0.195653 -0.031082 0.026468 0.081034 -0.164348 -0.107219 0.110272 0.114236 -0.099406 
-0.162245 -0.096461 0.014205 0.163820 0.231654 -0.024541 0.134803 -0.122301 0.025619 -0.191068 -0.173328 -0.116588 0.235917 0.088601 -0.037059 0.113924 0.095970 -0.079596 -0.041283 0.113638 0.123938 0.214953 -0.331503 0.030556 0.219748 0.009416 -0.007283 -0.198304 0.032503 0.042415 0.018241 -0.265965 0.217977 -0.064358 0.099914 -0.022490 -0.199334 0.096068 -0.270446 -0.040833 -0.111376 -0.060103 -0.142322 -0.140738 -0.135141 -0.126747 0.007647 0.038157 -0.006174 -0.221732 
-0.143841 -0.222280 -0.312834 -0.001683 -0.090591 0.154744 0.057799 -0.179243 -0.112003 0.179955 0.125682 0.015792 -0.153644 0.181661 0.175126 0.008996 -0.019690 0.102436 -0.197488 -0.057872 -0.091632 -0.271732 -0.171295 -0.062853 0.055256 0.169563 -0.055601 -0.072807 -0.201510 0.047447 0.019858 0.130473 0.067639 0.135465 0.004164 -0.165558 0.300073 0.069421 -0.151529 -0.095916 -0.250431 -0.024349 0.018410 -0.249855 -0.093553 0.064875 -0.089044 0.061169 -0.135521 -0.020043 
-0.128294 -0.011994 -0.250561 -0.187278 -0.017701 0.129543 0.036415 0.136773 -0.032005 0.072879 -0.210607 -0.011614 0.013060 -0.297335 -0.141056 0.218456 -0.094425 -0.082370 -0.168069 -0.018331 -0.020924 0.108938 -0.115615 -0.056034 0.008089 -0.109369 -0.255886 0.126571 -0.033472 0.017815 0.009449 0.039772 0.135122 0.095977 -0.254118 0.116869 0.053289 -0.144780 -0.235281 0.057134 0.076162 -0.093851 0.024680 0.058226 0.021988 0.257108 -0.014571 -0.359559 0.259660 -0.037688 
-0.162468 -0.040978 0.193083 -0.256627 0.164864 -0.222764 0.185676 -0.122477 -0.041926 -0.069854 -0.001831 -0.027427 -0.066836 -0.055040 0.029304 -0.050546 0.054808 -0.007460 0.027766 0.091169 -0.120764 -0.066310 -0.143637 -0.322087 -0.069859 0.080826 0.290918 0.014659 0.118325 0.102128 -0.097544 0.041243 -0.342277 -0.284498 -0.174698 -0.122664 0.006213 -0.087879 -0.122581 -0.019781 0.133926 -0.067579 0.039155 -0.117019 -0.166032 0.262350 -0.168363 0.019824 0.082421 0.017527 
-0.140272 0.078712 -0.034653 -0.063766 -0.161249 -0.090042 -0.117617 0.069694 0.083512 -0.256962 -0.114485 0.137637 0.103325 0.073674 -0.012995 0.043309 -0.212192 0.144409 -0.150129 -0.119128 -0.133056 0.021633 0.085656 0.163212 -0.025282 0.173537 -0.039477 -0.116310 0.239868 0.054262 0.065843 0.146088 -0.045629 -0.031458 0.075757 -0.203824 0.063258 -0.016195 0.096731 0.355309 0.063898 -0.220321 -0.127719 0.033751 0.001132 0.091183 -0.127209 -0.052978 -0.224743 -0.409871 
-0.136200 -0.322083 -0.096687 -0.081774 -0.092033 0.022319 -0.056287 -0.054681 -0.095241 -0.295307 -0.180943 0.088271 0.014660 -0.026226 0.139461 -0.012399 0.058134 0.024484 0.114316 0.064731 -0.088089 0.101992 0.231220 -0.237362 -0.179899 0.121214 0.078595 0.014510 -0.021308 0.147401 -0.131553 -0.156189 0.217744 0.239216 -0.142216 0.017066 -0.012331 0.126175 -0.110546 0.021732 0.157769 -0.056971 -0.135700 0.253952 0.004588 -0.027250 0.098041 0.114416 -0.240066 0.276850 
-0.150550 -0.139953 0.051229 0.045791 0.148850 0.049902 -0.040271 -0.162045 -0.242498 -0.001788 0.119023 0.008254 0.093503 0.064025 -0.108410 -0.047260 0.136092 -0.136026 0.058383 -0.008000 0.059742 -0.031006 0.007928 0.482550 -0.071853 0.144015 -0.018730 -0.068763 -0.116840 0.036619 0.043989 0.001468 -0.051005 0.125352 -0.245106 -0.027585 -0.015898 0.003906 0.119948 -0.052522 0.424851 -0.082405 0.345001 -0.069246 -0.128302 0.070631 0.155320 -0.091467 -0.061793 -0.096625 
-0.142625 0.054416 -0.158251 0.091268 -0.076467 -0.121510 -0.067468 -0.060613 -0.489452 0.248602 -0.163044 0.073241 0.189824 0.076230 -0.114424 -0.030644 -0.164072 -0.137166 0.059330 -0.039357 0.215904 -0.051296 -0.133048 -0.097231 -0.079239 -0.014725 0.208012 0.115641 0.046037 -0.005353 -0.177976 0.237664 0.134009 -0.144065 0.132028 -0.098949 -0.182702 0.046864 0.017158 0.200253 0.034247 0.056270 0.039278 -0.006895 0.150313 -0.165434 -0.121161 -0.106860 -0.046780 0.136233 
-0.156299 -0.100789 0.180953 -0.254646 0.134661 0.120657 -0.111384 0.232000 -0.071446 0.128562 0.149107 -0.105896 0.137505 0.099060 -0.049249 -0.174475 -0.036676 -0.062608 -0.129382 -0.010072 -0.175264 0.167346 0.024217 -0.165231 -0.097531 0.128175 -0.055115 0.103271 0.302488 -0.152612 -0.235952 0.134081 0.048778 0.213126 0.046659 0.134335 0.111498 0.140682 -0.035052 -0.167985 0.010285 0.082615 0.044203 -0.078748 -0.035913 -0.287776 0.044610 0.048485 0.113904 -0.263120 
-0.151178 0.226664 -0.031864 0.120040 -0.110218 -0.043837 0.123253 0.000506 -0.106183 -0.111410 -0.040831 0.282544 -0.219493 0.017089 0.016669 0.288944 0.152655 -0.175012 0.126088 -0.116911 -0.000900 0.076336 0.126694 0.066727 0.071587 -0.163574 -0.077918 0.100618 0.104422 -0.100211 -0.166043 0.121325 -0.039698 0.123847 -0.102765 -0.037234 0.037082 -0.067613 -0.127228 -0.030839 0.089822 0.443129 -0.126105 -0.151541 -0.221784 0.001952 -0.048991 0.234601 -0.057522 -0.131664 
-0.126795 -0.071593 0.294884 0.004220 0.025222 0.077365 0.066131 -0.099204 0.148920 0.032288 -0.196594 0.176942 -0.012832 0.270919 0.049682 0.065846 0.361338 -0.073372 0.081618 -0.148170 -0.159796 0.087729 -0.008595 -0.021888 -0.102528 -0.071709 -0.123623 0.168746 -0.071839 0.097254 -0.212500 0.060540 0.166124 -0.081083 0.105607 0.129998 -0.014174 0.025507 0.246066 0.121166 -0.282357 -0.094954 0.177359 -0.102041 0.100768 0.200572 -0.019929 -0.230252 -0.056395 0.018709 
-0.132201 -0.076748 -0.211553 -0.161300 0.107502 -0.233637 -0.056576 -0.087317 -0.024578 -0.380501 0.192761 -0.173036 -0.114414 -0.087913 -0.134525 0.071221 0.132755 0.000985 0.092230 -0.159601 -0.150817 0.215593 -0.020519 0.082211 0.009511 -0.145818 0.080189 -0.042973 -0.230372 -0.071933 0.019546 0.106318 -0.150232 0.016663 0.141693 -0.028775 0.193213 0.032681 0.051787 0.078177 -0.082761 0.061304 -0.007751 -0.056334 0.125004 -0.345087 -0.100342 -0.278572 0.061066 0.118120 
-0.142384 -0.141313 0.309054 -0.030137 -0.151738 0.063542 -0.081014 -0.049408 -0.212090 0.093249 -0.081969 -0.012247 -0.100435 -0.104219 0.268336 0.190085 -0.054543 0.051823 0.000015 0.005933 -0.046161 0.178263 -0.014825 0.239238 -0.257042 0.134395 -0.280269 -0.094095 -0.189279 -0.093380 0.049909 0.107644 -0.149710 -0.281055 0.036202 -0.045492 -0.104717 -0.033034 -0.130714 -0.106392 -0.064546 -0.091220 -0.176874 0.113036 0.091051 -0.142390 -0.069242 0.173660 0.207975 0.042989 
-0.134660 -0.001933 -0.125562 0.003204 0.243100 -0.077767 0.209215 0.238959 0.046373 0.049252 -0.186622 -0.044881 -0.146384 -0.019669 0.190432 -0.030782 -0.177572 -0.163631 -0.196853 -0.132415 -0.024935 -0.010925 0.103508 0.128512 -0.204864 -0.283524 -0.016835 -0.127369 0.051806 0.148534 -0.055944 -0.189526 0.011720 0.058223 0.281711 -0.086231 -0.009394 -0.060619 0.069350 -0.253846 0.153562 -0.077109 0.207875 -0.043304 0.140865 0.003464 -0.256783 0.124121 -0.107853 0.060201 
-0.132270 0.024289 -0.074169 -0.352718 0.074688 0.138343 0.091578 -0.097932 0.056401 0.251997 0.194602 -0.046147 0.063549 -0.062513 -0.067885 0.093553 0.025199 -0.077735 0.356018 -0.065533 0.107529 0.051105 0.139832 -0.020506 0.162049 0.110932 -0.155272 0.091761 0.002324 -0.102270 0.053394 -0.306976 -0.019834 -0.102087 0.013112 -0.161407 0.002680 0.152483 -0.027719 0.074413 0.054178 0.047624 -0.073277 -0.020761 0.388211 0.114192 -0.146199 0.091689 -0.216259 -0.113589 
-0.147444 -0.100289 0.065078 0.181243 0.021565 0.019937 -0.062822 0.110520 -0.031434 0.095920 -0.031898 0.209150 -0.217795 -0.097052 -0.392503 -0.198425 -0.032428 0.254762 0.012263 0.041199 -0.067384 -0.060561 -0.107906 0.001720 -0.027428 -0.218890 -0.127855 0.049380 -0.076891 0.327492 -0.045269 -0.180835 -0.126883 -0.113822 -0.215578 -0.063703 0.020227 0.341567 0.016777 0.001619 -0.086559 0.091245 0.010812 0.161370 -0.012498 -0.161912 -0.113330 0.023443 -0.016119 -0.163981 
-0.139819 0.200008 0.174212 -0.012380 -0.036064 0.192664 -0.105742 -0.051427 0.043740 -0.159490 0.005367 0.179824 0.051636 -0.109689 -0.049414 0.307890 -0.174312 -0.040474 -0.119012 0.271386 -0.243979 -0.111457 -0.199512 0.022426 -0.040986 0.048649 0.290828 0.026207 0.010088 0.059804 0.117523 -0.084133 0.122869 0.042083 -0.131741 -0.066039 0.054694 -0.057928 0.143348 -0.168171 -0.034943 0.121923 0.084221 -0.180291 0.402312 -0.115596 0.096165 0.034337 -0.024068 0.066343 
-0.130389 0.072447 0.035595 0.070994 0.130666 -0.179426 -0.128426 -0.214857 0.273291 0.227904 0.114092 0.123264 -0.034591 -0.023340 -0.024460 0.112842 -0.030604 -0.044102 0.014502 0.142962 0.118907 0.238266 -0.070074 0.035467 -0.047233 0.071584 0.163973 -0.087203 -0.020937 0.109548 0.000109 0.268423 0.002453 0.204499 0.220304 -0.055826 0.116405 0.086009 -0.170224 -0.159981 -0.036803 0.097749 0.075773 0.475330 0.027593 0.207082 0.003284 -0.047993 -0.028498 -0.065640 
-0.132967 -0.344027 0.065665 0.045963 -0.091425 -0.073749 0.178779 0.277501 0.106500 0.022075 0.029361 -0.042807 0.356271 0.092546 -0.003528 0.108630 -0.003049 -0.086207 -0.037415 -0.038371 0.052752 -0.129647 -0.019891 0.142465 -0.032938 -0.038803 0.088749 0.006595 0.033308 -0.091391 -0.027645 -0.155258 -0.155026 0.114239 -0.083240 -0.333303 0.117819 -0.086054 0.067367 0.213594 -0.231408 0.273367 0.046077 0.199711 -0.014594 0.064041 0.066173 0.055228 0.230026 0.126540 
-0.127252 -0.126179 0.027588 0.162912 0.241933 0.269838 0.228989 0.026459 0.134871 -0.046467 -0.138694 -0.013543 -0.233952 -0.143024 -0.111871 0.048107 -0.045588 -0.053002 -0.035090 0.124583 0.148985 -0.177806 0.021378 -0.041423 0.025407 0.204418 -0.096934 -0.146834 0.134219 -0.206224 -0.094354 0.239105 -0.327120 0.151110 0.056412 0.029427 -0.207240 0.117113 0.106365 0.086784 -0.016562 0.007229 -0.163038 -0.036981 0.088016 -0.057571 0.091636 -0.204097 -0.158295 0.157608 
-0.144031 -0.030059 0.118279 -0.135771 -0.173963 0.104857 0.169162 -0.059498 -0.018150 0.040105 -0.034143 0.046150 0.062830 -0.161731 0.089690 0.028505 -0.004635 0.393671 0.015667 -0.051733 0.112991 -0.034573 0.232351 0.270795 0.243201 -0.199863 0.368450 -0.060368 0.126436 -0.132662 -0.093951 0.045492 0.014058 0.074374 -0.052460 0.230160 -0.066775 0.106793 -0.218402 -0.031841 -0.156558 -0.144950 0.218561 -0.016967 -0.019987 -0.058555 -0.139844 -0.043293 -0.011885 0.033716 
-0.148485 0.222468 0.023218 0.106039 -0.042193 0.113723 0.198357 0.168037 -0.075218 -0.063707 0.152814 0.166487 0.023909 0.088977 0.118608 -0.291147 -0.082283 -0.078277 0.065594 -0.289146 -0.110797 0.027389 0.084067 0.023658 0.181226 0.183840 0.101596 -0.069268 -0.151632 0.309884 -0.095969 -0.041937 -0.110141 -0.014675 0.085965 -0.006942 -0.070559 -0.073059 -0.260029 -0.065162 0.010401 -0.002119 -0.148634 0.021195 0.198658 0.033399 0.312750 -0.197264 0.176469 -0.001093 
