-0.124539 0.146067 0.001896 0.241652 -0.230425 -0.108568 0.038427 -0.200439 0.048693 0.214247 0.068535 -0.078676 -0.072914 -0.144071 -0.023641 -0.076126 -0.120784 0.068355 0.144002 0.094024 -0.177732 0.319061 0.012645 0.278090 -0.025727 -0.128980 -0.137183 -0.243477 -0.100579 -0.071599 -0.035588 -0.166136 0.038126 -0.191190 -0.039330 -0.014599 0.105985 -0.067247 -0.016635 0.091315 -0.122253 0.101701 0.006815 0.042673 -0.164035 0.208555 -0.154127 -0.018599 -0.232762 -0.259669 
-0.128764 0.088601 -0.043349 0.077322 -0.221020 0.053422 -0.058552 0.049969 -0.031109 0.029480 0.051176 0.050263 0.097538 0.118998 -0.175225 -0.037342 0.075005 -0.033890 -0.092664 -0.259064 0.185315 0.155792 0.070275 -0.052058 -0.116935 -0.075241 -0.237411 -0.147742 0.093498 -0.022801 0.022899 0.328198 0.107177 -0.089557 -0.003093 0.013369 -0.063980 0.269058 0.303129 -0.040695 0.107196 0.071492 0.220843 -0.062878 -0.344382 -0.086951 -0.149052 -0.054702 0.255283 0.089304 
-0.122879 0.034020 -0.133345 -0.272421 -0.099862 0.009906 -0.082870 0.113356 0.010835 -0.095271 0.132596 0.281402 -0.275453 -0.132443 -0.156704 0.032339 -0.309045 -0.097014 -0.165960 0.093474 0.168631 -0.071316 -0.122620 -0.078722 0.083561 0.114311 -0.040233 -0.061881 -0.147023 0.008730 -0.072712 -0.214361 -0.305828 -0.188605 -0.016843 0.063390 -0.096285 0.199157 0.026681 -0.184880 0.128296 0.070317 -0.170929 0.173380 -0.061599 0.089158 -0.092641 -0.000321 0.061489 -0.143454 
-0.154657 -0.006143 0.193519 -0.239110 -0.138531 0.263781 -0.035619 -0.047646 -0.099391 0.028040 -0.143198 0.014945 0.182759 0.044688 0.046067 -0.133764 0.029684 -0.140754 0.081314 0.258905 -0.082666 -0.190121 -0.018467 -0.047908 -0.234455 0.234485 -0.140248 -0.034501 -0.166414 0.191769 0.085155 0.245143 0.041638 -0.275054 0.006205 0.058191 0.107140 -0.041309 0.051853 0.040900 -0.145605 0.103948 -0.013516 0.001405 0.195659 0.189574 -0.058599 -0.295871 -0.050039 0.038401 
-0.141802 0.185543 0.036891 -0.251463 -0.012919 0.011687 -0.120371 0.218682 -0.097399 0.038569 0.058143 -0.035899 -0.084274 -0.008300 -0.153818 0.123684 0.148104 -0.144558 0.321672 0.010399 -0.067466 0.259121 -0.026597 0.075496 0.000791 -0.065004 -0.116105 0.261289 0.047325 0.143061 -0.258006 0.166698 -0.138835 0.261397 0.068872 -0.018797 -0.187424 -0.267622 -0.033129 0.150967 0.038374 0.069336 -0.024945 0.265966 -0.117513 -0.008292 0.078754 -0.079536 -0.022177 -0.032451 
-0.159652 0.083036 -0.038625 -0.063974 0.203693 -0.022428 -0.061382 -0.129150 -0.042887 -0.082024 -0.222074 0.207889 -0.067347 0.041260 0.291327 0.229858 0.189714 -0.107540 0.069110 0.108229 -0.033666 0.061077 0.150307 0.049306 -0.132907 -0.061416 0.080179 -0.221696 0.047155 -0.002030 -0.251335 -0.127137 -0.021049 -0.003658 0.136928 -0.098543 -0.298625 0.112238 0.220495 -0.059042 -0.065982 0.111764 0.131486 -0.268060 0.184578 -0.067128 -0.040083 0.024336 0.066088 -0.260978 
-0.140174 0.024288 0.187931 0.013991 0.172431 -0.170143 -0.054085 -0.122757 0.031432 0.086295 0.045029 -0.146405 -0.037142 0.257092 -0.209929 0.182045 0.167630 0.085336 -0.052213 -0.027295 0.141676 -0.198627 0.085397 -0.129377 0.224081 0.195644 0.020176 -0.290943 -0.131804 -0.186925 -0.037644 0.102663 -0.050697 -0.007487 -0.129502 -0.145741 -0.112654 -0.240631 0.017595 -0.233344 0.021683 0.189118 -0.021344 0.070251 -0.111114 -0.009622 -0.009486 -0.109778 -0.306749 0.066882 
-0.142312 0.079308 0.129616 0.091547 -0.066511 -0.080060 0.114078 0.207352 0.211888 0.104387 0.248879 0.108186 -0.114879 0.075264 0.104673 -0.093830 0.135427 0.132067 0.146934 0.037448 -0.034529 -0.185808 0.230233 -0.055265 0.128724 -0.124137 0.303729 0.015936 -0.269653 0.210621 0.033445 -0.056162 -0.153286 0.050901 0.145698 0.029598 0.122559 0.185717 0.083495 0.262083 -0.106062 0.224351 -0.081978 -0.100748 -0.105884 -0.109880 -0.043932 -0.114848 0.093252 0.134437 
-0.145129 0.080006 -0.108797 -0.109108 0.071949 -0.156521 -0.138609 -0.041924 -0.306914 -0.078534 0.248562 0.081847 0.393282 0.201216 -0.080813 -0.066341 -0.157212 0.002071 0.080516 -0.028928 -0.069116 -0.059782 -0.153432 0.001668 0.133559 -0.092125 0.036331 0.019571 -0.015280 0.069436 -0.154800 -0.216329 0.125438 0.050226 0.199692 0.071918 0.138754 0.171696 -0.108061 -0.057030 0.112006 -0.087983 0.217548 -0.183126 -0.048751 -0.013749 0.097808 -0.237807 -0.242123 -0.003323 
-0.163715 0.009051 0.047359 -0.110204 -0.027884 -0.116885 -0.023567 -0.347508 0.246053 0.070565 -0.076861 -0.129518 0.047188 0.107588 -0.007232 -0.221573 0.157046 -0.106920 0.059881 0.126015 0.060465 -0.092523 -0.266629 -0.006927 -0.035232 0.002056 0.017619 0.224609 -0.080567 0.011936 0.250633 -0.031717 -0.103017 0.389344 -0.083216 -0.019210 0.077471 0.125319 0.174531 -0.103957 0.141921 -0.067824 0.007743 -0.008926 -0.099991 -0.013974 -0.089678 0.055450 0.067860 -0.356614 
-0.154425 -0.021352 0.051267 0.159957 0.159811 0.016516 -0.067326 -0.039091 0.136523 -0.013524 0.208142 0.089818 -0.063864 0.449748 0.025828 -0.047645 0.073476 0.210695 -0.077795 -0.018106 -0.111285 0.199711 -0.174598 0.016712 -0.229797 -0.141961 -0.048037 0.139508 -0.056550 -0.136239 -0.089076 -0.076089 0.067812 -0.101887 -0.177719 0.106600 -0.097045 0.086562 -0.134819 -0.121984 -0.090685 0.031506 -0.084195 0.264040 0.280028 0.045958 0.023530 -0.167034 0.245460 0.059529 
-0.131945 -0.113543 -0.178827 -0.013059 -0.198538 -0.151239 0.063959 0.007295 0.240676 -0.131974 -0.154627 0.031548 0.176067 -0.034809 -0.099503 -0.057600 0.028495 -0.005014 -0.028777 0.250481 0.025097 0.075338 -0.015297 0.148322 0.165959 0.043109 0.118030 0.312972 -0.006308 -0.005969 -0.095409 0.068354 0.064212 -0.138961 -0.225220 -0.059430 -0.333698 0.136967 -0.087125 -0.082492 -0.222962 0.159224 0.099576 -0.176233 -0.131851 0.116718 0.204851 0.095829 -0.099342 0.217022 
-0.128119 0.100371 0.024304 -0.198461 -0.275666 0.122929 -0.071421 -0.154567 0.092908 0.037522 -0.118483 -0.178595 0.111621 0.120216 -0.254777 0.125147 -0.122869 -0.010818 -0.172925 -0.036487 0.057215 0.156227 0.073690 -0.119885 0.205659 -0.138115 0.098333 -0.111094 -0.042253 0.218904 0.080739 -0.180278 0.195752 -0.015913 0.089599 0.088943 -0.019335 -0.098766 -0.020990 0.068321 -0.212085 0.039682 -0.030922 0.100765 0.266470 -0.380565 0.022657 0.169885 0.090609 -0.055774 
-0.143465 0.240472 0.175253 0.264524 -0.048161 -0.108273 0.048187 -0.032872 -0.302192 -0.153844 -0.188392 -0.051020 0.061825 -0.144620 -0.167030 0.104373 0.035681 0.042105 -0.080749 -0.180256 0.096640 -0.104874 -0.026055 0.055951 -0.053250 0.182494 0.015768 0.064084 -0.017193 0.193071 -0.277402 -0.093512 -0.051066 0.233597 -0.260036 -0.046925 0.196700 0.149857 -0.098907 -0.035149 -0.226036 0.023564 -0.172107 -0.059416 0.051822 0.137905 -0.103776 0.027423 0.199147 0.005715 
-0.129735 -0.065184 -0.000927 0.025828 0.024366 0.178993 -0.093533 -0.264592 0.004479 -0.049498 0.025350 -0.110280 -0.003045 -0.123643 -0.021931 -0.463636 0.005248 -0.105583 -0.107069 -0.237506 -0.049663 0.133176 0.158149 0.005788 -0.040951 -0.019849 -0.031372 -0.010830 -0.053884 -0.117760 -0.193421 0.101118 -0.236010 0.109672 0.269208 -0.164517 -0.091349 0.176520 -0.068158 -0.032303 0.055802 0.090559 -0.239973 -0.016536 0.184208 -0.048587 0.030127 0.088743 -0.224579 0.227662 
-0.135419 -0.091500 0.169807 0.025525 0.126384 0.053413 -0.148843 -0.130450 0.126503 0.048753 0.279367 0.069859 -0.001273 -0.276384 0.066219 -0.071234 -0.063352 0.070041 0.097814 -0.123869 0.169889 0.061834 -0.295835 0.205439 0.205950 0.215243 0.275386 -0.079410 0.281720 0.102769 -0.083741 0.250590 -0.069524 -0.105739 -0.078202 0.168097 -0.009803 -0.088277 0.017015 0.039806 -0.085110 0.000056 0.204650 -0.042160 0.161210 -0.123384 -0.115404 -0.020683 0.063468 -0.041827 
-0.135600 -0.019594 -0.108848 -0.255314 0.188133 -0.072226 0.030669 0.073843 -0.035743 -0.017276 0.074549 -0.156731 0.175649 -0.045835 0.026937 0.187749 0.078084 -0.087308 -0.051761 -0.069985 -0.137021 -0.041304 -0.368554 0.235935 -0.121972 -0.119593 -0.054838 -0.085690 -0.033903 -0.144451 0.099892 -0.025076 -0.074206 -0.193348 -0.119561 -0.199310 0.104238 -0.000349 0.051460 0.211647 -0.038693 0.121203 -0.353319 -0.174826 -0.103470 -0.239051 -0.107496 0.112541 0.060038 0.169284 
-0.136993 0.216278 0.148909 0.284006 0.218449 0.174146 -0.032294 0.011994 -0.087676 0.096661 -0.087354 0.199397 0.096661 -0.067292 0.011396 -0.119333 -0.092471 -0.098313 -0.276275 0.154561 -0.243861 -0.152925 -0.010712 -0.138059 0.179059 0.042117 -0.143159 0.167772 0.139922 -0.157424 0.087866 0.010054 -0.024351 -0.038056 0.004288 0.069752 -0.215670 -0.011341 -0.087193 0.197968 -0.131040 -0.001610 -0.041928 0.062371 -0.248052 -0.290310 0.003246 -0.057784 -0.020859 -0.178404 
-0.139381 0.108074 0.157343 -0.178636 0.024465 -0.230852 -0.241778 0.220057 0.036472 -0.242942 -0.051673 -0.236638 0.047981 -0.014763 0.210306 -0.020895 -0.248603 0.159145 0.067021 -0.042141 -0.228544 -0.007874 0.249262 0.198926 0.112861 0.147556 -0.033414 -0.032652 0.041425 -0.130111 0.280659 0.059989 0.056801 0.090629 0.093492 -0.079963 -0.120661 0.169952 -0.039711 -0.119397 -0.085196 -0.100489 0.051021 0.168234 0.024748 0.057669 -0.221199 0.020009 0.109658 0.027244 
-0.146999 0.062219 0.000434 0.113476 0.020002 0.176320 -0.207620 -0.002693 -0.121220 0.197770 -0.062677 -0.156612 -0.257126 -0.025121 -0.089127 0.168382 -0.101272 0.059533 0.061141 0.141295 0.043835 -0.165396 -0.186597 0.128529 0.095172 -0.129785 -0.177729 -0.039228 -0.099386 -0.208230 0.136077 0.031787 -0.162764 0.119673 0.158636 0.065231 0.078214 0.118644 0.043548 0.026414 -0.109655 0.055875 0.264631 -0.128602 0.126661 0.145870 0.374501 0.141700 0.139902 0.199663 
-0.130643 0.061049 -0.297076 0.037756 0.056208 0.105694 -0.069845 -0.121929 0.082489 0.007230 0.026602 -0.161358 -0.005966 -0.132593 0.051124 -0.039990 0.018214 0.111122 0.077378 -0.071085 -0.250571 -0.353504 -0.008466 -0.096486 0.166196 -0.221840 -0.006673 0.002203 0.033847 0.156916 -0.244104 0.023671 0.154624 -0.086780 -0.029735 0.138506 -0.094421 -0.141173 0.377129 -0.166751 -0.051277 -0.243178 -0.180792 0.120840 -0.078764 0.177292 -0.050324 0.019628 0.075233 0.103526 
-0.125856 -0.146142 0.220048 0.057484 -0.063173 -0.170500 0.195329 -0.095119 -0.213418 -0.046750 0.129385 0.110215 -0.227786 0.142145 0.124950 -0.038416 -0.190391 0.019491 -0.085410 0.087249 0.110417 -0.113028 0.017406 0.233740 -0.105654 -0.109808 -0.183554 0.228047 0.081323 0.269251 0.004502 0.035884 0.020885 -0.092217 0.127681 -0.252835 0.046627 -0.162358 0.206401 -0.215348 -0.119319 -0.079143 0.038760 0.069151 -0.043530 -0.243900 0.039330 0.162986 -0.119884 0.083124 
-0.139013 -0.122084 -0.060679 0.053251 -0.167303 0.149262 -0.016085 0.294678 -0.111365 0.338473 -0.090339 0.035555 0.050447 -0.004205 0.121036 -0.079306 0.281114 -0.147008 0.103601 -0.100229 0.054340 0.015995 -0.020803 0.098351 0.139609 0.180404 0.031652 0.009495 -0.045762 -0.131019 -0.019138 -0.319767 -0.015467 -0.043553 -0.181979 -0.173302 0.017943 0.148919 0.139035 -0.072350 -0.053715 -0.306923 0.124780 0.230283 0.120995 -0.168165 -0.057358 -0.022583 -0.137347 0.092954 
-0.133743 -0.274905 -0.248074 0.102840 0.048644 -0.058795 0.067196 0.127442 0.054036 0.156864 -0.202962 -0.153112 -0.022055 0.201281 -0.031942 0.011016 -0.085169 -0.026385 -0.050308 -0.197980 -0.095462 0.044708 0.042997 0.192800 -0.013085 0.285887 0.072224 -0.022984 -0.062997 0.100540 -0.069510 0.133904 -0.146875 -0.090825 0.275792 0.122251 0.091466 -0.071691 -0.106094 -0.136008 -0.101688 -0.090710 -0.147892 -0.093286 -0.168852 -0.084772 0.236595 -0.159007 0.176896 -0.296249 
-0.132856 -0.185279 0.207412 0.021766 0.126061 0.204210 0.156029 0.081438 0.019396 0.044499 -0.050237 0.115886 -0.063490 0.089229 -0.236771 0.180019 -0.097142 -0.105802 0.212256 -0.167081 -0.258444 -0.005488 0.014897 0.009180 0.047174 0.084129 0.084088 0.229012 -0.062742 -0.103959 -0.035058 0.032326 0.278007 -0.043817 0.069034 0.174160 0.091888 0.146349 0.060117 -0.095324 0.171672 0.177193 -0.014146 -0.070500 0.031621 0.094204 -0.214077 0.383505 -0.144664 -0.063304 
-0.154251 0.196398 -0.065632 -0.022038 0.059629 -0.116858 0.119517 0.128067 -0.111055 0.049642 0.133280 -0.176401 -0.296539 -0.021569 0.093402 -0.207066 0.253833 -0.241624 0.003733 0.038164 0.061584 -0.072856 0.003421 0.051301 0.042362 -0.003559 -0.112203 -0.180680 0.128016 0.223240 0.146763 0.046367 0.308939 -0.066454 -0.103206 0.232609 -0.121615 0.145298 -0.326403 -0.117463 0.147177 0.034295 -0.116192 -0.094904 0.068723 -0.027150 0.134167 0.121848 -0.047683 -0.038734 
-0.151013 0.096716 -0.063459 -0.107121 0.005171 -0.012605 0.062991 0.085137 -0.099993 0.350081 -0.103814 0.052143 -0.133969 -0.120275 0.131790 -0.003724 -0.112908 0.117849 -0.207161 -0.048584 0.138898 0.152885 -0.105824 -0.133355 0.164714 -0.148576 0.122690 0.227399 -0.129737 -0.090851 0.031566 0.170274 0.262936 0.058075 0.101855 -0.283748 -0.018909 -0.138386 -0.107072 -0.105572 0.056846 -0.011401 -0.079293 -0.251287 0.108590 0.158527 -0.234500 -0.232170 0.079323 -0.008277 
-0.156233 0.126999 -0.042868 -0.125629 -0.039594 0.153298 0.120283 -0.018073 0.055808 0.038011 0.115954 0.016170 0.236380 0.092281 0.093153 -0.080121 -0.022240 0.000999 0.146828 0.008380 0.380505 -0.285084 0.248264 0.115662 -0.092803 -0.118397 -0.008701 0.049569 -0.007040 -0.324202 -0.187045 0.018385 -0.038010 -0.097919 0.042725 0.015834 0.056919 -0.182687 -0.319275 0.015734 -0.056739 -0.105736 0.041840 0.028282 -0.071600 0.050738 -0.082829 0.280790 0.177025 -0.147609 
-0.138515 -0.263583 -0.203244 0.018129 0.236680 -0.073437 0.010738 -0.027157 -0.223455 -0.064715 -0.261425 -0.015677 -0.101730 -0.040888 -0.080239 -0.158016 -0.138004 0.106232 0.189435 0.368543 0.225447 0.119437 0.119634 0.005311 0.005628 -0.086485 0.038037 -0.095680 -0.052384 -0.120930 -0.066440 0.082947 0.109728 0.146003 -0.124507 0.259732 0.144615 0.043354 0.052552 0.090799 0.008461 0.039203 -0.079146 0.127576 -0.044188 -0.257824 -0.198937 -0.102075 0.001611 0.142695 
-0.145221 0.059764 0.055489 0.048242 0.186644 0.046036 0.111464 -0.019901 0.172309 0.183505 -0.269858 -0.117505 0.136156 -0.178404 0.012556 0.100973 -0.207870 0.163007 0.060304 -0.180267 0.055809 -0.100282 0.057215 0.071364 -0.237017 -0.151004 -0.046929 0.053013 -0.077818 0.298852 0.065815 -0.141946 -0.177460 -0.103351 -0.141427 0.031486 -0.188460 0.026298 -0.162569 -0.046549 0.381779 0.055360 0.213330 0.069050 0.003833 -0.118833 0.003256 -0.125019 -0.080005 0.122088 
-0.137488 -0.106824 0.128798 0.162842 -0.025311 0.121035 -0.141338 -0.001105 0.004972 -0.278283 -0.072110 -0.141918 -0.128913 -0.085951 -0.065550 0.128810 0.184435 -0.040526 0.135261 -0.058332 0.264126 0.023899 -0.175965 -0.146560 -0.186942 -0.118829 0.169510 0.089539 0.070121 -0.021401 0.211865 -0.203788 0.043776 -0.155596 0.335714 0.058386 -0.144399 -0.001369 -0.128576 -0.029596 -0.193606 -0.172046 -0.085121 -0.017901 -0.240342 0.077286 -0.147144 -0.145947 -0.146713 0.050027 
-0.132697 0.104373 -0.188204 0.127780 0.044871 -0.087352 0.159903 -0.078182 -0.012455 -0.267786 -0.070852 -0.131696 -0.036166 0.103626 0.231312 0.072726 0.097412 -0.020533 -0.231227 -0.065840 0.138904 0.044343 -0.138586 0.028390 0.179170 0.214924 -0.069005 0.122727 -0.261578 0.025728 -0.060792 0.046787 0.040933 -0.134044 0.186591 0.063951 0.028199 -0.039803 0.089698 0.418715 0.203019 0.019160 0.202375 0.243642 0.084884 0.121227 -0.083237 0.104804 -0.069747 0.020190 
-0.159445 -0.181573 0.152888 0.031596 -0.262455 -0.009185 -0.171719 0.154049 -0.080005 0.007038 0.132995 -0.102200 0.067371 -0.024727 0.308193 0.070431 -0.179101 0.154898 -0.074162 -0.106824 0.127516 0.009839 0.003793 -0.134837 -0.181714 0.045403 -0.054379 0.030557 -0.143329 -0.107527 -0.068805 0.001944 0.073901 0.169058 -0.219321 0.278188 -0.203743 -0.075263 0.177996 0.159092 0.076286 -0.013049 -0.213423 -0.203423 0.003219 -0.032878 0.207597 0.069110 -0.209698 -0.149886 
-0.149257 0.024893 -0.024930 0.134747 -0.051012 -0.272982 -0.077256 0.107635 0.174066 0.132286 -0.028672 0.284377 0.182008 -0.132351 0.045472 -0.008349 0.028518 -0.088121 -0.062601 0.127166 -0.114579 0.050871 -0.198065 -0.169274 -0.239521 0.139348 -0.033094 -0.231742 -0.162545 0.050562 -0.029316 0.018621 0.041255 0.199638 0.244523 0.118904 0.012862 -0.229403 -0.118336 -0.166641 -0.014989 -0.080595 0.049832 0.057245 -0.028451 -0.026245 -0.091935 0.292073 0.057758 0.293619 
-0.154559 0.055408 -0.081721 -0.023390 -0.102138 0.207631 0.250059 0.112986 -0.004169 -0.335650 -0.023514 0.182161 -0.139146 0.049467 -0.139975 -0.038064 -0.012180 -0.028118 -0.125366 -0.118815 -0.193030 -0.054322 -0.064326 0.185078 -0.054291 -0.216113 0.190791 -0.223568 -0.209413 -0.058383 0.129811 0.221333 -0.102451 0.222733 -0.196672 0.021420 -0.051858 -0.138641 -0.062358 -0.007789 -0.061174 -0.270946 0.181145 -0.077178 0.050607 -0.038651 -0.029758 -0.088084 -0.178421 -0.060318 
-0.120418 0.046190 0.069223 0.225315 -0.207229 0.122874 -0.125649 0.149256 -0.089667 -0.269686 -0.098239 -0.119145 -0.008112 0.106337 0.035839 -0.177505 0.032076 0.110646 0.172461 0.200139 -0.141595 0.102419 -0.093066 -0.157727 0.152416 0.006717 0.075687 -0.023511 0.056622 0.000551 -0.049975 -0.054604 -0.166896 -0.212412 -0.068408 -0.184903 0.113126 -0.253332 -0.031546 -0.140796 0.413550 0.057045 -0.002408 -0.209414 0.024722 -0.127005 -0.000825 0.104813 0.203308 -0.026298 
-0.146159 -0.199422 -0.190307 0.147314 -0.321360 0.021652 0.213830 -0.014252 -0.070359 -0.052567 0.038475 0.084862 0.151070 -0.094010 0.081608 0.159258 0.046270 0.021974 0.025118 -0.025345 -0.038962 -0.225762 -0.061951 0.075052 0.056017 -0.061063 -0.031515 -0.061972 0.343514 -0.111036 0.149134 -0.024597 0.017624 0.229702 0.153476 -0.019071 -0.056252 -0.034629 -0.049030 -0.067092 0.105208 0.431718 -0.092869 0.233979 0.165088 0.024127 -0.026445 -0.199899 0.029509 -0.045013 
-0.150342 -0.295593 0.260885 -0.009151 0.067753 -0.216472 -0.114817 0.155811 0.222028 -0.060259 -0.260744 0.140770 -0.001409 0.048636 -0.019744 -0.134107 -0.088792 -0.228199 -0.006672 -0.141116 0.070389 -0.093730 -0.069634 -0.096902 0.174482 -0.326149 -0.128234 -0.200179 0.141105 0.046263 -0.126649 0.018104 0.087579 -0.042103 -0.061349 -0.179625 0.132220 0.014608 -0.046741 0.260651 0.018176 -0.056269 -0.016085 0.095526 0.039783 0.223614 0.154806 -0.022482 0.034177 -0.091924 
-0.154478 0.207282 -0.018679 -0.037368 0.122062 0.119474 -0.008738 0.237202 0.163594 0.012372 -0.004702 -0.190590 -0.020787 0.073552 0.029711 -0.073149 -0.113322 -0.177654 -0.347709 0.121466 0.053676 0.085121 0.092197 0.058591 -0.230406 0.013731 0.293652 0.031134 0.353115 -0.054873 -0.063549 -0.156165 0.014297 0.080646 -0.021267 0.063233 0.292935 -0.118357 0.237060 -0.071810 0.010662 0.167645 0.088896 0.033821 -0.071202 0.150613 0.063758 -0.034812 -0.146642 0.087860 
-0.147334 0.094285 -0.095885 -0.010850 -0.032114 -0.231424 -0.258250 -0.120412 -0.126462 0.043294 -0.124586 0.309747 0.057365 -0.012140 -0.001229 0.119727 0.229777 0.028417 -0.061487 -0.134568 -0.001517 0.084190 0.267303 0.043074 0.065767 -0.154311 0.053290 0.206815 0.109106 -0.021437 0.309229 0.123378 -0.256751 -0.209445 -0.077515 0.255750 0.231400 -0.091592 0.034954 -0.038141 0.069846 -0.069140 -0.135231 -0.014872 0.128671 0.079146 0.048939 0.076537 -0.136447 0.026101 
-0.143243 0.123856 -0.114276 -0.082753 -0.142606 0.170045 -0.100945 -0.230864 0.258779 -0.060925 -0.062393 0.141292 -0.227579 0.047946 0.265656 0.274646 -0.075962 0.091461 0.116701 -0.011196 -0.071791 0.003709 -0.004542 -0.131554 -0.023244 0.166680 -0.060318 -0.003933 0.142237 -0.002075 -0.122927 0.123524 0.145595 0.063419 -0.093052 -0.161127 0.323115 0.196387 -0.238986 0.022886 0.034327 -0.103404 -0.059777 0.041690 -0.187693 -0.185844 0.124959 -0.062264 -0.156221 0.112311 
-0.145490 -0.157120 0.046371 0.225993 0.140688 0.190696 -0.021309 -0.100291 -0.002885 -0.019866 0.306096 -0.038135 0.233779 -0.087408 0.017452 0.310661 -0.055880 -0.298735 -0.075490 0.270155 0.066648 0.196498 0.237768 0.094901 0.106815 -0.033488 0.078983 -0.063250 -0.148088 0.157654 0.128026 0.085300 0.035814 0.080423 -0.062212 -0.172624 -0.010923 0.073955 -0.010074 -0.038118 0.180326 -0.210783 -0.157550 0.065584 -0.026051 0.142593 0.094825 -0.026971 0.144813 0.019894 
-0.133623 -0.028228 -0.272978 0.118755 0.049571 -0.170833 -0.180412 -0.090019 0.003353 -0.077803 0.182780 0.005972 -0.164588 -0.147570 -0.171296 -0.076905 -0.150681 -0.283540 0.172519 -0.194109 -0.062191 -0.133468 0.179895 -0.164788 -0.233888 0.160257 0.045747 0.153306 -0.115999 -0.098270 0.149011 -0.103735 0.182329 -0.055408 -0.154033 -0.219431 0.002423 -0.205688 0.035774 0.136409 -0.063869 0.116118 0.187540 -0.046183 0.121653 -0.103767 0.077494 -0.088178 0.129940 -0.038919 
-0.150293 -0.058529 0.116716 -0.108067 0.053138 -0.154308 0.330569 0.066502 -0.005411 -0.092750 0.120192 -0.214215 0.071095 -0.373823 0.029281 0.090769 0.133390 0.042550 -0.033335 0.036842 -0.112685 0.136217 0.021913 -0.383068 -0.019480 -0.129995 -0.063728 0.067014 -0.062872 -0.181064 -0.099357 0.124565 -0.109638 -0.142779 0.021317 0.045786 0.209841 0.142866 0.024588 -0.209789 -0.129924 -0.024635 0.192555 0.112636 0.068784 -0.125976 0.186024 -0.036537 0.007102 -0.170678 
-0.113029 0.136209 -0.116855 -0.002647 0.094277 -0.005756 0.237675 -0.040573 -0.239898 0.114620 -0.038259 0.045208 0.092082 0.184788 0.055954 -0.085099 -0.225951 0.102888 0.257062 -0.067209 0.039475 0.130525 -0.124715 -0.312804 -0.071652 0.070589 0.285569 -0.154443 0.158896 0.081779 0.224741 0.111607 -0.120057 -0.043450 -0.049992 -0.180568 -0.153634 0.104026 0.082703 0.107834 -0.123323 -0.026157 -0.086043 0.169854 -0.038555 0.189867 0.177929 0.242791 -0.037076 -0.011996 
-0.151231 -0.106019 -0.001841 -0.193821 0.229802 0.260825 -0.007579 0.003937 -0.028999 -0.145882 0.011559 0.224401 0.054436 -0.178313 0.015739 -0.182321 0.214375 0.364567 -0.052995 -0.129030 0.050474 0.148835 0.059573 0.074168 0.075848 0.119978 -0.166940 -0.064296 -0.104794 0.117202 0.181321 -0.251613 0.192101 0.094504 -0.007039 -0.080477 0.094948 -0.165726 0.038650 -0.055257 -0.055626 0.176982 0.031395 0.024021 -0.211967 0.107696 0.241422 0.077233 0.093220 -0.050857 
-0.130178 0.132557 -0.060620 0.059603 0.101606 -0.004460 0.303298 0.096430 0.293699 -0.079496 0.065048 0.044402 0.043373 0.069403 -0.136731 0.023098 -0.102515 0.022326 0.191007 0.013560 0.139698 0.126659 0.058485 -0.079894 0.128559 0.170075 -0.437500 0.019731 0.193477 -0.024342 0.096171 -0.130338 -0.118191 0.074084 0.048021 0.062140 -0.008262 -0.079901 0.155508 0.047289 -0.069823 -0.200653 -0.144668 -0.321063 0.248397 0.027039 -0.076740 -0.131155 -0.065881 0.099302 
-0.151571 -0.326763 0.012251 -0.194212 -0.056177 0.019049 0.095415 -0.204662 -0.163387 0.100066 0.088103 -0.117749 -0.138117 0.138456 0.140750 0.037833 0.015773 -0.104073 -0.139113 -0.045331 -0.218658 0.069029 0.114852 -0.195894 0.079086 0.025771 -0.077174 -0.008939 0.159654 0.077495 -0.011573 -0.196565 -0.246515 0.081796 -0.149583 0.135658 -0.052968 -0.104961 -0.192761 0.115292 -0.078577 -0.017991 0.226043 -0.151289 -0.177164 0.168555 -0.255892 0.029243 0.150623 0.195929 
-0.106192 -0.180981 -0.227789 0.049325 0.049707 0.027109 -0.199519 0.199366 0.031550 0.079128 0.139059 -0.081067 -0.007689 -0.001427 -0.262319 0.042605 0.153909 0.357055 -0.180446 0.207201 -0.034581 -0.121377 0.061560 -0.086853 -0.177940 0.021605 -0.087827 0.009488 0.160804 0.211253 -0.035159 0.123376 -0.051421 0.019165 0.031131 -0.232549 0.008786 0.135200 -0.105659 0.183635 -0.012147 -0.080310 0.083147 -0.036514 0.141687 0.041474 -0.201935 0.193503 -0.199250 -0.241591 
-0.154124 0.011045 0.216371 -0.163131 -0.139312 -0.162823 0.173722 -0.174895 -0.052664 0.079858 -0.014421 0.056727 -0.102736 -0.102751 -0.289632 -0.014808 0.100060 0.193771 -0.085042 0.122454 -0.120481 -0.062465 0.077322 0.128238 -0.143128 0.176337 0.187199 -0.044959 0.156116 -0.201831 -0.073147 -0.097639 0.144938 -0.070533 0.134615 -0.005377 -0.119734 0.019298 0.073492 0.249361 0.299657 -0.296935 -0.076129 0.002082 -0.000942 0.028710 0.194274 -0.098068 0.172757 0.103598 
