-0.141214 -0.028242 -0.077346 0.068554 -0.285256 0.112731 -0.186924 -0.074614 -0.060888 0.091253 -0.146987 0.128833 0.005746 -0.109916 -0.117365 -0.141940 -0.359445 0.074736 -0.198882 0.108736 0.256810 0.183580 -0.082827 0.011241 0.114989 0.223678 0.077316 0.057007 0.101606 0.162990 0.119465 -0.062046 -0.176089 0.064452 0.009013 -0.080126 -0.092294 -0.103921 -0.042917 -0.147601 -0.111690 -0.084261 -0.191838 -0.032407 0.114081 0.065614 -0.282491 -0.053988 -0.002547 -0.274489 
-0.138908 -0.087712 -0.012988 -0.157506 -0.024736 0.069705 0.057538 0.300172 0.085333 0.140471 0.043032 0.049633 -0.189151 0.003874 -0.031786 0.296911 -0.086786 0.316383 -0.029072 0.146198 0.109928 0.102322 0.160412 -0.451058 0.143915 -0.181074 0.235412 0.018962 -0.095130 0.005552 -0.080773 -0.070310 -0.014837 -0.137557 -0.218484 0.041922 -0.049484 0.045176 -0.221221 0.033045 0.102463 -0.148432 -0.039241 0.092037 -0.004412 0.006315 0.063862 0.041923 -0.023606 0.096427 
-0.152344 0.208445 -0.064539 0.151138 -0.120657 0.050203 0.076092 0.166218 0.197679 -0.427256 0.025415 0.014226 -0.041425 0.202234 -0.004052 0.283934 -0.098953 -0.044206 -0.058603 -0.064419 0.121108 0.235828 -0.044916 0.135208 0.014921 -0.022679 0.090056 0.219530 -0.049669 -0.065504 0.017146 -0.185975 0.027868 -0.012470 0.205910 -0.204296 0.020071 0.187422 0.108749 0.099689 -0.202081 0.192595 -0.167473 -0.050577 -0.002063 0.014117 0.173887 -0.095993 0.017180 0.103341 
-0.130639 0.118062 -0.221496 -0.018413 0.294552 -0.041986 -0.254197 -0.064752 -0.118561 0.053929 -0.080220 -0.054505 0.101449 -0.195739 0.090433 -0.113705 0.223259 0.117497 -0.130790 0.241866 -0.102347 0.342948 0.105477 0.067617 -0.011986 -0.035313 0.076520 0.065051 0.020979 0.015155 -0.215100 -0.044096 -0.346129 -0.015787 -0.081735 -0.118756 0.136879 -0.018896 0.083348 0.045816 0.172107 0.256909 -0.103904 -0.030378 -0.035342 -0.031808 0.186462 0.020477 0.094714 -0.006388 
-0.156989 0.168272 0.059797 0.173138 -0.066966 0.140967 -0.211234 -0.194773 0.116177 0.027843 -0.048675 0.145339 -0.219490 -0.034608 -0.146614 0.051630 0.194836 0.226752 -0.091302 -0.008418 0.143139 -0.298226 -0.203012 0.107743 -0.125217 -0.124402 0.019234 -0.216079 -0.096935 0.191099 0.006224 -0.114896 0.169585 0.063924 0.014375 0.007028 -0.047899 -0.131455 0.110606 0.109369 0.269495 0.023157 -0.185885 -0.080887 0.118994 0.105501 0.144107 0.204013 -0.061518 0.123598 
-0.156231 -0.178880 -0.139850 -0.079764 0.220197 -0.089984 0.018714 0.072475 0.210042 0.130807 -0.011625 0.085438 0.062425 -0.141159 -0.072728 0.149610 -0.142215 -0.156754 -0.091993 -0.117893 -0.190391 0.088262 0.027200 -0.060596 -0.216012 0.048205 -0.157310 -0.123397 0.056600 0.073771 -0.210313 -0.253844 0.265951 0.019679 0.048132 -0.120226 -0.192515 -0.206031 -0.009341 0.089382 -0.016584 0.062205 -0.080877 -0.187075 0.103660 -0.167432 -0.263690 -0.080618 0.241087 0.139121 
-0.138763 -0.269367 -0.071796 0.217288 0.059177 -0.055440 0.233011 0.046084 -0.125315 -0.016133 0.156641 0.016035 -0.076108 -0.135036 -0.110883 -0.097128 -0.001088 0.086269 -0.159656 -0.079193 0.042765 0.138325 -0.196027 0.135224 -0.297221 -0.079482 0.011925 0.065348 0.281012 -0.007248 -0.005489 0.016177 0.009761 0.121980 -0.117089 0.204619 0.165712 0.245701 -0.177006 0.155835 -0.093265 -0.248453 -0.097870 -0.178090 -0.180051 -0.031989 0.130674 0.178587 0.012564 -0.052532 
-0.141748 0.119986 -0.224211 -0.098525 -0.203929 -0.238615 -0.027232 -0.105170 -0.210301 -0.193109 0.033361 -0.002049 -0.172809 -0.101967 0.074474 -0.034053 -0.108210 0.029684 -0.037564 0.181440 -0.068284 -0.288580 0.297079 0.064906 -0.128962 -0.073296 -0.035772 0.036708 -0.108477 -0.007909 0.042668 -0.009483 0.057858 -0.183528 0.034547 0.188691 -0.115648 0.056933 -0.113329 -0.063103 0.032743 -0.046123 0.005432 -0.335117 -0.059675 0.118209 0.100271 -0.319041 0.211153 -0.056043 
-0.138028 0.232260 0.253957 -0.111980 -0.197687 -0.142248 -0.042716 0.133413 -0.004057 0.028754 -0.053690 -0.223681 0.057652 -0.091533 -0.332272 -0.043372 0.030111 0.233849 0.185514 0.054304 0.031363 0.032212 -0.046173 0.019458 -0.048623 0.315775 -0.174411 0.078370 0.033921 -0.293945 -0.158595 0.165975 -0.012222 -0.127853 0.118418 -0.016422 0.020742 0.091616 0.034654 0.232169 0.165591 -0.089676 -0.083096 -0.057990 -0.055119 -0.114179 -0.186830 0.066616 0.100878 0.104224 
-0.128640 -0.141364 0.041601 -0.141301 -0.033954 -0.194411 0.243887 -0.010989 0.108890 0.164392 -0.161308 0.155557 -0.275745 0.095332 0.039850 -0.107861 0.163803 -0.103854 0.104254 -0.067248 0.272760 0.067669 0.066230 0.065980 0.156512 0.071084 -0.036492 -0.270576 -0.142411 0.154810 -0.100201 0.230962 -0.165051 0.121953 0.150818 0.052784 0.015270 0.087847 -0.167965 0.257507 -0.126644 0.280047 -0.069080 -0.040705 0.052329 -0.010314 0.060275 -0.074068 0.112477 -0.087753 
-0.140424 -0.201657 0.089430 -0.207820 0.209011 0.076507 -0.092383 0.136038 -0.173282 -0.028811 -0.149321 -0.149377 -0.007288 0.013973 -0.090274 -0.201120 -0.050945 -0.114124 0.054319 -0.056708 0.081800 -0.030899 0.066807 -0.044406 0.281304 -0.135395 -0.146384 -0.077099 0.196964 -0.099730 0.324690 -0.180155 0.118665 -0.124837 0.144471 -0.051558 -0.051384 0.244794 0.006407 -0.155383 0.133427 0.127260 -0.196609 -0.239055 0.116791 -0.007367 0.120856 0.166753 -0.097558 0.069583 
-0.134653 0.075861 0.114947 -0.207631 -0.049020 -0.068306 0.036279 0.094315 -0.205083 0.064254 0.086097 0.066118 -0.009207 0.198083 0.105851 -0.149404 0.200788 0.133438 -0.240596 -0.380151 -0.063386 0.000127 -0.184820 0.011165 0.043390 -0.004313 0.013842 0.193615 -0.038425 0.026236 0.099689 -0.159928 -0.087027 -0.008537 -0.248565 0.287857 -0.164305 -0.015810 0.219309 0.021246 -0.001042 0.081807 -0.159960 0.125341 0.049140 -0.155603 -0.108041 -0.261760 0.076859 0.082490 
-0.145720 0.147568 0.058960 0.155885 -0.041761 -0.093145 0.044851 -0.088804 -0.236058 0.036014 0.133602 0.396923 0.026113 -0.067341 0.024673 0.243574 0.058292 -0.337393 0.042356 -0.173030 0.065286 -0.072071 0.160418 -0.107895 0.167804 0.129511 -0.197876 0.140714 0.169026 -0.094860 -0.233156 0.073729 -0.135267 0.093345 -0.065284 -0.065010 0.015121 -0.021473 -0.104669 -0.179556 0.180312 -0.114578 -0.176169 -0.019386 0.075656 0.000148 0.092839 0.045106 -0.149585 0.138146 
-0.126553 0.113056 0.119399 -0.028755 -0.056518 -0.043615 0.248544 -0.343465 -0.014439 0.038170 -0.331163 -0.035148 0.158695 -0.110582 0.019747 0.115582 -0.123911 0.299859 0.067840 -0.157262 -0.025573 -0.114612 0.098540 0.042246 0.147936 -0.000546 0.212497 0.036737 0.262389 0.031660 -0.009843 -0.241520 0.027052 0.220970 -0.011659 -0.014534 0.089861 0.040563 -0.098455 -0.066686 -0.015344 0.139652 0.307510 -0.036389 -0.045823 -0.205532 0.075096 -0.005715 0.066419 0.084695 
-0.129421 -0.076138 -0.065290 -0.038899 0.064389 0.218741 0.113728 -0.081087 -0.263719 0.163410 0.233245 0.013633 0.123958 -0.129812 0.060104 0.057735 -0.146844 0.044936 -0.085275 0.026095 0.187958 -0.232260 0.130077 0.046133 -0.110719 0.025740 -0.087584 0.212613 -0.097555 -0.121156 0.004770 0.013997 0.067978 -0.025993 0.029619 -0.121136 -0.224771 0.143183 0.060083 0.293510 -0.070914 0.312144 0.109647 0.276256 0.067723 0.166795 -0.030566 0.236100 0.098160 -0.094621 
-0.131332 -0.058185 0.056083 0.078112 0.038666 -0.023259 -0.089372 -0.095113 -0.006468 0.241867 -0.070204 -0.447403 -0.084276 -0.028776 0.082733 0.271082 0.044202 -0.104092 0.047058 0.099320 -0.124371 -0.009091 -0.151066 0.121827 0.167882 0.122156 -0.110393 0.062851 -0.131944 -0.131313 0.126620 -0.050022 0.099403 0.331050 -0.240927 -0.041545 0.006612 0.008040 -0.169444 0.020404 -0.101774 -0.092146 -0.196933 0.061777 0.046745 0.263894 0.119231 -0.202541 0.105284 0.023617 
-0.141924 -0.268151 -0.090919 0.108448 -0.175636 0.226380 0.000829 0.036029 0.089480 0.323086 -0.090262 0.046242 0.046586 0.075122 -0.143471 -0.070577 -0.115128 -0.034335 -0.005698 -0.042367 -0.029742 0.031754 -0.015893 0.338910 0.042759 -0.145592 0.006363 0.001129 -0.143421 -0.190966 -0.232246 0.041275 -0.107515 -0.138315 0.178184 0.071541 -0.102013 0.070965 0.146671 -0.254346 0.105508 -0.148480 0.142045 0.123317 -0.026764 -0.069137 0.252859 -0.164353 0.104907 0.185053 
-0.113981 0.210033 -0.227669 0.088608 0.112772 0.131370 -0.109404 -0.074806 0.238891 0.141498 -0.057371 -0.090707 0.185880 0.029339 0.097913 -0.136680 0.119848 -0.047606 0.168576 -0.191550 0.190728 -0.044432 0.049735 -0.048676 -0.043675 0.034442 -0.168025 0.187665 -0.125386 0.036742 0.147141 -0.169366 -0.099015 -0.193501 0.060224 0.094338 -0.153408 -0.091481 -0.376616 0.168955 -0.091613 -0.187475 0.002287 -0.024711 -0.140765 -0.225855 0.111255 0.002956 -0.168307 -0.082085 
-0.143148 0.039666 -0.168848 -0.241223 -0.260929 -0.215312 -0.085334 -0.178644 0.180248 0.100139 -0.049908 -0.090532 0.045439 0.154089 0.052113 0.092647 -0.052912 -0.163684 0.042520 -0.135537 -0.110088 0.062438 -0.072981 -0.074610 -0.187568 0.091911 -0.003171 -0.163644 -0.025656 0.013211 -0.117281 -0.151282 -0.100617 -0.124198 -0.216904 0.064579 -0.042774 0.322585 0.133849 -0.156367 -0.030365 0.073523 0.036670 0.004036 -0.117296 0.217876 -0.013618 0.371891 -0.147633 -0.092134 
-0.139873 0.013645 -0.009493 -0.041579 0.173749 0.021178 0.100602 -0.000483 -0.276468 -0.056903 0.102531 0.099244 -0.107117 -0.096467 0.087395 0.195407 -0.084003 0.100020 0.114076 -0.040964 -0.154150 0.144584 -0.325829 0.153441 0.056265 0.339063 0.174551 -0.180136 -0.270081 -0.014014 0.155046 0.113782 0.045745 -0.202845 0.075395 -0.030977 -0.177011 -0.156532 -0.128991 -0.195906 0.012621 0.082190 0.053121 -0.082334 -0.199466 -0.150504 0.088288 0.142346 -0.074553 -0.020797 
-0.137094 0.104235 -0.260145 -0.066878 -0.028039 0.045608 0.074855 0.108790 -0.044789 -0.041232 -0.037911 -0.214064 0.064581 -0.183137 -0.137686 0.012390 0.053294 0.005449 0.010263 -0.354933 0.024777 0.147694 0.243058 -0.008903 0.067083 -0.041020 0.102644 -0.110304 0.123952 0.211733 0.075771 0.352712 0.158316 0.161795 0.004844 -0.097831 -0.217023 -0.111347 0.262000 0.072278 0.084728 -0.137886 0.010206 0.053400 -0.205602 0.191648 0.075455 -0.097898 -0.149685 -0.017411 
-0.134439 -0.147223 0.079866 0.220822 -0.211344 0.107392 0.068781 0.248604 -0.089172 0.032718 -0.142245 -0.026561 -0.106044 -0.080547 0.235800 0.043396 0.205753 -0.159447 0.072936 -0.062267 0.053424 0.109512 0.055593 -0.048908 -0.175388 0.084791 0.006232 0.053676 -0.067420 0.003924 0.234138 -0.242433 -0.139563 0.006090 0.062673 -0.032083 0.143537 -0.091146 0.034376 0.065171 0.354848 0.058189 0.324947 -0.117985 -0.107762 0.200845 -0.239080 -0.013564 0.040258 0.048455 
-0.142820 0.096881 -0.198873 0.103781 -0.178908 0.140845 0.204579 -0.055834 0.177137 -0.004922 -0.043002 -0.148121 -0.110241 0.167424 0.290944 -0.167834 -0.087838 -0.103224 -0.251293 0.133997 -0.121592 0.001648 -0.042401 -0.142928 0.021026 0.166060 -0.022675 -0.029647 0.282066 -0.125655 0.114713 0.305201 0.149857 -0.127600 -0.086308 0.040094 0.040795 -0.150216 -0.056315 0.024076 0.184064 0.122545 -0.042341 0.088914 0.162236 -0.176083 0.107473 0.127214 0.113013 0.123006 
-0.161083 0.151122 0.013796 -0.022462 0.074974 -0.180379 0.137213 -0.007604 0.036770 -0.005905 0.141754 0.120454 0.017695 0.241190 -0.130104 -0.102307 -0.111567 0.201374 0.159595 -0.121881 -0.070886 0.151203 0.039870 0.103270 -0.091105 -0.276500 -0.227553 -0.091971 0.025122 -0.123683 0.267857 0.007936 -0.187307 0.003714 -0.095233 -0.251572 0.050698 -0.276533 -0.120331 -0.110073 0.016145 -0.086197 0.080848 0.095998 0.145466 0.239988 0.030120 0.116725 0.267311 -0.064305 
-0.146000 -0.064786 0.051476 0.150085 0.024097 -0.356590 0.074411 -0.120338 0.057760 -0.116970 -0.128937 -0.019551 0.151782 -0.091548 -0.164416 0.032695 0.021868 -0.168504 -0.357769 0.032349 -0.124356 0.033963 -0.009152 -0.150711 0.212717 -0.158955 0.067445 0.113474 -0.398448 -0.095452 0.149994 0.052236 -0.012218 0.076010 0.159431 0.104011 -0.059128 -0.008606 0.086904 0.114477 0.121475 -0.157947 0.102177 0.046221 0.113347 -0.132359 -0.012389 0.222207 0.006086 -0.176168 
-0.152390 0.088754 -0.106797 0.034504 -0.062756 0.045949 -0.033696 -0.143300 -0.114011 0.078087 0.315197 0.010115 0.106753 0.199544 0.098934 0.036538 -0.142301 0.021805 0.121191 0.160556 -0.177736 0.141405 -0.088065 0.097627 0.321446 -0.178293 -0.150450 -0.116009 0.015241 0.341945 -0.006285 -0.039279 0.096356 0.012836 0.144302 0.053905 0.150292 0.233790 -0.027769 0.244222 0.215902 -0.078349 0.055658 0.037403 -0.087100 -0.070985 -0.267919 -0.086914 -0.059268 0.064235 
-0.126415 -0.076301 0.168324 -0.050052 -0.106208 0.007632 0.120143 0.164384 0.172925 0.001504 0.099265 -0.005902 0.062242 -0.171834 0.060539 -0.017970 0.072283 0.067670 -0.257723 0.122314 -0.187231 -0.226728 0.034141 0.174189 0.247202 0.062861 -0.206899 -0.030538 0.045820 0.191774 0.014544 -0.013957 -0.255696 -0.197314 -0.159867 -0.227133 -0.004651 -0.110229 0.099059 0.116821 -0.306082 -0.076993 0.137462 -0.209171 -0.042529 0.057263 0.070165 0.064193 -0.208098 0.152820 
-0.129527 0.144970 0.031800 0.282602 -0.024362 -0.003801 0.228106 0.040643 -0.208053 0.098474 -0.053117 -0.121329 -0.059339 -0.163759 0.066862 -0.283871 -0.045213 -0.034807 0.288299 -0.046270 -0.164364 -0.045123 -0.151757 -0.358698 -0.040841 -0.040489 0.080382 -0.051301 -0.116172 0.168694 -0.185611 -0.136313 0.023704 -0.164533 0.077082 -0.150905 0.070621 0.073526 0.198659 -0.016216 -0.228001 -0.101585 -0.106363 0.054394 0.238125 0.032478 0.123844 -0.049963 0.049412 -0.058292 
-0.128051 -0.112408 -0.253743 -0.044636 0.166527 -0.024662 -0.049020 -0.072424 0.135627 -0.073567 -0.199451 0.301219 -0.296522 0.022426 -0.066090 -0.140121 0.119464 0.008257 0.206667 0.000235 -0.209979 -0.139767 -0.137657 0.098492 0.179952 0.037227 0.179576 0.320913 0.108997 -0.186716 -0.014044 0.052537 0.118379 -0.089645 -0.147574 -0.213677 -0.013989 0.112843 0.040160 0.160621 0.031648 -0.098173 0.100199 0.047858 0.009705 0.116335 -0.207680 -0.065912 -0.103510 -0.095964 
-0.136068 0.012606 -0.243367 0.166072 0.215910 0.006746 0.064459 -0.017466 -0.066194 -0.266430 -0.017589 -0.254042 -0.040338 0.027608 -0.183558 -0.025136 -0.077201 -0.008985 -0.101049 -0.042978 0.298512 -0.183203 -0.242636 -0.132113 0.083834 -0.087836 -0.141448 -0.198398 -0.070379 -0.122117 -0.201924 0.040181 -0.206359 -0.002858 -0.165228 0.041421 0.034626 -0.010665 -0.064775 -0.139280 -0.012467 0.154036 0.200894 0.018579 -0.040798 0.032933 -0.277857 -0.148175 -0.110996 0.194097 
-0.140979 -0.180450 0.090031 -0.159072 -0.266480 0.116919 -0.106034 -0.146573 -0.075635 -0.231319 -0.095322 0.056431 -0.155304 -0.202838 -0.111948 -0.039133 -0.007835 -0.107086 0.080395 0.016869 -0.046532 0.096496 -0.024688 -0.112337 -0.013611 -0.191138 -0.328358 0.046320 -0.072146 0.015391 -0.011376 -0.050265 0.154965 -0.034830 -0.128518 -0.048236 0.212928 -0.215185 -0.008286 0.012963 -0.096494 0.142255 -0.057642 0.310778 -0.349828 -0.206207 0.109745 -0.016795 0.001932 -0.074300 
-0.171314 0.083275 0.129869 0.179237 -0.041455 -0.068460 -0.386256 0.091099 0.021102 0.116885 0.257383 0.036401 -0.229693 0.038323 -0.095774 -0.129942 -0.145070 -0.099578 0.074657 0.039842 -0.158553 0.003221 0.065820 -0.165625 -0.062001 -0.033361 0.133373 -0.126682 0.137194 -0.192148 0.114497 0.007386 -0.113501 0.302747 0.005315 0.034275 -0.221562 0.014920 0.039738 0.121690 -0.166669 0.176750 0.271503 -0.056305 -0.052389 -0.195570 0.113244 -0.059123 -0.144075 0.026687 
-0.132917 0.141340 0.050955 -0.099897 0.075842 0.179871 0.126451 -0.150167 -0.208646 0.103068 -0.111186 -0.071837 -0.209855 0.274217 0.040303 -0.031495 0.120198 -0.058631 -0.052454 0.196428 0.131683 0.158215 0.260774 0.099234 -0.154889 -0.092099 -0.010662 0.068703 -0.195208 -0.050525 -0.053919 0.044758 0.136270 0.138713 -0.103659 -0.124248 0.011824 -0.032971 0.168599 -0.109429 -0.231433 -0.224442 0.049673 -0.217350 0.008137 -0.225670 -0.222258 0.169329 -0.132347 0.106968 
-0.117038 0.157082 -0.159444 -0.148700 0.023388 -0.160878 -0.165888 0.285788 -0.239792 0.108854 -0.158543 0.050333 0.072449 0.123634 -0.247808 0.064845 0.078280 -0.249634 -0.083873 0.138235 0.064294 -0.140781 -0.098952 0.076866 -0.057934 0.096376 0.146370 0.043886 0.128420 0.251179 0.090825 -0.028781 0.108193 -0.054169 0.096746 0.064797 0.232719 -0.086480 -0.118671 0.015629 -0.199223 -0.062114 0.201373 0.253980 0.044333 0.028459 0.094366 0.098063 0.128155 0.214290 
-0.126579 -0.176853 -0.127384 -0.087189 -0.100909 0.023799 -0.186819 0.017921 -0.111223 -0.199470 -0.029638 0.104868 0.190311 0.032870 0.222223 -0.024040 0.085760 0.242742 0.084637 -0.034776 0.047967 0.199806 -0.035740 -0.060721 0.098524 0.111483 -0.151582 -0.082558 -0.014744 -0.201893 -0.186637 -0.025370 0.203017 0.108899 0.089653 0.268508 0.060316 -0.182850 0.030123 0.118430 -0.188342 -0.098153 0.210425 -0.098537 0.347187 0.188589 0.127813 0.048370 -0.147287 0.024523 
-0.158283 -0.221941 0.090848 0.019282 0.032818 0.269571 -0.058374 -0.097844 -0.139507 -0.075251 -0.095826 -0.130977 0.109320 0.358185 -0.245087 0.264801 -0.022322 -0.030069 0.050849 -0.122567 -0.268226 -0.144286 0.094840 -0.077788 -0.157008 0.018576 0.109970 0.038986 0.048705 0.114478 -0.052727 0.172254 -0.234929 -0.142123 0.003999 0.057941 0.136880 -0.140395 -0.042259 0.167551 0.014906 0.091922 -0.082407 -0.167126 0.150190 -0.025771 0.019862 -0.081077 -0.074562 -0.262430 
-0.150130 0.266820 0.118135 -0.188864 0.179045 0.234163 0.013272 0.134523 0.084001 -0.031417 -0.078131 -0.038094 -0.219983 -0.088766 0.194043 0.155815 0.029644 -0.052611 -0.111000 0.015909 -0.091349 -0.091738 -0.152395 -0.011401 0.058865 -0.157862 -0.131465 -0.008920 0.225409 -0.059101 -0.184731 -0.005336 -0.140462 0.092774 0.336029 0.213132 -0.069100 -0.015964 0.047573 -0.108013 -0.058442 -0.154009 0.070673 0.061447 -0.108366 0.093505 -0.075458 0.092338 0.157828 -0.354939 
-0.143407 0.057355 0.231618 -0.066759 -0.045180 0.046464 -0.015589 0.091351 -0.100595 -0.204400 -0.216623 0.071502 0.223535 -0.012508 0.189244 -0.144608 -0.004203 -0.089021 -0.137481 0.044180 -0.116567 -0.014923 0.018752 0.153329 -0.222866 -0.127236 0.165758 -0.320957 -0.021264 -0.116702 -0.097904 0.002228 0.013960 0.025754 -0.046334 -0.205189 -0.182329 0.156506 -0.354735 0.116022 0.070282 -0.124851 -0.104944 0.251557 0.046103 0.034932 -0.077763 -0.141118 -0.202178 0.029032 
-0.140436 0.090516 -0.016047 0.091381 -0.002087 -0.125415 -0.181063 0.188514 0.056620 0.252675 0.054127 0.023376 0.089075 -0.124737 0.207496 0.118652 -0.065852 0.067466 -0.081904 -0.233498 0.122302 -0.139682 0.052639 0.131701 0.018067 -0.170612 0.094688 -0.118144 -0.067973 -0.213849 0.038460 0.169538 0.214352 -0.151376 -0.059980 -0.085290 0.482805 0.015250 0.061350 -0.079325 -0.085132 0.108442 -0.065702 -0.080028 0.011537 -0.145806 -0.135965 -0.071468 -0.083126 -0.256683 
-0.148024 -0.161513 0.127028 0.153240 0.012889 -0.318476 0.016789 -0.105333 0.011955 0.030360 0.034223 -0.125825 -0.011454 0.025349 0.053010 0.232841 0.267814 0.070243 0.086877 0.238274 0.219059 0.110234 -0.054315 0.060861 -0.124433 -0.100813 -0.079019 0.044610 0.326976 0.112912 0.038030 0.034013 0.094139 -0.275083 0.046122 -0.037395 -0.278104 -0.016079 0.097718 -0.148061 -0.005697 0.031183 0.097659 0.180452 0.140857 -0.113980 -0.012519 -0.165987 -0.167916 -0.175094 
-0.157238 0.064440 0.206741 0.204904 0.256775 -0.000962 0.085820 0.076868 0.096927 0.038242 -0.026163 0.124222 0.059610 0.261538 -0.141713 -0.199345 -0.038740 0.096073 -0.191275 0.097600 -0.027556 0.026714 0.207412 -0.071850 0.032843 0.333958 -0.142329 -0.028125 -0.062317 0.063825 -0.113860 -0.128434 0.304891 -0.022219 -0.066946 0.090858 0.075802 0.046814 0.018157 -0.128287 0.074424 0.088055 0.077969 0.069814 -0.271021 0.224569 0.124341 -0.138572 -0.077126 -0.226306 
-0.157144 0.085296 0.043523 -0.022297 0.005224 0.133751 0.188986 -0.150614 0.179026 0.009064 0.228862 -0.016126 -0.002733 -0.261630 -0.221675 -0.061861 0.165406 -0.108984 0.079155 0.074453 -0.127906 0.118766 0.203661 0.117754 0.016337 -0.024113 0.237655 -0.028219 0.016379 -0.119796 0.108810 -0.090834 0.003692 -0.114781 0.095840 0.374110 0.121311 -0.103152 -0.095333 -0.117953 -0.148532 0.159416 -0.152040 0.125636 0.132415 0.190191 -0.229621 -0.010925 -0.169342 0.145413 
-0.153796 -0.134535 0.233725 -0.068950 0.237592 -0.226878 -0.128489 -0.058011 0.108187 -0.094158 -0.006174 -0.149513 -0.167381 -0.002306 0.272186 -0.112446 -0.446970 -0.005910 0.091484 -0.096093 0.106803 -0.043013 0.079002 0.116180 -0.120423 0.029499 0.091704 0.263040 -0.048774 0.196386 -0.099978 0.087343 -0.085153 -0.014593 0.092223 0.115079 0.110887 -0.169089 0.073718 0.033240 0.103669 -0.080046 -0.070263 0.129937 -0.003594 0.090151 0.007059 0.080023 -0.148125 0.243406 
-0.153909 -0.022612 -0.029733 -0.173928 -0.077326 0.000476 0.179143 0.214983 0.089996 -0.122938 0.236273 -0.087476 0.201339 0.035018 -0.022837 -0.130628 -0.011602 -0.204957 0.259652 0.216948 0.186368 -0.163514 -0.089572 0.170285 0.082704 -0.001375 0.224690 0.026345 -0.019653 0.003311 -0.163600 -0.174266 0.034073 0.219820 -0.230527 0.009638 -0.023963 -0.223552 0.089029 -0.018845 0.218929 -0.004797 -0.027637 -0.096656 0.033578 -0.157675 0.108501 0.055148 0.018009 -0.287981 
-0.120243 -0.068055 0.234712 0.202194 -0.039292 0.084099 -0.273698 -0.048970 0.046675 -0.165146 0.086818 -0.057577 0.114174 0.029170 0.071646 -0.100232 0.184124 -0.072035 0.062240 -0.141339 0.059517 0.050585 0.057853 0.005679 0.203173 -0.079393 0.189912 0.071016 0.008875 0.151210 -0.161565 0.183883 0.138700 -0.136298 -0.161284 -0.000228 -0.158885 0.059015 -0.166729 -0.126277 -0.139846 0.023159 0.068105 -0.113157 -0.095163 0.075073 -0.134458 0.214642 0.478122 0.066271 
-0.152754 -0.187213 -0.003655 -0.155139 0.001127 -0.058368 0.002312 -0.262748 0.020406 0.064512 0.198448 0.027402 0.181502 0.159691 0.100038 -0.059566 0.166883 0.019541 -0.089605 0.074552 0.131182 -0.145548 -0.116251 -0.299568 -0.021645 0.052022 0.226476 -0.072394 0.081659 -0.201574 0.061647 -0.034798 -0.051731 0.031066 0.330250 -0.232436 0.101271 -0.132041 0.100210 0.003446 -0.080807 -0.147751 -0.155003 -0.039766 -0.346757 0.122280 -0.000468 -0.122788 0.084050 0.130811 
-0.125308 -0.146227 -0.111059 -0.117685 -0.029573 0.051284 -0.091093 0.023271 0.109092 -0.169129 0.280021 -0.140319 -0.158474 -0.057024 -0.024075 -0.062689 0.211345 0.168148 -0.086237 -0.150100 -0.083788 -0.113460 0.153299 -0.008286 -0.091534 0.267755 -0.053910 0.026304 -0.113724 0.168266 0.007507 -0.026690 -0.039959 0.207007 0.165828 -0.222320 0.146934 0.238876 -0.146167 -0.295590 0.072160 -0.102517 0.087137 0.192542 0.248126 -0.210401 -0.008360 -0.001140 0.029357 -0.070268 
-0.136573 -0.005173 0.047812 0.001611 0.221090 0.150912 -0.050471 -0.102785 0.117790 -0.168567 -0.050984 0.183523 0.092897 -0.126509 0.047552 0.144797 -0.068770 -0.086263 0.144752 0.086074 0.148615 -0.015080 0.106844 -0.022288 -0.049623 0.202741 -0.028662 -0.284410 0.001744 -0.017885 0.288601 0.029681 -0.140395 -0.071238 -0.242103 0.147491 0.083417 0.219837 0.340243 0.115443 -0.035672 -0.262304 0.023286 0.119643 0.070200 -0.133525 0.051931 -0.110855 0.263262 0.042303 
-0.147276 0.112912 0.153611 -0.247955 0.035131 0.136957 0.032977 -0.047838 0.167522 0.080677 0.013899 0.145997 0.203337 -0.148288 -0.043523 -0.036431 -0.024018 -0.074751 0.001161 0.087612 0.041823 0.102760 -0.316124 -0.190326 -0.216288 -0.115619 -0.071391 0.265836 -0.113178 0.147600 0.102937 0.326231 0.079050 0.097361 -0.041816 -0.032792 0.045164 0.170790 -0.063960 -0.148959 0.066985 0.126024 0.191485 -0.246740 0.121423 0.103525 0.090783 -0.217009 -0.066844 0.073601 
-0.147575 -0.105789 -0.158268 0.188624 -0.024366 -0.058140 0.033460 0.253953 0.051249 -0.028115 -0.204892 0.139208 0.230551 0.060119 0.112652 0.033973 0.052757 0.229048 0.234333 0.199462 -0.173997 -0.215315 0.053815 -0.043977 -0.080255 -0.057320 -0.127419 0.077717 -0.059176 0.074373 0.119898 0.172671 -0.076671 0.281146 0.061560 0.147875 -0.100127 0.046701 0.067339 -0.213077 -0.116008 0.153983 -0.279149 0.060309 -0.159688 -0.064295 -0.167156 0.149751 -0.021266 0.113533 
