-0.139380 0.248213 0.129443 0.034416 -0.127385 0.112024 0.128943 -0.055097 -0.096388 0.095850 0.112405 0.264601 0.204849 0.060594 0.100690 -0.209160 0.035902 0.177542 -0.100977 -0.019843 0.151555 0.127875 -0.071436 0.054626 -0.060000 -0.071468 -0.177612 -0.147993 -0.217399 0.140822 0.183011 0.004210 0.180302 -0.192037 0.072917 0.051899 -0.055153 0.176935 -0.082312 -0.146941 0.298057 -0.007086 0.096612 0.054459 0.046629 0.068316 -0.068629 -0.331661 -0.168988 -0.083445 
-0.135164 -0.063709 -0.178555 0.265246 -0.126466 -0.168743 -0.042805 0.161709 -0.165199 0.098621 0.072629 -0.087634 -0.019760 0.089505 0.211679 0.010477 0.120830 0.038577 -0.039215 -0.082227 -0.125681 -0.150174 -0.106905 0.025592 -0.022851 0.325052 -0.092157 -0.146289 0.103824 0.113063 0.145991 0.145009 0.028739 0.110385 -0.340584 0.083777 0.000479 -0.048235 -0.003515 0.075260 0.301961 -0.177755 -0.099873 0.281640 -0.095946 -0.057112 -0.096709 0.202931 -0.031269 0.053059 
-0.138600 0.075615 -0.105658 0.042751 -0.188878 -0.016639 0.181584 -0.168102 0.205256 -0.001167 0.228136 0.039921 0.056651 -0.012573 -0.132361 0.383884 0.125563 -0.141809 0.032732 0.072849 -0.202182 0.074546 0.113048 -0.027298 -0.276286 0.188825 0.035159 -0.149566 -0.013526 0.162313 0.092847 0.095146 0.059458 -0.221920 -0.019481 -0.133706 0.114862 0.097121 -0.123981 -0.242596 -0.170304 0.089445 -0.062693 -0.019574 0.142975 0.147493 0.019740 0.117839 0.230365 0.010697 
-0.151473 0.067489 -0.045894 -0.244348 -0.155141 -0.075434 -0.226821 0.027744 0.091657 0.270192 -0.041094 -0.075904 0.208474 -0.071096 0.202870 -0.003679 0.111926 0.004968 0.184604 0.093936 0.239501 -0.089212 0.173465 -0.141365 -0.189105 0.053392 -0.078233 -0.072034 0.298664 -0.123173 0.146276 0.016392 -0.031482 0.084661 0.085053 0.144411 0.212836 0.218642 0.028204 0.222933 -0.192434 0.068519 0.051747 -0.051113 0.123474 -0.129385 -0.159477 -0.057754 -0.098769 -0.077431 
-0.146613 -0.132720 0.173526 -0.108034 0.101780 -0.195773 -0.088007 -0.122272 -0.047460 0.026728 0.224666 -0.052666 0.176655 -0.083604 -0.035783 0.191049 -0.196652 0.002771 0.092600 -0.193911 0.023972 -0.168666 0.077648 -0.096224 -0.015282 -0.143905 0.033133 -0.200107 0.112719 -0.054930 -0.270539 -0.170105 -0.088387 -0.000456 0.195075 -0.068549 0.037211 -0.060143 -0.017000 -0.048498 0.298698 -0.104812 0.096020 0.182461 0.020604 0.376221 -0.114874 0.074941 -0.122341 0.172513 
-0.128662 -0.154312 -0.199197 -0.214134 -0.019365 -0.157784 -0.117780 -0.063237 0.086422 0.077362 0.005805 -0.028501 -0.277896 -0.012119 -0.040923 0.126781 -0.102500 0.311893 0.122530 0.015069 0.022598 0.051094 -0.102971 0.128007 0.117781 0.113742 0.083425 0.341630 -0.094358 0.274539 0.091377 0.099854 0.010020 -0.041495 0.030693 -0.157000 0.344648 -0.028859 0.117498 0.086346 0.192984 0.044090 0.162189 0.037726 0.067766 0.086971 0.059854 -0.247749 0.033426 -0.043453 
-0.133099 -0.100186 -0.197949 -0.176942 0.043837 -0.011045 0.006290 -0.029158 0.038218 -0.073275 -0.020070 -0.273111 0.075467 0.203910 -0.018399 -0.073103 0.227680 -0.136689 -0.049414 -0.076626 0.124369 0.225448 0.255687 -0.174242 0.219566 0.092887 0.154638 -0.102114 -0.261254 -0.122627 -0.013321 -0.019848 -0.178742 -0.121674 -0.079808 -0.282158 -0.054490 -0.049195 -0.215450 -0.029186 0.061389 0.116853 0.052771 0.156849 -0.150485 -0.164193 -0.210915 -0.112600 -0.101792 -0.028300 
-0.139178 0.073487 -0.007140 0.039414 0.143598 0.023517 -0.356296 0.121346 0.096698 -0.164202 0.101634 0.073548 -0.050577 -0.014019 -0.284661 0.053392 -0.115055 0.124957 -0.209076 -0.124496 0.149057 0.138897 -0.016922 0.129932 -0.013558 0.197757 -0.194651 -0.148539 -0.158773 -0.214787 0.041024 0.273106 -0.197173 -0.043715 0.222183 0.199676 0.125461 0.027582 -0.062632 0.002591 0.013429 0.001024 -0.148823 -0.016219 0.084813 -0.158571 0.065918 0.085327 0.009049 0.247786 
-0.128743 0.081908 0.423067 -0.090337 -0.102508 -0.000785 -0.146644 0.031445 0.078648 -0.201187 -0.095673 0.106187 -0.090791 0.248844 0.077770 0.038112 0.042214 0.213158 -0.085424 0.063560 -0.050911 -0.264812 -0.007753 -0.129204 0.182077 0.005718 0.186820 -0.127487 0.200714 0.146728 -0.033060 -0.031623 0.056098 -0.245702 -0.046033 0.012469 -0.016102 -0.217209 -0.098867 -0.006537 -0.024906 0.025449 0.089639 0.021835 0.142457 -0.276655 -0.116820 -0.037610 0.254096 0.079057 
-0.152346 0.115726 -0.014520 -0.031699 -0.154133 -0.057704 0.041333 0.164168 -0.250238 -0.079965 -0.116646 -0.153898 0.208076 -0.006461 -0.133935 -0.114585 -0.462320 -0.306785 0.069813 0.081092 0.110661 -0.156104 -0.184062 0.136945 -0.056501 0.057971 0.224420 0.049434 -0.071286 0.075381 0.030442 0.071552 -0.043626 0.003011 -0.063015 0.087652 0.102969 -0.065332 0.050272 -0.231599 -0.116250 0.302513 -0.001443 0.192467 0.042552 -0.034598 -0.071875 -0.073422 -0.011404 0.025114 
-0.151788 -0.035521 0.021565 -0.131181 -0.270527 0.089962 -0.022150 0.011806 -0.013085 -0.176603 0.221930 -0.102491 -0.168201 -0.102927 -0.097065 0.073963 0.152002 -0.139387 0.201027 -0.086725 0.136458 -0.213635 0.067908 -0.085653 -0.056313 0.021813 0.053988 0.003421 -0.155832 0.108158 -0.065605 0.037613 0.129946 0.254231 0.115736 0.175863 -0.110565 -0.163876 0.065756 -0.168371 0.216508 -0.110280 -0.197271 -0.366473 -0.130921 -0.181294 0.013338 -0.114480 -0.074980 -0.132324 
-0.121283 0.026681 -0.111588 -0.161973 0.224222 -0.035530 0.148036 0.000278 -0.111120 0.072691 -0.028333 0.156732 -0.264655 0.095109 -0.182855 -0.124498 0.189039 -0.172367 0.037069 0.103759 -0.187054 -0.249214 -0.052833 -0.094097 0.118500 0.088378 0.062002 0.024085 0.027683 -0.155731 -0.063930 0.250657 0.150393 -0.173459 0.092249 0.071860 -0.057874 0.188845 0.227303 -0.097233 -0.123331 -0.188246 0.033103 0.042514 0.148848 0.074575 -0.225387 -0.065906 -0.259038 0.163865 
-0.142728 0.168257 -0.121706 -0.159092 -0.146775 -0.068534 0.000270 -0.033000 0.017372 -0.067019 0.186197 -0.158880 -0.128793 -0.298391 -0.008839 -0.165930 0.173175 0.111860 -0.202022 -0.160914 -0.071871 0.041321 0.135776 0.101536 0.171320 -0.048774 -0.149311 0.155464 0.131416 -0.032028 -0.088083 -0.182771 -0.053404 0.028798 -0.215131 0.292362 -0.144338 -0.080817 -0.024324 -0.226768 -0.138757 0.120572 0.211895 0.168370 0.241961 0.069649 0.128100 0.034394 -0.023332 0.007520 
-0.140948 0.020401 -0.041975 0.156328 -0.032010 -0.077349 0.018396 0.246104 0.061168 0.208852 -0.247129 0.173027 0.011558 0.122792 -0.064819 0.372162 0.084577 -0.017248 -0.023841 -0.196720 0.060122 -0.183491 0.022750 -0.037348 -0.011184 -0.204508 -0.077492 0.125364 0.075892 -0.036920 -0.071768 0.237709 -0.161455 0.061580 0.076390 -0.121034 -0.219551 0.013602 -0.105184 -0.184301 0.014569 0.101010 0.220254 0.080031 -0.008853 -0.120397 0.281905 -0.043005 -0.166635 -0.195442 
-0.150395 0.044402 0.152093 0.169754 0.095770 -0.274173 0.270735 -0.104314 -0.067746 -0.084586 0.056810 -0.119705 -0.179357 -0.171143 0.027146 -0.234646 0.035233 0.091942 0.005190 0.124651 0.193645 -0.085792 0.055690 0.081155 -0.026464 -0.021196 0.186845 0.059585 0.028023 0.066400 -0.019704 0.185875 -0.102537 0.143977 0.122998 -0.158973 -0.109295 0.359171 -0.275860 0.115433 0.141704 0.141702 0.037379 -0.131763 0.130523 -0.080381 0.007469 0.236659 0.082371 0.039434 
-0.155254 0.039551 0.103659 -0.007424 -0.280409 0.069248 0.243145 0.139558 0.293860 -0.027664 0.043869 -0.033229 -0.048668 0.093483 -0.036698 -0.132064 -0.094804 -0.050543 -0.118397 -0.123373 -0.206026 -0.049166 0.055000 -0.118458 -0.165426 -0.274311 -0.138875 0.168576 -0.188712 0.026618 -0.240771 0.170875 -0.072100 -0.049790 -0.120199 0.106764 0.217516 0.026999 0.003644 0.390686 -0.009313 0.044475 0.020148 0.034020 -0.172850 0.036009 -0.115379 0.037174 -0.062416 0.131731 
-0.148271 -0.193439 -0.015951 -0.202615 -0.018511 0.189546 0.155331 -0.292096 -0.081102 0.029664 -0.108209 -0.191347 0.107894 0.020845 0.111819 -0.074143 0.104523 0.040060 -0.156416 -0.052350 -0.120232 -0.025131 -0.380927 0.160505 -0.191834 0.092239 0.013281 -0.157832 0.143496 -0.198458 -0.257780 0.081777 -0.168555 -0.181192 0.021102 -0.011348 0.088525 -0.008600 0.103959 -0.002501 0.149758 0.038580 0.001526 -0.120487 0.037673 -0.160767 0.259989 -0.002513 -0.005420 -0.156982 
-0.142031 0.035990 -0.035763 -0.045486 0.227566 -0.038825 -0.128595 -0.029848 -0.237851 0.006324 -0.091309 0.077546 0.125266 -0.216382 -0.070823 0.086666 0.242277 -0.136370 0.079690 -0.181808 -0.095703 -0.057494 -0.053478 0.275548 -0.021071 -0.080696 -0.030825 -0.045515 -0.073437 0.386665 0.029125 -0.076569 0.056172 -0.221762 -0.022817 0.028986 -0.030803 -0.164342 -0.184945 0.336539 -0.144103 0.150451 0.029548 -0.190717 -0.094099 -0.049534 -0.040767 0.075845 -0.195010 0.111367 
-0.143310 -0.360179 0.030374 0.003236 0.135676 0.119566 0.232205 0.238276 -0.061683 0.020258 0.075404 0.017545 0.054418 -0.005393 0.232058 0.062116 -0.036493 0.090608 -0.071395 0.044352 0.085311 -0.016042 0.145698 0.203835 -0.137465 0.047989 -0.044448 0.168798 -0.101420 0.162748 -0.002571 -0.186046 -0.230577 -0.080074 0.154162 0.132619 0.032898 0.061923 0.038380 -0.237908 -0.202506 -0.313610 0.153563 -0.011122 -0.082539 -0.185295 -0.199555 0.056375 0.091195 0.071168 
-0.156885 -0.075317 0.120761 0.093230 0.057054 -0.136163 0.142615 -0.040085 0.108569 0.201376 0.030295 0.067985 -0.216044 -0.121651 0.157631 -0.157124 0.039683 -0.400381 -0.274960 -0.035192 0.174979 -0.018892 -0.041679 -0.100703 0.030493 0.031666 -0.135548 -0.020331 0.070715 0.054801 0.190664 -0.064617 -0.066621 0.004388 0.231321 -0.141765 0.103799 -0.378140 0.030795 0.075488 -0.074382 -0.017812 -0.219588 0.119818 0.093559 0.046225 0.144627 -0.196214 0.073004 0.021154 
-0.132003 0.258171 -0.232207 0.010910 0.123059 -0.170906 -0.131365 -0.033971 0.074219 -0.247931 -0.206261 0.113324 -0.075741 0.129284 0.039511 -0.127589 0.016622 -0.051831 -0.178009 -0.201384 0.052013 -0.154742 0.048706 -0.003853 -0.336051 -0.098075 0.063919 0.082013 -0.065873 -0.084882 0.053082 -0.378255 0.162961 -0.005386 -0.016467 -0.185794 0.236197 0.077595 0.133957 -0.131610 0.098787 -0.106305 0.025480 -0.058940 -0.024857 -0.079127 0.016053 0.209703 0.007844 -0.081333 
-0.141397 -0.058664 0.049243 0.140040 0.198342 0.175734 -0.005017 0.181003 0.168640 -0.010058 -0.081627 -0.212471 -0.092867 0.036737 -0.093142 -0.116820 0.062975 0.019520 0.086509 -0.189224 0.009339 0.078982 0.306558 0.262742 -0.154982 -0.044500 0.206272 -0.161881 0.227230 0.034713 0.090471 0.088964 0.151971 -0.108190 0.064548 0.114839 -0.166401 0.040625 0.315007 0.073702 0.110985 0.161107 -0.014472 0.114875 -0.114483 0.176598 0.013655 -0.156409 0.202296 -0.102522 
-0.174551 -0.043820 -0.109537 -0.097081 0.024517 -0.078921 0.079486 -0.021973 0.129411 -0.243645 -0.216043 0.142864 0.111195 0.012234 0.136393 0.048635 -0.170709 0.054067 -0.143823 0.007935 -0.244427 0.226773 0.003160 -0.103744 -0.155318 0.177417 0.009318 -0.047421 0.109961 0.136872 0.043266 0.004092 -0.095322 0.363898 0.021456 -0.052575 -0.347627 -0.073878 0.116683 0.059544 0.029455 0.095156 0.032961 -0.194578 0.166370 0.039411 -0.144415 -0.188035 -0.150479 0.212886 
-0.145660 -0.051969 0.036419 0.107611 0.145194 -0.332381 0.008955 -0.040220 -0.077498 0.218933 -0.033623 0.047925 0.013065 -0.052944 -0.150476 -0.055416 -0.100910 -0.083675 0.191845 -0.168426 -0.139070 0.240519 -0.039869 -0.218195 0.111711 -0.209642 -0.118300 -0.115972 -0.024509 0.026696 -0.027716 -0.058823 -0.154680 -0.072240 -0.270198 0.139687 0.054534 0.133436 0.179582 -0.123095 0.078220 -0.034322 -0.043898 -0.244304 0.057106 -0.248118 -0.071156 -0.127957 0.314384 -0.043084 
-0.131383 -0.212978 0.003584 0.076068 -0.079371 0.056134 -0.099706 -0.130104 0.033864 0.085043 0.113510 0.126062 0.074532 -0.142945 -0.377831 -0.068889 0.116286 0.105263 -0.214983 0.107224 -0.073342 0.056890 -0.171578 -0.103666 -0.076082 -0.144960 0.225125 0.115871 0.291552 0.018319 0.139155 -0.133840 0.076363 0.146694 0.017986 -0.027281 0.028673 0.130848 -0.078413 -0.096540 -0.041306 0.038755 -0.059405 0.178523 -0.395485 -0.188447 -0.020842 -0.098616 -0.074929 0.178437 
-0.141015 0.137626 -0.001678 -0.050730 -0.057305 0.069765 0.220994 0.095429 -0.188580 0.176652 0.007557 -0.039273 -0.097457 0.280105 -0.178186 -0.058964 -0.067465 0.265149 -0.002623 -0.113093 -0.063156 -0.016951 0.061170 0.167379 0.181825 0.047099 -0.225085 -0.074808 0.249012 -0.073300 0.053632 -0.114300 -0.054581 0.159786 0.069669 -0.204539 0.167243 -0.130476 -0.081844 -0.113359 -0.122802 0.153406 -0.196264 -0.288296 -0.141856 0.160825 -0.201389 0.097866 -0.040843 -0.067990 
-0.159184 -0.032132 -0.147175 0.014436 -0.160805 -0.122939 0.066379 0.299485 -0.306931 -0.085495 0.035841 -0.118811 -0.067556 0.025501 0.079993 0.181484 -0.097137 0.045976 -0.169305 0.284355 0.043447 0.204960 0.145708 -0.153402 0.117892 -0.113971 0.024021 -0.138804 0.077401 0.003072 -0.111303 -0.139812 0.233427 -0.233192 0.093798 -0.010071 0.015032 0.114222 0.136491 0.139176 0.004356 0.002957 -0.081622 -0.108318 -0.034549 -0.030156 0.366914 0.008945 -0.116793 0.151377 
-0.130793 -0.327733 -0.121625 0.081075 0.042236 0.088943 -0.045257 -0.131610 -0.009234 -0.009262 0.181766 0.015878 0.144935 0.055283 -0.026572 -0.175379 -0.146117 0.227573 0.096081 0.058083 -0.199534 -0.274643 0.166679 -0.111480 0.010035 -0.225152 -0.076144 -0.034325 -0.229796 -0.054764 0.320254 0.018078 0.031357 -0.037136 0.031229 -0.091540 -0.113913 -0.129866 0.135400 0.050381 -0.084617 0.175870 -0.120418 0.059682 0.261413 -0.123094 0.124280 0.185648 -0.109432 -0.120196 
-0.152567 0.264286 -0.012666 -0.048065 0.120315 0.047142 -0.098949 0.137299 0.112602 -0.023054 0.318548 -0.241464 -0.028242 -0.076446 0.071558 0.082164 -0.003081 -0.002967 0.031015 0.191145 0.022598 0.009790 -0.322114 0.141796 -0.031721 -0.278324 -0.115331 -0.163144 -0.028833 -0.058647 0.072528 0.106022 0.014720 0.112226 -0.101005 -0.389604 -0.148775 -0.073305 0.185120 0.025135 -0.145809 -0.167794 0.216776 -0.010098 -0.071833 -0.089942 -0.095609 -0.043833 0.079632 0.045192 
-0.118434 0.014603 -0.085038 -0.180936 -0.013355 0.078620 -0.015600 0.078699 -0.037600 -0.091703 -0.020185 -0.033914 0.342379 -0.156318 0.084548 0.010727 -0.121824 -0.089605 -0.178902 -0.297558 -0.170280 -0.068302 0.016483 0.012020 0.323670 -0.027093 0.034695 0.205398 0.084181 -0.028536 0.080670 0.192559 0.233544 0.030689 0.129547 -0.126687 -0.028081 0.214891 -0.154993 0.082793 -0.018525 -0.286058 -0.187230 -0.017057 0.031639 0.025556 0.005500 -0.042426 0.298489 -0.136246 
-0.153233 -0.185519 0.031688 -0.085629 0.013643 0.263912 -0.206116 -0.083379 -0.318494 -0.179860 0.002260 0.021276 -0.188995 0.292592 -0.001631 -0.105104 0.030012 -0.266530 0.079381 0.002896 -0.004148 0.097937 -0.031048 -0.177558 -0.083225 -0.082171 -0.259145 0.004803 0.073620 0.116580 0.120326 0.062170 -0.007674 0.189691 0.015505 0.040960 0.043881 0.137502 -0.162062 0.010593 -0.013972 0.031158 0.326356 0.031442 -0.012998 0.199606 0.140099 0.067422 0.224330 0.031132 
-0.152252 -0.025277 -0.111583 -0.013139 0.137893 0.304917 -0.044218 -0.038365 0.061110 0.076060 -0.218863 0.179016 -0.072937 -0.375960 0.100454 0.010846 -0.101116 0.073585 -0.217830 0.166346 0.169382 -0.072942 0.113575 -0.184617 0.163099 -0.056549 0.063462 -0.276067 -0.071028 0.153196 -0.140056 0.201959 0.011790 0.082488 -0.230844 -0.002012 0.182034 -0.037317 0.056087 -0.147174 0.012680 0.063108 0.031483 -0.074923 -0.128671 0.152217 -0.093595 0.186410 0.010160 -0.132030 
-0.126741 0.289397 -0.069363 0.193956 0.232693 0.196545 0.119930 -0.064998 -0.055084 0.058340 0.103001 -0.097057 -0.004428 0.005773 0.205063 0.234521 0.061965 0.038442 0.049149 -0.041826 -0.167014 0.084845 -0.182151 -0.263699 0.137282 0.046385 0.108479 0.143427 -0.090950 -0.053290 -0.001584 -0.123446 0.053672 0.120586 0.361491 0.254594 0.101117 -0.041795 0.080409 0.061276 0.077718 0.285807 0.070306 0.124760 -0.038777 -0.127604 -0.120321 0.107381 0.079138 -0.049207 
-0.150579 0.006952 -0.084751 -0.194426 0.031303 0.008227 0.089097 0.221990 -0.020173 0.060067 -0.201502 0.115664 -0.112758 -0.227143 -0.108710 -0.146274 -0.024449 0.208362 0.342105 0.070001 -0.062685 0.050351 -0.091064 -0.120747 -0.236931 0.127741 -0.150923 -0.096434 -0.120201 -0.098839 -0.222588 -0.132328 0.169589 0.017030 0.102816 -0.086128 -0.150936 -0.120448 -0.267910 0.049450 -0.042488 -0.047304 -0.114685 0.302629 -0.024892 -0.055301 0.053846 -0.013243 0.226919 -0.042944 
-0.129722 0.202710 -0.108908 0.019318 -0.114319 0.280165 -0.019864 -0.090169 -0.051657 0.145303 0.005669 0.212046 -0.003074 0.032687 0.199344 -0.117513 -0.006427 -0.036136 0.331270 -0.073181 0.007780 0.204932 0.151142 0.120838 0.025672 -0.171172 0.300310 0.117428 0.114561 -0.060094 -0.011040 0.103127 -0.156880 -0.002866 -0.055024 -0.096566 0.056908 -0.161357 -0.018892 -0.079730 0.092412 -0.179041 -0.122780 0.012011 0.106343 -0.082663 0.169117 0.108033 -0.027503 0.401298 
-0.140618 -0.033690 0.087574 -0.068714 0.066564 -0.161692 0.219153 -0.095205 0.018354 -0.323459 0.032327 0.277006 -0.076210 -0.061522 0.082979 0.173683 -0.077766 -0.099084 0.148867 0.141096 -0.132507 0.077912 0.120426 0.282811 0.125103 -0.081531 0.029369 -0.149370 0.059765 -0.338102 0.204225 0.019668 0.011478 0.107012 -0.106789 0.172678 0.203574 -0.069701 -0.129428 0.098046 0.012994 -0.051665 0.093579 0.122677 -0.171560 -0.076738 0.051132 -0.087417 -0.103440 -0.244456 
-0.120980 -0.034074 -0.106492 0.091555 0.084415 -0.147147 0.139102 -0.338112 0.114102 -0.205791 -0.026884 -0.034356 0.148554 0.161712 0.019820 -0.006064 -0.080137 0.098036 0.156342 -0.053827 0.408033 0.139865 -0.070580 -0.078205 0.047829 -0.016327 -0.241562 0.169966 0.203076 0.108770 -0.143361 0.222904 0.265836 -0.129884 -0.019162 0.093591 -0.104054 -0.162226 0.085167 -0.052470 -0.186592 -0.056422 -0.061812 0.082777 -0.159780 -0.038637 -0.033092 0.139583 -0.046861 0.014081 
-0.145166 -0.091982 0.082488 -0.048232 -0.168323 0.083181 0.196423 -0.098933 0.029968 0.130348 -0.293714 -0.058705 0.049354 -0.060518 -0.165850 0.233938 0.073539 -0.002803 -0.023683 -0.011899 0.254658 -0.097497 -0.084337 0.064275 0.104425 0.035396 -0.039752 0.065088 -0.206757 -0.307499 0.301102 -0.170104 0.135119 0.007716 -0.139092 0.057540 -0.144342 -0.022802 0.108493 0.131734 0.124970 -0.003406 0.147925 -0.093253 0.040839 0.106234 -0.037014 0.131764 0.198598 0.326189 
-0.118686 0.095427 0.080318 0.016801 0.106302 0.014751 0.050518 -0.080721 -0.339831 0.068025 0.099610 0.021375 0.044007 0.146630 -0.208185 0.152668 0.075906 0.165557 -0.210808 -0.018701 0.174575 0.103468 0.067459 -0.075447 -0.238582 -0.039069 0.289935 0.080888 -0.111666 -0.023300 -0.095437 0.055001 -0.048466 0.192300 -0.206005 0.076075 -0.002603 -0.153748 0.023154 0.247137 -0.186823 -0.239563 -0.101716 0.087779 0.238758 0.104348 -0.023990 -0.108325 0.050089 -0.243840 
-0.123075 0.150962 0.148671 0.197356 0.163753 0.012580 -0.028539 -0.185249 0.064807 0.148306 -0.129612 -0.247091 0.221849 0.052414 -0.133301 -0.092091 -0.028729 -0.017516 0.008226 0.224239 -0.198985 -0.134504 0.314140 0.067093 0.059148 0.231980 -0.143541 0.020885 -0.103498 0.061913 -0.154335 -0.016158 0.165943 0.209941 -0.007782 -0.025305 0.166507 -0.063654 -0.044017 -0.046783 -0.008345 -0.187267 0.196355 -0.036458 -0.052322 -0.113657 0.276124 -0.181449 -0.039258 0.133065 
-0.129018 -0.026329 0.142460 0.187129 -0.229848 -0.108099 -0.230135 -0.008943 -0.217302 -0.012566 0.102257 0.265898 0.102605 -0.165233 0.046301 -0.122190 0.085410 -0.037850 -0.014820 0.076426 -0.081586 0.096472 0.132110 0.025214 -0.028309 0.249029 -0.024664 0.252062 -0.042335 -0.256952 -0.165525 0.106141 -0.014054 -0.138738 0.087588 -0.219788 -0.090901 -0.148104 0.266174 0.039889 -0.007403 0.126080 0.198239 -0.109919 -0.175563 0.074851 -0.138412 0.079269 0.128603 -0.142380 
-0.162322 -0.132525 0.097166 -0.021610 0.114023 0.046862 0.037444 0.280993 0.309575 0.115525 0.268917 0.185468 0.126863 0.147708 -0.073248 -0.165211 -0.047498 -0.112164 0.084686 -0.110112 0.109605 0.127478 -0.214565 -0.036674 0.153629 0.278698 0.222577 -0.025473 0.004505 0.014268 -0.075731 -0.168160 0.176985 0.067961 -0.146205 0.010200 0.017008 0.029694 -0.042426 0.074950 -0.056984 0.014506 0.182422 -0.161288 0.109815 0.046455 0.206300 0.213886 -0.148389 -0.123976 
-0.122309 0.024243 -0.342476 0.218267 0.060186 0.049361 -0.015439 -0.017522 0.068331 -0.152695 0.146747 0.184830 0.107216 0.106118 0.073388 -0.020921 0.085383 0.036946 0.081558 0.117861 0.140234 -0.371587 -0.073174 0.031440 0.120857 0.043072 -0.014188 0.003260 0.002507 -0.074265 -0.183745 -0.181115 -0.256332 -0.027689 -0.111942 0.057764 -0.059542 0.130856 -0.057763 0.133302 -0.069650 0.104427 -0.128957 -0.084777 -0.083506 0.203220 0.089797 -0.369666 0.227638 0.100589 
-0.153149 0.072512 0.069207 -0.141902 0.191283 -0.103387 -0.086733 0.193567 0.126934 -0.024784 -0.092529 -0.110160 0.213253 0.072890 -0.041258 -0.061057 0.191796 -0.017373 -0.002829 0.435853 -0.087457 0.068774 -0.070977 -0.065187 -0.049482 -0.132925 -0.024547 0.290415 0.046021 -0.003976 0.150204 0.049136 -0.175713 -0.128125 -0.021683 0.178749 -0.032606 -0.172616 -0.111767 -0.131817 0.265874 -0.052815 -0.196195 -0.114041 -0.034298 0.278179 0.025383 0.151366 0.006738 -0.109421 
-0.130407 -0.165053 -0.022462 0.386997 -0.154269 0.203767 -0.097061 0.047260 0.079713 -0.160502 -0.168948 -0.076202 -0.015344 -0.069501 -0.144572 0.064175 0.106983 -0.127252 0.080092 0.133751 0.016772 0.143331 -0.090832 0.157766 0.124408 -0.125535 -0.131183 0.043196 0.108521 0.002530 -0.196631 -0.162108 0.069501 0.020672 0.037675 -0.104219 0.137537 0.045229 -0.053695 0.032452 0.101509 -0.081244 -0.084843 0.063994 0.443050 -0.043966 -0.296212 -0.034338 -0.142184 -0.144955 
-0.132180 -0.032212 -0.139508 0.174366 -0.010359 0.023606 -0.203819 -0.152140 0.064729 0.238912 0.020925 -0.154519 -0.279766 0.031443 0.133299 0.019124 -0.388090 -0.031769 -0.090716 0.012531 -0.077742 0.000066 -0.022965 0.010069 -0.133081 -0.004726 0.121472 0.066068 0.021194 -0.199806 0.033438 -0.025744 0.143827 -0.229148 -0.032157 0.153646 -0.218812 -0.076236 -0.404160 -0.001763 -0.042400 -0.103083 0.083886 -0.232654 -0.058168 0.056576 -0.143798 -0.093250 -0.078722 -0.083615 
-0.147330 0.190410 0.251264 -0.065870 0.086850 0.256734 -0.008397 -0.104366 -0.009229 -0.072252 0.018976 -0.030248 -0.150658 -0.114340 -0.073606 0.141831 -0.229519 -0.063299 0.091604 -0.015308 0.021738 -0.038542 0.071262 -0.127298 0.016951 0.251134 -0.159120 0.195629 0.101734 0.090689 0.109589 -0.196849 -0.259941 -0.194905 -0.203073 -0.152930 -0.179001 0.253152 0.128038 0.114102 0.048179 -0.061127 -0.194169 0.123639 -0.090471 -0.074091 0.085132 0.031970 -0.204194 -0.137916 
-0.144902 0.071241 -0.049584 -0.137733 -0.221153 -0.132403 -0.168994 -0.226447 0.123598 0.217402 -0.094239 0.100451 -0.064810 0.235323 -0.013049 -0.016198 -0.037715 -0.101385 -0.069373 0.169879 -0.051080 0.062588 -0.012682 0.286609 0.195209 -0.065778 0.051629 -0.147982 -0.185061 0.204318 -0.135685 -0.124888 -0.102763 0.129396 0.219182 0.130375 -0.244194 0.152465 0.139283 0.086312 -0.072120 -0.087594 -0.119445 0.169200 -0.102523 0.008892 -0.000113 0.227960 0.089387 -0.158479 
-0.152459 0.007594 0.159293 0.230542 -0.185068 -0.093676 -0.064763 -0.005014 0.021640 -0.174156 -0.235784 -0.188905 -0.022933 -0.101533 0.089405 -0.097193 0.131183 0.201145 0.179238 -0.183327 -0.084839 0.049847 -0.199693 -0.168009 0.083601 0.026636 0.172274 -0.141698 -0.161234 -0.003766 0.175383 0.008293 -0.176028 -0.032991 0.116443 0.024129 0.085406 0.069748 0.030844 -0.090655 -0.353810 -0.220516 0.004579 -0.029942 -0.111673 0.291660 0.128131 -0.035363 -0.163561 -0.029429 
-0.135788 -0.157657 0.318600 -0.068635 0.137031 -0.055277 -0.184064 -0.004294 -0.008583 0.064952 0.002343 -0.017710 -0.076676 0.081827 0.347593 0.139348 0.113834 0.017259 -0.009100 -0.045137 -0.030640 0.043592 -0.031504 0.139548 -0.049835 -0.054584 -0.043022 0.136516 -0.200479 -0.128066 -0.154282 0.017227 0.255366 0.148751 -0.223183 -0.061362 0.030631 0.197152 -0.016378 -0.206640 -0.131723 0.282761 -0.361387 0.055904 0.002708 0.060931 0.010038 -0.085240 -0.059990 0.150341 
