-0.134666 -0.117704 -0.052618 0.022358 -0.042446 -0.062173 0.244401 0.212896 0.011461 0.008574 -0.102874 -0.357105 0.034815 0.103128 0.280072 0.099597 -0.057964 0.112159 0.195475 -0.166338 -0.098773 -0.176759 0.269329 0.005290 -0.205894 0.072126 0.009889 -0.086057 0.039038 -0.071159 -0.020446 -0.039682 0.143012 -0.035839 -0.015824 -0.085020 0.131398 -0.221990 -0.221923 -0.007565 -0.007640 0.028299 0.007727 0.156667 -0.128834 0.120557 0.084273 -0.344085 0.152102 -0.078374 
-0.128422 -0.047124 -0.151390 0.202434 0.298057 0.026257 0.129818 -0.090871 0.004399 -0.093275 0.138648 0.056828 0.013096 -0.050028 -0.111835 0.224333 0.119898 0.103566 0.069692 0.174209 0.161595 -0.050362 -0.090118 -0.201490 0.062523 0.016096 0.113528 -0.179967 -0.344200 -0.085285 0.206529 -0.137731 0.013487 -0.051799 0.203202 -0.218312 -0.068010 0.098164 -0.124245 0.100107 -0.123790 0.193462 -0.161911 0.066077 -0.139655 0.043892 0.140644 0.075236 0.212012 0.157772 
-0.127170 -0.015356 0.103387 0.055048 0.362174 0.060093 0.026760 -0.046841 -0.037742 -0.064810 -0.108277 0.054503 -0.039680 0.014626 -0.124636 0.237288 -0.174074 -0.139312 -0.152280 -0.078519 -0.101917 0.464027 0.149915 0.012122 0.116832 0.126014 -0.155982 0.013281 0.156132 0.076794 0.013026 -0.183461 -0.011355 -0.145575 0.086682 0.046531 -0.007882 -0.032806 -0.100793 -0.175841 0.221126 -0.073318 0.035706 0.119765 0.242821 0.088730 0.042984 -0.051487 0.241625 -0.140991 
-0.130465 -0.026947 0.089914 -0.150800 -0.258390 -0.137995 -0.082044 -0.067553 -0.050729 -0.016035 0.180034 0.051253 0.235143 -0.296690 0.080869 0.121672 -0.119812 -0.033607 -0.115624 0.140885 -0.034010 0.147104 0.020432 -0.331903 -0.144843 0.054098 -0.415443 -0.066987 -0.070831 0.077271 0.023974 0.074128 0.041301 -0.104362 0.003296 0.079491 0.030697 -0.231248 0.090578 0.175070 -0.026428 0.175302 -0.115089 -0.151617 -0.095638 0.214374 -0.112728 -0.029111 0.045977 -0.032285 
-0.144796 -0.257375 -0.078638 -0.048025 0.102451 -0.014712 -0.082050 -0.027152 -0.120921 0.155688 -0.179621 -0.164748 -0.322590 -0.162375 0.022029 -0.159211 0.094902 -0.087637 -0.097339 0.262640 -0.062951 -0.064361 -0.145917 -0.015594 0.034886 -0.065068 -0.015395 -0.168162 -0.093150 0.119211 0.241628 0.192746 0.037630 -0.003418 0.128317 -0.000614 -0.061049 -0.091456 0.082156 -0.001053 0.144110 -0.098665 0.243013 0.211035 0.130847 0.203581 -0.174055 -0.207188 -0.126050 0.189508 
-0.149823 0.043546 0.156134 0.174965 -0.038990 -0.219071 0.035047 -0.036482 -0.146536 -0.114716 -0.124668 0.264984 -0.036964 0.051012 -0.189568 0.143717 0.082913 0.092205 0.135668 -0.057764 -0.118038 -0.043213 0.179258 -0.006264 -0.024527 -0.151927 0.193398 0.154404 -0.117850 0.031665 0.020375 0.048360 0.022479 -0.423048 -0.200183 0.008406 -0.127152 -0.218096 -0.017265 -0.067981 -0.056011 -0.258421 0.082661 -0.070008 -0.152359 0.206166 -0.088888 0.086264 -0.175474 0.134927 
-0.146087 -0.025838 0.026742 0.221390 0.019305 0.102639 -0.099732 0.033801 -0.146841 -0.192629 -0.095896 0.186872 -0.084197 0.153912 0.294208 -0.217634 0.168330 -0.192095 0.195563 0.147704 -0.222291 0.105979 0.083254 -0.161741 0.063334 -0.277636 -0.111443 0.063428 -0.030847 -0.166477 -0.014850 0.062744 0.035748 0.028261 0.044025 -0.057502 0.308305 0.232280 0.131477 0.110144 -0.068764 -0.004976 -0.018983 -0.081621 0.038996 0.119177 0.122979 -0.022043 0.051672 -0.240550 
-0.142121 -0.085458 0.003306 0.245864 -0.022942 0.021180 -0.043520 -0.092943 -0.215988 0.156992 -0.110867 0.081053 0.059054 -0.209373 0.166178 -0.031538 -0.211800 -0.080948 -0.181359 -0.168798 0.159737 -0.167835 0.218919 -0.200997 -0.038874 -0.152366 0.177779 0.082134 0.118792 -0.060171 -0.124016 0.069496 -0.172322 0.255160 -0.088655 -0.181102 -0.039485 0.003773 -0.099357 0.034308 0.307583 0.087522 0.075912 -0.014792 -0.012780 -0.003236 -0.070699 0.241258 0.175611 0.167528 
-0.107260 0.080131 0.079569 0.140692 0.148940 0.007194 -0.043803 0.085376 0.111973 0.245891 0.077383 -0.017573 -0.015119 -0.068776 -0.034091 0.038958 -0.063526 -0.259412 0.020145 -0.079129 0.028069 -0.131497 -0.276828 0.004944 -0.343295 -0.037175 0.100707 -0.091083 0.229036 0.232128 -0.021274 0.101884 -0.063514 -0.200359 -0.008705 -0.137273 0.116120 0.178241 0.036708 0.023545 -0.125764 -0.215700 -0.374059 0.116599 -0.059950 0.113893 -0.180134 0.035972 0.056306 -0.174355 
-0.125188 0.092040 -0.232765 0.020289 0.045619 -0.138955 -0.205467 0.118658 -0.082460 0.281751 0.086363 0.169337 0.107121 0.160437 -0.004385 -0.168506 0.103863 0.188916 -0.206438 0.063238 0.003982 -0.048887 -0.063793 -0.010120 0.111878 0.301807 -0.045121 0.116667 0.202115 -0.147100 0.014437 -0.181702 0.149534 -0.059348 -0.221310 -0.131611 0.087875 0.148513 0.016366 -0.159351 0.086352 0.088730 -0.074860 -0.039268 -0.038954 0.331450 0.093958 -0.157339 -0.054696 0.151496 
-0.115426 0.123467 0.169494 0.031849 -0.223052 0.122533 -0.130452 0.117837 -0.003947 0.141313 -0.220737 -0.055253 -0.049582 -0.135455 -0.021293 0.103988 0.120457 0.010692 0.044201 -0.152409 -0.010110 0.098244 -0.151543 0.069834 0.141728 -0.103456 -0.054914 0.153784 -0.043208 -0.155446 -0.118184 -0.151965 0.298860 -0.031467 0.247948 0.131945 0.034868 0.094977 -0.007988 0.134635 0.043970 -0.130628 -0.183037 -0.033856 -0.089904 -0.145621 -0.156458 -0.148482 0.248392 0.394278 
-0.139023 -0.148203 -0.290391 -0.014752 -0.030848 0.180783 -0.045324 0.135600 -0.062835 -0.154104 -0.066131 0.102629 0.217870 -0.074551 -0.072411 0.092103 -0.039871 0.177373 -0.108289 -0.069302 -0.151263 -0.057221 -0.201898 0.084826 0.090919 -0.084695 0.144987 -0.073960 0.118319 0.269836 -0.184570 -0.009527 -0.022482 0.126578 0.086809 0.140428 -0.096706 -0.086200 0.035949 0.357001 0.028729 -0.241891 0.003547 -0.039291 -0.008337 0.191556 0.362976 -0.018205 -0.001422 -0.071360 
-0.133165 -0.091936 -0.034321 -0.185514 0.051695 -0.170004 -0.000909 -0.126969 -0.295502 0.024406 0.163996 0.003899 -0.068767 0.215289 -0.084814 0.042849 0.387589 0.053565 0.028848 0.042435 -0.060254 -0.004343 0.247270 0.003277 -0.171586 0.074835 0.118596 -0.084757 0.175172 0.245164 -0.140325 0.102988 0.065632 0.156100 0.315920 0.176107 0.046234 0.016965 0.112546 -0.157838 0.123633 0.039904 -0.147948 -0.128495 -0.128437 -0.119983 -0.067164 0.099558 0.129277 0.029652 
-0.117142 0.091120 -0.091988 -0.133470 -0.168286 0.054249 0.033763 -0.178923 0.009604 0.370600 -0.161633 -0.058037 -0.115462 -0.094453 0.091885 -0.124500 -0.071606 0.043452 0.028047 -0.037261 -0.104251 -0.015802 0.059282 -0.086772 0.174808 0.109263 0.227431 -0.099064 -0.233374 -0.024676 -0.035767 -0.055787 -0.127844 -0.053387 0.039667 0.260400 -0.039106 -0.011822 -0.070020 -0.213648 -0.332611 -0.047623 -0.071539 -0.160733 0.164804 0.196242 0.065822 0.171093 0.232996 -0.202728 
-0.139477 0.220604 0.312143 -0.012387 0.159390 0.139846 0.258884 0.210512 -0.114002 0.189625 0.132628 0.084856 -0.047968 -0.181997 -0.085851 -0.245029 -0.100991 0.031045 0.154588 0.374714 -0.022175 -0.061914 0.053031 0.045672 0.111406 -0.024564 -0.069202 -0.064549 0.081326 0.198097 -0.121694 -0.123303 0.157338 0.107607 -0.075425 0.025822 0.150239 -0.192749 -0.202289 0.021416 -0.009701 -0.001063 0.017531 0.004897 -0.032252 -0.103007 0.164725 0.138852 -0.097405 0.084321 
-0.142279 -0.002486 0.103406 0.191894 0.071388 -0.068599 0.132165 -0.372659 0.002517 0.092500 -0.099452 0.058882 0.197530 -0.037733 0.225529 -0.068934 0.101436 -0.168477 -0.020261 -0.071807 0.275862 0.120701 -0.022158 0.049369 0.135204 0.265937 0.109430 0.102089 0.072058 0.126948 0.169183 -0.110901 0.022586 0.124322 0.107124 0.099552 0.029139 -0.045937 -0.031282 0.164261 -0.127228 -0.125404 0.110904 -0.094903 -0.251983 -0.089909 -0.023850 -0.253099 -0.248586 -0.130963 
-0.171762 -0.159417 -0.007420 0.100398 -0.155821 0.032440 -0.099261 0.038690 0.122807 -0.014509 0.242886 0.256000 -0.022108 -0.095197 0.009471 0.023063 0.075154 -0.015166 0.109816 0.001655 0.218521 -0.171122 0.047627 0.257751 -0.116153 -0.188496 -0.069567 -0.132659 0.200130 -0.075688 0.297108 -0.309452 -0.045102 0.050892 -0.020505 0.062277 -0.015193 -0.201606 0.170370 -0.162058 -0.102459 -0.081797 0.142086 -0.117794 0.222626 -0.062214 0.009125 -0.089453 0.255578 -0.011914 
-0.146105 -0.059770 0.197476 0.046739 -0.178280 0.028732 -0.139756 -0.205384 0.162443 0.043715 -0.028662 -0.142934 0.093758 0.092341 -0.325295 0.179307 -0.170674 -0.024062 0.127043 0.302588 0.073236 -0.071589 -0.066404 -0.124275 0.072973 -0.066780 0.282243 0.215336 0.156804 -0.107870 -0.039843 0.183024 -0.011804 0.025760 0.021534 0.104176 0.155151 -0.049651 0.146372 -0.123697 0.080749 0.206965 -0.014091 0.157416 0.004161 0.018956 0.251200 -0.204578 0.014083 -0.067985 
-0.141632 0.198756 0.005658 0.220024 -0.155892 -0.011147 0.215528 -0.124425 0.009721 -0.157900 0.091075 -0.001913 -0.118981 -0.057616 0.118241 -0.115313 0.043381 -0.128530 -0.154150 0.122282 -0.194971 -0.156047 0.051188 0.076228 -0.012486 0.228823 -0.015286 0.085843 -0.042061 -0.054011 -0.148409 0.032846 0.059965 -0.023007 0.015304 -0.141118 -0.464859 -0.091601 0.252561 0.001429 0.084383 -0.026062 -0.287096 0.103065 0.217936 -0.128938 0.121563 -0.135382 0.022977 -0.024165 
-0.128940 -0.101756 0.068551 -0.110638 0.276160 -0.019729 -0.045851 0.056821 0.222792 -0.007637 0.167450 -0.004779 -0.183282 0.170788 0.111072 -0.027208 -0.195495 0.042912 -0.051041 -0.141550 0.068874 -0.090363 0.269045 -0.012863 0.080673 -0.003671 -0.056016 0.328081 0.042308 0.023939 0.077603 0.124311 -0.108383 0.055434 0.147701 0.144630 0.038432 -0.063003 0.071666 0.253080 -0.270334 0.018001 -0.213252 -0.021150 0.207294 0.129610 0.023997 0.035161 -0.131189 0.317646 
-0.149623 0.206458 -0.101091 -0.074786 -0.211479 0.210123 0.013192 -0.031369 0.027597 0.111862 0.211704 -0.007110 -0.321061 -0.041767 0.095824 0.119998 -0.082048 -0.117681 0.098739 -0.191190 -0.117240 0.189216 0.040709 -0.005304 -0.140073 -0.013592 0.141251 -0.097520 0.158935 0.060117 0.154590 -0.045728 -0.006576 -0.235063 0.101794 -0.054663 -0.078368 0.183016 -0.016539 0.100465 0.131934 0.258416 0.220024 -0.129595 -0.106557 -0.005280 0.254955 0.014482 -0.248569 0.117994 
-0.122932 0.020346 -0.391232 0.058295 -0.043628 -0.061420 0.268748 0.265224 0.081826 -0.127713 0.126217 0.151829 -0.102539 -0.091628 -0.023205 0.066581 -0.117602 -0.272736 -0.038426 0.031493 0.099909 0.144353 -0.069503 0.074312 0.249237 0.033508 0.052824 0.013617 0.005569 -0.044768 -0.156849 0.373974 -0.064408 0.032375 -0.027807 0.063898 0.161360 -0.077440 -0.011486 -0.247391 -0.086947 0.005196 0.029839 -0.143310 -0.181121 -0.060063 -0.142715 -0.144550 0.085955 0.108773 
-0.121596 -0.010873 0.103066 -0.270394 0.058507 -0.088938 0.001701 0.093266 -0.094675 -0.127140 0.007181 -0.046391 0.021680 -0.215919 0.189717 0.149314 -0.149283 0.146858 -0.040735 0.160191 -0.036510 -0.171823 0.087884 0.172612 0.151570 0.051849 0.165623 0.019330 -0.175869 0.022024 0.159656 -0.115916 -0.275037 -0.156153 -0.081773 -0.012111 0.215628 0.280714 0.131566 0.006793 0.302672 -0.124862 -0.180355 -0.189940 -0.018857 -0.168030 -0.045504 -0.144543 -0.044863 -0.079841 
-0.138068 -0.027973 -0.063954 -0.241227 0.035944 0.235333 -0.044286 0.135687 -0.067918 0.208050 0.187293 -0.044128 0.197136 0.362903 0.048358 0.015785 0.115204 -0.256411 -0.103015 0.102622 0.022991 -0.021497 -0.032384 -0.192121 0.074053 -0.105239 0.071669 0.110845 -0.066057 -0.159903 0.193514 0.092930 0.016943 -0.154640 -0.134362 0.039987 -0.228484 -0.179992 -0.213717 0.141901 0.139228 -0.185919 -0.011203 -0.054937 0.010701 -0.245994 -0.042238 0.004968 0.077817 -0.117451 
-0.149723 0.137028 0.025764 0.195181 0.082962 0.287378 0.003595 -0.034640 0.021086 -0.128854 -0.190028 -0.030166 0.037553 0.117221 -0.109224 -0.050914 0.071666 0.128415 -0.192024 -0.074657 -0.152896 -0.175750 -0.183333 -0.170421 -0.247297 0.006356 -0.157973 -0.018316 -0.050540 0.059434 0.033600 -0.008596 -0.303756 0.015578 0.057270 0.114333 0.132031 -0.115995 -0.187601 -0.238809 -0.003039 0.115691 -0.034520 -0.336792 0.091582 -0.136354 -0.039198 -0.205144 -0.152815 0.130052 
-0.122161 -0.147507 0.086370 -0.105390 -0.051640 0.213802 -0.043958 -0.112138 -0.129276 0.078813 -0.148614 0.056489 0.101625 0.193738 0.028982 0.336206 -0.163952 -0.216458 0.139045 0.078963 -0.026013 -0.124149 0.006512 0.220729 -0.072506 0.290584 -0.263290 -0.151292 -0.115687 -0.099887 -0.068304 0.124376 0.045248 0.158595 -0.043504 -0.212311 0.010471 0.106212 0.087979 -0.121568 -0.131684 -0.201102 0.063771 -0.091117 -0.022353 0.040506 0.130171 0.173356 -0.101621 0.211368 
-0.161075 -0.315642 0.139300 0.127334 -0.021447 -0.142542 0.162741 0.211473 0.145095 0.095980 -0.044208 0.107695 0.044258 -0.022925 0.018423 0.161193 0.180982 -0.100013 -0.108861 -0.101924 -0.032657 0.020818 -0.072577 0.007591 -0.015803 0.062988 0.131246 -0.252150 -0.082309 -0.235469 -0.112246 -0.054966 0.141561 0.026501 -0.091797 0.294843 0.064756 0.052004 -0.032205 0.063427 0.121921 0.229609 -0.117082 0.027860 0.257301 -0.036475 -0.038494 0.175481 -0.352464 -0.073119 
-0.126158 0.099130 -0.138281 0.127560 0.109065 -0.208272 -0.359699 0.083396 0.066459 -0.098631 0.026654 -0.357869 -0.199489 -0.106516 0.043501 0.117580 0.053788 -0.128808 0.093446 -0.044555 -0.084558 0.123133 -0.106899 -0.122795 -0.033472 0.091816 0.041993 0.109941 -0.115639 0.073796 0.106793 -0.155192 0.095603 0.281048 -0.274067 0.018206 0.074622 -0.241844 0.085891 -0.083202 0.029125 -0.138560 -0.066125 -0.104966 -0.072531 -0.133924 0.162424 0.224986 -0.056272 -0.003217 
-0.154975 0.032879 -0.102255 0.029856 -0.123017 -0.071409 -0.005973 -0.174212 0.280372 0.119922 0.046341 -0.088454 -0.003274 0.167980 0.044557 0.068457 0.107666 0.130986 0.148942 0.272635 -0.028283 0.333994 0.062965 0.141727 0.001361 -0.171900 0.000006 -0.121916 0.011552 0.018104 -0.281467 -0.135249 -0.336676 0.148848 -0.112976 -0.211152 -0.045718 -0.023598 -0.178660 0.162743 0.074490 -0.086273 -0.086693 -0.043952 0.090893 0.086381 -0.236485 -0.072631 -0.081023 0.105742 
-0.132488 -0.166492 0.180930 -0.143332 -0.065762 -0.187386 -0.088683 0.186524 0.388600 -0.112627 -0.118203 0.228848 0.084117 0.022236 0.158396 -0.103933 -0.118686 0.095212 0.002528 0.079406 -0.192903 0.063377 -0.056622 -0.277776 -0.025059 0.071356 0.151521 -0.005827 0.082299 0.175123 0.074408 0.022317 0.137531 0.111493 0.165772 -0.217604 -0.233711 0.170852 -0.149046 -0.222396 -0.080440 -0.080312 0.117836 -0.057928 -0.041361 -0.158130 -0.002225 0.012327 0.044564 0.043887 
-0.121656 0.040545 -0.077456 -0.186172 0.182489 -0.173329 -0.025307 -0.035964 0.111840 0.175830 -0.181029 0.046204 0.107898 -0.054426 -0.179154 -0.111920 0.084982 -0.062707 0.163467 -0.254043 -0.067974 -0.099062 -0.035083 -0.017592 0.181214 0.008984 -0.047987 -0.079378 -0.000187 -0.041060 -0.145461 0.029977 -0.038368 -0.180128 0.156025 -0.422153 0.146777 -0.287970 0.256309 0.149765 0.043798 0.153598 0.097773 -0.152410 0.135626 -0.207244 0.038228 0.002339 -0.002581 -0.078866 
-0.132828 -0.007377 -0.006167 -0.200363 -0.154625 -0.139522 -0.010719 -0.167388 0.016918 -0.007140 -0.050890 0.138641 -0.199189 -0.141466 -0.068813 0.021978 0.216299 0.052385 -0.136692 -0.177331 0.123935 -0.038663 0.054469 -0.095211 0.111831 -0.143866 -0.290549 -0.084456 0.080914 -0.059753 0.042561 0.136773 -0.139746 0.019222 -0.105609 -0.051479 0.093333 0.062176 -0.287283 -0.088432 -0.053751 -0.191847 -0.203706 0.326281 -0.064359 -0.175902 0.355550 -0.049262 -0.100892 -0.035089 
-0.150763 0.151738 0.165115 -0.044483 -0.130398 -0.007355 0.061716 0.010354 -0.059840 -0.228475 0.249536 -0.085281 0.047517 0.110782 -0.275677 -0.304627 -0.133226 0.018920 0.048634 -0.246810 0.094453 0.104293 0.000498 -0.208677 -0.018988 0.190427 0.154308 -0.309206 -0.102573 -0.205727 0.061014 0.019940 -0.022376 0.154999 0.046086 -0.027202 0.149370 0.054500 0.073078 0.084383 0.111769 -0.329048 0.058143 0.049667 0.105694 0.142098 -0.075462 -0.048610 0.007110 0.080171 
-0.155577 -0.159474 0.080639 -0.120762 -0.133741 0.042749 0.104855 -0.199569 0.116252 -0.208348 0.109705 -0.020185 -0.051332 0.118291 0.106388 -0.115369 0.158883 -0.121755 -0.089285 -0.073430 0.048682 -0.092207 -0.238494 0.079566 -0.013942 0.137590 0.023517 0.215132 -0.175376 0.327826 -0.170394 -0.098323 0.041166 -0.194338 -0.230870 -0.024552 0.263712 0.033753 -0.100133 0.057020 0.064470 0.122302 0.200632 0.121553 0.091415 0.045168 0.006841 0.146502 0.273484 0.139811 
-0.140909 0.153991 -0.023758 0.078229 -0.166843 -0.266363 0.046320 0.200573 -0.080771 -0.029992 -0.043348 -0.184363 0.171433 0.149800 -0.155041 0.024084 -0.004618 -0.270117 0.197165 -0.082837 0.044280 -0.240137 0.006083 -0.004712 0.287492 -0.109132 -0.256208 0.050490 -0.021786 0.270052 0.118610 -0.147508 -0.167316 0.084730 0.131706 0.086878 -0.207681 0.240658 -0.095888 -0.047968 0.060106 0.143745 0.044935 0.041537 0.064126 0.153843 -0.047936 0.049341 -0.062771 -0.037075 
-0.152811 0.015786 0.330654 -0.034799 0.147899 -0.144599 -0.149858 0.017430 -0.195542 -0.070639 0.069186 -0.164229 -0.055586 0.069629 -0.021315 0.015264 -0.014495 -0.036873 -0.290806 -0.067297 -0.141673 0.029637 -0.079221 0.175451 0.134384 -0.137068 0.082908 -0.263912 0.095517 -0.075777 -0.098138 0.048631 -0.079335 0.049021 -0.248507 -0.026110 -0.179482 0.072629 0.017489 0.110136 -0.377447 0.232444 0.132415 -0.075647 -0.163410 -0.052876 0.008194 -0.171029 0.167035 0.016330 
-0.152208 0.076055 0.037526 -0.108714 -0.051213 0.317655 0.197689 0.104919 0.063212 -0.116701 -0.035615 -0.243795 0.208358 -0.249941 -0.040675 0.117896 0.387909 0.085893 -0.127579 -0.001999 -0.085695 0.071659 0.131611 -0.023123 0.111656 0.018525 0.073786 0.166706 0.244396 -0.060020 0.191231 0.047310 -0.041935 0.077868 -0.038562 -0.206119 0.045324 0.039076 0.150151 -0.100623 -0.197160 0.008829 0.060228 0.100636 0.028631 0.140079 -0.177939 0.229608 -0.076581 -0.018905 
-0.149198 -0.061513 -0.084331 0.006007 0.025570 0.332748 -0.197862 0.054938 0.097270 -0.112848 -0.239513 0.077113 -0.005656 0.067835 -0.006538 -0.181001 -0.034226 0.069318 0.225387 -0.050001 0.180977 0.044323 0.212921 -0.091890 0.126128 0.142724 -0.040884 -0.265004 0.028713 0.204077 -0.004085 0.001356 -0.021253 -0.118720 -0.300168 0.161490 -0.146798 0.000960 0.219027 0.005798 0.035937 0.187508 -0.192337 0.196519 -0.197256 -0.126930 -0.151224 -0.003110 0.012281 0.038500 
-0.127875 0.249118 -0.026770 -0.019632 -0.050970 -0.137121 -0.112815 0.226372 0.001246 -0.160856 -0.327621 -0.065064 -0.132435 0.028689 -0.006759 0.024987 0.081926 0.036697 -0.119894 0.272446 0.469745 0.003996 0.076146 0.043647 -0.229172 0.204175 0.007598 -0.014448 0.109870 -0.090191 -0.074157 0.119729 -0.020646 -0.161899 0.101057 0.027563 -0.022600 0.045090 -0.105448 0.232096 -0.064973 -0.015036 0.169049 -0.117921 0.150728 -0.013104 0.080639 0.137791 0.087200 -0.105016 
-0.158162 0.197544 -0.004593 -0.106728 0.284831 -0.047293 0.170102 -0.123022 0.297168 0.018980 0.021701 -0.069529 0.025232 0.044205 0.187657 0.029117 -0.000873 0.075998 -0.048437 0.017721 0.047235 -0.160989 -0.112600 -0.116989 -0.047636 -0.197516 -0.190212 -0.062252 0.035413 -0.221161 -0.217189 -0.080746 -0.013011 -0.042387 0.036783 0.271267 -0.110449 0.075904 0.283230 -0.122575 0.167205 -0.150869 0.248948 0.067580 -0.282424 0.098016 0.037279 0.132665 0.022492 0.010282 
-0.147354 -0.157257 0.007647 -0.043281 -0.076846 -0.002564 0.049259 0.222943 -0.381739 0.061054 0.055698 0.015857 -0.059332 0.078189 0.122209 0.009992 -0.108696 0.155396 0.069102 -0.023936 0.153178 0.203252 -0.259123 -0.144215 -0.101848 0.027135 0.003254 0.211960 -0.056925 -0.046704 -0.194652 -0.242948 -0.293290 -0.052429 0.149153 -0.067436 -0.055828 -0.086442 0.202480 -0.135268 -0.198713 0.019913 0.053785 0.290437 -0.005136 -0.158895 -0.021589 0.012577 -0.152074 -0.045794 
-0.147301 -0.028814 -0.053953 0.320764 -0.054500 -0.066639 -0.205264 -0.057778 0.006228 0.014335 0.169453 -0.227997 0.316128 0.018343 0.162949 -0.188656 -0.113456 0.205654 -0.067557 0.016161 -0.067369 0.110699 0.017046 0.287902 0.100077 -0.031673 -0.080073 -0.113818 -0.012004 -0.011399 0.076810 0.248950 0.022954 -0.305826 0.220424 0.045427 0.096839 -0.020906 -0.082212 -0.128072 0.005713 -0.036604 0.015702 0.122011 0.009397 -0.189627 0.068143 0.273558 -0.042981 0.073307 
-0.137638 0.311781 -0.125102 -0.116896 -0.101749 0.026666 -0.137411 -0.027998 0.049425 -0.066262 -0.087531 0.223648 -0.025207 0.184352 -0.005422 0.089518 -0.183384 -0.075533 -0.339585 0.038816 -0.103593 -0.104126 0.109473 0.170170 -0.047576 -0.125978 0.116899 -0.050461 -0.196012 0.032764 0.079313 -0.184216 0.154275 0.168800 0.177219 -0.061693 0.205994 -0.176946 -0.002315 0.013971 -0.050940 0.117529 -0.007799 0.318642 -0.122249 -0.005823 -0.221368 0.067758 -0.115049 -0.150408 
-0.156454 -0.078935 0.205110 -0.080448 0.089254 0.174277 -0.203120 0.123110 0.094983 -0.014746 0.112655 0.026910 -0.049353 -0.139319 -0.056121 -0.158878 0.118796 0.015592 0.055934 -0.154206 0.185126 0.068842 -0.007806 0.306400 -0.081024 -0.010323 -0.030918 0.181848 -0.313970 -0.064588 -0.112135 0.147353 -0.018276 0.116139 0.137456 -0.109589 -0.203356 -0.064722 -0.135232 -0.162359 0.191160 0.119222 -0.066415 -0.097459 -0.194271 0.284812 0.055335 -0.046427 -0.052231 -0.273442 
-0.156805 -0.271737 -0.085699 0.195190 -0.089163 0.094229 0.008139 -0.067756 0.049395 0.046129 0.144715 -0.108605 -0.328386 0.013701 -0.283259 0.038301 -0.145896 0.215630 -0.089561 0.021741 -0.071499 -0.189732 0.079302 -0.086999 0.144881 0.119331 -0.213364 0.112309 0.066208 -0.045090 -0.099116 -0.084008 0.155348 -0.038198 0.023513 -0.068608 0.007010 0.150343 -0.067697 0.147913 -0.042182 -0.103464 0.132560 -0.144737 -0.143361 -0.140565 -0.253916 0.073221 -0.039060 -0.342136 
-0.159874 0.147916 0.051170 -0.001730 -0.023061 -0.053618 0.261900 -0.073791 -0.100100 0.069639 -0.099963 0.054705 -0.104108 0.216947 0.115610 0.119515 -0.120157 0.391560 0.078173 -0.126447 0.136591 0.128102 -0.297620 0.066832 0.047409 -0.146802 -0.079865 0.026284 0.012552 0.125086 0.280578 0.288987 0.227797 0.177988 -0.166152 -0.066537 -0.037530 -0.018356 0.108707 0.013262 0.116582 0.097587 -0.104758 -0.105678 0.152670 0.012148 -0.062828 0.067974 0.084630 -0.135732 
-0.173762 -0.055505 -0.142479 0.020518 0.026924 -0.109425 0.187566 0.067836 0.064521 0.227989 -0.116112 0.031720 0.154844 -0.068199 -0.311530 -0.187241 -0.034559 -0.009050 -0.051594 0.011361 -0.163799 0.196602 0.171579 0.142313 -0.389710 -0.029621 -0.081970 0.204251 -0.245996 0.007869 0.167708 0.039759 -0.067541 0.110148 -0.159219 0.106141 -0.005726 0.243705 0.149396 0.142232 -0.055875 0.014773 0.106189 0.075514 -0.077071 -0.176851 0.122157 -0.050547 0.139132 0.042258 
-0.149976 -0.075755 -0.214525 -0.182990 0.093727 0.025008 0.031107 -0.188989 -0.120605 -0.161815 -0.023850 -0.195631 0.145017 -0.102826 -0.057239 -0.117296 -0.160343 -0.091147 -0.031721 0.001413 0.241377 0.048500 0.081893 -0.029999 -0.115144 -0.341769 0.056727 0.012548 -0.019842 0.039749 -0.177929 -0.147355 0.409886 -0.091853 -0.070118 -0.077724 -0.067986 0.165560 -0.047577 -0.191765 -0.142733 -0.010101 -0.110884 -0.163278 0.211060 -0.028804 -0.008392 -0.106948 -0.223476 0.034641 
-0.132751 0.251525 -0.095393 -0.012553 0.183476 0.021878 -0.240737 -0.070591 -0.082402 0.010017 0.209687 0.165682 0.115937 -0.223487 0.080129 0.211123 0.079141 0.123792 0.293898 -0.073210 -0.105467 -0.124449 0.005787 -0.055400 -0.050604 0.135726 0.017629 0.075988 -0.073129 -0.002706 -0.149471 0.201635 0.065288 0.092007 -0.083307 0.141139 -0.039262 0.150092 -0.162189 0.046217 -0.084003 0.024481 0.254964 0.213993 0.289158 -0.116978 -0.189452 -0.184445 -0.012908 -0.060809 
-0.141163 -0.078602 -0.127551 -0.209748 0.071050 -0.091357 0.042434 -0.192147 -0.108371 -0.241985 -0.129663 0.045595 -0.015387 -0.094301 -0.051679 -0.194363 -0.143245 -0.074645 0.258341 0.048882 -0.209429 -0.035289 -0.249524 0.174055 -0.091125 0.110735 0.010024 0.104145 0.304295 -0.346194 0.150902 -0.070267 -0.072629 0.014667 0.023295 0.117882 -0.085245 -0.075745 -0.252524 0.092475 0.028900 0.131596 -0.152992 0.033622 -0.107073 0.032571 -0.145822 0.187151 0.029508 0.023797 
