-0.142122 0.209733 0.050890 0.088451 -0.210856 0.015453 -0.013585 -0.131393 -0.015076 0.030285 -0.270006 -0.189824 -0.043206 0.058212 -0.065969 -0.230293 -0.178020 0.104354 -0.086438 -0.030292 0.041791 0.108818 -0.039726 0.066638 -0.190018 0.078623 0.261534 -0.115546 0.217201 -0.017729 0.127144 0.051022 0.151674 -0.097319 -0.174717 0.084307 -0.055495 -0.122554 -0.095557 -0.180704 0.218368 -0.005436 0.118015 -0.079339 -0.429987 -0.005996 0.000041 0.199401 -0.080308 0.024279 
-0.143847 0.080168 -0.031395 -0.120528 -0.068050 0.020860 0.005427 0.112631 0.005990 0.036886 -0.183991 0.041998 0.056258 0.079907 -0.002335 -0.268586 0.061764 0.313755 0.003377 -0.103710 0.140298 0.247705 -0.122672 0.035137 0.217949 -0.228028 -0.407129 -0.266522 0.023686 0.043595 -0.017246 0.138455 0.178291 -0.058661 -0.028067 -0.085508 0.139090 0.121923 0.108628 -0.164772 -0.075983 -0.127926 0.112225 0.035532 0.206941 -0.103713 0.052660 0.011115 0.014053 -0.207742 
-0.146432 -0.230905 -0.242996 0.147416 0.084312 -0.022924 -0.088878 -0.085890 -0.028532 0.082502 -0.166318 0.151180 -0.150727 0.232884 -0.109412 0.084514 -0.027364 0.084203 0.194110 0.028444 -0.195994 -0.002253 -0.079588 -0.054064 -0.306339 0.055386 0.061368 -0.261830 0.004407 -0.048761 0.095167 -0.143367 -0.149203 0.146476 -0.139217 -0.130626 0.173600 0.166509 0.180855 0.093801 -0.195578 0.017277 0.133653 -0.212386 0.061693 -0.156907 -0.088936 0.166256 0.116468 0.116241 
-0.135405 0.099857 -0.263781 0.043475 0.336058 -0.169393 0.210852 0.111056 0.049906 0.008515 0.071916 -0.015108 -0.044896 0.022117 -0.000858 0.142180 -0.165742 -0.133129 -0.243145 0.094382 0.050226 0.096759 -0.230642 0.077876 -0.016074 -0.158588 -0.094162 0.009996 -0.066689 0.257429 -0.042573 -0.120290 -0.128708 0.060115 -0.084294 -0.036807 0.105691 -0.012530 -0.132537 0.071543 -0.019463 -0.018582 -0.013518 -0.007160 -0.172543 0.183044 0.303374 0.263792 -0.183428 -0.207904 
-0.134386 0.202875 0.161889 -0.050130 -0.137714 0.083592 -0.092813 0.216284 -0.088643 0.207484 -0.023006 0.082348 -0.158941 0.001200 -0.028999 0.214965 0.037040 0.093002 -0.170270 0.155439 0.118901 -0.160840 -0.043829 -0.346577 0.084796 0.019776 0.105956 -0.029178 -0.063453 0.061460 0.010437 -0.194201 0.211356 0.143612 0.032541 0.108426 0.162756 -0.142959 -0.159541 0.096500 0.038696 -0.009626 0.192766 -0.105647 0.083741 -0.163406 0.315147 -0.071718 0.233114 0.086300 
-0.141664 -0.028012 -0.121505 -0.101628 -0.059790 -0.249210 0.227693 -0.063051 -0.033831 -0.048806 -0.024115 0.016866 -0.024242 -0.025506 -0.008305 0.198243 0.268165 0.069823 -0.291477 0.114876 -0.034410 0.146012 0.340304 -0.047576 0.238624 0.095242 0.031218 -0.021612 -0.202878 -0.199115 0.054110 -0.060524 0.144980 -0.087890 0.089359 -0.161062 0.063623 0.104625 0.173483 -0.041336 0.139217 0.145369 0.115873 0.106633 -0.095857 0.016196 -0.145977 0.275047 -0.049287 0.183212 
-0.156609 -0.018279 -0.048999 0.102980 -0.193168 -0.319003 0.010663 0.245812 -0.071258 0.017307 -0.024568 0.161119 -0.080951 -0.141534 -0.106427 -0.128341 0.329672 0.015880 -0.005635 0.043616 0.207205 -0.151773 0.002240 -0.117839 -0.143557 -0.136353 0.013675 -0.153465 -0.083018 0.141589 0.113654 0.270183 -0.163986 0.006538 -0.108522 0.098809 -0.121300 0.106969 -0.076899 0.152454 0.013815 0.048591 -0.104374 -0.130146 -0.082046 0.098212 -0.088423 -0.233136 -0.291029 0.110713 
-0.129116 -0.034191 0.026860 0.215883 0.089533 -0.018978 0.007039 0.012630 0.277318 0.167341 0.057641 0.026883 0.123220 -0.135319 0.326761 -0.097292 0.169469 0.052275 0.103031 0.189387 -0.154102 -0.167746 -0.226677 0.221093 0.036778 0.100184 0.030623 -0.035401 -0.050343 0.129808 -0.118258 0.013464 0.123261 0.001646 -0.028097 0.244819 0.179071 -0.067747 0.143800 0.059839 0.111541 0.238445 0.191310 0.241956 -0.057371 -0.249924 -0.095805 -0.015863 -0.116749 -0.015933 
-0.147704 0.117309 -0.066949 0.245693 -0.019201 0.121108 -0.009857 -0.074805 -0.242054 -0.003310 -0.023821 0.001033 -0.262993 -0.206318 0.311164 0.055479 -0.085719 0.080120 0.092356 -0.040410 0.177635 -0.146256 -0.046734 -0.029462 0.181539 0.145579 -0.320669 -0.078188 0.104529 -0.002092 0.028342 -0.126330 -0.328139 0.091331 0.195711 -0.015756 -0.114185 -0.114332 0.129423 -0.067261 0.182422 -0.207315 -0.009970 0.009526 -0.047997 0.065012 -0.122251 0.118949 -0.018127 0.151588 
-0.161776 -0.063866 0.072538 -0.221760 0.157863 -0.040772 -0.153202 0.053729 0.009897 -0.205427 -0.193954 -0.127101 -0.158694 0.181024 -0.051760 -0.010767 0.056122 -0.075703 -0.163596 -0.020664 -0.295472 -0.251550 -0.019440 -0.069936 0.114821 0.006991 -0.084903 -0.074815 0.191011 -0.145800 0.123855 -0.038456 -0.038344 0.006438 -0.052020 0.164529 -0.041741 -0.151669 -0.190595 0.203753 0.091625 -0.064492 0.197100 0.132556 0.205858 0.141033 -0.259289 0.016712 -0.184940 -0.214938 
-0.129368 0.081708 0.076682 0.147120 -0.185664 0.061713 0.084106 -0.039561 -0.106975 0.166381 0.215783 -0.072637 0.134541 0.240387 0.039034 0.012580 -0.109047 0.171901 0.006606 0.119083 -0.230077 0.158644 0.019450 -0.205613 -0.015999 -0.273521 0.042556 0.091768 -0.126619 0.073504 -0.075439 -0.364099 -0.015578 -0.025318 -0.118018 -0.061731 -0.288789 0.008201 0.184825 0.081619 0.095378 -0.105020 0.013633 0.016725 0.022802 0.016209 -0.170572 -0.198955 -0.249363 -0.130558 
-0.140313 0.074736 -0.036799 -0.097428 -0.157515 -0.104629 0.017262 0.169975 -0.118571 -0.023381 0.182551 -0.097221 0.006658 0.187985 0.211934 -0.032553 0.014675 -0.221847 0.071558 -0.122004 -0.056254 0.080738 0.204420 0.110048 0.085843 0.022674 -0.110131 -0.066756 0.190046 -0.319459 -0.139637 0.063799 -0.122104 0.184965 -0.243214 0.054553 -0.020258 -0.095598 0.062838 0.170534 0.037892 0.149639 -0.208505 -0.097636 -0.063031 -0.366078 0.255941 0.048248 -0.031443 -0.059084 
-0.151589 0.047782 -0.063074 0.123971 -0.073492 0.131192 -0.123924 0.230696 0.094132 -0.195651 0.227223 -0.134382 0.266801 -0.204254 0.064572 0.054659 0.105624 0.006024 -0.139863 -0.360023 -0.203898 0.059254 -0.065262 -0.077450 -0.142879 -0.009587 -0.075616 -0.120597 -0.049573 0.070203 0.141812 -0.070541 -0.056422 -0.312984 -0.037783 0.068262 -0.204230 -0.056449 -0.033567 -0.001538 -0.121009 0.099638 0.139497 -0.079791 0.126170 0.038138 0.080549 0.214973 0.160756 0.196945 
-0.134833 0.071927 0.001411 -0.038859 -0.244144 0.229749 0.120211 0.088217 0.036263 0.072483 0.019054 0.168416 -0.207973 0.120634 0.015019 0.206577 0.151812 -0.096538 0.083647 -0.016147 -0.114998 -0.092827 0.094321 0.271048 -0.130666 0.133707 -0.136999 -0.056319 0.195547 0.204013 -0.006529 -0.156177 0.277733 -0.287011 0.049119 -0.180934 0.144483 -0.071980 -0.120987 -0.011001 -0.167168 -0.038658 -0.298414 0.031715 -0.018429 0.095386 -0.058104 -0.022371 -0.176635 0.002899 
-0.129789 -0.115441 0.093918 -0.323543 0.048236 0.098438 0.040608 -0.027445 0.069246 0.117877 0.067205 -0.325267 -0.098531 -0.056381 0.167458 0.144090 0.026186 -0.118709 -0.102380 0.088039 0.164972 0.135797 -0.120110 -0.015907 -0.156583 0.214931 0.036066 -0.227047 -0.127496 0.126099 0.154833 0.087029 0.058414 0.193397 -0.279578 -0.013514 -0.215550 0.098233 0.113246 -0.039480 -0.119405 -0.216852 -0.111833 0.285671 0.026478 -0.015948 -0.064741 -0.085037 0.072649 0.088818 
-0.112000 -0.027892 -0.007277 -0.010200 -0.181942 0.006123 0.107232 -0.136965 -0.144715 -0.088417 0.171469 -0.025842 -0.048163 -0.070371 -0.187580 -0.067791 0.203366 0.145910 -0.063691 0.084801 -0.161109 0.126611 0.028488 0.269625 0.000070 -0.081950 0.104131 -0.093985 0.200975 0.111359 0.012859 -0.023501 -0.029474 0.402735 0.290146 0.279309 -0.077724 -0.116978 0.130678 0.019251 -0.239547 0.059764 0.041536 0.056065 -0.033569 0.235531 0.098788 -0.006183 0.202489 -0.110854 
-0.133894 0.080986 0.009843 -0.211611 -0.121061 0.009976 -0.287794 0.068989 0.227483 0.227659 -0.006323 0.203105 0.304187 -0.163875 -0.041921 0.121776 -0.158814 -0.051719 0.175439 0.111383 0.065873 0.013956 0.184890 0.173240 0.081383 0.093000 0.082862 -0.077365 0.164314 -0.054441 -0.119367 -0.040166 -0.079242 0.098638 -0.057442 -0.001009 -0.064585 0.212379 0.059172 0.071181 0.117782 -0.128652 0.183900 -0.067880 0.120888 0.340569 0.102209 0.138069 -0.158162 0.050659 
-0.143062 0.289898 0.267139 -0.185994 0.171822 -0.122409 0.048067 -0.106988 0.033037 0.168745 0.048194 -0.094106 -0.145637 0.040137 -0.037895 -0.094162 0.210339 0.099226 0.016583 -0.058697 -0.256506 -0.123496 -0.044148 0.014310 -0.116686 0.078540 0.057603 0.073391 -0.204754 -0.026055 -0.276402 0.146582 -0.232633 -0.106126 -0.059389 -0.006912 0.116556 -0.118632 0.177032 -0.276659 0.023620 -0.101090 -0.114569 -0.246787 0.142735 0.152348 0.082043 0.070259 0.019710 0.049771 
-0.164530 -0.242132 0.267215 0.113191 0.005086 -0.076431 0.019420 -0.126436 0.041923 0.070648 -0.084807 -0.073593 -0.069646 0.013541 0.272581 -0.150885 0.050297 0.037641 -0.223922 -0.197116 0.022043 0.109511 0.039814 0.131369 -0.054978 -0.034161 0.163966 -0.011148 0.077858 -0.113416 -0.113988 -0.144552 -0.189279 -0.054441 0.217051 -0.236091 0.083535 0.213449 -0.273874 0.088101 -0.117566 -0.086077 0.158309 0.090355 0.024986 -0.003352 0.256848 -0.224247 -0.114926 0.128899 
-0.137444 -0.041283 0.217984 -0.171546 0.035873 0.305375 0.054167 0.046361 0.157890 -0.147295 -0.160303 0.275349 -0.046012 -0.032528 -0.064886 -0.046739 0.092223 -0.007664 -0.165772 -0.091633 0.121449 0.099646 0.013593 -0.044964 -0.076840 -0.152395 0.096048 0.181316 0.101878 0.286790 -0.228391 -0.014594 -0.191218 0.171598 0.020743 -0.078604 -0.152852 0.045070 0.029663 0.081033 0.156766 0.140552 -0.103271 -0.005595 0.018000 -0.274362 -0.210893 0.275130 0.035866 0.004745 
-0.131573 -0.111802 -0.160198 0.072441 -0.024504 0.165617 -0.173317 -0.188256 -0.062382 0.046286 0.013027 0.023914 -0.272773 -0.282730 0.028280 0.076830 0.083501 -0.065414 0.045289 -0.111224 0.140419 0.361956 -0.091244 0.024157 -0.044616 0.042885 0.174757 0.000418 -0.243806 -0.215290 -0.077252 -0.026403 0.138180 -0.070988 -0.009643 0.159963 0.021850 -0.087917 -0.083207 0.060517 0.134158 0.123054 -0.088881 -0.181972 0.255801 0.049997 -0.026225 0.001244 -0.151118 -0.334054 
-0.149739 -0.313163 -0.129965 -0.181089 -0.131810 -0.188431 -0.027693 0.096730 -0.063183 0.154930 -0.165790 -0.071800 0.053007 -0.130704 -0.160511 -0.134094 -0.164938 -0.185636 -0.038650 -0.041791 0.012309 -0.148042 0.001694 -0.090301 0.023539 0.003989 0.010271 0.046318 0.037778 0.078255 -0.020413 -0.366920 -0.105001 -0.110553 0.119990 0.222285 0.005518 -0.006585 0.115327 -0.448327 -0.036437 0.130552 -0.180915 0.104555 0.089743 -0.142311 0.068541 -0.023667 -0.067585 -0.020043 
-0.138863 0.162037 0.218232 -0.185880 0.122494 -0.058611 0.008683 0.100422 -0.129374 0.125255 -0.009342 0.094413 -0.071537 -0.149739 -0.122433 -0.102098 -0.188255 -0.016092 0.166993 -0.044562 -0.005605 -0.046648 -0.218273 0.124373 -0.038845 -0.031028 -0.163900 -0.080765 -0.209629 -0.277816 -0.031757 -0.154627 0.103350 0.039870 0.090645 -0.203201 -0.237871 0.025239 -0.104256 0.104143 -0.171659 0.413142 0.041547 0.075252 -0.227787 0.080681 -0.143002 -0.020281 0.090711 0.027776 
-0.163514 0.018313 -0.160358 0.039897 0.096477 0.188909 -0.236384 -0.173564 -0.226763 0.101713 0.007795 0.017940 0.102214 0.162730 0.084400 -0.151094 0.020224 -0.084327 -0.220906 0.218783 0.002985 -0.252399 0.130370 0.109602 0.250618 0.055547 0.128832 -0.170256 -0.130849 0.159913 -0.082742 0.127212 -0.047922 -0.243889 0.023002 -0.029614 -0.216179 0.219264 -0.084894 0.036862 -0.088945 0.067379 -0.114643 -0.119282 -0.080185 -0.044028 -0.000019 0.003397 0.240166 -0.197586 
-0.143078 0.243803 -0.182271 0.021439 0.014817 -0.090079 -0.118492 0.015174 0.112963 -0.105123 -0.046588 -0.158136 0.153393 0.276236 -0.163061 -0.070860 0.191136 -0.157008 0.105593 -0.113477 0.218489 0.061680 -0.018234 0.224450 -0.122947 -0.004190 -0.031030 -0.007187 -0.221669 0.007696 -0.056604 -0.287874 -0.035990 0.069004 0.164660 0.075112 0.129177 0.025417 -0.106443 0.100281 0.311048 -0.155586 -0.081994 0.108038 0.007238 0.000177 -0.143190 -0.155268 0.259630 0.116314 
-0.128063 -0.086993 0.157930 -0.118664 -0.071767 -0.146024 -0.094706 -0.164430 -0.091643 -0.004977 0.002056 -0.028786 -0.090907 -0.102537 0.151537 -0.170968 -0.240342 -0.233034 0.010917 -0.090970 0.015627 -0.015768 0.129279 0.054789 0.016725 -0.285498 -0.075802 0.175793 -0.142359 0.198527 0.088406 0.023511 0.219567 -0.104757 -0.004737 0.166348 0.235070 -0.044141 0.234265 0.354919 -0.132583 -0.180140 0.024111 -0.153434 -0.064651 0.043504 -0.101100 0.134562 0.078882 0.165645 
-0.120138 -0.120525 0.105556 0.009749 0.144388 0.223098 0.188808 -0.022276 -0.034124 -0.018709 0.048152 0.140741 0.139444 -0.198652 -0.219906 -0.000423 -0.074926 -0.064854 -0.313532 -0.002734 -0.112013 -0.030330 -0.084791 0.131036 -0.024975 0.072873 -0.158028 -0.067530 0.110425 -0.141339 0.204818 -0.027807 -0.006495 -0.040926 -0.116200 -0.025814 0.173391 0.073864 0.257963 0.068231 0.351742 -0.024904 -0.069093 -0.212741 -0.089860 0.015072 0.064534 -0.384199 0.093337 -0.006529 
-0.131517 0.043978 0.067745 0.085454 0.142791 -0.172935 0.108492 0.101611 -0.017461 0.089356 -0.262588 -0.310106 0.100542 -0.311415 -0.125912 0.241860 0.150403 -0.039425 0.239320 0.088034 -0.045791 0.165317 0.042599 -0.089140 0.096022 0.026745 0.049718 0.071043 0.279756 0.065581 -0.128835 -0.003785 -0.051580 -0.209586 0.055995 -0.077986 -0.045287 0.017692 0.017396 0.186741 -0.123338 -0.154361 0.004853 -0.110876 -0.122508 -0.159712 -0.114706 -0.083170 0.199633 -0.226891 
-0.147575 0.095692 0.211989 0.366595 0.071378 0.043167 -0.020959 -0.031377 0.101645 -0.191142 -0.239031 0.183850 0.060721 -0.017956 -0.083316 -0.210621 0.019558 -0.114984 0.030086 0.195950 -0.070193 0.114750 0.070383 -0.250863 0.028405 0.135168 -0.057027 -0.010275 -0.071757 -0.172101 -0.002198 -0.069855 0.063733 0.002661 -0.118761 0.125341 -0.015518 0.041182 0.076846 0.081163 -0.162104 -0.077842 -0.345745 0.302943 0.056868 0.159104 0.223472 0.120728 0.029501 0.036951 
-0.143516 -0.097895 -0.099318 0.026874 -0.037550 -0.088125 -0.078168 0.116167 -0.171915 -0.118314 0.188553 -0.045764 -0.089161 0.058391 -0.259237 -0.150267 -0.177297 -0.116274 0.021589 0.095480 -0.144679 0.140403 -0.284298 -0.061973 0.074380 0.272687 0.073206 0.022359 0.077935 0.135460 -0.268797 0.263252 0.185246 -0.045112 0.239543 -0.213572 -0.081909 -0.024446 0.068214 0.116705 0.167450 -0.092534 0.051153 0.069912 0.142506 -0.090564 0.069430 0.005898 -0.117927 0.245423 
-0.146069 -0.010440 -0.162591 -0.202117 0.108551 -0.033996 -0.044516 -0.075801 0.123325 -0.288417 0.028224 0.031519 0.250725 -0.132014 0.239970 -0.050395 -0.018899 0.197827 -0.041759 0.061330 -0.067410 -0.110960 -0.008603 -0.217100 -0.161319 0.085991 -0.037547 -0.058358 -0.014050 -0.106210 -0.159307 -0.082983 0.271084 0.221364 0.230241 0.002611 -0.001767 0.001859 -0.112422 -0.059263 -0.119590 -0.195907 -0.199650 -0.305761 -0.201962 -0.081003 -0.070482 -0.069208 -0.154128 -0.020161 
-0.114420 -0.089920 0.009727 0.168383 0.145902 0.062654 -0.382106 -0.123928 -0.064449 0.214889 0.171455 -0.208852 -0.010659 -0.036966 -0.121007 0.057862 0.278126 -0.079635 -0.031723 -0.035562 0.007086 -0.114959 -0.000953 -0.119340 -0.105231 -0.295027 -0.209008 0.226299 0.239420 -0.079984 0.006267 0.075190 0.235731 0.189288 -0.038464 -0.163563 0.044716 0.164007 -0.012993 -0.173439 0.097431 0.067594 -0.072536 0.098828 -0.110571 0.058656 0.031912 0.128999 -0.036095 0.050853 
-0.129895 0.066383 0.112116 -0.029263 -0.216510 -0.236500 -0.137597 -0.213384 0.165903 -0.272649 -0.047143 -0.142352 -0.046404 0.000350 0.058396 0.286824 -0.214276 0.257639 0.030677 0.195122 0.022163 -0.134790 -0.111037 0.093719 -0.127763 -0.126015 -0.040787 0.028395 0.016990 0.039512 0.192188 0.099349 -0.067487 -0.106992 0.117647 -0.129733 -0.031433 0.109718 0.077011 0.073601 0.170519 0.241567 -0.234091 0.043577 0.202097 -0.070997 0.181166 -0.002730 0.079678 -0.105813 
-0.150021 -0.201557 -0.020990 -0.114774 0.238476 0.152454 0.188188 0.013661 -0.154018 0.006322 -0.164447 0.041573 0.183875 0.119560 0.135928 -0.006265 0.132088 -0.068085 0.331251 0.031237 0.092921 -0.086484 0.123687 -0.042503 -0.148430 -0.219429 0.135027 -0.106742 -0.050124 0.002676 0.151536 0.101867 0.099289 -0.076778 0.181570 -0.131701 -0.165236 -0.354604 0.118036 0.008301 0.203224 0.023211 0.072226 0.055592 0.045729 0.097607 0.300142 0.024003 -0.029938 0.016744 
-0.139822 -0.211383 0.040962 0.086454 -0.092684 0.021789 -0.144998 0.199187 0.014311 -0.231698 -0.097865 0.002358 -0.087094 -0.114642 -0.048651 0.079069 -0.010028 0.106543 0.194046 -0.154681 -0.257913 -0.076760 0.053124 0.206150 0.329096 -0.028968 0.130122 0.119641 -0.338444 0.137900 0.063733 0.000476 0.026535 0.231669 -0.242924 -0.208203 0.006443 -0.039361 -0.099812 -0.180379 0.075098 -0.161691 -0.020567 0.007746 -0.204754 0.001156 0.097512 -0.061587 0.049845 -0.066724 
-0.131997 0.060746 -0.216331 -0.233400 -0.160759 0.296828 0.133260 -0.107706 0.053142 -0.039806 0.079474 -0.136676 -0.015994 0.012036 -0.079773 -0.089422 0.061258 0.118860 0.202297 -0.227049 0.050907 -0.168909 -0.140862 -0.303625 0.130846 0.092271 0.127886 0.164108 -0.008237 -0.043919 0.027336 0.039210 -0.164555 -0.090224 0.009746 0.010596 0.246965 0.231946 0.121624 0.228292 -0.062814 0.091087 0.021691 0.197203 -0.225272 0.116857 0.129052 -0.012090 -0.074248 -0.089338 
-0.147620 -0.247092 -0.068506 0.129421 -0.096271 -0.128741 0.202183 0.034315 0.369830 0.003572 0.000152 0.053760 -0.183498 0.238013 0.133603 0.034405 -0.042161 -0.060899 -0.008893 -0.116322 0.148124 -0.098547 -0.103843 -0.106486 0.089542 0.017213 -0.061162 0.106411 0.124801 -0.081396 -0.250389 0.046082 0.189081 -0.030223 -0.092549 0.060807 -0.253517 0.011259 0.095079 -0.069033 0.044086 0.068305 0.076618 -0.173559 -0.039701 0.313768 -0.029768 -0.093272 0.337994 -0.043897 
-0.159936 0.135493 -0.204896 -0.128281 0.291509 0.044712 -0.181342 -0.065086 -0.020520 -0.218952 -0.033529 0.031121 -0.155964 0.013060 0.033136 -0.027765 -0.005000 0.168082 0.057110 0.151937 0.093850 0.210758 0.168632 0.062276 0.063146 0.013369 -0.035232 0.257633 0.168289 0.121778 -0.010099 -0.096323 -0.022861 -0.116299 -0.251160 0.073565 -0.046648 -0.092072 0.042822 -0.089745 -0.156147 0.229553 0.130918 -0.010406 0.013892 0.017544 0.070679 -0.354499 -0.057295 0.316821 
-0.142306 0.188246 -0.118720 0.013581 0.072514 -0.054478 0.119425 -0.251984 0.010444 0.068208 -0.038485 0.277737 0.028750 0.006979 -0.114396 0.297900 -0.033307 -0.045327 -0.020111 -0.244310 -0.049078 -0.108139 -0.218261 0.120591 0.168796 -0.254864 0.181577 0.023236 0.049371 -0.199147 0.036911 0.138416 0.080616 -0.050345 0.000440 0.212142 -0.211674 0.054576 -0.030810 -0.068821 -0.127952 -0.261857 -0.043375 0.142433 0.035982 -0.256301 0.021257 -0.045681 -0.074306 0.197954 
-0.136037 -0.022804 0.046490 0.138509 0.145175 -0.101287 -0.043927 0.052336 0.113515 0.187971 0.100872 -0.053092 0.169464 0.118869 -0.125305 -0.106327 -0.025128 0.234831 -0.120054 -0.187738 0.307916 -0.098567 -0.010437 0.103886 0.182350 0.253322 0.166978 0.181858 0.058736 -0.007070 0.297710 -0.049796 0.043770 0.102353 0.010289 -0.185016 -0.011809 -0.295746 0.129169 0.136902 -0.206712 0.020608 -0.179023 -0.109421 0.156376 -0.031614 -0.105677 0.086287 -0.117473 -0.062455 
-0.150267 -0.049404 -0.145539 -0.105195 -0.228094 -0.116966 -0.156342 -0.144719 0.055297 0.091107 0.091473 0.323297 0.095606 -0.063066 0.019050 -0.048043 0.039692 -0.068584 -0.116092 0.131267 -0.026828 0.087942 -0.038441 -0.078440 -0.201935 0.062147 -0.147953 0.227129 -0.034882 -0.100916 0.048392 0.132862 -0.220395 -0.096567 -0.053767 -0.217761 0.038442 -0.384608 -0.081267 -0.031823 -0.072856 -0.174981 0.153061 0.227031 -0.140893 -0.066900 -0.037876 -0.058936 0.205866 -0.203166 
-0.131615 -0.069483 0.221320 0.038424 -0.083174 0.058299 -0.070565 0.073798 -0.294818 -0.063847 -0.214537 0.021041 0.276927 0.311940 0.095561 0.319233 0.041259 -0.088097 -0.024523 -0.023829 0.069882 0.147643 -0.197052 0.044898 -0.050180 0.225264 -0.159277 0.282868 -0.126356 0.015841 0.035456 0.173620 -0.050670 0.046249 0.117818 0.225743 0.058010 0.117734 0.055087 -0.122069 -0.125332 0.099726 0.118501 -0.122679 -0.106019 0.073738 -0.030221 -0.014673 -0.144276 -0.040610 
-0.164098 -0.156294 -0.123413 0.033907 -0.064423 0.120486 0.249492 -0.137804 -0.008560 0.271611 -0.119280 -0.163873 0.187127 -0.037041 -0.079775 0.029195 -0.197859 0.205459 0.018055 0.031733 -0.136045 0.042528 0.133628 -0.024774 0.035785 -0.015836 -0.212069 0.047511 -0.083503 0.040306 -0.103800 0.214298 -0.064664 0.117876 -0.093347 0.114066 0.092544 -0.125145 -0.445012 0.107884 0.057867 0.129384 -0.168744 0.007367 0.155815 0.069983 -0.101151 0.020666 0.073099 0.266068 
-0.130978 -0.054686 0.081469 -0.018532 0.227596 -0.179567 0.099694 0.091018 -0.195625 0.038924 0.264660 0.206249 -0.093222 0.012906 0.009081 -0.044688 -0.099901 0.282440 0.148223 -0.167927 -0.002180 -0.007055 0.261824 0.003273 -0.237968 0.230531 -0.034445 0.151813 0.044572 0.089374 0.099879 0.006069 0.114097 -0.083619 -0.014681 0.239577 -0.067948 0.288626 -0.147557 -0.007257 0.186373 -0.120607 0.031199 0.168377 0.016057 -0.079901 0.032256 0.093635 0.134235 -0.210534 
-0.134444 0.149938 0.026230 0.023884 -0.121769 -0.065790 0.320548 -0.205927 -0.189789 -0.195697 0.083327 0.013819 0.155135 -0.120199 0.095821 -0.176082 0.099133 -0.276213 0.146816 0.120299 0.066444 -0.122165 -0.139775 -0.004467 0.040401 0.047274 0.079821 0.143942 0.105875 0.052808 0.140826 -0.119737 0.079997 0.137376 -0.240139 -0.195264 0.054025 0.152113 -0.201911 -0.161935 -0.020828 0.043453 0.173626 -0.135486 0.338042 -0.000178 -0.077550 0.064535 0.048355 -0.042688 
-0.134826 -0.013575 0.185346 0.122146 0.016298 0.072388 0.064869 -0.293066 0.276531 -0.107110 0.189191 -0.093307 -0.060260 0.040056 -0.345031 0.065001 -0.070416 -0.178321 0.115639 -0.020643 0.150405 -0.079441 0.289074 -0.070061 0.021037 0.095218 -0.256728 -0.188744 -0.167332 0.111527 -0.023188 0.045781 -0.041316 0.017043 0.087836 0.042839 -0.068409 -0.064711 -0.046487 -0.091284 -0.105112 0.022093 0.287482 -0.092824 -0.077372 -0.220553 0.087251 -0.047580 -0.212563 -0.101699 
-0.147768 0.012830 -0.085630 0.142859 -0.041195 0.229954 0.120522 0.342066 -0.056808 -0.144752 0.019638 -0.187924 -0.057777 -0.079926 -0.081037 0.006097 -0.177761 0.073572 -0.120086 0.216956 0.196541 -0.238793 0.147971 0.213118 -0.256843 -0.166435 0.103917 0.150357 -0.090006 -0.315050 -0.202477 0.119742 -0.007431 -0.040368 -0.014128 0.003819 0.089368 0.033762 0.110149 -0.068139 -0.175119 -0.142633 0.137962 0.093769 0.117169 -0.036451 -0.105036 0.040440 -0.020461 -0.043813 
-0.142425 0.170161 -0.091716 0.008359 0.038677 0.125013 0.048290 0.230892 0.304534 0.171510 0.023573 -0.019649 -0.186040 0.057473 0.126440 -0.145830 -0.087039 -0.197748 0.061148 0.148029 -0.224191 0.201579 0.077099 -0.061043 0.060393 -0.064686 0.047870 0.174927 -0.021888 -0.060879 0.451379 0.175050 -0.072819 0.085907 0.349193 0.017497 -0.032858 0.163282 -0.061466 -0.142674 -0.001369 0.005324 -0.024158 -0.140953 0.020237 -0.062868 -0.063742 -0.053562 0.021572 -0.003679 
-0.159915 0.208562 0.010197 0.132459 0.084014 -0.077733 -0.052004 0.033882 -0.080955 -0.045498 0.033411 0.081077 0.081599 -0.013539 0.121941 0.154596 -0.258825 -0.141158 -0.057382 -0.286532 -0.018049 0.038288 0.191603 -0.209274 -0.026668 -0.055711 0.222264 -0.263384 0.082926 0.145087 -0.104330 0.187608 0.011712 0.139191 0.039842 -0.121437 0.288922 -0.067846 0.090239 -0.163504 -0.019905 0.207222 -0.028916 0.201678 0.044291 0.141510 -0.231524 -0.216919 0.058879 -0.115923 
-0.138277 -0.232263 0.255001 -0.058962 0.070895 0.022423 -0.039074 0.066776 0.010125 -0.124458 0.388081 0.054371 0.032488 0.122039 -0.025116 0.056303 -0.005997 0.063344 0.171856 0.244857 0.166643 0.147887 -0.164943 -0.052706 0.211152 -0.176235 0.154313 -0.199385 0.111237 -0.137489 0.044462 -0.036365 -0.159229 -0.209787 -0.021972 0.113980 0.247903 -0.066027 -0.186525 -0.148719 0.004793 -0.051872 -0.128218 -0.040114 -0.136030 0.041109 -0.185193 0.118847 0.065266 0.108910 
