-0.152863 -0.019584 -0.231518 0.183274 -0.240398 -0.030814 0.102665 -0.007736 -0.227790 0.138878 -0.013920 -0.050043 -0.141938 0.221894 -0.201114 -0.054469 -0.135829 -0.117195 0.181924 -0.071711 0.120026 0.072573 0.045187 -0.118030 0.000655 -0.014518 0.159515 -0.060357 0.195492 0.064954 -0.190530 -0.084258 0.151424 -0.009587 -0.074087 0.262138 -0.015178 -0.326825 0.006522 -0.081228 -0.228003 0.246156 0.102127 -0.032287 0.047628 -0.032533 0.186216 0.138965 -0.126198 -0.060342 
-0.130342 -0.094059 0.007650 0.096576 0.133808 -0.237891 -0.366573 0.098877 -0.156795 -0.084130 0.100727 0.129952 -0.160111 -0.010658 -0.164417 -0.251609 -0.067547 0.243749 -0.051261 0.107226 0.077177 -0.104189 -0.005054 -0.016986 -0.011810 0.011404 -0.215188 0.200180 0.025203 -0.246746 0.020091 -0.145282 -0.098736 -0.085622 0.084873 0.207063 -0.150419 0.070433 0.058619 0.290083 -0.114030 -0.057647 -0.058280 -0.059539 0.090920 -0.067607 0.009586 -0.109802 -0.274925 0.016536 
-0.155338 -0.144064 0.004909 0.107589 0.141139 0.053859 -0.020506 -0.436481 0.007811 0.057094 -0.024170 0.035730 0.154512 -0.156215 0.253665 -0.057460 -0.107640 -0.179358 0.104052 0.007177 0.110625 -0.128742 0.176467 0.030549 0.059017 -0.097385 0.026222 0.171084 0.154066 -0.339365 0.001605 0.040671 0.175397 0.064450 -0.171781 -0.137138 0.068646 0.170270 -0.151683 -0.128576 -0.063511 -0.029012 -0.112165 -0.006483 -0.052637 0.048847 0.159664 0.172788 -0.253595 0.104197 
-0.141794 0.071637 0.301729 -0.028750 0.001574 0.064179 -0.032053 -0.086652 0.057350 0.021200 -0.070900 -0.195046 -0.286022 0.089048 0.227659 0.036568 0.122276 0.079061 -0.214345 0.184829 -0.013318 0.251808 -0.048422 -0.084605 0.007858 -0.036249 -0.024094 -0.156380 0.073453 0.015304 -0.116325 0.101216 -0.093017 -0.291988 -0.285982 0.067108 -0.041559 0.191122 0.066571 0.160282 -0.056369 0.102556 0.244221 0.080097 0.084570 0.195067 0.030048 0.249335 -0.116046 0.015639 
-0.141129 0.088365 0.135497 0.012316 -0.114905 -0.069921 0.357220 -0.043643 0.116438 -0.039052 -0.155288 -0.068003 0.065325 0.148443 -0.135103 0.019309 -0.352317 -0.026608 -0.095736 0.140315 0.030705 0.142091 -0.071243 -0.025401 0.182192 -0.082134 -0.061471 0.350893 -0.062666 -0.011006 0.183583 -0.323433 -0.012930 -0.011221 0.169101 -0.033216 -0.048318 0.184288 -0.088387 -0.026743 0.087648 0.014821 0.271571 0.190793 -0.039791 -0.088703 0.114731 -0.108695 -0.012273 0.014592 
-0.143702 0.007218 -0.134186 0.001110 -0.100820 0.096197 -0.227772 -0.054671 -0.098128 0.024327 -0.162514 0.091359 0.082845 -0.178576 -0.091830 0.074644 -0.060859 0.001754 -0.200586 0.013777 -0.146139 -0.125722 -0.022651 0.070449 0.087841 -0.060551 -0.115229 0.055425 0.196849 0.267918 -0.111914 0.049470 -0.314188 0.191230 -0.104125 -0.140050 -0.085095 0.116861 -0.100639 0.036232 -0.023007 -0.034492 0.181476 -0.265906 0.114284 -0.053577 0.403084 0.036408 0.207122 -0.152297 
-0.123258 -0.246820 0.220945 -0.093613 0.009092 0.059221 -0.043118 0.094900 0.018579 -0.111321 0.185865 0.151688 0.028050 -0.139005 -0.062301 -0.147247 0.002767 -0.010705 -0.074605 -0.095011 0.048083 0.121471 0.047301 0.016083 -0.134809 -0.200917 -0.067561 0.048136 0.070580 0.182461 0.194193 0.107850 -0.052007 -0.092776 0.312832 -0.004832 0.038370 -0.057750 0.077246 -0.069690 0.067744 0.372950 -0.199674 0.205301 -0.158522 0.028988 0.255645 0.318249 0.061942 -0.039974 
-0.125629 0.088398 -0.005804 -0.326036 -0.067572 -0.010645 0.221039 -0.077131 -0.250857 -0.072805 0.139009 -0.123401 -0.035464 0.075163 -0.132998 -0.036639 0.209616 -0.103397 0.333545 0.161844 -0.165447 -0.162527 -0.049677 -0.230149 0.067277 0.055924 -0.030241 0.151043 0.141756 -0.124004 0.170006 0.091541 -0.082758 -0.099253 0.061559 -0.093218 -0.124484 -0.016143 0.167785 0.040390 0.219181 -0.109290 -0.074187 -0.158776 0.206384 0.147540 0.089526 0.138684 0.086865 0.108879 
-0.134510 -0.062429 -0.213607 0.310176 0.002697 0.014743 0.063681 0.205500 0.038939 -0.138740 0.096351 -0.047999 0.130228 -0.205458 0.120502 0.134015 0.118635 0.178730 0.028491 0.175675 -0.008345 0.002347 -0.312899 -0.252595 0.138653 -0.132267 -0.101527 0.069001 0.013817 0.099046 0.040437 0.105250 0.171749 -0.031075 0.017141 0.117795 -0.057509 0.163614 -0.044829 -0.279946 -0.255875 -0.057349 -0.100941 0.150303 0.271142 0.003526 -0.064783 0.053457 0.110137 0.048292 
-0.144033 -0.233573 -0.069036 -0.188143 0.170477 -0.237009 0.204561 0.015210 -0.025198 -0.030303 -0.170146 0.196988 -0.117362 -0.267721 -0.012092 -0.116142 0.176674 -0.111813 -0.139842 0.015907 -0.099913 0.113997 0.068044 -0.064179 0.157253 -0.236172 0.128765 0.036555 -0.061213 0.080403 0.004615 -0.049332 0.128591 0.180579 -0.111499 0.003190 0.289263 -0.146250 0.330774 0.147817 -0.134415 -0.116257 0.180397 -0.010574 0.035843 -0.036221 -0.054511 -0.062935 0.017405 0.102526 
-0.145239 0.091041 0.081171 -0.192878 -0.182370 -0.180823 -0.202118 0.154789 0.199323 0.052104 -0.117325 0.056559 -0.039098 0.021292 0.198475 -0.030415 -0.152855 0.151908 0.025063 -0.014669 -0.207753 -0.250645 -0.056711 -0.088508 -0.156716 0.012769 0.167570 0.165248 0.380798 -0.099088 0.113893 -0.068478 0.048605 0.057070 -0.001990 0.068801 0.131022 -0.107206 -0.137652 -0.054627 -0.131792 0.038814 0.100532 0.008200 -0.169883 0.156876 -0.258714 0.103072 0.231588 0.052711 
-0.155571 0.096298 -0.034035 0.084213 0.050354 -0.024709 -0.166448 0.202392 -0.043208 0.054989 0.089351 -0.091069 -0.073989 0.065415 -0.208517 0.071100 -0.152367 -0.138229 -0.062374 -0.151711 -0.050609 0.024909 0.027235 0.024136 0.210768 0.124652 0.270715 0.024589 -0.265980 -0.220325 0.158846 0.360740 0.061971 0.177783 0.044771 -0.169543 -0.057528 0.273264 0.120519 0.060072 -0.150279 0.197550 0.124580 -0.087187 -0.036369 -0.073054 -0.105456 0.201454 0.086712 0.108788 
-0.150309 0.125969 0.137516 0.161195 0.048503 -0.023246 0.098924 -0.124289 -0.134284 -0.237006 0.178856 0.105972 0.037273 0.035473 0.002192 -0.162440 -0.112855 0.177260 0.005666 -0.203942 -0.357164 0.290675 -0.034287 0.124549 -0.025997 -0.058423 -0.257254 0.049573 -0.115446 -0.004130 0.062633 0.127305 0.096615 0.057585 -0.182845 -0.091764 -0.120582 -0.318131 -0.146729 -0.154175 0.002403 -0.087552 0.130896 -0.212200 -0.059774 0.086575 -0.146153 0.049642 -0.021440 -0.024283 
-0.143159 0.106008 0.259743 0.174852 0.267132 0.192142 -0.183682 -0.030294 -0.097282 0.188765 0.114209 -0.195518 0.126799 -0.124087 -0.007244 -0.085834 -0.034851 -0.098077 0.153631 0.136338 -0.010128 0.063098 -0.265298 -0.104993 -0.045725 0.022123 0.165186 0.125885 0.122408 0.054506 -0.113646 0.120315 -0.165455 0.004658 0.113085 -0.118922 0.174414 -0.223940 0.149492 -0.046555 -0.016544 0.047205 0.148734 0.087710 -0.092641 -0.006695 0.013709 -0.398228 -0.041942 0.039603 
-0.132496 -0.142695 0.006466 0.041752 -0.084388 0.044010 -0.108725 -0.099907 0.065189 -0.065269 0.064791 -0.041450 -0.162620 0.059931 0.263846 0.049707 0.079078 0.101460 0.174545 0.087853 -0.334691 0.051852 0.119659 0.132343 0.212882 0.370162 0.023452 0.088282 -0.003431 0.181459 -0.106061 -0.157386 0.074534 -0.063912 0.232938 -0.099092 0.189864 0.022387 0.083752 -0.030813 0.019352 0.043885 -0.029593 -0.043011 0.063513 -0.437612 -0.039926 0.115438 -0.103108 -0.087345 
-0.155806 0.051928 -0.205767 0.133790 0.008729 0.269718 -0.038396 -0.105279 -0.176479 -0.189414 -0.171121 0.077629 -0.141796 -0.085593 -0.154740 -0.031066 -0.067901 0.126234 -0.161831 0.103255 0.204548 -0.139862 0.161625 -0.218712 0.194877 0.090041 -0.058374 -0.103992 0.020315 0.096130 0.165741 -0.004500 -0.041409 -0.201287 -0.036730 -0.156821 0.272906 -0.111303 -0.158282 0.020616 0.232148 0.157295 -0.022255 -0.003418 -0.102824 0.057963 -0.300197 -0.026161 0.030557 0.131149 
-0.143777 0.284069 -0.017295 -0.100948 0.014096 -0.185080 -0.141487 -0.069947 0.059539 -0.160629 0.083052 0.083094 -0.021681 0.131919 0.082118 0.116374 0.325356 0.034445 -0.070690 0.299672 0.227232 -0.079226 -0.067439 0.109947 0.119793 -0.230777 0.145310 -0.041801 -0.152832 -0.186896 0.000229 0.002911 0.115119 -0.017794 0.029056 -0.173606 -0.091438 -0.306291 -0.175924 -0.025883 -0.012233 0.095124 0.042113 0.026717 -0.096303 -0.217821 0.173243 -0.018028 0.108083 -0.183142 
-0.148282 0.145269 0.192232 0.059952 -0.033645 0.191945 0.127170 0.359043 -0.042083 -0.045002 -0.073392 0.353407 0.004869 0.003410 0.228845 -0.101098 -0.177384 0.030158 0.002485 -0.101903 0.070979 -0.104890 0.191289 -0.123082 -0.048726 0.085271 0.268496 0.074394 -0.120075 -0.018098 -0.092911 0.045305 -0.092301 -0.172158 -0.214052 -0.055853 -0.135250 -0.101007 0.088279 -0.026140 0.066442 -0.239330 -0.121860 0.120417 0.162030 -0.191319 0.177241 -0.002239 0.024328 0.058084 
-0.145275 -0.071855 -0.134299 0.236327 0.115311 -0.036771 -0.069206 0.012659 0.052476 -0.318174 0.070634 -0.050700 -0.055162 0.088936 -0.088679 0.263626 0.040443 0.066380 0.261850 -0.122499 0.101331 0.067281 0.005822 -0.059050 -0.349319 -0.075713 0.162207 0.004121 -0.040845 0.061321 -0.046170 -0.313468 -0.114125 0.001454 -0.015778 -0.275862 0.079232 0.114227 0.128054 0.120987 -0.018186 -0.247302 0.104672 0.008419 -0.190433 0.162489 0.058276 0.176602 0.048656 -0.026017 
-0.150234 0.090483 0.137841 0.159937 -0.024692 -0.106121 0.113464 0.067228 -0.167560 -0.032390 -0.343439 -0.106535 0.151787 0.056183 0.036538 0.083591 0.198387 0.128774 -0.050010 -0.020016 -0.010831 -0.067003 0.015202 -0.013889 -0.096268 -0.016634 -0.118172 -0.077384 -0.011048 -0.213572 -0.116328 -0.023712 -0.321397 0.443886 0.046532 0.105335 0.055526 -0.034339 0.158065 -0.165796 0.201313 0.145303 -0.099457 0.108329 0.008448 -0.118850 -0.139048 0.192491 -0.158306 -0.004014 
-0.135185 -0.055397 -0.023519 -0.110707 0.025417 -0.103690 -0.100467 -0.005908 -0.316711 0.161046 -0.308378 0.140697 0.040570 -0.007454 0.004561 0.241085 0.001109 0.030369 -0.118588 -0.046889 -0.138540 0.125505 -0.287817 -0.137505 -0.133895 0.225311 -0.026037 -0.203535 0.032836 -0.005640 0.169617 0.017183 0.335215 -0.123013 0.061371 -0.085588 -0.150099 0.049682 0.027635 -0.046590 0.071740 -0.132987 -0.080486 0.067949 -0.287847 -0.058946 0.184956 -0.073464 -0.147061 0.021860 
-0.144331 -0.216588 0.031560 -0.100925 0.375274 0.077727 0.041430 0.008721 0.071338 -0.196975 -0.102893 -0.214023 -0.194959 0.028239 0.081581 0.006363 -0.001614 -0.234933 0.017347 -0.193152 -0.073135 -0.208398 0.038448 -0.274493 -0.025997 0.029507 -0.137154 -0.008176 -0.086270 0.018570 -0.237678 0.022166 0.060350 0.080062 0.088768 0.166113 -0.314023 -0.067640 -0.285139 0.074649 0.044021 0.057916 0.102508 0.079146 -0.095524 -0.138727 -0.017541 -0.055658 0.182423 0.017921 
-0.132216 -0.022008 -0.033339 -0.051576 0.121972 -0.080298 0.175291 0.013361 -0.123611 -0.186576 -0.161211 0.074055 0.098704 0.256071 0.206893 -0.245348 0.028934 -0.104344 0.100252 -0.138824 0.204536 0.084257 -0.178065 0.188708 -0.030097 0.169057 -0.007977 -0.225468 0.168064 0.024030 0.195866 0.136495 -0.178083 -0.003443 0.177071 -0.100203 0.173898 0.101450 -0.221020 0.161761 -0.299570 -0.020013 0.011480 0.012780 0.218244 -0.000194 -0.015107 -0.086821 0.042525 -0.079626 
-0.139686 0.145469 0.162135 -0.065609 -0.195333 0.305165 -0.032474 -0.052149 -0.074170 -0.111694 -0.048629 0.020297 -0.053654 -0.036353 -0.030561 -0.164432 0.293164 -0.000476 -0.014774 -0.171959 0.076548 0.114702 -0.191350 0.013201 0.183796 0.052142 0.174264 0.174519 -0.155095 0.021723 -0.119412 -0.203591 0.067960 0.142503 0.026288 0.290405 0.079585 0.192531 -0.109724 0.039367 -0.105138 -0.071297 -0.260168 -0.193789 -0.251275 0.170441 0.053899 -0.055808 0.065590 0.028693 
-0.120039 0.215007 0.210860 -0.082543 0.100412 -0.004217 -0.126907 0.056819 0.126272 -0.176897 0.003925 0.099153 0.204670 0.016977 -0.287813 0.119228 0.023411 -0.034579 0.274223 -0.007258 -0.132712 0.078094 0.180079 -0.021158 0.011546 -0.010224 -0.131371 -0.218260 0.183119 0.045173 0.023001 -0.115071 0.240470 0.074427 -0.321491 0.075901 0.120909 0.195896 -0.017658 0.114302 0.007797 0.245954 -0.107366 0.122245 0.149546 -0.128128 0.056156 -0.200050 0.055501 0.058024 
-0.129925 0.080428 -0.085766 0.033675 0.285461 0.167795 0.012077 0.126981 -0.127421 0.080204 0.104856 0.014100 -0.067018 0.058307 0.072485 0.161278 -0.069793 -0.010009 -0.076017 0.328988 0.057019 0.122983 0.159536 0.324749 -0.161284 0.080228 0.066754 0.063668 0.084526 0.093044 0.125273 0.050357 0.189358 0.253161 0.117348 0.360676 0.073987 -0.041278 -0.124125 0.086709 0.232111 -0.183604 0.049902 -0.015565 0.092641 0.113841 0.058091 0.121702 0.087458 0.119846 
-0.140241 -0.214806 0.014097 -0.171159 -0.024962 -0.002921 0.094987 0.054610 0.092265 0.005628 0.145748 -0.033004 0.124167 0.282571 -0.222565 -0.173757 0.014896 0.275599 0.019786 0.203132 -0.069410 -0.256467 0.042449 -0.000139 0.085890 0.003707 0.102913 -0.140402 -0.076881 0.244581 -0.121840 0.250684 -0.032101 0.147889 -0.111268 -0.026486 0.057674 0.103116 -0.143266 -0.090746 -0.050344 -0.206726 0.046052 0.166149 -0.256230 0.056408 0.062080 -0.015722 -0.295064 0.033992 
-0.121120 -0.015459 0.103356 0.201794 -0.279654 0.015592 0.214440 0.034307 -0.124499 -0.094484 0.196892 -0.093157 0.026962 -0.134530 0.151306 -0.058818 0.110055 -0.095559 -0.171710 0.115867 -0.057305 -0.255676 0.249817 -0.092478 -0.336137 0.058503 -0.012275 -0.109957 -0.057368 -0.033226 0.162564 0.023433 0.178953 0.041326 0.057127 0.033714 0.018223 0.176843 0.084477 0.073070 -0.063359 0.111834 0.172500 -0.173538 -0.086954 0.011937 0.028054 -0.289434 -0.019512 -0.275655 
-0.133449 0.088850 -0.205809 -0.162581 -0.121968 0.281046 0.074888 -0.137240 0.080563 -0.057543 -0.109822 0.095147 0.160518 -0.002427 0.004116 -0.076772 -0.222109 0.143704 0.094244 0.126297 -0.021659 0.055174 -0.091006 0.072030 -0.212559 -0.253195 -0.110030 -0.120026 -0.038725 -0.185077 -0.352297 0.192249 0.105548 -0.120570 0.244271 0.058201 0.002678 0.099165 0.225139 0.188832 -0.033672 0.003116 0.044605 -0.101683 -0.085225 -0.192170 -0.114979 0.030106 0.110904 0.105667 
-0.156296 -0.100594 0.171657 0.122310 0.080320 -0.055962 0.155816 -0.076974 0.377693 -0.108531 -0.252484 -0.111855 -0.041496 -0.163725 -0.215880 0.178701 -0.144757 0.139578 -0.008905 0.089452 -0.039800 -0.044860 0.061731 0.114752 0.112558 0.172270 0.144814 -0.157610 0.009910 -0.125183 0.026719 0.113760 -0.020982 -0.103759 0.159494 0.074089 -0.074661 -0.229879 0.087789 0.002093 -0.109252 -0.048247 -0.258975 -0.234346 0.080376 0.245818 0.136645 -0.076689 0.001296 -0.144407 
-0.144659 0.240567 -0.145467 -0.015784 -0.048152 -0.012178 0.036479 0.018679 0.022928 -0.018943 0.159834 0.106650 -0.111307 0.030618 -0.033929 0.228403 0.039541 -0.228993 -0.172744 -0.185062 -0.214076 -0.215016 0.008559 0.155170 0.035585 0.092930 -0.298568 0.029894 -0.094648 -0.148475 -0.180092 0.036611 -0.102256 -0.159172 0.118356 0.060768 0.307642 -0.065306 0.037581 -0.055120 -0.145111 -0.066840 0.003164 0.324914 -0.006705 0.231228 0.169367 -0.068324 -0.075573 0.107912 
-0.136795 -0.093726 -0.010307 0.097659 -0.255510 -0.025779 -0.120012 0.138093 -0.004834 0.045153 -0.020505 -0.313818 -0.275703 0.031972 0.117813 -0.061330 -0.220848 -0.122767 0.115428 -0.058877 -0.052755 0.018574 -0.130134 0.075189 0.122507 -0.359290 -0.110529 -0.135521 -0.016954 -0.047453 0.127911 0.107561 0.048423 0.093147 -0.121242 -0.040905 0.180331 -0.031671 -0.026933 0.180815 0.260460 -0.223805 -0.288088 0.103170 -0.010048 -0.066377 0.053214 -0.102279 0.041081 -0.175800 
-0.150120 -0.074392 -0.036422 0.058536 -0.061224 -0.042299 0.065265 0.239042 0.289323 0.078038 0.124897 0.035496 0.027865 -0.078913 0.004855 -0.203014 0.043781 -0.181737 0.034379 0.130720 0.301576 0.056441 -0.159804 0.055276 0.077882 0.372713 -0.373267 -0.112751 0.101069 -0.104877 -0.054629 -0.081986 0.023515 0.064094 -0.190053 -0.073355 -0.020449 -0.063211 0.158479 -0.069576 0.107599 -0.049094 0.097969 -0.143966 -0.257309 -0.046200 0.055988 0.114859 0.143558 0.106464 
-0.149480 -0.006523 -0.101475 0.079862 0.160184 0.158027 0.129859 -0.120756 0.114663 0.323502 0.041452 0.002874 -0.018912 0.035218 -0.266470 -0.187593 0.235367 0.204383 -0.151143 -0.227027 -0.040599 -0.023657 -0.050298 0.040877 -0.083200 0.079353 0.056218 0.119255 0.150216 -0.173837 0.000859 -0.019128 0.142193 -0.064305 -0.071840 -0.065472 0.018439 0.057639 0.007581 0.065680 0.124602 -0.088710 0.012732 0.245870 0.131801 -0.084685 -0.080101 0.080185 0.191897 -0.435620 
-0.147520 0.147159 -0.167573 0.078292 0.222692 -0.116998 0.031852 -0.138349 -0.001596 0.219295 0.159422 0.091056 0.194232 0.013426 0.143890 -0.097289 -0.117277 -0.104590 0.046578 0.096019 -0.227649 0.000761 0.058756 -0.129139 0.173751 -0.077111 0.092958 -0.309916 -0.135124 0.042408 0.170194 -0.224558 -0.320295 -0.132726 -0.027638 0.281855 -0.072347 0.076585 0.057379 0.024062 -0.026579 -0.008904 -0.122233 -0.020072 -0.235835 -0.008881 -0.054923 0.096538 0.138440 -0.148462 
-0.139041 0.095812 -0.071835 -0.239903 0.054474 0.327843 -0.097657 0.157787 0.039632 -0.030457 0.010831 -0.068910 0.100809 -0.106395 0.126272 0.004335 -0.070164 -0.019082 0.035512 -0.139487 0.070323 -0.185889 -0.077253 0.157659 0.178480 -0.087066 -0.031226 -0.147791 0.006076 0.095165 0.130403 -0.278496 0.135206 0.108962 0.066971 -0.098697 -0.254815 -0.107250 0.203848 0.000481 -0.027493 0.051407 0.160200 0.045303 0.134793 0.204340 -0.144845 0.065526 -0.372907 -0.197742 
-0.149681 -0.046496 0.068835 -0.209412 -0.219766 0.089446 -0.102051 -0.064024 -0.049912 0.049537 0.057713 -0.233137 0.022114 -0.344689 -0.183936 0.065124 0.080893 0.004375 0.053257 -0.065325 0.112371 0.177800 0.224984 0.055505 -0.097072 0.025506 0.002659 -0.158996 -0.023892 -0.127844 0.197438 -0.041650 -0.200620 -0.075595 0.032913 0.118332 -0.051406 -0.086652 -0.183580 -0.159583 -0.223051 -0.319718 0.155298 0.150074 0.031086 -0.275546 -0.085226 0.033353 0.017580 0.129910 
-0.137424 0.246519 -0.127773 -0.215830 0.151178 -0.113038 0.044247 0.008538 -0.021297 0.047280 0.037566 -0.220476 -0.086816 0.119762 0.119658 0.085323 -0.065557 0.130898 -0.114312 -0.109911 0.240887 0.175181 0.333571 -0.093317 0.016625 -0.021709 -0.178359 0.214128 0.188653 0.198665 -0.038387 0.127082 -0.003499 0.035184 -0.005005 -0.087751 -0.063794 0.079337 0.231739 -0.174583 -0.185940 -0.053416 -0.271938 -0.090690 -0.163093 -0.036088 -0.052794 -0.170783 0.017717 -0.118012 
-0.136683 -0.048638 -0.342924 -0.234797 0.048559 0.093881 -0.048553 0.177508 0.263351 -0.008149 -0.046608 -0.059927 0.036684 0.014869 0.009360 -0.044951 0.022316 -0.092192 -0.059099 0.068833 -0.137093 0.244801 -0.077601 -0.163234 -0.310798 0.050461 0.067523 0.157826 -0.220607 -0.122494 0.095937 -0.005954 -0.157025 -0.034458 -0.158085 0.014206 0.173701 -0.023255 -0.189211 -0.117628 0.099335 0.198670 -0.082149 -0.198688 0.129129 -0.016074 0.080786 -0.091918 -0.289373 -0.097955 
-0.158166 -0.049481 0.166176 -0.079964 0.049767 -0.185594 -0.029938 -0.012612 -0.000582 0.154772 0.186830 -0.154829 0.285066 0.081398 0.075038 0.136529 -0.062727 0.204533 -0.129146 -0.338527 0.218760 -0.141395 -0.072515 -0.136813 0.053503 -0.059233 -0.018239 -0.079007 -0.137345 0.058424 -0.061213 -0.070301 0.123503 -0.150681 0.076806 0.110443 0.301198 -0.031396 -0.042128 0.024473 0.202859 -0.034041 0.117084 -0.327839 0.209917 -0.060447 0.095342 0.071022 0.020808 0.129829 
-0.142918 -0.194367 0.084103 0.075651 -0.068487 0.092346 -0.112974 0.012845 0.150807 0.132585 0.049936 0.399230 -0.181946 0.269319 -0.016419 0.142691 0.152718 -0.124442 0.056758 -0.064248 0.031505 0.144280 0.117246 -0.106578 0.110244 -0.220694 -0.014836 -0.134081 0.164583 -0.116152 -0.001227 0.046351 -0.085974 0.026160 0.229234 0.023305 -0.087675 0.144742 0.001172 -0.307823 0.155305 -0.094941 0.139675 -0.167113 0.082207 0.088110 -0.143434 -0.239794 -0.040531 -0.012625 
-0.151895 -0.297641 0.046559 -0.126044 -0.125227 0.050834 -0.003252 -0.053489 -0.166179 0.079610 0.247124 -0.006941 0.116839 0.125295 0.038749 0.097920 -0.144367 0.010263 -0.268333 0.163042 -0.036734 0.153614 0.018859 -0.058602 -0.013802 0.100941 0.039803 -0.092058 -0.049302 -0.138392 -0.213439 -0.265922 -0.027319 0.197443 -0.037331 -0.275042 -0.101232 -0.105541 -0.048878 0.112076 -0.122176 0.095196 -0.270413 0.114546 0.186885 0.167441 -0.123606 -0.097648 0.217171 0.093757 
-0.137610 0.137477 0.148959 0.136021 0.079867 -0.014327 0.032793 0.040839 0.066641 0.247972 -0.139717 -0.063242 -0.115233 0.094739 -0.187388 -0.152567 0.103567 -0.249506 -0.116081 0.116754 -0.086516 -0.200080 -0.039076 0.150332 -0.252337 -0.198850 -0.074439 -0.024796 -0.074969 0.259122 0.009337 -0.181529 0.087582 -0.125664 0.058692 -0.220678 -0.054354 0.029783 -0.078900 -0.099952 -0.172349 -0.053391 -0.226569 -0.198968 0.109108 -0.118571 -0.158524 0.132938 -0.053656 0.253693 
-0.138012 0.047301 -0.163457 -0.005728 -0.066503 -0.152221 -0.070316 -0.349047 0.117124 -0.220516 0.108249 -0.049681 -0.170553 -0.013447 0.034187 -0.182407 -0.067446 0.030458 -0.157532 -0.135011 0.040976 -0.084706 -0.187645 0.182257 -0.144696 0.088067 0.250199 -0.108155 0.043406 0.120971 0.069298 -0.009014 -0.028345 0.068289 -0.096352 0.113999 -0.183281 0.089369 0.229879 -0.241385 0.232418 0.083509 -0.020497 0.130870 0.147118 -0.052371 0.047184 -0.195198 0.052893 0.284019 
-0.137213 -0.120599 -0.012166 -0.070841 0.000473 -0.241110 -0.170649 0.148395 -0.244931 -0.057476 -0.210846 -0.100663 0.162710 -0.077899 -0.037289 -0.170802 -0.014641 -0.118415 0.136713 0.094591 0.027138 0.040016 0.152437 0.277795 0.024971 0.019990 0.047789 0.071253 -0.175962 0.017637 -0.280986 -0.012885 0.085541 -0.303822 -0.018011 0.014364 0.001317 0.150545 -0.008860 -0.300066 0.168334 0.031228 0.080440 0.059251 0.041341 0.255025 -0.121213 -0.041504 0.174468 -0.204855 
-0.139959 -0.094321 -0.146305 0.064624 0.008345 -0.045756 0.293545 0.231232 -0.058002 0.173191 0.068978 -0.056377 -0.024765 -0.169302 0.095630 0.154952 0.186044 0.214698 0.120492 -0.148686 -0.075087 0.005912 0.021472 0.335854 0.092072 -0.128148 0.100977 0.044002 0.165944 -0.046119 -0.043298 -0.026097 -0.129627 -0.170615 -0.074350 -0.082078 -0.182890 0.054409 -0.179086 0.184378 0.089493 0.265257 -0.012357 -0.060722 -0.177972 -0.018318 -0.001474 -0.203032 -0.064526 0.273179 
-0.143792 0.086523 -0.109797 0.130463 -0.174979 -0.078645 -0.160280 -0.135233 0.192901 0.276895 -0.194868 0.018411 0.083817 0.010984 0.143628 -0.158051 0.172185 0.133665 0.229971 -0.049065 0.029736 0.087485 0.234275 -0.138753 -0.037000 0.075520 -0.143747 0.054936 -0.302537 0.169710 0.100011 0.091398 0.067147 0.133577 0.142220 -0.075516 -0.138868 -0.104800 -0.022973 0.231215 0.018959 0.045027 0.064577 0.174370 0.104016 0.252042 0.122473 -0.070754 0.067950 0.183423 
-0.154287 0.038597 0.137826 -0.154788 -0.016584 -0.127477 0.149267 -0.170686 -0.055328 0.192817 0.103856 0.288557 -0.301193 -0.258695 -0.022749 0.231958 -0.178799 0.040634 0.286070 0.046636 0.219913 -0.100195 -0.214168 0.022993 -0.135139 0.086356 -0.078002 0.058095 -0.235183 0.169515 -0.068518 0.086420 -0.088322 0.126970 -0.098943 0.019775 0.028251 0.095839 -0.110215 0.007154 -0.011510 0.125630 -0.032222 0.010123 0.058782 -0.001372 -0.190559 0.025114 -0.037050 -0.220513 
-0.107087 0.171545 -0.035332 0.074303 -0.167511 -0.250303 0.001163 -0.008384 0.123258 -0.117812 0.120371 0.053041 0.220488 -0.182073 -0.068936 0.022939 0.031698 -0.303609 -0.162665 -0.035133 0.019992 0.160340 -0.001195 -0.121866 0.038648 0.062285 0.160345 0.053852 0.230838 0.172857 -0.228499 0.148071 0.012839 -0.012934 0.150590 -0.011534 -0.129595 -0.010108 -0.164799 0.285296 0.211037 -0.145125 -0.080739 0.050275 0.013028 -0.007254 -0.247853 0.107639 -0.270196 -0.074342 
-0.134409 -0.279423 0.031524 0.048104 -0.115609 0.112378 -0.092064 -0.131083 0.028386 -0.049321 -0.084659 0.037127 0.272236 0.274434 0.000613 0.274146 0.101771 -0.186352 -0.031505 -0.011232 0.069402 -0.112465 -0.066916 0.168821 -0.019854 0.004797 -0.069089 0.316321 -0.065657 0.129045 0.218313 0.151203 -0.081739 -0.161274 -0.274337 0.213640 -0.087501 -0.153196 0.201855 0.158972 -0.071510 0.010344 -0.032340 0.014360 -0.063646 -0.093811 -0.212363 -0.037345 0.042283 -0.028406 
