-0.157069 0.062130 -0.131221 0.060719 -0.179711 -0.182903 -0.001679 0.080368 -0.001419 -0.003314 0.208828 0.355551 0.259913 0.112295 -0.010635 0.087649 -0.139242 0.087100 -0.218303 0.075076 -0.291020 0.032974 0.133149 0.013967 -0.043709 0.248232 0.034718 0.242597 -0.092790 -0.133333 0.087255 -0.166994 0.121186 0.258297 0.036655 -0.084528 0.125147 -0.021481 -0.106772 -0.078815 0.017195 -0.006564 0.002131 0.003628 -0.150343 0.150762 -0.013153 0.187661 0.119883 0.178410 
-0.149893 -0.202038 -0.156923 0.238425 0.008635 0.177322 -0.233778 -0.315360 0.059399 -0.077367 0.148272 -0.010491 -0.141507 0.076233 0.101314 -0.016078 -0.151148 -0.146703 0.037441 0.002210 0.099700 -0.141545 0.085461 -0.036257 -0.088755 0.294482 0.010312 -0.191145 -0.097460 0.120518 0.091153 0.090004 0.059759 0.005475 0.171055 0.123208 0.141089 0.091009 0.012325 -0.058635 -0.247502 -0.239960 0.269306 0.026187 -0.038733 -0.174991 0.040357 0.151656 0.086548 -0.097476 
-0.128271 0.150162 -0.000412 -0.021318 0.037912 -0.033172 0.062449 -0.292745 -0.017758 -0.055475 0.155593 0.134323 -0.163823 0.268285 0.196988 0.130308 0.030157 -0.071037 0.120977 -0.211868 -0.058244 -0.168701 0.021991 -0.179821 -0.021311 0.166848 0.060988 -0.043195 0.057211 0.015703 0.199094 -0.000489 -0.089247 -0.150096 -0.364521 -0.119257 -0.202509 -0.199200 0.123235 -0.021331 0.066290 0.127889 -0.096862 0.194122 0.152266 0.278587 0.109013 -0.023367 -0.073962 -0.023238 
-0.144950 0.213957 -0.040933 -0.039413 -0.004457 -0.149250 0.027412 0.157249 -0.070714 -0.150367 0.004407 -0.246073 -0.047623 0.136496 -0.074571 -0.176148 -0.075341 -0.005959 -0.083137 -0.025349 -0.225432 0.133060 0.224029 0.089722 0.035286 -0.050137 0.346855 -0.209118 -0.356386 0.238408 0.079659 0.065648 0.014832 -0.170393 -0.135907 0.050267 0.143661 0.204176 -0.097106 0.101177 0.121011 -0.025123 0.174013 -0.029314 -0.002472 0.153226 -0.028887 -0.142287 0.004445 -0.104706 
-0.149265 0.052550 0.018967 0.112548 -0.132590 0.043592 -0.021073 0.026319 -0.041356 -0.173780 0.204341 0.024026 -0.062649 0.020308 -0.220356 -0.039907 0.128413 -0.007127 0.263549 0.247870 0.006136 -0.215177 0.087194 0.000963 0.104152 0.014507 0.021503 0.300311 -0.042442 0.265440 0.046254 -0.167324 0.145944 -0.070184 0.202893 0.081975 -0.329370 -0.106557 0.041267 0.243508 0.111439 0.001298 0.040772 -0.009766 -0.065787 -0.176154 0.036111 -0.243889 -0.103021 0.176681 
-0.134616 -0.081623 0.263199 0.210889 0.149232 0.028337 0.043983 -0.150562 -0.054609 0.047370 0.036486 -0.252848 -0.019644 -0.146442 0.048592 0.076211 -0.182023 0.101330 -0.039831 -0.010853 -0.273328 -0.060514 0.163623 -0.001568 0.327919 -0.002641 0.023521 -0.145593 0.085430 0.089367 -0.145509 0.196367 0.081276 0.246428 0.204415 -0.206817 0.093814 -0.125930 -0.038053 -0.052894 0.183706 0.007523 -0.190998 0.257361 0.040105 -0.014681 0.021974 -0.010257 -0.144486 0.134692 
-0.160531 0.087789 0.160317 -0.050640 0.057832 0.029703 0.069565 -0.186842 -0.002099 0.289375 -0.065007 0.181308 -0.022654 0.301986 -0.103629 0.045991 0.020750 0.032119 -0.240055 -0.051679 0.128907 0.129195 0.193354 0.196321 -0.012334 0.079162 0.002470 -0.084462 0.055473 0.050821 0.042616 0.068965 -0.015790 0.050589 -0.024448 0.419602 -0.071430 0.104955 -0.062618 -0.094078 0.015175 0.185077 -0.096131 -0.069259 0.107922 -0.287568 -0.190967 -0.098083 -0.174019 0.210938 
-0.141290 -0.259595 -0.075967 -0.001043 -0.115446 0.232505 0.024535 0.001389 0.079661 -0.172447 -0.036768 0.161203 0.073581 0.093577 -0.038246 -0.139897 0.120973 -0.003452 -0.095699 -0.100815 0.059771 -0.245382 0.004393 -0.172252 0.033967 -0.487438 -0.076970 -0.003975 -0.296224 -0.101375 0.166492 0.170506 0.282654 0.008887 -0.035199 0.059641 0.164667 -0.072972 -0.132144 -0.070008 0.007430 0.081379 -0.143683 0.027935 0.055701 0.076756 -0.063901 0.042104 -0.172797 0.030404 
-0.149511 -0.241482 0.008440 0.046909 0.212967 0.056213 -0.041974 0.097351 -0.092422 0.023047 0.007969 -0.238431 0.142858 0.103564 -0.157564 0.082169 0.108071 0.273776 -0.022052 -0.135012 0.007555 -0.038284 -0.084438 0.040090 -0.008818 -0.005018 -0.073277 -0.103755 0.130778 -0.069073 0.129132 -0.371564 0.042899 -0.083269 -0.270724 -0.095795 0.116658 0.021910 -0.051096 0.259580 -0.046697 0.104455 0.304826 0.193839 0.013793 -0.146958 -0.003841 0.164681 -0.028141 0.227014 
-0.133863 -0.066914 0.252489 0.235334 -0.167001 -0.042114 0.079573 0.203253 -0.097472 -0.011062 -0.178549 -0.069527 -0.217947 0.172208 0.226234 -0.026766 0.159572 -0.239288 -0.104990 -0.175140 0.133988 0.050217 0.064705 0.137134 0.109445 0.002971 -0.134651 0.021999 -0.028997 -0.104355 0.074445 -0.150341 0.073544 -0.127536 0.291107 0.016956 0.000573 0.111859 0.146827 0.052933 0.059063 0.070452 -0.062842 0.034938 0.045317 0.170911 0.136814 0.093317 0.361822 0.143541 
-0.143328 0.114914 0.196510 0.224695 0.084089 0.125777 0.151077 0.209877 -0.066931 -0.027658 0.046595 0.313130 -0.072995 -0.186610 -0.240870 0.115183 -0.051749 -0.056155 0.067552 0.073437 0.225788 -0.129580 -0.006673 -0.158643 -0.104229 0.088092 0.205345 -0.173571 0.169612 -0.017746 0.011459 0.073431 -0.135305 -0.125618 -0.006980 -0.071736 0.232726 0.016903 -0.116385 0.171544 0.193675 -0.139582 -0.058111 -0.228514 0.149348 0.095462 -0.136710 0.184310 -0.016861 0.050335 
-0.123868 -0.059133 0.021729 -0.226445 -0.027429 -0.091043 0.039303 -0.217106 -0.286408 0.029039 -0.159417 0.004994 -0.234941 -0.200184 -0.111244 -0.123492 0.151757 -0.080379 0.165359 -0.124119 -0.024469 0.008543 0.151502 0.021338 -0.085432 0.020022 0.094883 0.166044 0.073736 -0.120311 -0.110948 -0.009018 0.325059 0.226340 -0.157054 -0.092092 0.050623 -0.059366 -0.076499 -0.179445 0.063868 -0.135534 0.267247 -0.153053 0.272562 -0.015045 -0.026254 -0.065033 0.166670 0.094332 
-0.127593 0.091535 0.025353 0.182084 0.155357 -0.024274 0.019603 -0.118371 -0.065704 -0.103913 -0.140447 -0.096571 0.106581 0.101016 -0.038663 -0.010635 0.410923 0.135225 -0.114131 0.444154 0.050024 0.061074 0.082607 -0.141651 -0.185783 -0.014120 -0.024487 -0.079039 -0.148733 -0.017105 0.122492 -0.073726 -0.181483 0.164422 -0.006827 -0.229197 -0.018698 0.087721 0.065084 -0.229795 -0.036568 -0.045640 -0.146223 -0.086054 0.147810 -0.109781 0.265149 -0.018045 0.030876 -0.069151 
-0.144648 -0.149924 0.157526 -0.077552 -0.036657 -0.010818 0.236498 -0.050149 0.297774 -0.021735 0.179495 -0.044389 -0.165388 0.023365 0.006872 -0.228772 -0.120456 0.028515 0.155470 0.219158 0.017232 0.159094 0.189675 0.273762 -0.177744 -0.114610 -0.075673 0.114761 -0.069248 -0.025111 -0.014370 -0.037450 -0.113472 -0.138244 -0.162893 -0.195756 0.018648 -0.122001 0.077959 -0.025187 -0.067726 -0.111887 -0.159302 0.159200 0.001051 -0.116502 -0.322702 0.202732 0.146014 -0.028169 
-0.136800 -0.094849 -0.105754 -0.043267 0.012772 -0.276903 -0.030234 0.161237 -0.013744 -0.142876 -0.121347 0.160845 -0.299999 -0.140264 0.078408 0.110445 0.057780 0.290465 -0.005845 -0.029299 -0.129326 -0.153227 0.095245 0.133106 -0.097795 -0.111703 0.268483 -0.125602 0.152566 0.025971 -0.052510 -0.197572 -0.039741 -0.083453 0.248049 0.126598 0.017561 -0.144880 0.053388 -0.137515 -0.358660 0.130680 -0.081011 0.034959 0.059519 0.008086 0.014213 0.050040 -0.181556 -0.114438 
-0.130068 -0.022878 -0.191773 0.145397 0.040424 0.067777 -0.056949 0.055252 0.018545 0.038382 -0.046740 0.085873 0.189355 0.223704 -0.078313 0.092876 -0.026906 0.212962 -0.016576 -0.138356 0.107311 0.042232 -0.127828 0.191683 0.042519 -0.134930 0.130921 -0.003347 -0.014675 0.199007 -0.259634 0.263555 0.041495 0.096306 0.004680 -0.224162 -0.258376 -0.005449 0.250905 0.091409 -0.230324 -0.178121 0.011629 -0.093954 0.234576 0.177991 -0.126406 -0.050281 0.198493 0.128985 
-0.152754 -0.085539 0.147922 0.094588 0.145871 -0.131378 -0.172324 -0.055546 0.098517 0.117675 0.142110 0.032594 0.100258 0.024825 0.179887 -0.097001 0.359482 -0.173311 0.034925 0.130718 -0.141851 -0.047971 -0.056668 -0.071707 0.290740 0.039681 0.133649 0.034983 -0.038797 -0.251502 -0.384602 0.022853 -0.023409 -0.258191 -0.092633 0.010850 -0.081601 0.099609 -0.161137 -0.038501 -0.160402 -0.004719 0.084264 -0.158379 -0.104466 0.085880 -0.171790 0.049423 -0.116752 0.038368 
-0.143103 0.226811 0.104371 -0.168976 -0.075198 0.061989 0.020549 0.040297 -0.035240 -0.002862 -0.178323 0.104586 0.141820 -0.036612 0.192569 -0.321016 -0.019933 0.037520 0.004080 0.022797 -0.006265 0.023205 -0.301548 -0.113313 -0.183094 0.221871 0.069776 -0.004154 0.025844 0.126403 -0.067892 0.070729 0.262928 -0.237888 0.101698 -0.193953 0.192032 0.088679 0.247690 -0.070134 -0.067249 0.030699 -0.022163 0.200760 -0.030697 -0.170399 -0.000530 -0.020597 -0.191522 0.229987 
-0.138728 0.074465 0.080612 0.054921 -0.044197 0.245390 0.122736 -0.071900 0.031195 0.016762 -0.182464 0.289429 0.074072 -0.009177 0.063784 0.007361 0.188485 0.175129 0.189742 -0.029341 -0.066023 -0.014100 0.019612 0.178383 0.145473 0.037066 -0.061250 -0.059504 0.110610 0.189886 -0.153581 -0.122395 0.184241 0.129812 -0.173340 0.062453 0.059436 0.200843 -0.071553 0.098494 0.064048 0.012933 -0.058801 0.133449 -0.236425 0.004884 0.066934 0.007623 0.144850 -0.498358 
-0.147586 -0.267319 0.004432 0.055421 -0.056275 -0.215712 -0.127363 -0.023325 -0.087263 -0.057262 -0.182443 -0.027168 0.306660 -0.204127 -0.030930 -0.250227 -0.005372 0.025482 0.097120 0.085014 0.126585 -0.074414 -0.057397 0.155360 -0.038478 0.293644 0.012357 -0.090058 -0.120873 -0.007108 -0.008959 0.168368 -0.147662 0.026648 -0.150305 0.312140 0.035213 -0.342048 0.048456 0.124361 0.096575 0.177814 -0.145342 0.039585 0.033593 0.116280 0.064252 -0.052376 0.154468 0.003774 
-0.148675 0.169383 -0.300266 0.093780 -0.115978 0.030757 0.066888 0.029165 -0.195841 0.229872 0.011826 -0.143648 -0.206801 0.041068 0.026157 -0.084071 0.037007 -0.056775 0.125960 -0.001885 -0.295023 -0.136239 -0.072737 -0.034703 -0.133688 -0.042256 -0.121784 0.070160 -0.081715 -0.215526 -0.140751 0.124127 -0.147278 0.198110 -0.040257 0.114193 0.100975 0.137926 0.170179 0.395606 -0.055624 0.069848 -0.181262 -0.042464 0.083927 -0.140956 -0.010001 0.186166 -0.103562 -0.026951 
-0.172137 0.180640 -0.038847 -0.047423 -0.099129 -0.113944 0.147535 -0.129338 -0.005098 -0.007240 0.083797 -0.084804 0.062453 0.005649 -0.081732 0.373907 -0.036546 0.136104 0.077161 0.148390 0.278195 0.134730 0.076950 0.049359 0.145225 0.014144 -0.196207 0.074344 -0.132375 -0.239957 -0.111034 0.163624 0.143748 -0.196619 0.128510 -0.023135 0.284508 -0.131812 0.178921 0.036853 -0.040200 0.200102 0.253946 -0.001261 0.042123 0.069074 0.045389 -0.061523 -0.106084 -0.197119 
-0.135505 -0.108113 -0.109088 -0.081419 -0.138926 0.172221 -0.089933 -0.080832 -0.033747 0.163695 0.077297 0.000403 -0.162719 -0.254979 0.044289 0.278255 0.036365 -0.128047 0.018112 0.296128 -0.033267 0.262218 -0.193935 0.143136 -0.121127 -0.072906 -0.048329 -0.321559 -0.111384 0.091331 0.001197 -0.175680 0.152670 0.022696 -0.109581 0.072661 -0.049531 0.057010 0.025767 0.002801 0.023182 -0.056111 -0.112798 0.023771 -0.095008 0.330886 0.020736 -0.082501 -0.100920 0.267615 
-0.153695 0.233614 0.055034 0.099103 0.134061 0.179635 -0.319654 -0.052563 0.107843 -0.074461 0.092249 0.115041 -0.032630 -0.077881 -0.104958 -0.232101 -0.160142 0.097136 0.054981 -0.144706 -0.140246 -0.028713 -0.015556 0.271015 -0.074649 -0.189210 -0.290737 0.045928 0.013501 -0.033495 -0.146682 -0.100495 -0.210525 -0.108297 0.005004 0.045349 0.069599 -0.011415 0.074064 -0.240747 0.177642 0.081584 0.143559 -0.180188 0.054580 0.114918 0.286870 0.022823 -0.052639 0.095214 
-0.156757 -0.032000 -0.002096 -0.237260 0.122770 -0.035101 -0.128147 0.279153 0.383798 0.047369 0.089195 -0.042899 -0.011143 0.110747 0.002293 0.070805 0.034677 0.015610 0.333292 -0.126365 -0.099083 0.095300 -0.060061 -0.047740 0.042630 0.198970 -0.045418 -0.283344 -0.085352 -0.114921 0.151137 0.029357 0.229032 0.131276 0.122041 -0.103114 -0.075243 -0.054103 -0.015631 -0.006031 0.111871 0.106797 -0.149654 -0.306841 0.110753 -0.192243 0.071504 -0.004163 0.081455 -0.062693 
-0.132237 -0.238401 -0.022782 -0.050529 -0.100298 -0.007998 0.220947 -0.131757 0.060246 -0.175440 -0.211761 0.014657 0.053827 0.116151 -0.174190 0.074319 -0.317164 -0.063024 0.048212 -0.079086 0.005515 0.072784 -0.038390 -0.311782 -0.010873 -0.001403 0.132277 -0.076727 -0.176427 -0.112842 -0.423789 -0.295162 -0.125178 -0.016482 0.024400 0.064406 -0.186708 0.141101 0.137284 -0.090336 0.181386 0.019711 -0.013516 -0.015344 -0.044222 -0.093333 0.104389 0.065464 -0.035908 0.006474 
-0.132132 0.105471 0.134116 -0.100808 -0.152726 0.019895 -0.144493 0.135658 -0.130476 0.182154 0.382151 -0.109263 -0.057491 -0.020371 -0.156107 -0.043873 -0.013959 0.024632 -0.086073 -0.000858 0.177681 -0.103990 -0.178472 -0.182737 -0.136106 -0.045173 0.035913 -0.046458 -0.074731 0.119037 -0.222560 -0.015910 -0.022490 0.089331 0.055923 -0.002454 -0.089916 0.043917 -0.251055 -0.183432 -0.085224 0.313409 -0.016849 0.284738 0.125911 -0.010790 -0.008750 0.033106 0.288162 -0.165344 
-0.129841 0.070772 0.152975 -0.165813 -0.035966 0.118235 0.222216 -0.120303 -0.156216 0.055805 -0.043048 0.072731 -0.098272 -0.107189 0.237517 -0.087999 -0.103222 0.202087 -0.136148 0.056682 0.016838 -0.038305 -0.266294 0.081118 0.190042 -0.052831 0.081850 -0.075765 -0.249016 -0.026572 0.198176 0.049927 -0.167687 0.088136 0.090088 -0.091874 -0.289808 -0.188246 -0.125874 0.107147 -0.019808 0.041377 0.274361 -0.242432 -0.141823 -0.089279 0.052660 0.229998 0.025782 -0.008070 
-0.120081 -0.077885 -0.132607 0.269263 0.010944 -0.116739 0.181106 -0.121637 -0.142028 -0.072356 0.223735 -0.014429 0.119942 -0.177324 0.125589 0.120828 0.011760 0.077843 0.042550 -0.129632 -0.184053 0.027192 -0.316919 0.041198 -0.045546 -0.137302 0.051153 0.006444 0.073924 -0.075110 0.204032 0.020557 -0.008584 -0.182752 0.017298 0.087269 0.019157 0.155726 0.098416 -0.246851 0.209696 0.033687 -0.048002 -0.089082 -0.001139 -0.244869 -0.241091 -0.256172 0.242114 -0.060017 
-0.158931 0.083023 -0.042564 0.089622 0.098354 -0.305979 0.180603 0.075249 0.133975 -0.046337 -0.037081 0.077544 0.031150 -0.304766 -0.083691 0.124166 -0.036072 -0.210208 -0.167295 -0.101802 -0.062614 0.074021 -0.026962 -0.023293 0.039860 -0.045070 -0.276490 0.049752 -0.058249 0.220140 -0.013173 0.155763 0.150574 -0.157960 -0.206175 0.061004 -0.197066 0.047297 -0.173678 0.043336 -0.180792 -0.120070 -0.034315 0.077246 0.129536 -0.207964 0.312530 0.199176 -0.005417 0.026624 
-0.153832 0.025953 0.002120 0.087388 0.123631 -0.056382 -0.071010 0.270911 0.051357 0.102844 -0.205631 -0.011116 -0.045120 0.204006 0.173213 0.219657 -0.038370 -0.289776 0.137067 0.115805 0.030152 -0.014668 -0.261929 0.048905 0.032398 -0.125144 0.091286 0.238082 -0.086866 0.221619 -0.004796 -0.054400 -0.122268 0.224548 -0.107329 0.093039 0.188387 -0.253003 0.009403 -0.222903 0.158001 -0.074621 0.203269 0.125783 0.023194 -0.105479 -0.093549 0.049593 -0.112747 -0.066190 
-0.145776 -0.191120 -0.230950 -0.136053 -0.218277 0.225490 0.055169 0.077591 -0.017038 0.213069 0.030441 0.028531 0.147916 0.022730 -0.021537 -0.151939 0.054277 -0.094302 -0.185006 0.112030 -0.194573 0.173495 0.043749 -0.036969 0.193926 0.054658 -0.009310 0.001121 0.266330 0.044254 0.076931 -0.077137 -0.125302 -0.224064 0.166406 -0.012589 -0.031841 -0.143290 -0.022791 -0.012114 0.129913 -0.130739 0.092951 0.053426 0.421622 0.013153 0.078964 0.005220 -0.082836 -0.248302 
-0.150512 0.166178 -0.213221 -0.071615 0.136362 -0.083284 0.085533 -0.128028 -0.079231 -0.013766 -0.068090 -0.051650 0.132941 0.100440 -0.025281 -0.087718 -0.210516 -0.340897 -0.073804 0.020884 0.178482 -0.276468 -0.085606 0.302788 0.045235 -0.039900 -0.035158 -0.146384 0.071237 -0.138829 -0.024555 -0.279612 0.031624 0.006243 0.090465 -0.263694 0.050941 -0.062174 -0.276324 0.072980 -0.115528 -0.040269 -0.202572 -0.040131 -0.032293 -0.033551 -0.021059 -0.255091 -0.009099 -0.067896 
-0.143622 0.126232 0.062145 0.136809 -0.216270 -0.042287 -0.419359 0.082996 0.016725 0.112513 -0.088039 -0.042473 -0.072625 -0.115566 -0.008563 0.053992 -0.041486 0.102183 -0.256710 -0.110630 0.156415 0.009028 0.082126 0.015662 -0.063835 -0.034056 0.127116 -0.007671 -0.046502 -0.318861 0.041953 -0.020246 0.122278 -0.055664 -0.157790 -0.094650 -0.232340 -0.113114 0.113669 0.045466 0.212608 -0.308084 -0.076873 0.117659 -0.139229 -0.202168 -0.045848 -0.044407 -0.115908 -0.211737 
-0.151402 0.023250 -0.037608 0.033634 -0.331378 0.091756 0.027895 0.011415 0.312309 0.146896 -0.310851 -0.048644 -0.065222 -0.120140 -0.194516 0.103484 0.029148 0.048574 0.164285 -0.069246 -0.072124 -0.133229 0.001940 -0.011269 0.103296 0.095141 0.048017 0.080673 0.001565 -0.107465 0.184949 0.157076 -0.336822 -0.029213 -0.030978 -0.147997 0.028191 0.180464 -0.206950 -0.131715 -0.184692 0.041054 0.095540 0.139486 -0.092173 0.023764 0.023194 -0.251350 0.070880 0.198956 
-0.125185 -0.111777 0.090286 0.079796 -0.012938 -0.019305 0.318402 0.111398 0.155829 0.220339 0.119593 -0.116610 0.089476 0.015122 0.245954 -0.026090 0.093183 0.098879 -0.083284 -0.179032 0.015172 -0.110468 0.120292 -0.094637 -0.473412 0.014274 -0.130825 -0.023343 0.019311 0.063285 -0.176917 0.009426 -0.021072 0.066044 0.078867 0.037334 -0.012324 -0.153701 -0.113802 0.070617 0.043242 -0.177306 0.177604 -0.120122 -0.143922 0.127542 0.110221 -0.319636 -0.127682 -0.027854 
-0.146674 0.129896 -0.008514 -0.210205 0.186417 0.099900 0.158497 0.215546 -0.239815 -0.129282 0.049950 -0.101403 0.103412 0.110215 -0.127609 -0.006502 0.035620 0.047366 0.188978 0.020163 -0.013721 -0.051582 -0.001022 0.038072 0.026639 0.045705 -0.101474 -0.088413 0.076052 -0.270473 0.068485 0.163282 -0.021812 -0.006360 0.104701 0.305379 -0.194569 0.028402 -0.004978 -0.252021 -0.053926 -0.401206 -0.019392 0.262061 -0.164045 0.144888 0.003014 0.098157 -0.002032 0.048187 
-0.131365 0.077750 0.061702 -0.097212 -0.002407 0.055449 -0.083952 -0.012023 -0.034206 0.076746 0.140056 0.056189 0.310389 -0.137766 0.333600 0.017738 -0.139948 -0.079893 0.256402 -0.022887 0.164793 0.165705 0.285264 -0.113167 0.041256 -0.346668 0.300677 0.045098 0.107973 -0.072821 0.095963 -0.056584 -0.103935 0.092655 -0.030796 0.103474 0.064972 0.087349 0.043666 0.140170 -0.164830 -0.010051 -0.032723 0.047444 0.044426 -0.123038 0.269238 -0.040933 0.096926 0.126394 
-0.144783 0.179742 -0.009772 0.037698 -0.033765 0.252339 0.027835 0.165662 0.066835 -0.450127 0.040425 -0.082461 -0.037289 -0.207915 0.177222 -0.038976 0.018679 -0.036485 -0.186321 -0.093644 0.050061 0.159769 0.049620 -0.150910 0.159645 0.181690 -0.184104 -0.007066 0.009652 -0.035920 -0.070824 -0.159059 -0.103362 0.260458 -0.151244 0.095239 -0.012565 -0.071507 0.052222 0.017520 -0.213732 0.052584 0.020730 -0.042874 0.150450 -0.010481 -0.318514 -0.202129 -0.042041 0.015433 
-0.120317 -0.118963 0.200210 -0.221690 0.209111 -0.120429 -0.189736 -0.032702 -0.111086 -0.029623 -0.060255 0.357433 -0.082293 0.052068 -0.136458 0.057986 -0.004707 -0.136089 -0.106790 0.045459 -0.244666 0.085607 -0.007112 -0.192468 -0.062656 -0.148793 -0.225834 -0.106984 -0.037958 -0.025653 0.034207 0.100900 -0.179586 0.012925 0.127398 -0.086021 0.064847 -0.055027 0.139224 0.274670 -0.065661 -0.051822 0.125669 0.156302 -0.111341 -0.057134 -0.094845 -0.312435 0.201194 -0.066553 
-0.140366 -0.130561 -0.248627 -0.312329 0.085883 -0.045525 -0.037285 0.141080 -0.018960 -0.002413 0.037614 0.016898 0.028413 -0.178979 0.179025 0.090531 0.081428 -0.061535 -0.141962 0.049396 0.182694 -0.345479 0.289483 0.066287 0.054899 0.036115 -0.114256 -0.013658 0.041560 0.163014 -0.042455 0.118247 -0.139475 0.019015 -0.039022 -0.165160 -0.080011 0.301128 0.225325 -0.091259 0.296069 0.143606 0.076290 -0.016261 -0.126201 -0.027111 -0.109204 0.106978 -0.001851 0.056720 
-0.132632 -0.027869 0.268920 -0.126087 0.131661 0.246599 -0.046693 0.002350 0.021383 0.093531 -0.146569 -0.263929 0.105737 -0.049330 -0.056606 0.199130 -0.241305 -0.047725 -0.171369 0.150728 -0.223356 -0.274307 0.024394 -0.055732 -0.110446 0.035621 0.066846 0.273380 0.051254 0.031067 0.111730 -0.034528 0.173295 -0.146279 -0.098517 0.127402 -0.026350 0.026628 0.177970 -0.021247 -0.204357 0.060520 -0.122298 -0.266275 0.014651 0.126062 -0.017892 0.002461 0.153831 -0.150424 
-0.134932 0.021625 -0.091862 -0.119594 0.289068 -0.148735 -0.057241 -0.183507 0.297932 0.023421 -0.038496 -0.031106 -0.166484 -0.063821 0.114222 -0.088901 -0.048084 0.277482 -0.092853 0.055860 0.178676 0.005558 -0.207893 -0.114510 0.061952 0.031059 0.035878 0.287682 -0.032968 -0.036942 0.067179 -0.089913 0.013638 0.058881 0.165823 0.185205 0.056600 0.249717 -0.133012 0.207168 0.189232 -0.177305 -0.081612 0.149378 0.209566 0.225802 -0.024647 -0.045177 0.052987 -0.002350 
-0.141660 0.003652 -0.181040 -0.019988 0.288629 0.258090 0.029538 -0.105035 0.040853 -0.045195 0.009944 -0.065703 0.001831 -0.149965 -0.190492 0.044481 0.260832 -0.211358 -0.100063 -0.289628 0.020411 0.299006 0.017997 0.072022 -0.168068 0.072383 0.285887 0.242934 -0.053278 0.002898 0.012051 0.077233 -0.059857 -0.021013 0.212779 -0.083173 -0.021458 -0.162251 -0.013232 0.052566 0.029219 0.199427 -0.090040 0.077613 -0.269685 0.023353 0.025246 0.116760 -0.014019 -0.049697 
-0.131876 -0.050524 -0.112428 0.137102 0.137210 -0.128192 0.050804 0.071844 -0.150922 0.388014 0.026908 0.015545 -0.101075 -0.068829 -0.168691 -0.279191 -0.110835 0.074140 0.090441 -0.115600 0.179227 0.124871 0.070882 -0.288776 0.272220 0.009245 -0.135348 0.042636 -0.062497 0.172319 0.169931 -0.172575 0.006903 0.011129 -0.058521 -0.053374 0.053662 -0.036428 0.205727 -0.177806 -0.175535 -0.029067 -0.114440 -0.153949 -0.244329 0.133444 -0.061682 -0.051172 -0.076276 -0.071628 
-0.131243 -0.235733 -0.095608 0.151706 0.099203 0.046786 0.004458 0.200549 -0.096515 -0.145693 -0.000811 0.042657 -0.245216 0.164289 0.079064 -0.138124 -0.267244 0.019035 -0.042909 0.254094 0.073381 0.208219 -0.053125 0.008069 -0.058181 0.027619 0.042197 0.124689 0.316782 -0.164997 0.006085 0.291040 0.125955 0.038932 -0.164725 -0.088589 -0.127661 0.138358 -0.153017 0.003265 0.001126 0.255181 0.061948 -0.033020 -0.131069 0.019548 0.202090 -0.160393 -0.080714 -0.049444 
-0.135032 0.266158 -0.150138 0.099095 -0.080631 -0.137029 -0.075398 -0.172419 0.165167 -0.028366 -0.245653 -0.150014 0.092239 0.043687 0.008524 -0.086063 -0.007684 -0.035278 0.043882 0.127493 -0.043784 0.059807 0.082050 -0.260523 -0.115356 -0.227554 -0.097839 -0.187949 0.368105 0.082019 0.043942 0.028485 0.115507 0.003952 0.113625 0.077434 -0.153342 -0.147649 -0.081755 0.028541 0.094662 0.150124 0.154762 -0.042982 -0.158745 0.115051 -0.265801 0.233926 0.160703 0.049990 
-0.123358 -0.065224 -0.043937 -0.141257 -0.114012 0.030688 -0.229500 -0.037567 -0.313612 -0.121692 -0.109953 -0.089561 -0.019304 0.143063 0.184825 0.201439 -0.026714 0.205187 0.125491 -0.110004 0.023206 0.160590 0.065556 -0.096674 -0.041952 0.052588 -0.210769 0.169078 -0.024794 0.215508 -0.102943 0.042382 -0.139383 -0.250683 0.021001 -0.083819 0.105433 -0.054408 -0.388070 0.006918 0.027957 -0.128536 -0.290504 -0.189555 -0.071267 -0.075050 -0.067491 0.054854 0.014991 0.059687 
-0.130975 -0.010805 0.045279 -0.214134 -0.227617 -0.114586 0.037559 -0.095005 0.143309 -0.157523 0.213154 -0.142085 -0.126105 0.149840 -0.149138 -0.027300 0.162343 -0.004271 -0.233253 -0.029927 0.056006 -0.040499 -0.213910 -0.004816 0.184177 -0.074504 0.117162 -0.026314 0.319486 0.104601 -0.064100 0.078528 -0.075339 0.112132 -0.138505 0.084912 0.284983 -0.101363 0.160842 0.015724 -0.000771 -0.182078 -0.113076 -0.177434 -0.244631 -0.072033 0.238174 0.014089 0.096733 0.082043 
-0.154492 -0.132310 0.303158 -0.028680 -0.199255 -0.224886 -0.093073 -0.106810 -0.067613 -0.137937 0.061746 -0.082224 0.188878 -0.005363 -0.101560 -0.011177 0.004943 -0.143048 0.116334 -0.154549 0.037454 0.095883 -0.136243 0.125805 -0.125784 -0.020245 -0.069691 0.075169 0.112539 0.077348 0.209572 0.018601 -0.089167 0.223359 0.116318 -0.101756 -0.101927 0.307891 0.031413 0.045701 -0.069248 0.007614 0.036538 -0.071455 0.066667 0.184168 -0.116244 0.128226 -0.407153 -0.217542 
