-0.155100 -0.144710 -0.095491 -0.101862 -0.053269 -0.189755 -0.030582 -0.068974 -0.184459 -0.068867 -0.232222 0.072889 -0.051555 0.133966 0.166811 0.262974 0.119313 -0.148466 -0.043328 0.011003 0.026559 -0.079889 -0.063683 0.287791 -0.069746 -0.004763 0.144164 -0.174997 -0.002394 -0.243570 0.153317 0.094273 -0.032120 0.064610 0.186770 0.067603 -0.075738 -0.117532 0.007141 -0.128636 0.270602 -0.161759 0.079083 0.125022 0.198802 -0.085299 -0.074624 -0.201729 -0.293995 0.116348 
-0.141226 0.115920 -0.265439 -0.020856 0.184175 0.304868 0.048953 0.161511 -0.094220 -0.086691 -0.187443 -0.070566 -0.046029 -0.062959 0.038750 0.020475 -0.003550 0.016658 0.123712 0.212641 0.080397 -0.089421 -0.101485 -0.147247 -0.077105 -0.100476 0.219989 -0.021305 -0.021732 -0.022151 -0.090016 0.163347 -0.376244 -0.026594 0.089702 0.143524 -0.037255 -0.097034 -0.029733 -0.151531 0.008319 0.013913 -0.188365 0.127001 -0.241082 -0.145739 -0.187722 0.062022 0.287045 0.098498 
-0.128615 0.041703 0.237065 -0.042360 -0.022111 -0.093340 -0.331279 0.014480 0.089942 -0.048653 0.149448 -0.158019 -0.273279 -0.078595 0.337120 -0.050542 0.004286 -0.076134 -0.175897 0.132783 0.188642 -0.110567 0.037890 -0.065426 -0.043803 -0.168632 0.114811 -0.134863 0.083056 -0.210098 0.119263 0.066135 0.110369 -0.047447 -0.089154 0.221232 0.070107 0.212308 -0.229810 0.238253 -0.122372 0.171341 -0.005341 0.066212 -0.045227 0.046029 -0.139161 -0.035317 0.075322 -0.019531 
-0.143460 -0.115030 0.030725 -0.023210 0.159274 0.300383 0.134620 0.114559 -0.343436 0.186660 0.040757 -0.005444 -0.094734 0.093068 0.103219 -0.189508 -0.062367 -0.040167 -0.009153 -0.196035 0.101382 0.103251 0.194516 0.151270 -0.036224 -0.017640 0.023427 0.169860 0.156685 -0.170356 0.002893 -0.098370 0.054652 0.159571 0.091194 -0.086327 -0.205119 0.105166 -0.035269 0.159050 0.030148 -0.231421 0.105304 0.103830 -0.134516 0.346899 -0.065964 0.188853 -0.002029 0.023190 
-0.145775 -0.024106 0.015322 -0.103795 0.118930 -0.112534 0.233510 -0.319861 -0.063196 0.061349 -0.158204 0.048048 0.209939 -0.184212 0.242523 0.125154 0.050502 -0.201099 -0.077447 0.047140 0.137136 -0.160502 0.036848 -0.181257 -0.036279 -0.075918 -0.035329 0.091995 0.121986 0.230127 -0.184971 0.185254 -0.076810 -0.114648 -0.156114 -0.068389 -0.118143 0.168241 0.218072 0.041226 0.015398 0.181303 0.275652 0.017580 -0.073883 0.188245 0.094446 -0.100839 0.006994 0.061085 
-0.122890 -0.053164 0.155420 0.159748 0.066378 -0.178555 0.101286 0.059003 -0.341766 0.002533 0.248362 -0.068432 0.015364 -0.178325 0.050700 0.049364 -0.006036 0.246801 -0.044373 0.248444 -0.277727 -0.257027 0.107362 -0.092368 0.025299 0.026151 0.125943 -0.012218 0.059869 0.227157 -0.073345 -0.116728 0.020631 0.051686 0.171588 0.123247 -0.124455 -0.089172 0.027115 -0.006870 -0.165040 -0.235427 -0.100094 -0.064511 0.046893 0.025921 -0.083184 -0.258172 -0.039697 -0.189508 
-0.148361 -0.094984 0.245002 -0.099473 0.172078 -0.266657 0.194839 0.178518 -0.022932 -0.092404 0.018073 0.102925 -0.053308 0.039905 -0.016251 0.060183 -0.062210 -0.064454 0.033273 0.104779 0.173903 -0.004264 -0.091024 0.043464 0.093708 -0.354555 -0.237795 -0.038903 -0.068122 0.137147 -0.023325 -0.109678 -0.044972 0.241855 0.084587 0.013729 0.333177 0.006772 -0.130594 -0.202831 0.100710 -0.045838 -0.035618 -0.234638 -0.207211 0.051318 0.038140 0.210848 -0.054097 0.104848 
-0.151058 -0.011472 0.097083 -0.111972 0.022463 0.147438 0.156212 -0.162630 -0.113540 -0.401993 0.075311 -0.051874 -0.057302 -0.067274 -0.075597 -0.117151 -0.401197 0.048328 -0.087215 0.054865 -0.141761 0.071475 0.062815 0.063794 -0.193080 -0.065804 0.169802 0.176658 0.032966 -0.145392 -0.054838 -0.098710 -0.006316 -0.109508 -0.278382 -0.131042 0.288700 -0.064794 -0.008191 -0.116886 -0.007266 0.066401 0.041172 0.204833 0.036200 -0.111950 0.079258 -0.077290 -0.214346 -0.001378 
-0.133599 -0.171973 0.046428 -0.146588 -0.003684 0.015948 0.172154 -0.009254 0.154804 0.182375 -0.225704 -0.124286 -0.023135 -0.161243 -0.351250 -0.047716 -0.025349 0.202728 0.067119 0.050701 0.022592 -0.107997 -0.072027 -0.163898 -0.105682 -0.071687 0.106861 -0.149739 0.063772 0.025810 0.243866 0.098168 0.145356 0.027038 -0.154859 0.007773 -0.197151 -0.216694 -0.143728 0.251170 -0.052305 0.040027 -0.138007 -0.068146 -0.070070 0.093390 0.013394 0.047562 -0.306325 0.229572 
-0.162315 -0.065251 -0.365505 -0.102635 0.005525 -0.107353 -0.000335 -0.037236 0.148905 -0.129141 0.059529 -0.044868 0.206551 0.274689 0.052605 -0.021054 -0.030132 -0.021394 -0.087409 0.049454 -0.140213 0.294567 0.182510 -0.060875 0.102628 0.033750 0.194779 0.072307 -0.097898 0.074799 0.064194 -0.022978 0.033457 -0.078353 0.005609 0.174926 0.024505 0.314685 -0.025887 -0.018257 -0.054065 -0.059556 -0.251318 -0.225493 -0.183346 0.232851 -0.069779 -0.152611 -0.158036 0.130617 
-0.129981 0.043983 -0.037625 0.186033 -0.177266 -0.159901 0.124507 0.274321 0.033118 -0.116807 -0.008548 -0.387123 0.055420 -0.070286 0.048108 0.165668 -0.007203 0.131915 0.005153 -0.280685 0.074896 0.029423 -0.033764 -0.147849 0.076137 0.055012 -0.113956 0.120622 0.174209 -0.051463 0.231774 -0.047694 -0.094506 -0.246497 0.139046 0.117889 0.104575 -0.098606 0.081608 -0.003269 0.224489 0.074303 0.041338 0.203954 -0.180149 0.159188 0.178267 0.000745 -0.038607 -0.152716 
-0.134579 0.084501 0.237866 -0.357939 -0.088948 0.110172 -0.024645 0.039802 0.090967 -0.163188 -0.037598 -0.050730 0.068255 0.242047 -0.043248 0.020153 0.056331 0.168390 -0.093642 0.275429 0.022851 0.076620 0.028323 -0.057294 0.096884 0.231780 -0.125112 0.070799 -0.099145 -0.095444 -0.065208 -0.033234 0.182153 0.079446 0.096919 0.147641 -0.125042 -0.249733 0.072873 0.002920 -0.007606 -0.051310 0.319911 0.021942 -0.146397 0.042479 0.139382 -0.165984 0.266190 0.167619 
-0.143785 0.206263 -0.047389 -0.076992 -0.164061 0.069888 0.025885 -0.025444 -0.113145 0.026132 0.329403 -0.153662 -0.159867 0.058152 -0.086327 0.165108 -0.048987 -0.133517 0.210837 -0.181394 0.161683 0.081755 0.148211 -0.110358 0.071440 -0.168752 -0.062932 0.075096 -0.236354 0.183777 0.076634 0.129880 -0.151537 -0.014577 0.120906 -0.228117 0.016820 -0.090326 -0.045631 0.227668 -0.107681 -0.039723 0.154714 -0.078083 0.085350 -0.169620 -0.156657 -0.238971 -0.075815 0.217430 
-0.156200 0.103108 0.016237 -0.081030 0.054529 -0.123282 -0.084194 -0.036695 0.035451 0.149838 0.128284 -0.118379 0.146719 -0.026322 0.052013 -0.212991 0.163195 0.129906 -0.160526 0.157634 0.028172 0.073194 -0.192126 0.179695 -0.134028 0.076402 0.230046 -0.108622 -0.078600 0.079609 0.166215 0.027376 -0.133283 -0.234803 0.157337 -0.501077 0.159281 -0.117174 -0.057568 -0.106056 -0.012682 -0.019822 0.072383 -0.036940 0.070451 0.251171 -0.011299 0.119994 0.125840 0.014524 
-0.141498 -0.037710 -0.068741 -0.401515 -0.083537 -0.107427 -0.193495 -0.172327 -0.114639 0.086231 -0.122965 -0.089886 -0.071382 -0.140118 0.055298 -0.090479 0.048750 0.010690 0.253478 -0.101688 -0.068252 -0.032323 -0.091122 -0.329670 0.126810 0.308996 -0.097923 0.026406 0.166172 -0.121112 0.031303 -0.017746 -0.036159 0.235383 0.031292 -0.148799 0.261470 0.149549 0.048868 -0.100608 -0.134226 -0.180572 -0.066297 0.025431 -0.062065 -0.094885 -0.057407 0.053129 -0.056593 -0.145269 
-0.131520 0.259965 0.057128 0.068099 0.120347 -0.042263 -0.015594 -0.108352 0.086438 0.022493 0.029232 0.119027 -0.116680 0.088439 0.081997 -0.157411 -0.006072 0.040095 0.292154 -0.111113 -0.130994 -0.031362 0.251177 -0.137136 -0.330393 -0.004110 -0.117265 -0.372248 0.070219 -0.092625 0.032209 -0.221925 0.018268 -0.122582 -0.046281 -0.089579 -0.142773 -0.003798 0.024064 -0.129455 0.320640 0.016106 0.010517 -0.189668 -0.203436 -0.028912 0.031136 -0.173303 0.051505 -0.007534 
-0.145722 0.155551 0.120287 0.066297 0.088833 -0.088652 0.174157 -0.101678 0.048748 -0.195616 0.088617 0.034351 -0.024750 -0.040913 -0.194288 -0.183329 0.208579 0.113210 -0.022437 -0.116768 0.010162 0.101180 0.137820 0.028639 0.150948 -0.024440 0.123086 -0.051422 0.251787 -0.223984 -0.129648 0.261248 0.034062 0.033907 0.403553 0.041790 -0.095371 0.116359 0.167126 -0.081419 -0.149943 0.261435 0.000144 -0.086096 0.099137 -0.172704 0.006593 0.187802 -0.109495 0.079015 
-0.119088 -0.030026 0.176912 -0.031960 -0.064198 0.272510 -0.202486 -0.084567 -0.182626 -0.119058 -0.026422 0.287831 0.195616 0.019707 0.121151 -0.130572 -0.210592 0.122193 -0.057988 -0.193024 0.077497 0.035206 -0.381946 -0.019611 0.113108 -0.006204 -0.173475 -0.076266 0.171135 0.150382 0.070237 -0.035199 -0.046353 -0.243353 0.141709 0.127464 0.012777 -0.066188 0.117695 0.138556 0.063704 0.050530 -0.178180 -0.189245 0.071202 0.022520 -0.163775 -0.088851 -0.057804 0.106204 
-0.127379 -0.084409 0.266080 -0.101147 -0.181154 -0.042152 -0.114223 -0.074884 0.157079 0.142019 -0.158974 0.001223 -0.026278 0.003123 -0.008466 0.069019 -0.359728 -0.209816 -0.031526 -0.072364 -0.094054 0.035512 0.042694 -0.026371 -0.136074 -0.123709 0.150324 0.153531 -0.197923 0.099744 0.162641 -0.129359 -0.085233 0.028790 0.332777 -0.029822 -0.334093 0.073337 0.102263 -0.191039 -0.130721 0.106733 -0.131983 0.058294 -0.031135 -0.072626 0.121966 0.110256 0.092775 -0.165178 
-0.115624 -0.204532 0.256718 -0.000262 -0.133466 -0.033905 -0.041398 0.110516 0.183226 -0.040956 0.151257 0.167653 0.109988 0.027666 0.076121 0.145120 0.292208 0.013165 -0.230890 -0.260475 -0.104685 0.127627 0.035223 -0.142783 -0.157898 0.003086 0.187302 0.068765 0.087122 0.080409 -0.192337 0.094748 -0.056887 0.036273 -0.188882 -0.143005 -0.030526 -0.100317 0.022097 0.075234 0.132351 -0.237262 -0.100559 0.089824 -0.231181 -0.266348 -0.171499 0.115091 0.025899 0.046389 
-0.138677 -0.188299 0.053649 0.097017 0.321041 0.163398 -0.002587 -0.048957 0.051346 0.084254 0.017064 -0.054963 -0.192711 0.163410 -0.011174 -0.162031 0.257331 0.029276 -0.025848 -0.115694 -0.132211 -0.096333 -0.162167 -0.037579 0.197832 -0.042610 -0.064144 0.242373 -0.105072 0.155986 0.317371 0.042193 0.148738 -0.120893 -0.117757 0.026964 -0.067421 0.085342 -0.069669 -0.347551 0.001403 0.102298 0.187131 0.063510 -0.052460 -0.181855 -0.126734 -0.152743 -0.054344 -0.061680 
-0.133364 -0.054599 -0.132400 -0.037122 0.029773 -0.064398 0.147264 0.115872 0.036178 0.301411 0.045097 0.155832 -0.183959 -0.021565 -0.020189 -0.062404 0.044418 0.009513 -0.311127 0.209018 -0.041995 0.075678 0.054950 -0.215398 -0.083134 0.112318 -0.217119 0.173902 0.021580 -0.067402 -0.025658 -0.304327 -0.114143 0.004185 0.133584 -0.022327 0.096304 0.062226 0.073262 0.140467 0.212325 0.252740 -0.157520 0.159598 0.262878 -0.127413 -0.066189 -0.073680 0.014944 0.210232 
-0.136411 -0.126111 -0.068873 0.165277 -0.125304 -0.229050 0.027575 -0.227698 -0.005574 0.305425 -0.090320 -0.173987 -0.136392 -0.016501 -0.126748 -0.038083 -0.174330 0.209156 -0.002879 0.003428 0.048288 0.183567 -0.160251 0.311911 0.032651 -0.112856 -0.015291 0.013939 0.128662 -0.096535 -0.149613 -0.057570 -0.056561 -0.129395 -0.107059 0.122542 0.032302 0.121927 0.138738 0.046323 -0.064794 -0.197307 0.138863 -0.105062 -0.178109 -0.251810 -0.042040 -0.099581 0.256851 0.124915 
-0.137216 -0.021804 -0.114506 0.016384 -0.080064 0.074364 0.001469 -0.052856 0.243765 0.040385 0.213632 0.152571 -0.190196 -0.303737 0.043959 -0.238898 0.015180 -0.363984 -0.002755 0.010592 -0.136583 0.001437 0.033187 0.093976 0.343172 -0.029022 0.118181 -0.121441 0.035582 0.040532 0.091670 -0.048624 -0.085813 0.066722 -0.068733 0.180749 0.065354 -0.340828 0.271183 -0.013694 0.039899 -0.131828 0.027196 0.050058 -0.054028 0.147837 0.135938 0.001980 0.017053 0.060114 
-0.133669 -0.035956 -0.075032 0.054185 -0.301384 0.128343 0.124961 0.018855 -0.037506 0.152716 0.003328 -0.064276 0.061375 0.105413 0.345927 -0.015760 -0.060678 0.081616 0.157063 0.296919 -0.071234 0.181501 0.180164 0.064410 -0.033418 -0.004960 -0.161844 -0.142086 0.030676 0.202861 0.055428 0.152629 0.244304 -0.035188 -0.047245 0.047461 0.059436 -0.116689 0.112795 -0.086138 -0.016412 0.133973 0.062316 0.067259 0.018191 -0.164658 -0.215326 0.363431 -0.154238 -0.112026 
-0.145220 0.113699 0.002230 0.099092 -0.051286 0.046123 0.171466 -0.180064 0.149404 -0.082346 -0.105396 -0.267894 0.157920 -0.203493 0.247488 -0.226060 0.119695 0.056453 -0.105298 -0.254720 0.116139 -0.032588 0.004482 0.196036 -0.206232 0.100129 -0.191494 0.111168 -0.243307 0.024896 -0.046533 -0.049656 -0.010668 0.368924 -0.030560 0.136794 -0.008286 -0.127667 -0.109936 -0.061986 -0.053417 0.006546 -0.204518 -0.083739 0.128425 -0.002369 -0.102331 -0.123018 0.055263 0.036402 
-0.135554 0.173284 -0.196804 -0.171140 -0.041767 -0.097738 -0.172027 -0.031812 -0.089729 -0.031564 0.029965 -0.055358 0.014794 0.164585 -0.089866 -0.049538 0.081936 0.172624 -0.148161 -0.200324 -0.084446 -0.360319 0.008083 -0.072352 -0.038322 -0.228471 0.002597 -0.012732 -0.238757 0.004214 -0.110897 -0.231516 -0.061497 -0.092441 -0.144348 0.216207 -0.057413 -0.006858 0.207873 0.017186 -0.027947 -0.073266 0.159452 0.008170 0.152210 0.028789 -0.037510 0.426483 -0.078543 0.036817 
-0.161430 0.003473 -0.140423 -0.074979 0.123915 0.019294 0.082895 -0.271816 0.043871 -0.070191 0.069483 0.193271 0.095932 -0.170490 -0.138607 0.202426 -0.065696 0.132565 -0.095768 -0.104474 0.067220 0.150259 0.157360 -0.076117 0.077024 -0.109211 -0.129163 -0.210167 0.017596 0.100270 0.179406 0.045876 0.181534 -0.065235 0.060130 0.085347 0.006423 0.065020 -0.303634 -0.050881 0.041711 -0.233936 -0.031449 0.311894 0.208944 -0.002418 0.029629 0.096176 0.342279 -0.093689 
-0.158375 0.014292 0.264427 -0.108384 -0.066400 0.077144 0.112768 0.310344 0.065753 0.161142 -0.141371 -0.165007 -0.011198 0.061710 -0.133793 -0.127558 -0.147597 -0.115167 -0.056727 -0.103589 -0.160503 -0.070443 0.102962 0.042982 0.163566 0.133361 -0.062533 -0.262905 -0.093113 0.041422 -0.268996 0.289566 -0.152591 -0.162104 -0.130752 0.064561 0.062173 0.226001 -0.086236 -0.116246 0.123663 -0.105642 -0.025592 0.014268 0.284987 0.103387 -0.061171 -0.098086 0.023574 -0.043142 
-0.139738 -0.283452 0.022191 0.222793 0.044784 0.121770 -0.201325 -0.228638 0.046415 -0.071971 -0.011574 0.037591 -0.134019 -0.098145 -0.070445 0.127927 0.063202 0.035091 0.042027 0.031705 -0.138560 0.000889 0.085329 0.067827 -0.078317 0.294724 -0.186543 -0.082363 -0.222183 0.048993 -0.213298 -0.015977 -0.278817 -0.114005 0.211687 0.094248 0.084169 0.004512 -0.264113 0.109343 -0.072735 0.091194 0.180620 0.037411 -0.193459 0.114825 0.070058 0.164999 -0.211064 0.056688 
-0.130986 -0.057288 -0.015341 -0.022623 -0.051985 0.172574 -0.010832 -0.024180 0.158688 -0.254089 0.179892 -0.272514 -0.041420 0.079215 -0.122980 0.054549 0.123838 -0.084319 0.090946 0.203114 0.192071 -0.005023 -0.216359 0.138750 0.008309 0.057873 -0.035844 -0.176273 0.248702 0.266952 -0.059124 -0.303156 -0.102133 0.147249 -0.072419 -0.105373 -0.275878 0.297380 0.071103 0.022408 0.110467 -0.053696 -0.056246 0.112049 0.120462 -0.061746 0.069747 0.045905 -0.080378 -0.052947 
-0.143402 -0.457606 -0.062242 -0.016174 -0.147128 0.040059 -0.085215 0.209059 -0.085737 -0.173668 0.077360 0.029897 0.068023 -0.197663 -0.049541 0.086298 0.180874 0.016493 0.189744 0.007209 -0.020136 0.025928 0.101348 0.012414 -0.100731 -0.168881 -0.206722 -0.026414 -0.074054 -0.289476 0.037360 -0.025393 0.004166 -0.113204 -0.148359 -0.135867 -0.094199 0.021543 0.184004 -0.171644 -0.214998 0.136503 -0.062865 -0.146263 0.171495 0.157300 -0.029352 -0.075307 0.238753 0.076639 
-0.146183 -0.099482 -0.090449 -0.046314 -0.208931 0.163829 0.032631 0.093804 0.068110 0.106078 0.097134 0.212346 0.185798 -0.149503 -0.163871 0.012223 -0.041624 0.132815 0.071493 -0.047468 0.257033 -0.343359 0.122026 0.164197 0.037528 0.125763 0.306159 0.023404 -0.116466 0.012208 0.014220 -0.092817 0.154042 0.103261 0.090932 0.021713 0.212035 0.197223 -0.003206 0.017224 0.238028 0.201359 0.156054 -0.096676 -0.139845 -0.089689 -0.092589 -0.105238 0.048108 -0.171505 
-0.161231 0.147054 -0.132177 -0.236794 0.085836 0.043454 -0.047187 0.115788 0.000974 0.184406 0.182741 0.098656 0.081482 -0.096273 -0.015775 0.073805 0.061299 0.116855 -0.018951 -0.015504 -0.192577 0.258194 -0.286973 0.133756 -0.062398 -0.244827 -0.135515 -0.046494 -0.089005 -0.130908 -0.155796 0.133049 -0.077021 0.156253 -0.045298 0.059532 -0.127861 -0.005254 -0.048731 0.102470 0.005400 0.190874 0.041126 0.069941 -0.119644 0.016175 0.138727 -0.171751 -0.181024 -0.421286 
-0.151123 -0.194016 0.030242 0.183174 0.331618 -0.015780 -0.182971 0.041381 -0.000049 0.103899 0.067235 -0.083779 0.027989 0.193114 -0.008372 -0.025309 -0.074374 0.020853 0.183291 -0.084014 0.207286 0.132172 -0.070545 -0.174262 -0.223555 0.043622 0.177637 -0.118105 -0.155649 0.107724 -0.126584 0.127532 0.201362 0.151440 0.042668 0.123650 0.237027 -0.068641 0.341105 0.078468 -0.012185 -0.001572 -0.053069 0.158877 0.183163 0.024865 0.244341 -0.061825 0.024025 0.011993 
-0.140233 0.127098 0.014057 -0.180579 0.219003 0.007760 -0.214390 0.099476 0.052432 0.125400 0.094481 -0.097266 0.115306 -0.148003 -0.033708 0.202920 0.026015 -0.178694 0.223237 0.001932 -0.145050 -0.027822 0.077349 0.251280 -0.180432 0.100634 0.008894 0.369654 0.309541 0.098328 -0.027714 0.011469 0.116707 -0.157877 -0.009561 0.207073 0.047873 -0.091424 -0.151570 -0.015634 0.087618 0.005327 -0.034325 -0.214849 0.174263 -0.087604 0.083625 0.132166 0.044342 0.138009 
-0.133045 0.126625 0.022927 0.207942 -0.225273 -0.236330 -0.167018 -0.034773 -0.171803 -0.001024 0.053773 0.100718 0.082785 -0.104528 -0.209168 -0.238537 0.023167 -0.166824 0.166959 0.145190 0.212262 0.137873 -0.154408 -0.177775 0.031473 0.015682 0.021819 0.214453 -0.121757 -0.051800 -0.238887 0.016831 0.188731 -0.072161 -0.076876 0.060485 -0.214530 -0.045537 -0.213944 -0.210113 0.189045 -0.027266 -0.027021 0.177867 -0.007081 0.134648 -0.135063 0.021755 -0.102088 0.042924 
-0.147248 0.010475 -0.051184 0.050008 -0.064928 -0.220341 -0.088384 0.007091 -0.209930 0.051394 0.201564 0.152783 0.051676 0.282014 -0.041541 -0.029848 -0.145192 0.060425 -0.039551 -0.081813 0.028756 -0.184149 0.089158 0.164844 0.060312 0.240829 -0.078679 -0.043238 0.145713 0.086377 0.173305 0.196527 -0.226267 0.221836 -0.282019 -0.020368 -0.117149 -0.078002 -0.105949 -0.085090 -0.115640 0.276994 -0.166618 0.143505 -0.104977 -0.021488 0.205498 0.025034 0.123793 0.142528 
-0.132548 0.068418 0.156597 -0.072146 -0.102275 -0.091744 0.271258 -0.016825 -0.067976 -0.033372 -0.239257 0.222244 -0.126229 0.194831 0.056202 -0.021313 0.328934 -0.020773 0.339809 -0.060873 0.011745 0.091259 -0.026213 0.130135 0.059878 0.011887 0.207959 0.052967 -0.049210 0.102735 -0.029373 -0.259546 -0.064753 -0.195177 -0.093129 0.107184 0.117104 -0.045608 -0.115417 0.239575 -0.226858 0.103583 -0.129931 0.128422 0.093560 0.049837 0.070343 -0.033585 0.109083 -0.163674 
-0.133552 -0.118557 -0.239501 0.000363 -0.009860 -0.168536 0.165274 0.100752 0.190710 -0.222506 0.028698 0.180670 -0.264672 0.151036 -0.040563 -0.139473 -0.172458 -0.099802 -0.060190 0.014506 0.116803 -0.093217 -0.143346 -0.075103 -0.277635 0.174544 -0.087776 0.137880 0.099613 0.036349 0.018823 0.226596 -0.017770 -0.045825 0.043092 0.019686 -0.088750 -0.107135 -0.041201 0.126244 -0.066895 -0.142922 0.168904 -0.256316 0.116782 0.027647 -0.118970 0.049819 0.085869 -0.350743 
-0.138290 0.099325 0.164998 0.093884 0.301509 -0.050645 0.168119 -0.107367 0.003524 0.037844 0.134214 -0.054676 0.150195 0.001647 -0.047153 0.299146 -0.122120 -0.161184 0.018329 0.073488 0.071489 0.023099 -0.093720 0.005702 0.198172 0.303199 -0.010068 -0.048730 -0.242915 -0.344498 0.125898 -0.100732 -0.015168 -0.071919 -0.194433 -0.027425 -0.091685 -0.055446 0.172599 0.122060 0.005411 0.021854 -0.119062 -0.109722 -0.032571 -0.047323 -0.281500 0.185734 0.002169 -0.150469 
-0.163582 0.268450 -0.045837 0.096290 0.081674 0.042632 -0.102994 0.255012 0.222138 0.071578 -0.140951 0.230442 -0.006317 -0.075414 0.010317 0.111225 -0.027947 0.047403 -0.097187 0.016629 0.269199 -0.095865 0.099703 0.127824 -0.038786 0.066403 -0.168867 0.003733 0.061564 0.002953 -0.046403 -0.084209 0.095983 -0.147242 -0.016227 -0.120482 0.016543 0.039301 0.125120 -0.166426 -0.450793 -0.222711 -0.049040 0.181338 -0.114328 -0.018052 -0.002388 -0.131531 -0.281089 0.056543 
-0.140142 0.161699 0.124738 0.291605 -0.067110 0.063445 -0.053074 0.025077 0.225076 -0.013472 -0.082230 0.206502 0.049753 -0.013633 0.144167 0.093786 -0.065015 0.302152 0.211182 0.145031 -0.148927 0.043064 -0.060366 -0.116184 0.068164 -0.080552 0.099551 0.220445 0.009243 -0.113371 0.202129 0.089123 -0.257235 0.264372 -0.125487 -0.019321 0.001806 0.203399 0.000515 0.045896 0.085033 -0.150305 0.205386 -0.058007 0.261701 0.126859 0.058250 0.054838 -0.022985 0.113603 
-0.130680 0.041990 -0.136367 0.096060 -0.001960 -0.085702 0.098792 0.092560 0.118204 -0.125240 -0.001878 -0.004356 -0.009560 0.026187 0.130094 0.057271 -0.152035 -0.086500 0.137175 -0.104030 -0.408828 -0.252019 -0.310376 0.076923 0.068661 -0.014886 -0.036456 -0.033846 -0.049955 -0.024824 -0.166591 0.011927 0.383482 0.053450 0.157351 -0.253037 -0.006300 0.097838 -0.051519 0.183388 -0.029480 0.078410 -0.032420 0.206422 -0.098097 0.045578 -0.068804 0.023652 0.159409 0.260306 
-0.148356 -0.039954 -0.019015 0.126881 -0.153463 0.248758 0.049462 -0.268821 0.083596 0.167414 0.088209 -0.065070 0.045773 0.298584 0.041262 0.058250 0.088667 -0.055276 -0.048580 0.132351 0.066928 -0.301428 0.006770 -0.098315 0.110368 -0.198332 -0.087695 0.131114 0.068766 -0.265737 -0.157061 0.096657 0.053437 -0.116126 0.070639 -0.128946 0.094152 -0.112844 -0.121274 -0.014976 0.039593 -0.147085 -0.302615 -0.129587 0.020214 -0.009073 0.326633 -0.013894 -0.022734 -0.144468 
-0.136421 -0.102378 -0.124448 0.138500 0.098162 -0.015500 -0.114271 0.088402 0.082774 0.051830 -0.168498 -0.090571 0.243165 0.119144 0.049165 0.007617 -0.134407 -0.100534 -0.070840 -0.103077 0.008287 0.086207 0.072808 -0.173284 0.223141 -0.094593 0.142413 -0.141331 0.249790 -0.041641 -0.182326 -0.314410 -0.054690 0.137427 -0.018678 -0.110218 -0.023536 -0.289648 -0.283803 -0.043310 -0.160748 0.181228 0.281392 -0.102501 0.148298 -0.078247 -0.114015 -0.063761 0.005115 -0.082892 
-0.153082 -0.000946 -0.060737 0.012461 0.158051 -0.104011 -0.301620 0.038811 -0.047496 -0.203869 -0.331804 -0.039883 -0.163101 -0.104681 0.020194 -0.068172 -0.014953 0.155278 -0.047611 0.075711 0.041053 0.037322 0.280181 0.152688 0.300961 -0.063107 -0.055146 0.139357 -0.115063 0.144894 -0.067170 0.095401 0.069396 -0.000570 -0.065930 -0.294935 -0.104771 -0.087464 0.105862 0.252571 0.269653 0.036593 -0.181937 -0.073140 -0.009662 -0.086286 0.057223 0.011333 0.034851 -0.172610 
-0.152912 0.094265 -0.095679 0.092810 -0.093490 0.113583 0.094713 0.174043 -0.285604 -0.020517 -0.053156 0.031128 -0.147226 -0.191695 0.163504 0.067484 0.037240 -0.066726 -0.204761 -0.059125 0.023096 0.144384 -0.159005 -0.138045 0.018468 0.187003 0.153693 -0.131514 -0.161106 0.015296 0.036802 -0.047432 0.168880 -0.037600 -0.100351 -0.023217 -0.092629 0.129952 -0.131349 -0.053130 -0.045447 -0.037200 0.061444 -0.322699 0.019496 -0.234776 0.460324 0.124107 0.002817 0.101527 
-0.131305 0.057779 0.034687 0.176162 -0.018039 0.004742 -0.066700 0.074841 -0.154417 -0.077758 -0.162920 -0.020942 0.389076 0.027178 -0.243653 -0.256749 0.137546 -0.354756 -0.075564 0.159511 -0.166072 -0.039199 0.062090 0.002860 -0.151823 -0.100584 -0.170018 -0.042438 -0.004482 -0.031136 0.289464 0.027567 -0.042924 0.048212 0.043947 0.035773 0.142161 0.127750 0.037328 0.293667 -0.068209 -0.127947 0.116009 0.059131 -0.103888 -0.230060 0.062812 -0.022395 0.044668 -0.067147 
-0.137770 0.228678 0.026169 0.168628 -0.155446 0.159274 -0.095509 -0.122091 -0.138242 0.009184 -0.176189 -0.023295 -0.260068 0.067031 -0.306614 0.315809 0.114600 -0.101755 -0.233761 -0.025854 -0.137677 0.082715 -0.036294 -0.008297 -0.124417 -0.010862 0.031254 -0.024452 0.149063 0.117461 0.018528 0.024121 0.144032 0.214157 -0.067870 -0.018281 0.196979 -0.036087 0.137643 -0.113372 -0.006202 0.146434 -0.041724 -0.128570 -0.035088 0.321862 -0.202733 -0.037092 0.110712 -0.080799 
