-0.129934 -0.224136 -0.027652 -0.168040 -0.066634 -0.032277 0.267455 -0.372222 0.080152 -0.010595 0.194585 -0.034419 0.227892 -0.176332 -0.082402 -0.114175 0.108676 -0.125259 0.138475 -0.092954 0.032130 0.037098 -0.112872 -0.138985 -0.107261 0.173008 -0.281781 -0.063732 0.076284 0.109545 0.321297 0.183576 -0.087710 -0.141268 -0.008973 -0.096573 -0.146957 0.023244 0.002266 0.101490 -0.072213 0.093225 0.161346 0.103192 0.013152 -0.136662 0.144883 -0.079654 -0.054073 -0.035358 
-0.150326 0.027980 -0.259335 -0.005473 -0.066513 0.019385 0.073551 -0.003074 0.128816 -0.124823 -0.124920 -0.304708 -0.168822 0.079623 0.125127 -0.137107 -0.318157 0.170456 0.170093 -0.107581 -0.212648 -0.021796 0.021160 0.174718 -0.000273 -0.002450 0.063269 -0.012903 0.005785 0.276824 -0.084918 0.115956 0.104556 -0.057934 -0.211459 -0.103465 -0.134669 -0.125525 0.214699 -0.119630 -0.029607 0.130764 -0.061624 0.134514 0.013931 -0.286131 0.000934 0.220526 0.017988 0.073124 
-0.147964 0.005040 0.071538 0.058070 0.131529 -0.044985 -0.033851 -0.255664 0.038177 -0.208259 0.171745 -0.057158 -0.243313 -0.258795 0.077056 -0.002231 -0.007628 0.093997 0.012607 0.046424 0.096785 -0.005472 -0.123710 -0.085777 0.324448 0.082191 0.135785 0.122848 0.228173 -0.148828 -0.118057 0.316420 0.051844 0.157424 0.214909 0.012507 0.078613 -0.176211 -0.151715 0.170664 -0.078926 -0.096011 -0.165249 -0.134304 0.011472 -0.194071 -0.164377 0.043943 0.067574 0.040825 
-0.138601 -0.018579 -0.320659 0.000400 0.148894 -0.184724 -0.099167 0.140218 0.006762 -0.142974 0.174086 0.192338 -0.221182 0.025181 -0.091066 -0.160390 0.203610 0.170639 0.090302 -0.231758 0.063244 -0.131324 0.109167 -0.091184 -0.126512 -0.051981 0.100927 -0.108996 0.167738 -0.017460 0.070966 -0.130448 -0.077774 0.133336 0.162490 0.003725 0.029971 0.075439 0.121663 0.018627 0.121764 -0.045572 -0.014359 0.110357 -0.074420 -0.030370 0.124076 -0.042224 -0.460191 0.136390 
-0.156348 -0.056676 0.329081 -0.218387 0.011355 -0.150988 -0.039392 -0.200009 0.066981 -0.198935 0.095487 -0.019010 0.047824 0.102007 -0.180588 -0.026443 -0.037750 -0.225272 -0.117794 -0.024927 -0.174850 0.107659 -0.011406 0.194784 -0.101517 0.069524 0.144706 -0.115304 0.083986 -0.181523 -0.070228 -0.179840 0.018746 0.057086 -0.032559 -0.169879 0.211528 0.133354 0.186193 -0.308423 -0.155622 0.041058 -0.154724 -0.000968 0.042775 -0.066347 -0.196233 0.046994 -0.174797 -0.159933 
-0.153499 0.389012 -0.132108 0.006024 -0.114156 -0.055005 -0.042742 0.043060 0.147281 0.091373 0.007449 0.048541 0.064832 0.024179 -0.117192 0.173654 0.337381 0.058050 -0.133323 0.087522 0.039440 0.047987 -0.078960 -0.019720 0.166521 0.147102 -0.135081 -0.060442 0.091195 0.235556 0.112686 0.092542 -0.084506 0.147695 0.001719 0.147579 0.072435 0.144834 0.255346 -0.184753 -0.242484 -0.133082 0.099973 0.020451 -0.125036 -0.007844 -0.123961 0.257809 0.165292 0.096113 
-0.137088 -0.085567 0.091637 0.278004 0.017409 -0.152022 -0.118984 0.017755 -0.160998 0.143144 0.038137 -0.280321 -0.018534 0.407116 -0.015605 -0.179519 0.052126 -0.001071 -0.047920 -0.097687 0.137356 0.222838 -0.061890 -0.050316 -0.116750 0.100273 0.007429 0.158113 -0.023262 -0.120972 0.159331 0.173532 -0.072909 0.200030 -0.100518 -0.021029 -0.143265 -0.057018 -0.219009 -0.262142 -0.009446 -0.210219 0.023147 0.169892 0.072759 -0.037051 -0.041392 -0.115680 0.036744 0.152735 
-0.141164 0.120795 -0.134543 -0.209375 0.003841 0.063167 -0.280135 -0.077532 -0.040124 -0.223483 -0.234990 0.092100 0.201171 0.184618 0.030915 -0.248283 0.073813 0.034590 0.102730 0.343929 -0.070144 -0.023404 0.090714 -0.052430 -0.043040 -0.103893 0.098287 -0.104302 0.057099 -0.107776 0.082766 -0.003838 -0.136058 -0.090424 0.043982 -0.302457 -0.024020 0.135766 -0.209515 0.122368 -0.026796 -0.070905 -0.062107 -0.012462 -0.205589 -0.129389 0.067634 -0.030636 0.263252 0.119236 
-0.135670 0.119461 0.028628 -0.061026 -0.232011 0.156848 0.196315 0.044096 0.212595 0.034992 -0.168354 -0.158281 -0.047813 -0.212555 -0.034067 -0.124624 0.016674 -0.089632 -0.165202 -0.011284 0.199934 0.027526 -0.073142 -0.096055 -0.105870 0.010682 0.210200 -0.119817 0.195730 -0.125316 -0.231528 -0.139023 0.158308 0.209509 -0.003329 -0.066487 -0.324556 -0.034542 -0.127199 -0.111424 -0.126651 -0.060168 0.076293 -0.047421 -0.142544 0.160792 0.325940 -0.011093 -0.054139 -0.018349 
-0.139492 -0.025981 -0.053614 0.121303 0.120646 -0.181502 0.248044 0.122181 0.153965 0.053971 -0.094526 -0.225236 -0.088866 0.037166 0.042156 -0.033952 0.218349 -0.076040 -0.083429 0.291968 -0.195884 -0.007178 -0.224414 0.086782 0.072167 -0.383668 0.000139 0.036445 0.066446 0.116829 0.180345 -0.051032 -0.066797 0.156006 -0.084805 -0.073382 0.130872 -0.094533 0.097118 0.173297 0.000358 0.036853 -0.073025 -0.054809 0.002778 0.031705 0.023749 -0.352393 -0.024771 -0.218982 
-0.131866 -0.095367 -0.148961 0.219078 -0.159467 0.095193 0.062765 -0.164710 0.054437 -0.002373 0.093818 0.103052 -0.159930 0.001173 -0.292445 0.189545 0.146691 0.049029 -0.116504 -0.164680 -0.174854 -0.100755 0.155397 0.372300 -0.039072 0.042140 0.032842 0.122967 -0.191906 -0.110196 -0.042328 0.037440 -0.119369 -0.087464 0.084470 -0.216024 -0.150273 -0.089422 0.008398 0.011399 -0.097942 0.094832 -0.066870 -0.134867 -0.160784 0.149908 -0.001432 -0.223058 0.190637 0.215497 
-0.152324 0.146916 -0.007693 0.052627 0.203285 -0.207520 0.051292 -0.129809 -0.225882 -0.035364 0.006484 0.059323 -0.049080 -0.102433 0.197052 0.276883 -0.068915 -0.236670 0.023485 -0.200867 -0.015581 0.042437 0.068651 0.001024 -0.101299 -0.053480 0.040000 0.234723 0.005474 0.136511 -0.006221 -0.159792 -0.072398 0.005977 -0.258941 -0.149799 -0.126967 0.165267 -0.015632 0.076660 0.075151 -0.339803 0.087581 -0.284238 -0.161954 -0.132511 0.144353 0.114621 0.035999 -0.094098 
-0.126507 -0.030732 0.063033 0.104417 -0.014072 -0.232587 0.115053 -0.079383 -0.076847 0.129643 -0.110389 0.041543 0.301525 0.007036 0.276011 0.096715 0.131091 -0.005636 0.039782 0.048683 -0.079063 -0.012117 0.211333 -0.074031 -0.048077 0.101554 0.208170 -0.097950 -0.040668 0.325268 0.012907 0.005551 0.174847 0.157509 0.371293 -0.098360 -0.124425 -0.064470 -0.096404 -0.138744 0.138095 0.267697 -0.153074 -0.162901 0.052291 0.060257 -0.123477 0.030007 -0.067258 0.107103 
-0.157228 0.231673 0.033529 0.030561 -0.069230 0.039079 0.284938 0.121333 -0.194069 -0.119001 0.119170 0.040496 0.005233 0.035192 -0.085590 0.060681 0.053965 -0.036887 0.190658 0.014074 -0.055865 0.002233 0.011312 0.056033 0.049881 -0.249741 -0.134172 -0.118325 0.225375 0.013639 -0.202077 -0.100866 0.018516 -0.313969 0.180240 -0.001296 -0.242637 -0.038526 -0.157899 -0.113052 0.045685 -0.219169 0.104405 0.191256 0.220609 -0.020568 -0.322700 -0.101256 0.019003 -0.019819 
-0.131045 0.101969 -0.012488 0.183398 -0.050067 -0.171968 -0.143154 0.086332 0.141426 -0.146069 0.001354 0.290698 0.028420 0.059769 0.135990 -0.044982 -0.043102 -0.315542 -0.162280 0.014729 0.150081 -0.132561 -0.264287 0.155297 0.107126 -0.046373 0.136073 -0.115724 -0.190646 -0.150559 0.175790 0.123119 0.142132 -0.120497 -0.127129 0.019269 -0.313596 0.044019 0.043320 0.192752 -0.029607 0.149213 0.066121 0.031890 0.244341 -0.000563 -0.059987 0.123604 -0.104231 0.081773 
-0.165453 0.098134 -0.010256 -0.110806 -0.073148 -0.012677 0.209668 0.146012 -0.072652 0.017202 0.072290 0.074283 -0.179082 0.125514 0.028064 0.041317 -0.174221 0.147316 -0.267633 -0.102841 -0.041017 0.095647 0.143756 -0.125374 -0.094089 0.162471 0.000801 -0.212796 0.084608 -0.015292 0.303971 -0.026682 0.170795 -0.145889 -0.004114 0.112869 0.099366 0.102507 -0.047634 0.132746 -0.094568 -0.081036 -0.377978 -0.135662 0.261135 -0.030894 0.183594 -0.118121 0.231518 -0.002261 
-0.133471 -0.082028 0.116558 -0.053676 -0.033949 -0.025649 -0.140795 0.150340 0.144443 -0.015084 0.184087 -0.379760 0.206305 -0.045227 0.030930 0.226694 -0.276383 -0.017510 0.036505 0.010607 0.167123 -0.308104 0.098852 0.102234 -0.051494 -0.035121 -0.171782 -0.124084 0.029275 0.071842 0.028820 -0.018614 -0.093457 0.152950 0.041405 -0.125594 -0.013310 0.130448 0.010843 0.278592 -0.045832 -0.198891 -0.157835 0.106218 -0.033207 0.243792 -0.120496 0.015486 -0.055226 0.201635 
-0.149030 -0.163204 0.135395 -0.114393 -0.005983 0.085114 -0.161286 0.055557 -0.001507 -0.064896 -0.136166 0.092236 -0.208313 0.055839 -0.171528 -0.097458 -0.100322 -0.031679 0.210960 -0.079808 0.054099 0.026789 -0.325979 -0.119893 -0.084924 0.043666 0.149813 -0.051186 -0.002964 0.445804 -0.090013 0.128133 -0.119995 -0.083316 -0.018137 0.131809 -0.043838 0.175046 0.012107 -0.028632 -0.034748 -0.018613 0.036012 -0.329595 0.017739 0.239071 -0.156351 -0.227670 0.028591 0.066070 
-0.149689 -0.060452 0.045782 -0.027591 0.011017 0.208334 0.027787 0.164307 -0.056520 -0.186792 0.187489 -0.052368 0.089894 0.126928 0.066152 -0.072134 0.125472 -0.132145 0.243050 0.062046 -0.248955 0.191420 0.061291 -0.047408 0.108457 0.070817 -0.008342 0.050824 0.006149 -0.133855 0.040893 0.023409 0.087256 0.066294 0.000952 -0.059037 0.072301 -0.266658 0.257233 0.068151 0.069074 -0.121787 0.164967 -0.250193 0.193885 0.333755 0.222001 0.222798 0.013248 0.171870 
-0.157475 -0.120538 0.125161 0.040706 -0.245093 0.087312 0.053303 0.119922 0.154139 0.055518 -0.068942 -0.043155 0.168261 0.269742 0.074635 0.124527 0.043162 0.068754 0.142315 -0.283415 -0.012975 -0.255685 -0.125806 -0.112327 0.239422 0.005468 -0.003775 -0.014137 -0.017223 -0.236250 -0.059082 -0.091590 0.057056 0.044326 0.099435 0.067064 0.086805 0.169435 0.104235 -0.004220 0.182753 -0.001227 0.149224 -0.204353 -0.087177 -0.411917 0.042677 -0.159468 0.077848 -0.036985 
-0.127179 0.008026 0.269749 0.048614 -0.231422 -0.026322 -0.004589 -0.151200 -0.071565 0.167477 -0.016403 0.080667 -0.164921 0.228303 0.136036 -0.039545 0.148801 0.061235 -0.028952 -0.007497 0.021386 0.079560 0.314742 -0.157703 0.152334 -0.007156 -0.041723 -0.189118 0.104008 0.041289 -0.241623 0.039070 -0.227687 -0.053969 -0.345522 -0.009813 -0.032297 -0.099017 0.043077 0.348486 -0.079662 0.157480 0.000855 0.053131 -0.097510 0.057816 -0.077565 0.037336 -0.192245 -0.043537 
-0.132255 0.235160 0.174361 -0.138592 0.008624 0.299583 -0.160156 0.017849 -0.038082 0.081288 0.021792 -0.156032 -0.061362 -0.110843 0.159013 -0.000253 0.258228 0.131493 -0.015404 -0.088956 0.096630 0.026343 -0.012242 0.137146 -0.037645 0.096668 0.155970 0.431947 0.084419 0.085495 0.099557 -0.102048 0.107078 -0.113125 0.003647 -0.188541 0.056849 0.236517 0.038493 0.129950 0.052431 0.222594 0.070996 0.184832 0.247544 0.003734 -0.010163 -0.124941 -0.058721 0.027040 
-0.149556 -0.183328 -0.147981 -0.065094 0.291135 0.191973 0.340457 -0.034486 0.103472 0.038544 -0.015033 0.025910 0.207470 0.008169 -0.031930 0.028529 0.115391 0.100517 -0.012512 -0.001935 0.283120 0.056315 0.065606 0.037371 -0.012547 -0.223033 0.132260 0.016221 0.033015 -0.135625 -0.023377 0.053090 0.031377 -0.067806 -0.376979 0.127468 0.129207 0.139139 -0.106121 -0.104287 0.074974 0.097554 -0.108163 -0.133640 -0.003022 0.041329 -0.216336 0.153053 -0.017172 0.280995 
-0.157435 0.116264 -0.105638 -0.073478 0.247160 -0.136758 0.079586 -0.056686 0.042194 0.190433 -0.003371 0.075555 0.182198 0.047280 0.102527 -0.185021 -0.315789 0.169103 -0.205273 -0.241096 -0.239774 -0.139590 -0.010904 -0.086724 0.076437 -0.011893 0.119724 0.078291 0.104026 -0.133821 -0.071636 0.083731 -0.184971 0.005844 0.097909 -0.025204 0.072494 0.035096 -0.012821 0.023413 -0.152361 0.078030 0.372405 0.053823 0.053595 0.306623 -0.075795 -0.025925 0.119979 -0.105281 
-0.135756 -0.007569 -0.121142 -0.112814 -0.090119 0.004908 -0.202892 0.255925 -0.292405 0.228573 0.056914 -0.034983 0.198098 -0.200207 -0.124735 -0.095889 0.019184 0.112912 -0.014271 0.100254 -0.032792 -0.109351 0.072340 0.065273 -0.179439 0.043391 -0.037416 0.085832 0.121172 -0.186841 0.039168 0.215218 0.100195 -0.007919 -0.140624 0.056051 -0.224704 -0.138390 0.165992 0.006251 -0.070341 0.023831 -0.070171 -0.321807 -0.060664 -0.120097 -0.219095 -0.053812 -0.135460 -0.274257 
-0.132295 -0.008819 -0.012110 0.220377 -0.203010 -0.045164 -0.195606 -0.031550 -0.008781 -0.205026 0.035331 -0.040205 0.207243 -0.362453 0.001037 -0.191566 -0.032657 0.047044 -0.210891 -0.095757 0.096457 -0.007885 0.080705 -0.198169 0.219085 -0.104360 -0.019729 0.015113 -0.018829 0.092991 0.008692 -0.160316 -0.276681 -0.132664 -0.167245 -0.020960 0.076214 -0.106841 0.129501 -0.269796 0.269765 -0.003266 -0.154841 -0.011032 0.163115 0.061387 0.053823 -0.111871 0.129030 -0.013279 
-0.133001 -0.098853 0.223506 0.019295 -0.090681 -0.328493 -0.006585 0.033112 0.159895 -0.105751 0.068705 0.040919 0.122199 0.029060 -0.198339 -0.148092 -0.007311 0.203672 0.030010 0.010377 -0.030339 0.183271 0.080646 -0.013312 -0.013719 -0.211867 -0.014364 0.374116 -0.046996 0.045936 -0.059072 -0.009017 0.295848 -0.165278 0.099513 0.264024 -0.117535 0.134625 0.049452 0.161792 0.027930 -0.011999 -0.085560 0.120061 -0.258886 0.110620 0.105236 0.156204 0.105836 -0.065374 
-0.116332 -0.047913 -0.088095 -0.285532 0.053659 -0.113192 0.085913 0.225810 0.060798 -0.203321 -0.261730 -0.085212 -0.074413 0.106691 -0.106673 0.037526 0.209585 -0.013294 -0.159817 -0.192580 0.122783 -0.095095 -0.003393 -0.060849 0.128434 0.226328 -0.195491 0.095038 -0.235481 0.038066 -0.057663 0.103662 0.012931 -0.091581 0.004478 -0.244580 0.056100 -0.180754 -0.243348 0.013388 0.168073 -0.030443 -0.053101 0.012640 -0.015368 0.141304 -0.106197 0.175138 -0.059223 -0.297290 
-0.116922 -0.139693 0.030823 -0.209260 -0.070108 0.096638 -0.022065 -0.177273 -0.294640 0.068955 -0.108329 0.091453 -0.094228 -0.025569 -0.022066 0.282126 -0.060944 0.217568 0.015050 -0.021281 -0.085813 0.059171 -0.281569 -0.007611 0.159366 -0.124340 0.120854 -0.123035 0.029801 -0.126132 0.272707 -0.053510 -0.010496 0.199669 -0.027060 -0.005078 -0.226757 -0.028518 0.125194 -0.029186 0.300495 0.005031 -0.096315 0.273569 -0.121856 0.196806 -0.033119 0.133972 0.074915 -0.076755 
-0.144175 0.166807 0.235676 -0.186894 0.159622 0.123062 -0.074562 -0.031696 -0.091409 0.062190 0.276160 0.025358 -0.077993 0.128958 -0.209334 0.033248 -0.042356 -0.115322 -0.059536 0.051437 0.032353 -0.416322 0.112562 -0.132445 0.077754 -0.284166 0.037448 0.035181 -0.137717 0.196747 0.101219 0.078832 0.098130 0.042481 -0.059326 0.065308 0.009289 -0.257682 -0.143006 -0.224901 -0.050034 0.167428 0.048250 0.016595 -0.064910 -0.103273 0.247030 0.024358 0.021846 0.025961 
-0.129986 -0.145822 -0.267880 0.026127 0.025537 0.006081 -0.103723 -0.068368 -0.036074 0.044950 -0.160027 -0.007840 0.037354 0.107981 -0.136058 0.143748 -0.038084 -0.280431 0.124280 0.128388 -0.151232 -0.139138 0.081064 -0.014767 0.250639 0.175798 -0.095280 0.259279 0.279136 -0.029377 -0.120939 -0.103395 -0.081211 0.045276 -0.045091 0.280390 -0.107049 0.177687 -0.159610 -0.048394 -0.090408 0.150401 -0.228854 0.094659 0.218616 0.080268 0.197489 0.012476 -0.079215 -0.070300 
-0.141313 0.158414 -0.051718 -0.110283 0.157936 -0.018461 -0.185941 -0.037422 0.324542 0.292243 0.064672 0.106913 -0.025012 0.020806 -0.091047 0.102038 -0.226771 0.101873 0.133955 0.067934 0.154020 0.434092 0.092202 0.115064 0.236304 -0.091723 -0.233003 -0.085328 -0.095009 -0.036560 -0.035809 0.033679 0.003553 0.011268 0.083013 -0.194982 -0.109267 0.015472 -0.032284 -0.103806 0.160631 0.038278 -0.007036 -0.160716 0.101814 -0.033835 0.123222 -0.139090 -0.147444 -0.076785 
-0.111283 -0.075176 -0.078471 0.100733 -0.073258 0.230733 -0.005667 0.168875 0.210396 0.185726 0.060236 0.112788 -0.027036 -0.075554 -0.022333 0.072685 -0.132684 -0.363750 -0.070526 0.059255 -0.180386 0.103729 0.158178 -0.202582 0.020017 0.091320 0.291110 0.063742 0.057877 0.058661 0.116144 0.232483 0.082556 -0.169706 0.015072 -0.074184 0.153985 0.004437 -0.006447 -0.010914 0.203860 -0.195658 -0.006131 0.268662 -0.271575 -0.031911 -0.154069 -0.062575 -0.095990 -0.050982 
-0.149872 -0.121501 -0.212994 0.116345 -0.274944 0.126017 -0.096783 -0.140020 -0.108728 0.065354 -0.048031 0.055517 -0.130043 -0.078867 0.031445 -0.169106 -0.058655 -0.099233 0.129681 -0.149713 0.074854 0.035320 0.113536 -0.054752 0.067397 -0.286428 -0.163856 0.009165 -0.141952 0.036049 0.183729 -0.184731 0.309438 0.207333 0.046056 -0.093846 0.241603 0.091169 -0.169464 0.014687 -0.284395 -0.013660 0.097303 -0.046468 0.047447 0.087742 -0.215865 0.121807 0.005789 -0.147394 
-0.154994 0.256673 0.095198 0.267112 0.148488 0.057961 -0.066227 -0.041394 -0.108936 0.013952 -0.188432 0.013392 0.013319 -0.008889 -0.021686 -0.082880 -0.043325 -0.190302 0.089761 -0.208437 0.065135 -0.015167 -0.140499 0.147512 -0.202575 0.022743 -0.331560 -0.142563 0.286579 -0.079334 -0.033689 0.134721 0.145088 -0.041350 0.034629 0.033700 0.247998 -0.074172 0.036861 0.029346 0.233831 0.252675 -0.129461 0.027125 -0.249696 0.127275 0.080689 0.019505 0.108219 0.016214 
-0.146843 -0.073579 -0.168191 -0.140382 -0.047777 0.038194 -0.202096 -0.175979 0.164505 -0.022072 0.155152 -0.007771 -0.073654 0.105365 0.127711 0.083119 -0.010377 0.002284 -0.354178 0.149430 -0.163562 0.040759 -0.153997 -0.126834 -0.286537 0.048009 -0.245731 0.069382 0.062276 0.042020 -0.148088 -0.288472 0.146396 0.022125 -0.036714 0.171005 -0.026507 -0.194444 -0.110498 0.072915 0.245207 0.038898 0.166923 -0.074057 0.000772 -0.068564 -0.204141 -0.029584 0.016233 0.174647 
-0.139784 -0.111919 -0.045258 0.027924 0.045370 0.182247 -0.109521 -0.099349 0.064954 -0.017932 0.123340 0.245726 0.269985 0.090838 0.279045 -0.004133 0.124770 0.165794 0.034988 -0.073268 0.053441 -0.041438 -0.114888 0.348986 -0.024863 0.083968 0.075078 -0.098087 -0.035452 0.194692 -0.156744 0.021150 0.095575 0.008283 -0.089001 0.140363 0.098045 -0.197581 -0.097649 -0.029836 -0.131494 -0.316335 -0.124030 0.162286 -0.014907 0.046858 0.178856 -0.138130 -0.023041 -0.288951 
-0.149630 -0.078583 0.117991 0.175109 0.078576 0.023004 -0.089533 0.318013 0.100218 0.029484 0.260496 -0.021811 -0.080703 -0.246500 0.072648 0.058726 0.128420 0.121735 0.144315 -0.010127 -0.323299 0.082732 -0.140880 -0.047962 -0.110687 0.052649 -0.020444 -0.193528 -0.115441 -0.065766 -0.028730 -0.064718 -0.187570 0.029992 -0.104907 -0.013696 -0.031058 0.180509 -0.395602 -0.059939 -0.059858 0.234516 -0.017167 0.028549 -0.041446 -0.060114 0.044139 0.244082 0.110659 -0.121354 
-0.141408 -0.256884 0.080809 0.277532 0.054564 0.100097 -0.028078 -0.026423 -0.028743 -0.038153 -0.112084 -0.035505 -0.132208 0.098946 0.147533 0.182342 -0.083061 0.214457 -0.162568 0.285125 0.158940 -0.100075 -0.045943 -0.050213 -0.059734 -0.029533 -0.093030 0.035938 0.153482 -0.028535 0.123178 -0.002462 -0.048015 -0.400914 0.207820 -0.139490 0.034184 0.030668 0.089575 -0.215958 -0.167857 -0.012477 0.139042 -0.114152 -0.063286 0.048807 0.135051 0.202694 -0.207806 -0.105277 
-0.143113 0.173245 0.182407 -0.008334 0.117346 0.037737 0.083432 -0.086110 0.105983 0.173013 -0.226319 -0.032168 -0.059447 -0.142454 0.052219 -0.231368 -0.038686 0.030093 0.173772 0.030008 -0.121499 -0.121251 -0.017312 0.064160 0.103264 0.221879 -0.044273 0.050655 -0.229797 -0.114904 0.271438 -0.350675 -0.105492 -0.159462 0.024742 0.247728 -0.048841 -0.202605 -0.061022 -0.010206 -0.068797 -0.187437 -0.123174 -0.048088 -0.150281 0.006503 -0.135769 0.006978 -0.212295 0.171170 
-0.120772 -0.196710 -0.073368 -0.146860 0.222324 -0.087932 -0.048079 0.240388 -0.226251 0.048109 0.037438 0.004484 -0.001994 -0.089189 0.193360 0.051888 0.024837 -0.157661 -0.026789 -0.053975 0.123254 0.171217 -0.098943 -0.149320 0.191853 0.045354 -0.093178 -0.025370 -0.116305 -0.037730 -0.190970 -0.173109 0.121692 -0.123158 0.043327 -0.084535 -0.035776 -0.093106 0.220724 -0.045997 -0.349504 0.151230 -0.067304 0.193563 -0.230444 -0.061501 0.006713 -0.228945 0.145370 0.216764 
-0.129398 -0.105493 0.043459 -0.119497 -0.108754 0.091047 0.252881 0.176752 -0.092239 -0.039934 0.169216 0.189140 -0.164138 0.038495 0.212983 -0.288413 -0.159017 -0.137377 -0.083720 0.199247 0.222360 0.000566 0.114186 0.318214 0.024248 0.102963 -0.120241 0.155013 -0.003060 0.063429 0.016367 -0.026262 -0.297924 0.236275 0.165723 0.100536 -0.034166 0.112557 0.051008 -0.064118 0.178948 0.104929 0.045107 -0.007199 -0.129019 -0.060923 -0.035923 0.066289 0.139623 -0.080847 
-0.147044 0.158574 -0.237025 0.014848 -0.078382 0.020833 0.056641 -0.182078 -0.086368 0.242175 0.190397 -0.202381 0.002362 0.122682 -0.044621 -0.037910 0.025290 -0.117534 0.094866 0.064840 0.168412 0.002490 -0.219829 -0.156432 -0.200898 -0.051998 0.194394 0.002864 -0.333032 -0.094282 -0.238932 -0.037807 -0.202179 -0.162104 0.228886 0.042928 0.105129 0.009558 0.153859 0.125976 0.051904 0.010536 -0.231623 0.008568 0.070968 0.012783 0.056127 0.196919 0.034591 -0.164826 
-0.140628 0.058522 0.122609 0.164123 -0.005475 0.155672 0.164955 0.125417 -0.010320 -0.083431 -0.183008 0.367537 0.187660 -0.012561 -0.223193 0.103816 -0.205035 0.133529 0.001407 0.062174 -0.004878 0.053908 -0.143234 -0.212311 -0.209157 0.016520 -0.103093 0.249890 -0.082232 0.054131 -0.095866 -0.045608 -0.123915 0.288818 -0.014025 -0.199621 0.056973 -0.160103 0.063429 0.145074 -0.145313 0.014264 -0.109388 0.130503 0.154315 -0.190863 -0.007176 0.030964 -0.118739 0.085269 
-0.148500 0.089628 -0.072423 0.251589 0.148707 0.004091 0.102608 -0.081751 -0.198752 -0.190779 0.104192 -0.120779 0.036854 0.005644 -0.254489 -0.007820 -0.120470 0.146134 0.031065 0.297683 0.094553 -0.029332 0.073294 -0.022717 0.133442 0.378227 0.098991 -0.173670 -0.197545 0.041348 -0.051870 -0.139735 0.253721 0.076860 -0.157157 0.010184 0.046416 0.159617 0.017759 0.100592 0.126363 0.069774 0.264589 0.051249 -0.087368 0.035877 -0.028095 -0.180624 -0.015056 -0.142761 
-0.146438 -0.113252 0.057619 -0.076528 -0.058186 -0.339320 -0.017303 -0.010294 0.168824 0.185119 -0.116363 0.169065 -0.222802 -0.156713 0.039813 0.093488 0.063096 0.026656 0.325564 0.195851 0.152150 -0.232507 0.129281 -0.021357 -0.234315 0.099518 0.042466 0.014017 0.027788 -0.154987 -0.060597 0.014871 0.078866 -0.000068 -0.153382 -0.064208 0.151938 -0.117985 0.108996 -0.124492 0.072419 -0.079817 0.136884 0.147260 0.227340 0.054259 0.015911 -0.043040 0.319472 0.014318 
-0.157074 -0.066303 0.106267 0.013470 0.241036 0.206717 -0.034845 -0.119295 -0.001229 -0.071818 -0.230803 -0.053822 -0.104851 -0.140278 0.099936 -0.065518 0.148780 -0.035553 -0.161902 0.005880 -0.187132 -0.053420 0.228054 -0.094349 -0.114074 -0.128270 -0.217410 -0.119910 -0.311771 -0.082317 -0.163779 0.282598 0.040163 0.132867 0.116558 0.173586 -0.163746 0.280892 0.211028 -0.035142 0.041678 -0.165908 -0.009463 0.099472 0.155299 -0.049481 0.027304 -0.069208 -0.009560 -0.028207 
-0.166576 -0.224225 0.054878 -0.040325 0.015318 -0.079636 -0.086528 0.075740 -0.192939 0.218202 -0.209710 -0.093022 0.054610 -0.161127 -0.293908 -0.034459 0.025671 -0.063493 -0.201892 -0.032218 -0.000461 0.122014 0.015269 0.306829 0.070379 -0.043199 0.142309 -0.182083 0.045585 0.141933 -0.060896 -0.049460 -0.063572 -0.058715 0.142102 0.084430 0.181896 -0.098910 -0.094515 0.228663 0.062067 -0.098752 0.246593 0.032927 0.164530 -0.257353 0.158507 0.193794 0.010407 0.169449 
-0.117322 0.155482 -0.052984 -0.169721 -0.362367 -0.191644 0.093203 0.008588 -0.213465 -0.087122 -0.025542 -0.008473 0.015674 -0.124806 0.164076 0.127558 -0.095964 0.064246 0.000325 0.126553 -0.129403 0.042321 -0.130214 0.080810 0.010333 -0.050024 -0.066203 0.072752 -0.189103 -0.103490 -0.095264 0.291710 -0.000231 -0.041681 -0.074045 0.092011 0.297804 0.121278 -0.184911 -0.139163 0.003557 0.008131 0.060800 0.010899 -0.071179 0.077818 0.173503 -0.157275 -0.332535 0.251755 
-0.131105 0.086204 -0.048126 -0.046452 -0.008477 0.033800 -0.087592 0.034445 0.084372 -0.337484 -0.141011 -0.141264 0.043566 -0.002895 0.050631 0.325430 -0.056766 -0.055937 0.115626 -0.100631 0.162746 0.238054 0.238699 0.005567 -0.190650 -0.075342 0.170866 -0.016410 -0.046844 -0.092995 0.194673 0.006957 -0.223673 0.030953 0.103399 0.365433 0.010793 -0.231714 -0.019429 0.041652 -0.134208 0.202217 0.188278 0.039642 -0.033754 -0.036966 -0.055918 -0.126733 0.033160 -0.171634 
