-0.130278 0.130611 -0.195155 -0.024000 -0.025574 -0.235015 0.017665 0.283539 0.166192 -0.124122 0.048129 -0.211469 -0.183833 0.092201 0.012441 -0.039210 0.132128 -0.055755 -0.162961 -0.050372 0.004130 0.006141 -0.117381 -0.084623 -0.037823 0.254078 -0.072402 0.100691 -0.139577 0.049893 -0.071408 0.019545 -0.125822 0.164751 -0.084841 -0.082548 0.042810 -0.054275 -0.145206 -0.172503 -0.213299 0.156559 -0.174449 -0.120809 -0.050039 -0.024229 0.046467 0.421965 -0.206156 0.154097 
-0.151188 -0.307110 -0.088597 -0.055132 0.054695 0.107027 0.219844 0.044311 -0.021119 -0.107431 0.023596 0.083811 0.180416 -0.175100 -0.186976 -0.184004 -0.023565 0.165334 -0.030022 0.152283 0.001858 0.173023 0.177496 0.152745 0.067187 0.063357 0.006094 0.165292 0.123568 -0.081049 0.163526 0.084179 -0.000868 0.129498 -0.279580 -0.169239 -0.122808 -0.090757 -0.280948 -0.116095 0.163963 -0.267061 -0.064413 -0.119949 0.032181 0.118338 0.023775 0.190989 0.074451 -0.116692 
-0.127757 -0.339796 0.197585 0.168609 -0.145107 0.039978 0.148778 0.123582 0.002027 -0.109438 0.195222 -0.125926 -0.046990 0.214119 -0.206882 -0.093144 -0.063775 -0.091475 -0.140320 -0.258296 -0.156937 0.067045 -0.017926 0.146591 0.121583 -0.133676 -0.078633 -0.188237 -0.093492 0.177323 -0.049351 0.022089 -0.181547 -0.058302 -0.137506 0.039525 -0.230246 0.081940 0.203318 0.086156 -0.133580 0.106497 -0.161574 0.103923 -0.129151 0.115229 0.102490 -0.107586 -0.001458 -0.156864 
-0.141433 -0.230553 0.060211 0.085511 0.029832 0.021382 0.041532 0.097618 0.225927 0.106867 -0.025319 0.112296 0.046988 -0.030198 0.111049 0.322088 0.160736 0.032262 0.301950 -0.127072 -0.089502 -0.252918 -0.068751 0.153341 -0.060688 0.164149 -0.193548 0.059723 0.383353 0.211235 0.009844 0.039569 0.200442 -0.107943 -0.176616 0.070828 -0.062279 -0.005538 -0.047044 -0.061961 -0.135451 -0.011172 0.061293 -0.012262 -0.168381 -0.208789 -0.075184 -0.001381 -0.071317 0.077567 
-0.150142 0.192647 -0.176857 0.134189 -0.192226 0.145100 -0.080834 0.107745 -0.111284 -0.313588 0.053252 0.156911 0.046466 0.025154 0.156252 -0.111171 -0.209619 0.071748 0.131662 0.000870 -0.001870 -0.082775 -0.080630 -0.203829 -0.009289 0.061436 -0.051766 -0.006006 0.123424 0.167147 -0.045567 -0.036100 -0.046509 -0.056777 0.192081 -0.093240 -0.117546 0.030101 -0.174332 0.152131 -0.115373 -0.331801 -0.234012 0.279412 -0.091640 -0.066135 0.195010 -0.010017 0.171766 0.082707 
-0.139586 0.236341 0.077821 0.103146 -0.094075 0.049325 -0.106484 0.208237 0.144564 -0.135118 0.023084 -0.212518 0.112825 0.058570 0.033360 0.098995 0.313509 -0.080978 0.112580 -0.028806 0.130845 0.215600 0.108938 0.030643 -0.109090 -0.008532 0.141637 -0.137262 0.177968 0.008581 0.361843 -0.024743 0.033311 -0.077057 0.112835 -0.016627 -0.092615 -0.175263 0.093981 -0.001403 0.117063 0.053298 -0.114365 0.121374 0.263563 -0.027014 -0.144021 0.071686 0.025649 -0.334448 
-0.136390 0.040511 0.236255 -0.083790 0.196397 -0.123628 -0.068994 -0.078725 -0.087810 0.094004 0.046704 0.052681 0.003913 -0.336668 0.089076 -0.058703 0.182884 0.004247 0.037986 -0.174674 -0.097290 0.096851 0.089428 -0.131266 0.119719 -0.197492 -0.042511 0.119773 0.048873 -0.191082 -0.088108 0.039547 -0.106448 -0.106069 0.212472 -0.104359 -0.115653 -0.230877 0.116042 0.071141 0.018592 0.039797 -0.128778 -0.012544 -0.434086 -0.148586 0.130599 0.240801 0.014167 -0.102019 
-0.139887 0.066701 0.118149 0.006723 0.057292 -0.159457 -0.055401 0.008341 -0.257368 -0.012675 -0.011623 -0.038387 0.300747 0.021094 -0.022660 -0.164078 0.069269 -0.146311 -0.322443 0.035629 0.051119 -0.136840 -0.127330 0.189968 -0.268633 0.058812 -0.254591 0.028453 -0.064985 0.149075 -0.283568 0.003778 -0.008822 -0.109512 -0.075190 0.071128 0.137791 -0.126879 -0.002138 -0.078523 0.198888 -0.211405 0.006865 0.094060 0.083680 -0.287287 -0.090873 -0.034887 -0.055687 -0.176911 
-0.132906 0.069681 0.284011 0.069431 -0.118158 -0.113633 -0.150684 0.161231 -0.162260 0.049096 0.040335 0.277662 -0.055005 0.007777 0.081723 0.042210 0.165562 0.223718 0.055948 -0.030220 0.190163 0.217236 -0.086058 0.338417 0.166621 0.141134 0.170040 -0.065485 0.004519 0.034092 -0.226185 -0.040544 0.063361 -0.049090 -0.033475 -0.248241 0.235051 0.097195 0.027331 0.121374 -0.078347 -0.042419 0.079874 -0.096346 0.122202 0.194778 0.208459 0.028115 -0.060751 0.044785 
-0.137396 -0.039426 0.125101 0.011877 0.081831 -0.389549 0.167549 -0.064949 0.045006 0.154417 0.186577 0.162270 -0.130474 -0.043291 -0.052043 0.203324 -0.012769 0.092920 -0.230685 0.108227 -0.062906 -0.051173 0.005012 -0.087313 -0.132136 0.015342 0.157501 -0.179991 0.028341 0.076023 0.215651 0.029434 -0.137194 -0.027860 0.192426 0.079592 0.076518 0.021968 -0.228473 0.069668 -0.058569 -0.247910 -0.029271 0.226349 -0.095538 0.240918 -0.278929 -0.024524 -0.131777 0.002945 
-0.138500 0.019233 -0.171537 0.208166 0.264714 0.134187 0.281329 -0.117613 -0.081557 -0.027789 -0.191236 0.053048 -0.059584 0.145886 0.192005 -0.173668 0.169993 0.003721 -0.017737 -0.369869 -0.027402 0.094436 -0.030090 -0.108293 0.053225 -0.035175 0.152746 0.059464 0.095556 0.023102 -0.105351 -0.355130 -0.003310 -0.033436 -0.087115 0.044233 0.158181 -0.155139 -0.054544 0.046571 0.064551 -0.035327 -0.155853 -0.106233 0.022883 0.135108 -0.212522 -0.172058 -0.135343 0.063634 
-0.144276 -0.159105 -0.032760 -0.143482 0.158469 -0.048790 -0.187675 -0.045152 -0.097994 -0.057694 0.083863 -0.000372 0.135330 0.198277 0.041118 0.034037 -0.109849 0.014790 0.029477 0.052607 -0.099809 0.117321 -0.285509 0.111960 0.256630 0.214136 -0.131495 0.199915 -0.044005 0.023258 0.353525 -0.128421 -0.011818 0.246738 0.183036 -0.135148 0.214924 -0.163268 0.149239 -0.117863 0.019071 0.135446 -0.008205 0.173053 -0.136591 -0.009092 -0.073037 -0.194893 0.087215 0.014494 
-0.157368 0.146618 -0.230197 -0.137403 0.115834 -0.155418 -0.250417 -0.143370 0.115109 0.032733 -0.044293 -0.095182 -0.017077 0.188720 -0.060282 -0.054362 -0.218288 0.212407 0.019822 -0.062644 -0.086156 0.069974 0.022011 0.046177 0.058880 0.095333 0.051337 0.084425 0.102746 -0.202275 -0.166466 0.277427 0.075959 -0.170633 -0.222927 0.056033 -0.051385 -0.053467 0.188551 0.199726 -0.295773 -0.152763 -0.031649 -0.015613 0.021153 0.067350 -0.229983 -0.020687 0.024677 -0.251134 
-0.157808 0.135010 0.087043 -0.011215 -0.050008 0.027492 0.042349 -0.239397 0.125662 -0.079822 0.237431 -0.051478 -0.110774 0.015545 0.328662 -0.305148 0.196823 -0.096668 0.162097 0.348032 -0.010811 0.062596 0.117517 0.105922 -0.023715 -0.146334 0.048960 0.198303 0.035232 0.170013 -0.129655 0.227109 -0.093273 0.094246 -0.091363 -0.028345 -0.032676 0.121177 -0.039771 -0.187596 -0.050169 0.117493 0.024492 0.107349 -0.095471 0.073607 -0.096664 -0.248757 -0.107126 0.015967 
-0.138342 0.005010 -0.089515 0.118868 -0.200881 0.029006 0.042030 0.230400 0.047654 0.301350 -0.036703 -0.071830 -0.081219 -0.061395 0.020450 -0.022595 0.115465 -0.044900 -0.071370 0.071695 0.061347 0.179446 -0.014121 0.048924 -0.268686 -0.015920 -0.336013 0.233348 -0.137249 -0.270102 0.002624 -0.162350 0.144702 0.109588 0.096545 0.030905 -0.191954 -0.135509 -0.044232 0.200158 -0.163419 -0.095258 0.147465 -0.001019 -0.092267 0.188587 0.036171 -0.285296 0.063932 0.028615 
-0.132402 0.160709 0.257748 0.011988 0.086452 -0.151976 0.236906 0.132498 -0.033417 -0.276179 -0.113808 0.060782 -0.141422 0.017194 -0.231824 -0.042590 0.061234 -0.032497 0.028914 -0.184029 0.057680 -0.277127 0.195236 -0.088242 0.109141 -0.090708 -0.064386 0.230889 0.017749 -0.116977 0.088437 0.170678 0.094012 0.350558 0.005749 -0.061024 0.142383 0.131084 0.057764 0.167966 -0.101063 -0.035685 0.127900 0.048291 0.154879 -0.171160 -0.054631 -0.136437 0.110848 -0.000112 
-0.140078 -0.018077 -0.000875 0.044638 0.136867 0.180423 0.026106 0.327368 -0.194886 0.074537 0.087941 0.141696 -0.001370 0.090048 0.039510 -0.012358 0.100529 0.204334 -0.083515 0.367198 -0.028822 -0.207214 -0.018083 -0.252374 0.052774 0.021738 0.047410 -0.243319 0.134940 -0.236022 -0.133180 0.044817 -0.017442 0.143712 -0.182638 0.110860 -0.100935 -0.175034 0.317110 -0.051677 0.076487 0.124638 -0.011989 0.148054 0.021216 0.034881 -0.037143 0.010944 -0.059041 0.131019 
-0.152442 0.201582 0.013852 -0.049928 -0.182211 0.089846 0.268521 -0.103474 0.013401 0.133444 -0.023388 0.090238 0.281371 -0.035560 0.133246 0.156935 -0.003153 -0.154097 -0.013167 -0.029667 -0.156045 0.080583 0.153227 0.124561 0.015283 0.243739 0.102674 -0.124525 -0.215026 -0.064005 0.074796 0.071516 -0.204261 0.094034 -0.000091 -0.029804 -0.065667 0.064450 0.320213 -0.045898 -0.109023 -0.219778 -0.125729 -0.229898 -0.009408 -0.166788 -0.117759 -0.018821 0.123638 0.260113 
-0.144162 -0.121102 0.165184 -0.076554 -0.043434 0.192235 0.011922 0.110927 0.381580 0.086038 -0.129498 -0.079268 0.060087 -0.255004 0.177757 -0.199885 -0.195249 0.081276 -0.014618 0.072462 -0.066868 0.036019 0.040842 -0.115206 0.073739 0.123145 0.049544 -0.118046 -0.223023 0.117165 -0.018695 -0.040131 0.203575 0.161769 0.007556 0.189028 0.318669 0.035573 0.024216 0.262489 0.045084 -0.020644 -0.087703 0.086006 -0.027071 -0.099076 0.041856 0.041642 -0.213733 -0.193864 
-0.144618 -0.075790 -0.194845 -0.007960 -0.139145 -0.275129 0.029066 0.018681 -0.228216 0.188745 -0.025718 0.064954 -0.144040 0.023022 0.158538 -0.000676 -0.174761 0.002239 0.016715 0.070612 0.142930 0.018211 0.393906 -0.168810 0.058297 -0.124355 -0.047795 0.029323 -0.123757 0.314516 0.216980 -0.183039 0.092799 -0.159412 -0.258418 -0.203985 0.011857 -0.096059 0.161538 0.022247 -0.029627 0.093320 0.097087 0.034108 0.040847 -0.194933 0.029021 0.040579 -0.023869 -0.041610 
-0.151209 0.162747 -0.107916 0.234101 0.046391 0.069204 -0.150535 -0.180602 0.204263 -0.017535 0.096329 0.147678 -0.177772 0.077240 -0.247713 0.019314 0.036640 -0.272993 -0.020450 -0.031764 -0.154993 0.160368 -0.085177 -0.087154 -0.056880 0.015031 0.021674 -0.034897 0.023151 -0.018277 0.109816 0.026965 0.029691 0.047882 -0.223937 -0.029875 0.098817 -0.003196 0.171001 0.033449 0.295679 -0.242047 0.325527 0.090428 -0.138769 -0.027387 0.271464 0.098014 -0.153861 0.085908 
-0.150324 -0.201755 -0.275661 -0.042063 -0.100464 -0.046016 0.125253 0.020726 0.021003 -0.112853 0.112762 -0.138043 0.023656 0.007276 -0.075419 -0.023757 0.138935 -0.212412 0.013432 0.192563 0.027855 0.105212 0.028700 0.088702 0.210572 -0.113637 -0.091769 -0.199715 0.136727 -0.280775 -0.149009 -0.091522 0.093931 -0.218525 0.152066 -0.103413 0.262015 0.258862 -0.052442 0.218178 0.033912 0.053711 0.051623 0.077137 -0.062120 -0.191434 -0.226692 0.109559 0.080033 0.153452 
-0.134806 -0.057198 -0.215089 -0.095660 -0.088425 -0.348112 0.205749 0.159092 0.052947 -0.108425 0.056187 0.151201 0.116949 -0.017745 0.109383 0.085418 -0.103902 -0.093812 0.281954 -0.064367 0.067527 0.074050 -0.167261 -0.013243 -0.070232 -0.163165 0.083168 0.037434 -0.049468 0.072759 -0.152705 0.164275 -0.034780 0.083391 0.029553 0.381368 0.095356 -0.146763 0.096705 0.024362 0.266400 0.095091 0.061656 -0.117004 0.002585 0.193811 0.113725 0.032825 0.254722 -0.065517 
-0.132128 -0.111612 -0.129224 -0.145186 -0.137153 0.245291 -0.132498 0.015791 -0.222625 0.212352 0.011162 0.001244 -0.147284 0.001730 -0.133770 0.116760 0.149116 -0.053443 0.238997 -0.178200 -0.172466 -0.008579 -0.009564 -0.142445 -0.004422 -0.198139 -0.103608 -0.111593 -0.195828 0.136516 -0.165307 0.239711 0.117398 0.192458 0.152183 -0.172305 0.140898 -0.028788 -0.041342 -0.230274 -0.009115 -0.189836 -0.064418 0.023907 0.135679 0.113291 -0.205067 0.078785 -0.066186 -0.123694 
-0.130071 -0.106010 0.119824 -0.205000 0.201875 -0.038976 -0.017696 -0.000318 -0.018851 -0.300629 -0.210868 -0.116957 0.045568 0.016982 -0.023616 0.133483 -0.073801 0.133235 0.304933 -0.056115 0.237577 0.194199 0.160277 -0.082661 -0.274999 0.066014 -0.207623 -0.121657 -0.181341 -0.131446 -0.051830 -0.079978 -0.148779 -0.106576 -0.046376 -0.008993 -0.046900 0.186530 0.100558 -0.142843 0.068422 -0.083551 0.033510 0.169023 -0.087090 0.111725 0.011213 -0.073180 -0.249756 0.166128 
-0.128044 -0.152018 0.092442 0.144603 -0.267449 -0.147439 -0.092534 -0.231921 0.024733 0.003985 -0.047069 0.141824 -0.011494 0.301959 0.004330 -0.121272 -0.054797 0.095881 0.117441 0.002505 0.135417 -0.023141 -0.011902 -0.001967 0.194134 -0.008177 -0.051379 -0.057388 -0.063095 -0.195367 0.021458 0.061453 0.017304 0.105253 0.227637 0.177572 -0.287629 -0.166258 -0.163367 0.020584 0.143764 -0.017549 -0.015268 -0.177082 0.134726 -0.255583 -0.040548 0.032097 -0.367108 0.075130 
-0.149598 0.052563 0.023165 -0.270602 -0.201053 0.135873 -0.041217 0.033833 0.123149 -0.171834 -0.229569 -0.026633 -0.041380 0.093768 0.028197 -0.171659 0.135924 0.205777 -0.173841 0.022017 0.032378 -0.246479 -0.122020 0.042558 -0.002565 -0.263813 -0.082732 -0.168102 0.009720 0.097014 0.262310 0.050443 -0.115120 -0.214945 0.031596 -0.030242 0.142571 -0.164609 0.046046 -0.023888 -0.032920 -0.103114 0.232242 -0.308425 -0.209607 0.128540 -0.007597 -0.023558 0.055038 0.092464 
-0.138869 -0.061567 -0.080240 0.124245 0.299627 -0.023089 -0.076058 0.018142 0.128539 0.145661 -0.131037 -0.022035 0.106089 0.245073 0.175322 0.151251 0.126605 0.044071 -0.137220 0.132759 0.154277 -0.012400 -0.026755 -0.179345 0.115923 -0.088111 -0.085679 -0.021475 -0.016319 0.127702 -0.061744 -0.035281 -0.125238 0.178371 0.127994 -0.082090 -0.155586 0.451551 -0.000055 0.006455 0.069232 -0.128236 0.057759 -0.246499 -0.051506 -0.019518 0.107642 0.033166 0.159697 -0.301788 
-0.130303 0.128945 -0.085338 0.141575 -0.249278 0.074560 -0.070480 -0.020564 -0.153505 0.126311 -0.037805 -0.049606 0.001539 0.002720 0.188424 0.082094 -0.230814 0.103096 -0.093367 -0.206890 -0.010624 -0.160562 0.166370 0.238377 -0.082868 -0.116903 -0.071908 0.039853 0.220384 -0.309053 0.116657 -0.026264 -0.166919 0.161159 -0.059070 0.133562 0.241756 0.254946 -0.048395 -0.186185 0.124756 0.137337 -0.060903 0.108688 -0.154442 0.087737 0.057485 0.128419 -0.094914 -0.151356 
-0.147073 -0.038496 0.023491 0.146670 0.059399 0.010996 -0.085559 -0.050847 0.005752 0.063550 -0.047283 0.068737 -0.247980 -0.097974 -0.094215 -0.176022 0.003410 -0.032280 0.253893 0.072843 0.182411 -0.316688 -0.277433 0.203620 -0.157902 0.024550 0.207529 0.019310 -0.347713 -0.109325 0.123322 -0.167698 0.020238 -0.055361 -0.121994 -0.054351 -0.121599 0.133643 0.069452 0.013984 0.090803 0.012125 -0.189195 0.022063 -0.110429 -0.039961 -0.223903 0.154590 0.236400 -0.062808 
-0.127915 -0.052358 -0.134576 -0.173033 0.072081 0.055541 0.086331 0.073723 -0.066638 0.255807 0.033934 0.059432 -0.006964 -0.056437 -0.118400 -0.300325 -0.042009 -0.199913 -0.087944 -0.199845 0.401608 -0.010522 -0.068704 -0.091172 -0.070513 0.239153 0.136831 -0.063899 0.211251 0.005524 0.148988 0.317253 0.126722 -0.127361 0.179603 -0.019176 -0.032290 0.164543 0.074098 -0.121265 -0.006696 0.087476 -0.079581 -0.031886 -0.061616 -0.005838 0.167361 -0.196572 -0.117444 0.028614 
-0.140651 -0.246878 -0.023356 0.002053 -0.012470 0.082356 -0.107527 -0.251194 -0.056345 -0.345672 0.106967 0.246761 -0.245481 -0.185363 0.253197 0.112473 0.082637 -0.088687 -0.236397 -0.070073 -0.004816 0.049758 0.022421 -0.115333 -0.174819 0.207546 -0.070406 -0.184287 -0.063282 -0.183682 0.021026 0.022483 0.063456 0.012107 -0.035612 0.087050 0.025250 -0.041585 -0.043072 -0.098417 -0.202993 0.132671 0.082684 -0.122155 0.153606 -0.067386 0.058534 -0.059638 0.198403 -0.213844 
-0.130506 0.007909 -0.292496 0.055073 -0.053732 -0.038521 -0.126010 0.139676 0.161723 -0.178628 0.008305 0.109455 0.086305 -0.407839 -0.090392 0.077655 0.012877 0.096352 -0.171197 -0.089804 -0.093542 -0.181322 0.044053 0.096021 0.213160 -0.011265 0.132141 0.189538 -0.109442 0.056587 -0.120055 -0.130494 -0.050651 -0.107854 0.195705 -0.053455 -0.233755 0.103705 0.174169 -0.174472 0.103125 0.044642 0.162855 0.052505 0.126052 0.063302 -0.108815 -0.181313 -0.249539 -0.031116 
-0.150524 0.113057 0.089408 -0.107823 -0.138204 -0.069879 0.003823 -0.124792 0.251093 0.044570 -0.184796 0.088128 0.201738 0.000233 -0.119523 0.102647 -0.123878 -0.046088 -0.161919 -0.069931 0.188515 0.110107 -0.138316 -0.080232 0.031342 -0.246132 0.164526 -0.193462 0.060369 -0.046340 -0.200609 -0.149409 0.207322 0.209492 -0.183361 -0.197503 -0.112152 -0.099905 -0.161212 -0.270380 -0.123196 0.138967 -0.015640 0.218738 -0.115078 -0.069199 -0.039889 -0.075883 0.158759 0.048540 
-0.153273 0.014406 0.108107 -0.041763 -0.079344 -0.139220 -0.075908 -0.076139 0.082101 0.141561 0.456477 -0.351075 0.053181 -0.100532 -0.028616 -0.129829 0.005431 0.310321 0.107522 -0.211873 -0.095629 -0.093698 -0.053572 -0.263887 -0.047586 0.088785 -0.019645 -0.080196 0.066318 -0.064506 -0.025520 -0.191528 -0.037097 -0.001073 -0.097773 -0.072733 0.034762 0.085896 -0.057489 -0.068663 0.183173 -0.042962 0.066502 -0.165796 0.184505 -0.066365 0.061631 -0.169552 0.203338 0.134416 
-0.157089 0.190824 -0.018491 0.184565 0.233926 0.120468 0.028576 0.008158 0.166114 0.008023 0.067190 0.052284 -0.203126 0.090357 -0.196226 0.059474 -0.201601 0.197473 -0.069874 0.060153 0.001720 0.055586 0.338542 0.224752 -0.048952 0.064818 -0.185744 -0.122291 -0.073376 0.150812 -0.137449 0.084833 0.156536 -0.088565 0.266002 0.000369 0.069957 -0.161947 -0.063566 -0.119932 0.192763 0.203617 -0.140816 -0.129074 -0.077037 -0.027050 -0.013481 -0.056720 0.226177 0.111398 
-0.141966 -0.195168 -0.117591 0.061802 0.218735 -0.012501 -0.126346 -0.044074 -0.098141 -0.059774 0.088288 -0.314056 0.114003 0.051333 0.030966 0.082070 0.041194 -0.019280 -0.015392 0.036796 0.012208 -0.159703 0.162858 0.231126 -0.148457 -0.230027 0.405600 -0.015864 -0.072885 -0.015279 0.024829 -0.034468 0.200346 0.135645 0.127149 0.121139 0.045706 -0.128187 0.009340 -0.016307 -0.260820 -0.180021 0.003196 -0.013318 0.007990 -0.065161 0.333009 -0.002200 -0.053067 0.178946 
-0.143320 -0.070622 -0.028609 -0.287017 0.010409 0.011606 -0.094511 -0.238765 0.153970 0.148430 -0.159678 -0.060361 -0.153161 -0.039222 0.024736 0.087017 0.124835 -0.180597 -0.069045 -0.003889 0.104780 -0.234158 0.113530 0.135344 0.145250 0.082493 -0.151322 0.010447 0.124057 0.055484 -0.086847 -0.062228 -0.243026 0.061894 -0.038571 -0.000153 -0.074913 -0.141354 0.012790 0.230402 0.153927 -0.002328 -0.210006 0.228550 0.315061 0.210105 0.205660 0.037675 0.115612 0.149978 
-0.147979 0.095407 -0.098658 0.118636 -0.038622 -0.013836 0.339080 -0.375572 -0.172080 -0.000324 -0.165230 -0.150238 0.139086 -0.070650 -0.040830 -0.018682 0.139688 0.321062 -0.015857 0.025335 -0.131683 0.009322 -0.211497 0.008496 -0.094014 0.084133 -0.088087 -0.039917 -0.049517 0.123335 0.064199 0.129708 0.220209 0.003071 0.112283 -0.053464 -0.123863 0.098226 0.097535 0.121597 -0.028362 0.259025 0.148032 0.192323 0.086722 0.101981 0.137541 0.233720 -0.021602 -0.007737 
-0.114582 0.206225 -0.077185 -0.282394 0.143160 0.125507 -0.022816 0.014152 -0.152154 -0.066032 0.235385 0.079727 0.101646 -0.022946 -0.040093 0.052561 -0.154253 -0.145831 0.103073 -0.032215 -0.035224 -0.097685 -0.001988 0.138171 -0.157431 -0.009826 -0.000333 -0.202659 0.047755 0.096434 -0.004399 -0.154387 -0.043234 0.237166 -0.039738 -0.149970 -0.195704 -0.013365 -0.189384 0.398936 0.015874 0.233144 0.145979 -0.227039 -0.084763 0.022005 -0.087747 -0.010650 -0.239033 -0.115828 
-0.133415 -0.027020 0.065941 -0.261731 0.004207 0.154338 0.010889 0.169121 0.004781 0.075847 -0.004268 0.095015 0.038585 0.340199 0.135869 0.070728 0.100608 0.028029 -0.103513 -0.149408 -0.234925 -0.006508 0.098041 -0.032559 -0.041219 0.078086 0.265221 0.227040 -0.273148 -0.113444 0.000669 0.105728 0.036217 -0.266858 -0.035433 0.015876 -0.103540 0.091385 -0.309886 0.058327 0.195205 0.144210 0.168828 0.228766 -0.006701 -0.110027 0.057815 0.022072 0.111642 0.040495 
-0.147657 -0.105301 0.253869 0.139483 -0.155882 -0.053778 -0.039218 -0.033318 -0.088976 -0.075539 -0.186742 -0.202732 0.065772 0.084121 -0.007662 -0.004700 -0.203193 -0.319111 0.047459 0.138830 -0.125619 -0.193536 0.146836 -0.198576 -0.025723 0.292274 0.162806 0.093410 0.144411 -0.015371 -0.170193 -0.066826 0.121478 -0.080270 0.148134 -0.176052 -0.009985 -0.080609 0.030979 -0.062203 0.068248 0.039323 0.148336 -0.161288 -0.112226 0.354743 -0.076234 0.086685 0.045381 -0.062952 
-0.138410 0.024333 0.032097 0.075387 0.151384 -0.125509 -0.077602 0.197728 -0.172379 0.076818 -0.377891 -0.203994 -0.253643 -0.218340 0.118127 -0.116733 -0.165176 -0.084906 0.056069 0.019912 -0.285129 0.206064 -0.145827 0.142161 0.098995 -0.007939 0.061730 -0.248221 0.121926 0.039220 0.053334 0.128220 -0.170006 0.043443 -0.019443 0.051208 -0.158136 0.025943 -0.190792 -0.063617 0.023600 -0.001741 0.188088 0.007007 0.123748 -0.169067 -0.015940 -0.121092 0.095270 0.109962 
-0.152482 0.006122 0.053146 0.315949 0.155288 0.238557 0.042370 -0.017409 0.050383 0.101951 0.134077 -0.073808 0.210913 -0.104632 0.028636 0.110633 -0.187293 -0.091200 0.070901 -0.042440 0.307583 -0.063937 -0.098731 -0.092610 0.165575 -0.076836 -0.074701 0.065328 -0.173780 -0.044608 0.026617 0.208244 -0.324279 -0.182734 -0.056194 -0.046036 0.139074 -0.203379 -0.171986 0.036040 -0.209862 0.092500 0.260111 0.057555 0.156735 0.047670 -0.063030 0.088013 -0.003400 0.043271 
-0.135604 0.150250 -0.013447 0.100086 -0.000877 -0.104949 -0.285991 -0.034863 -0.173801 -0.016604 -0.097863 0.058492 0.267892 -0.114352 -0.219290 0.017013 0.238442 -0.106964 0.051180 0.081257 -0.096477 -0.027753 0.115136 -0.142294 0.216554 0.024510 -0.107777 -0.069817 -0.160443 0.035186 0.165493 0.032784 0.126120 -0.095569 -0.224436 0.311808 0.055386 0.142813 -0.246417 0.031117 -0.064110 0.152634 -0.239799 -0.111283 -0.102447 0.181260 0.060416 -0.165665 0.009295 0.089291 
-0.130676 -0.117196 -0.058720 0.009444 -0.110881 0.039282 -0.027669 -0.045177 0.044219 0.101083 -0.177950 0.158254 0.037244 0.033925 -0.387692 -0.034698 0.067749 0.110208 0.135174 0.187856 -0.141836 0.076029 0.025229 -0.102436 -0.299763 0.012003 0.176442 0.145727 0.134546 0.047775 -0.087446 -0.130243 -0.437242 -0.016554 0.107795 0.000987 0.211284 -0.008979 -0.006365 0.031710 -0.187449 0.210644 -0.043776 -0.057016 0.072582 -0.225834 0.122966 -0.104397 -0.004122 -0.124751 
-0.150900 0.238442 0.107118 -0.241563 0.080991 0.082432 0.269250 -0.007200 -0.043663 0.069223 0.108474 0.028470 -0.136152 0.061856 -0.109683 -0.016865 -0.089634 -0.106499 0.134587 0.136057 -0.054523 -0.022846 -0.066828 0.054293 0.242102 0.003424 -0.092657 0.017154 0.014437 -0.064731 0.001192 -0.362231 0.082663 -0.188904 0.078768 0.294691 -0.041911 0.041429 -0.025225 -0.309905 -0.224429 -0.138478 0.091570 -0.002171 0.134523 0.010383 0.192695 0.113610 -0.045916 -0.238042 
-0.144363 -0.018398 0.116508 -0.095586 -0.124935 0.233970 -0.131895 -0.060784 -0.206489 -0.044344 0.054826 -0.139360 -0.149054 -0.082149 -0.128609 0.144339 -0.021312 0.081497 -0.181435 -0.015231 0.260205 0.244683 -0.026280 -0.069779 0.042940 0.022247 0.122489 0.270211 0.136875 0.269111 -0.059232 -0.065687 -0.004870 0.107394 -0.008223 0.390076 -0.089596 0.094512 0.069928 0.094987 0.030403 -0.026844 0.095519 -0.037768 -0.106329 -0.076088 -0.263603 0.175481 0.100225 0.185225 
-0.147608 0.044590 0.076542 -0.029346 -0.053235 0.061643 0.154616 -0.015501 -0.067347 -0.084725 -0.008950 -0.159335 -0.167649 -0.061999 0.024832 0.418621 -0.156338 -0.013406 -0.101044 0.197717 -0.023498 0.021773 -0.296856 -0.072638 -0.006953 -0.170694 0.041026 0.198672 0.003972 -0.094021 0.036776 0.136341 0.096815 -0.177199 -0.112403 -0.176423 0.043010 0.004667 -0.002429 0.072838 0.176713 0.000330 -0.365646 -0.208571 0.065244 -0.090776 0.134595 -0.232748 -0.199989 -0.036424 
-0.137603 -0.064577 0.164176 -0.007304 0.141483 -0.008270 -0.160911 0.059700 0.106326 0.026293 0.036664 0.248377 0.140557 0.025735 0.083360 -0.177938 -0.193379 -0.111775 -0.086764 -0.018612 -0.196174 0.101479 -0.066934 -0.036311 -0.227840 -0.317272 -0.143250 0.144980 0.118995 0.004644 0.128630 -0.039516 0.134818 -0.082227 0.070822 -0.021968 -0.034450 0.197306 0.135250 -0.005609 -0.092226 0.089781 -0.127702 -0.093053 0.357087 0.128316 -0.091904 0.247770 -0.015631 0.288224 
