-0.146393 -0.311486 -0.006771 -0.139604 0.091662 0.057305 -0.018332 0.121808 -0.032028 0.321337 0.166345 0.063935 0.038607 -0.049567 0.211648 0.123680 -0.167958 0.261451 -0.010004 -0.081289 0.047542 -0.225862 0.028732 -0.176387 -0.196145 0.030519 0.009272 -0.073823 0.046493 -0.009077 -0.066051 -0.075355 0.166117 0.107093 0.195113 -0.165637 0.138129 -0.176006 0.020842 -0.157251 -0.088790 0.102463 -0.080962 -0.183765 -0.250179 -0.131425 -0.071946 0.046140 0.251918 -0.015304 
-0.162916 0.047157 0.048321 0.097472 -0.123023 -0.148813 -0.182297 -0.023813 0.118153 0.149927 0.128415 0.319690 0.199420 -0.086462 0.093419 0.092500 0.018511 -0.130791 0.047904 0.210365 0.024192 0.118136 0.107072 -0.042985 -0.099806 -0.126114 0.025116 -0.016975 -0.196206 -0.312072 0.255729 -0.039696 -0.170269 -0.086149 -0.225212 -0.010735 -0.240673 0.057544 0.096012 -0.158830 0.017413 0.213442 0.186215 -0.038794 -0.153978 -0.152356 0.091348 0.104730 -0.014737 0.125479 
-0.158403 0.121200 0.305186 0.035343 0.007704 0.032397 0.025683 -0.077864 -0.302521 0.009484 0.134039 0.073630 0.106232 0.128732 0.054957 0.111630 -0.067493 -0.116035 0.156695 0.028203 -0.024651 -0.139365 -0.212076 -0.047965 -0.102653 -0.013410 0.107880 0.224299 0.087584 -0.107337 -0.014604 0.198062 0.190072 0.046748 0.130392 -0.084948 -0.046350 -0.012165 0.238522 0.168944 0.165662 -0.214832 0.275864 0.074440 0.250087 -0.036565 0.022695 0.233615 0.119067 -0.137984 
-0.135176 0.215371 -0.216431 0.053231 -0.052595 0.051162 0.098629 0.099896 0.228391 0.074467 0.099589 0.065721 -0.057317 0.003583 0.168587 -0.063420 0.317440 0.080872 0.255022 0.039037 -0.241225 -0.209364 -0.011130 0.040602 -0.246980 0.042963 -0.103775 -0.014473 0.035806 -0.116175 -0.032264 0.035651 0.157326 0.118550 -0.033441 0.095599 -0.064632 0.088318 0.065953 -0.126536 0.061237 -0.180170 -0.140715 0.000080 0.017688 -0.124664 -0.099341 -0.200112 -0.300644 -0.301238 
-0.110260 -0.084809 -0.031254 0.047527 0.249278 0.018817 0.126634 0.135426 0.051055 -0.347099 0.185393 0.026071 0.008043 -0.108817 0.099183 -0.001875 0.137909 0.021253 -0.001081 -0.141030 0.047463 0.205068 0.064660 0.181248 -0.223145 -0.097393 -0.177912 0.166580 0.124346 -0.019965 0.133979 -0.086257 0.030157 -0.059334 0.096632 0.138249 0.136606 -0.036829 0.237096 0.157148 -0.123101 0.043842 0.159979 -0.176399 -0.139263 0.189365 0.376739 -0.101447 0.063940 -0.029572 
-0.150214 -0.011555 0.090642 0.073904 -0.032993 -0.091743 -0.184006 -0.160299 0.120336 0.259670 0.080550 0.035110 0.007949 -0.048474 -0.249429 -0.028818 0.018248 -0.070261 -0.114276 -0.072019 0.116925 0.269084 -0.119694 0.344105 -0.252199 0.043933 0.064216 0.033254 0.152538 -0.000893 -0.052930 -0.081265 -0.108855 -0.012400 0.175037 0.070017 0.047331 0.164387 -0.279110 0.183093 0.000236 -0.061601 -0.147935 -0.147770 0.069462 -0.262921 -0.031829 -0.010118 0.136931 -0.253269 
-0.121391 -0.043181 0.037974 -0.223661 0.020367 0.128043 0.017764 -0.133469 0.206738 -0.087017 0.031737 -0.162451 0.189456 0.020188 0.149638 -0.228457 -0.156243 -0.192838 -0.049995 0.050303 -0.119585 -0.051386 -0.481190 -0.086741 -0.047487 -0.036730 -0.070626 -0.099133 0.008220 0.083137 -0.130175 -0.130238 0.054366 -0.076425 -0.244423 0.122825 0.022903 0.181918 0.018044 -0.076442 -0.327629 0.059307 -0.027297 -0.032092 -0.008236 -0.003846 0.089065 0.277725 -0.027787 -0.067014 
-0.128035 -0.026585 -0.075247 -0.186790 -0.218691 0.096238 -0.261877 -0.035402 -0.057682 -0.050317 -0.040173 -0.124692 -0.024433 -0.138767 0.223550 0.133700 0.085268 -0.257100 -0.103228 0.028167 -0.045630 0.054354 0.076454 0.100140 0.102755 0.087594 0.069147 -0.310483 -0.116313 0.174715 0.006737 -0.009960 0.151108 0.102558 0.175496 0.103944 0.009602 -0.261836 0.078713 0.296943 -0.036637 0.081941 0.246534 0.113990 -0.095419 -0.235253 0.034173 -0.097208 -0.169764 -0.108026 
-0.143334 0.242839 -0.042690 -0.140652 -0.170750 0.067967 0.180746 -0.207821 0.066583 -0.074584 0.065689 0.000359 -0.182331 -0.075865 -0.067388 -0.261419 -0.123674 -0.129814 0.186693 0.067716 0.215745 0.037010 0.021122 0.059033 -0.036428 -0.065532 0.130403 0.240089 0.120117 0.159680 -0.044730 -0.128045 0.170515 -0.111585 0.186475 -0.036330 -0.202975 -0.289363 -0.044723 -0.156349 0.194565 0.120956 -0.060081 -0.138850 -0.223881 0.015154 -0.041559 0.094485 -0.105487 0.156602 
-0.135684 0.154353 -0.152480 0.006257 -0.020337 -0.073131 -0.000200 0.182196 -0.201217 -0.015038 -0.100479 -0.097865 0.347968 -0.178232 -0.232975 0.169991 -0.093455 0.092075 0.111525 -0.167256 -0.030475 -0.005195 -0.022635 -0.015090 0.049998 0.165307 0.131226 0.099053 0.088730 0.106218 0.150318 0.166236 -0.034058 -0.173619 0.120713 -0.050377 -0.238661 0.023768 0.134877 -0.000690 -0.319088 0.096275 -0.299530 0.149558 -0.135919 -0.050235 0.095096 0.065441 -0.125644 -0.127021 
-0.158189 -0.178985 -0.074116 0.042708 0.055782 0.104283 0.186344 -0.058572 -0.058895 0.028230 -0.268253 -0.111426 -0.016231 -0.089593 0.027655 0.052260 0.002357 0.041448 0.380440 -0.027542 0.191138 0.057530 -0.240959 0.087496 -0.180647 0.041753 0.231482 -0.064537 -0.318575 0.015068 0.075439 -0.099473 -0.179177 0.120534 -0.186131 -0.063286 -0.071076 -0.089368 0.045716 0.121384 0.049272 0.203063 0.046535 -0.070737 0.145023 0.202955 -0.158689 -0.197362 0.097916 -0.137583 
-0.132308 0.003199 -0.128262 0.106521 -0.354105 -0.103581 0.190909 0.006112 -0.014183 -0.312183 -0.006778 0.206854 0.214402 -0.106433 -0.061335 0.122356 -0.043822 0.246355 0.016535 0.156821 0.041560 0.088516 0.118639 -0.050976 0.056308 0.113995 -0.034899 -0.074640 0.099895 0.030482 -0.326603 -0.063775 0.146671 -0.100950 -0.241484 -0.122464 0.206013 0.076449 -0.067226 0.216102 0.030034 0.011557 0.107221 -0.191026 -0.019099 -0.042294 -0.170955 0.117318 0.025971 -0.088811 
-0.144109 -0.114403 0.230348 0.060904 -0.028684 0.190041 -0.053818 -0.295818 0.161615 -0.194374 0.247255 -0.016877 0.002682 -0.035831 -0.004690 0.199292 -0.105740 0.235752 0.289599 -0.100533 -0.154430 0.156786 0.226710 -0.112997 0.089557 -0.107117 0.075595 -0.056876 -0.026178 0.111637 -0.077246 0.017295 -0.145644 0.278249 0.146997 0.267159 -0.091075 0.109081 0.002499 -0.041110 -0.086861 -0.009862 -0.137265 0.068376 0.122434 -0.007223 -0.047141 0.077135 -0.066866 0.148802 
-0.154573 -0.141593 -0.103256 -0.173596 0.152948 -0.020282 0.154697 -0.127887 0.103760 -0.042119 0.051748 0.105718 0.136986 -0.148106 -0.018487 -0.053378 -0.309540 -0.178301 -0.033183 -0.182024 -0.161965 -0.033950 0.245030 0.228338 -0.024205 0.075201 0.022441 -0.100020 -0.041313 -0.075050 0.148934 0.093944 0.226408 -0.216830 -0.012355 0.050905 0.077040 0.157807 -0.096925 -0.126716 0.204643 -0.023014 0.084409 0.345515 0.030260 0.156804 -0.207153 -0.092238 0.129378 -0.067088 
-0.149899 0.068303 0.046729 -0.313416 0.033752 0.067011 0.172278 0.056486 0.057078 0.073247 0.213406 -0.035427 -0.045604 -0.025677 -0.235900 0.064225 0.000303 0.101545 0.104443 0.052621 0.135798 -0.328065 0.015793 0.038970 0.295921 -0.189732 -0.303793 -0.089892 -0.141842 0.086527 0.071427 -0.008405 -0.116994 -0.021188 -0.012428 -0.135341 -0.210328 0.185028 -0.189224 0.239781 0.048981 -0.028607 0.127285 -0.061718 -0.036338 -0.076523 0.205884 -0.116882 0.077981 -0.102764 
-0.151995 -0.049026 -0.289656 -0.066811 0.186814 -0.289858 0.019679 -0.166140 -0.143994 0.069609 0.022208 -0.105182 0.119395 -0.031748 -0.025063 -0.098549 -0.012540 0.181208 -0.165288 0.057804 0.009343 0.321944 -0.168563 -0.093747 0.024074 -0.040861 -0.231401 -0.166367 0.009150 -0.049542 0.024345 0.018258 0.103924 0.345678 -0.005628 0.001461 -0.268337 -0.047121 0.089997 0.083660 0.263569 -0.207238 -0.067806 0.031383 -0.100102 0.114729 -0.027351 0.117885 -0.053132 0.081569 
-0.120084 0.147515 -0.165469 0.191361 -0.038471 0.051930 -0.102182 -0.019858 -0.322703 -0.010865 -0.004300 0.077381 0.137033 0.182775 0.160856 -0.023100 0.031868 -0.028569 -0.021622 0.133027 -0.039225 -0.120650 0.067181 0.158701 -0.017670 -0.380359 -0.189427 0.146536 -0.043521 0.127196 -0.122109 -0.276516 0.023435 0.043192 -0.001184 0.157021 -0.041329 -0.051189 -0.115970 0.048150 -0.123679 0.137584 -0.174090 0.299719 -0.005328 0.055709 -0.113016 -0.080333 0.307291 -0.007758 
-0.136823 -0.034534 -0.163108 0.044914 -0.244464 -0.030041 -0.018473 -0.254078 0.064442 0.177752 -0.102534 -0.056407 -0.154575 -0.075545 0.178515 0.104883 0.071669 0.209770 0.096409 -0.035627 -0.130953 -0.045314 -0.128165 0.120059 0.112628 0.286143 -0.268151 0.072800 0.074358 0.033097 0.160282 0.023208 -0.047553 -0.320325 -0.032311 0.097758 0.011242 -0.156162 0.056561 -0.025375 -0.011026 -0.122199 -0.009021 0.001311 0.235934 -0.031971 0.185217 0.031163 0.258291 0.268298 
-0.142477 0.205966 -0.007417 -0.373536 -0.102532 0.077635 -0.181458 0.172142 -0.038853 -0.190233 -0.009803 -0.065256 0.069868 0.128899 -0.142249 -0.136603 0.030356 0.053486 -0.108961 -0.020101 -0.105863 -0.042780 0.189307 -0.023345 -0.308688 0.031295 0.096748 -0.178842 -0.093686 -0.248472 0.040111 -0.069067 -0.011450 -0.034717 0.036743 -0.041479 -0.119398 -0.106375 -0.015075 0.099453 -0.118239 -0.125742 -0.115327 -0.214113 0.304653 0.132466 -0.082438 -0.026197 0.151383 0.257628 
-0.136718 0.147638 0.199258 0.041239 0.156470 -0.102900 0.024083 -0.107523 0.207133 0.069979 -0.232380 -0.121056 -0.051081 0.010630 0.174444 0.064540 0.048755 0.053150 -0.047207 0.140379 -0.198909 -0.020185 0.113037 -0.108402 0.015882 0.113342 0.185010 0.142623 -0.172235 -0.114380 -0.201893 -0.025152 -0.069243 -0.149384 0.084899 0.005816 -0.103239 0.015157 -0.127062 0.263197 -0.079651 -0.249900 0.015894 0.043379 -0.444467 0.231132 0.010384 -0.002021 0.135656 -0.050979 
-0.151705 0.013397 0.207228 0.200006 -0.121443 -0.119106 0.246148 -0.015060 -0.073714 -0.089998 0.139905 -0.098997 -0.033436 -0.054595 0.095147 0.046626 0.279402 -0.029353 -0.329693 -0.089251 -0.230431 0.016018 -0.182881 -0.091443 -0.041161 -0.073101 0.037649 -0.174475 0.047174 0.197484 0.052814 0.146069 0.002260 -0.111715 0.175163 -0.143478 -0.240596 0.110815 -0.111706 -0.168179 -0.001643 0.243149 0.089825 -0.129403 0.048087 0.095030 -0.184052 -0.189779 0.088362 0.056705 
-0.140216 0.088358 -0.101523 -0.133813 0.020434 0.268363 -0.085392 0.065155 -0.123746 0.032127 -0.059081 0.011810 -0.157885 -0.368251 -0.111971 -0.057232 0.165904 0.046411 -0.077713 0.058614 -0.234963 0.053652 -0.048539 -0.289548 -0.084358 -0.095265 -0.061837 0.187006 -0.007111 0.054650 0.201248 -0.047263 -0.254901 -0.029186 0.061327 -0.016743 0.332438 0.122717 -0.029277 0.094115 0.222101 0.107179 0.017809 0.097622 -0.047143 0.017795 -0.168629 0.267589 -0.022069 -0.030722 
-0.138873 0.187220 0.252384 -0.055932 0.002340 -0.157344 -0.020920 0.153854 -0.014453 0.158131 -0.028504 -0.127150 -0.085470 0.037852 0.102001 -0.020000 0.136932 0.077701 0.182588 -0.152159 0.132667 0.063964 0.027473 0.240440 0.264042 -0.254009 -0.016690 -0.290743 0.184059 -0.114410 0.121578 0.118558 0.034403 -0.092363 -0.128889 0.145942 0.215196 -0.078095 0.103265 0.006797 -0.049818 0.039246 -0.078253 -0.079932 -0.106962 0.165380 -0.283925 0.251887 -0.005952 -0.040913 
-0.136310 0.130257 0.114926 -0.111560 -0.018969 -0.141077 -0.011565 -0.180020 -0.096349 -0.079130 0.068867 0.315934 0.196277 0.167222 0.060909 -0.312202 0.040838 0.050913 0.025731 -0.119839 -0.032679 0.055537 -0.072373 -0.181753 0.137430 0.092966 0.067472 0.044583 -0.161788 0.167534 0.220350 0.217532 -0.119608 0.107181 -0.088191 0.020829 0.322914 -0.240435 -0.172289 -0.036604 -0.039514 -0.078710 -0.100463 -0.058749 -0.077370 -0.038794 0.115802 -0.261249 0.036442 -0.115928 
-0.122694 -0.136482 -0.012165 -0.043711 0.146408 0.045620 0.289970 0.038541 -0.065164 0.018257 -0.282361 0.055398 -0.028910 0.000565 -0.113028 0.082391 -0.046578 -0.350901 0.007147 0.167426 -0.098349 0.051221 0.105230 -0.102252 0.108827 -0.049670 -0.157501 0.136301 0.102095 -0.031683 0.068229 0.164283 -0.000399 0.093972 -0.030389 0.273636 -0.045197 -0.030879 0.089067 0.024047 -0.184564 -0.118392 -0.041639 -0.311306 -0.014878 -0.318625 -0.265650 -0.126568 0.116836 0.120737 
-0.139057 0.236504 -0.087494 0.099226 0.367026 0.107902 -0.204895 0.068795 0.234811 0.051491 0.033044 -0.080965 0.170560 0.059422 -0.173779 0.183475 -0.025476 -0.016206 0.058992 -0.105536 -0.296359 0.033372 -0.117231 0.070203 0.162281 -0.002740 0.063477 0.073484 0.208671 0.047694 -0.146482 -0.045692 0.049890 0.085793 -0.218730 -0.190322 0.058958 -0.264559 -0.097315 -0.011112 0.129483 0.178207 0.186464 -0.071119 0.046521 -0.065649 -0.013543 -0.134892 0.019825 0.182734 
-0.123446 0.141073 -0.016975 -0.005819 0.081040 0.039151 -0.053166 -0.236686 -0.366625 0.154768 0.153497 -0.218680 -0.138437 0.039156 -0.180351 -0.045711 0.103641 0.040474 0.042435 0.121823 0.084451 -0.036679 0.110557 0.057507 -0.123894 0.242562 0.066691 -0.027802 -0.059549 -0.012149 -0.121374 0.134257 0.180558 0.053839 -0.197532 0.099957 0.203178 0.345728 0.075592 -0.082456 -0.130316 0.154157 0.115847 -0.016919 -0.185725 0.000249 0.080673 -0.162529 -0.037320 0.250091 
-0.163619 0.248193 -0.155376 0.016828 0.139976 -0.234812 -0.018571 0.037196 0.010115 -0.113320 -0.195741 0.017175 -0.159095 -0.021583 0.101974 0.128251 -0.064712 -0.071812 -0.010370 -0.055707 0.048327 -0.006440 0.017214 -0.163071 0.236849 -0.039633 0.208898 -0.100264 -0.158733 -0.044975 -0.041113 -0.205776 0.153241 0.035080 0.199101 0.102180 0.126689 0.267186 0.058483 -0.200295 0.165115 0.110487 -0.121365 -0.186623 0.215638 -0.112434 0.282395 0.048682 0.173818 -0.125954 
-0.128053 0.080845 0.069297 -0.078445 -0.100468 0.179705 -0.114480 0.195443 0.089988 0.059515 -0.205432 0.039048 -0.116501 0.269729 0.152826 -0.135430 -0.113503 0.047192 0.015435 -0.132889 -0.020066 0.352007 0.177745 0.085878 -0.014150 0.092648 -0.204532 0.110209 -0.076765 0.327972 -0.039375 0.106820 -0.005271 0.085192 -0.071150 -0.316681 -0.128478 0.268745 0.232617 -0.100023 0.021392 0.003615 0.074056 0.007272 -0.049259 -0.055654 -0.036013 0.022490 0.132973 -0.084036 
-0.148936 -0.044614 -0.094171 -0.057476 0.010610 0.035510 0.232732 0.263424 -0.065984 0.209640 -0.016590 0.204325 -0.043314 0.153384 0.219092 -0.138011 -0.116117 0.087608 0.074430 0.180989 -0.075617 0.182769 -0.078143 0.067001 0.137748 0.089879 0.170791 0.003495 0.203607 -0.132971 0.041033 -0.041045 -0.026072 0.081334 0.236005 0.000905 0.026706 0.146528 -0.289867 0.166678 -0.169716 0.133128 0.132163 0.118192 0.150595 0.083880 0.100487 -0.009840 -0.252225 0.222628 
-0.148851 -0.023064 0.204843 -0.137951 0.094392 -0.037713 -0.136156 -0.207992 -0.114835 0.134900 -0.161314 0.283490 -0.101801 -0.088685 -0.114882 0.034453 0.014073 -0.060140 -0.059091 0.007679 0.021338 -0.012624 0.115231 -0.158681 0.048343 0.130818 -0.272903 -0.039203 0.231972 -0.073602 -0.232758 -0.185982 -0.061727 -0.054590 0.014199 -0.017376 -0.102960 -0.116746 0.124147 -0.112199 -0.128273 0.168488 0.026971 -0.002600 0.178646 0.328406 0.020937 -0.143376 -0.211232 -0.270972 
-0.115584 -0.158466 0.282913 0.113506 -0.070632 0.153251 0.136787 0.036175 -0.035237 -0.045715 -0.237168 0.038608 0.093243 0.064096 -0.201432 -0.054028 0.221224 0.048529 -0.136986 -0.023084 -0.152177 -0.162083 0.082573 0.248826 0.076661 0.231810 -0.015655 0.022584 -0.080230 -0.037995 0.222729 -0.247612 0.234823 0.307009 -0.082045 0.034498 -0.048306 -0.062812 -0.119498 -0.092939 0.096731 0.073531 -0.076634 -0.009335 -0.088086 0.004021 0.184459 0.291515 -0.024432 -0.014286 
-0.136926 -0.173633 0.005612 0.106459 -0.109646 0.073148 -0.208562 0.234130 -0.181158 0.032225 0.094487 -0.172093 0.056947 -0.037404 0.122031 -0.207576 -0.053010 0.014309 -0.011040 -0.335800 0.093259 -0.041506 0.050971 -0.220822 0.164633 0.099566 0.093126 0.188446 0.122408 -0.053529 -0.025272 -0.178760 -0.018547 -0.106872 -0.208395 0.336465 -0.231273 0.093207 -0.148590 0.008198 0.197512 -0.129340 0.154549 -0.143838 -0.032770 -0.001483 -0.053109 -0.132364 -0.041952 -0.059082 
-0.135068 -0.182202 -0.012426 0.072735 -0.277342 -0.241600 -0.182854 0.062010 -0.033117 -0.043782 0.015745 -0.114845 -0.163929 0.034910 -0.027163 0.086494 -0.285326 -0.209347 0.071522 -0.102456 -0.249909 -0.105771 -0.082762 0.095792 -0.015239 -0.121197 -0.207859 0.224736 -0.187231 -0.158234 -0.058047 0.196439 0.046540 0.119476 0.022534 -0.128680 0.138028 0.028609 -0.091048 0.113393 0.053043 0.139268 -0.200214 -0.189532 -0.060447 0.211383 0.065617 -0.035160 -0.216860 0.054155 
-0.141685 -0.000042 0.054682 0.134429 -0.091238 -0.009003 0.226602 0.172922 0.098465 0.150056 0.391858 -0.163635 -0.199013 0.072184 -0.209303 -0.095632 -0.146366 0.003945 -0.203439 0.153101 -0.096066 0.184443 0.023669 -0.083899 0.167128 0.098207 0.080781 0.060081 -0.201448 -0.094197 -0.001168 -0.188005 0.008787 -0.055721 -0.103019 0.021817 0.081618 -0.231435 0.318729 0.054324 -0.074851 0.022644 -0.129966 0.182062 0.113216 -0.041731 -0.029989 -0.077232 0.059335 -0.170701 
-0.133467 0.000575 0.176917 0.084971 -0.072264 -0.101008 0.086929 0.123391 0.206691 0.208156 -0.267909 -0.129825 0.170721 -0.245488 -0.098989 -0.196389 0.054646 0.106766 -0.030575 -0.084542 0.171253 0.023476 0.104680 -0.183114 -0.182893 -0.278492 -0.100071 0.065894 -0.135690 0.052526 -0.210880 0.199742 0.221735 0.006181 0.013584 0.104140 0.093596 -0.096575 -0.053997 0.012941 -0.022147 0.049037 0.105716 0.216502 0.214949 -0.094031 0.192144 -0.057858 -0.055494 0.156610 
-0.140864 -0.112878 -0.227119 -0.200859 -0.153497 -0.122036 0.120907 -0.059265 0.062547 0.073016 -0.044741 -0.062052 0.072377 0.112452 -0.017825 -0.008323 0.071557 0.051756 -0.255151 -0.008665 -0.046372 -0.225154 0.134857 0.225611 0.017900 -0.133842 0.295768 0.150797 0.151113 0.059703 -0.210934 0.168884 -0.424566 0.179471 -0.043766 0.115874 0.031913 -0.030445 0.209515 -0.159263 0.063371 0.018999 0.161355 -0.016134 0.016758 0.070106 0.109319 0.092910 0.011102 -0.084695 
-0.134718 -0.297642 -0.052155 -0.097623 -0.150809 -0.227373 -0.142624 0.007264 0.136350 -0.001769 -0.014201 -0.014601 0.069291 0.153531 -0.240249 0.042174 0.319954 -0.154748 0.219942 0.024145 0.035280 0.016059 -0.074832 -0.142026 0.091769 -0.117511 0.127281 0.077043 0.107370 0.120689 0.117786 -0.302601 0.129979 -0.021197 0.119947 -0.199042 0.140313 0.152999 0.124595 -0.078058 -0.110984 -0.245154 0.081984 0.155400 -0.063220 0.095789 -0.090608 -0.129758 0.025038 0.150487 
-0.153417 -0.091986 -0.006670 0.154403 0.181485 -0.238112 -0.196361 0.040691 0.061848 -0.275674 0.002572 0.170430 -0.380444 -0.257056 0.003477 -0.342584 -0.016341 0.063934 0.009506 -0.009361 0.043188 -0.263833 -0.024836 0.071839 0.045024 0.074970 0.101165 -0.007747 0.108885 0.004514 -0.008180 0.098103 -0.026309 0.159308 -0.114411 -0.148359 -0.154194 0.001316 0.052932 0.131914 -0.217134 0.032124 0.016261 0.172749 0.035175 -0.183249 -0.104424 0.078576 0.125143 0.070117 
-0.141983 -0.007094 -0.034273 0.153566 0.154722 -0.085668 -0.010707 -0.007056 0.120861 -0.127206 0.055100 -0.226719 0.265486 0.216258 0.049920 -0.163602 0.094253 -0.098009 0.066649 0.029910 0.227154 -0.145255 0.090309 -0.027959 0.050955 0.334875 -0.297991 0.025150 -0.134381 -0.101998 -0.065101 -0.008643 -0.258983 -0.049977 0.352715 -0.021426 0.119168 -0.007753 0.027400 -0.011518 0.077956 0.191156 0.068646 0.014716 0.053206 -0.086573 -0.229577 0.142787 -0.083800 0.043387 
-0.153431 0.120650 0.137733 -0.112797 0.089041 -0.053893 0.029490 0.197485 -0.093384 -0.057553 0.091389 0.121097 -0.011897 -0.254172 0.124397 0.278856 -0.012545 -0.017810 -0.173133 -0.041356 0.197804 0.015777 -0.169582 0.253349 0.015166 0.099245 -0.053778 0.169094 -0.281729 0.124699 -0.144734 -0.142272 -0.106128 0.059665 -0.046821 -0.006414 0.077493 -0.023503 -0.069114 -0.266972 -0.079093 -0.346217 0.002521 0.042209 0.052840 -0.001496 -0.151313 -0.012752 -0.215693 0.210645 
-0.133468 -0.126256 -0.006161 0.001660 0.060780 0.332751 -0.187816 -0.130700 0.158073 -0.057410 -0.076167 0.143383 0.091925 0.065729 0.051315 0.005527 0.070207 0.223867 -0.307338 0.123351 0.226983 -0.072299 -0.165074 0.088095 0.225250 -0.123447 0.120159 0.161643 -0.057905 -0.136138 0.058818 0.176729 0.205598 -0.158365 0.062618 -0.002087 -0.010695 0.126478 0.225963 0.134370 0.100367 0.084492 -0.235157 -0.071632 0.020015 0.030548 -0.115332 -0.190052 -0.142411 0.067634 
-0.140339 0.156963 0.034616 0.112655 0.023481 -0.127182 0.106232 -0.146513 0.102050 0.013832 -0.105979 -0.069136 -0.095349 0.243543 0.076111 0.206016 -0.268365 0.053071 -0.222828 -0.120412 0.149106 -0.208396 0.101426 -0.155856 -0.277127 -0.044851 -0.001453 -0.025546 0.174944 0.198716 0.368981 -0.208114 -0.042893 0.018071 -0.170294 -0.007191 0.077856 0.045481 0.030590 0.217718 -0.000659 -0.018654 0.007845 0.047596 0.023735 -0.066495 -0.060783 -0.020595 -0.276217 0.070983 
-0.133334 0.063694 -0.123278 -0.045592 -0.148442 0.207234 0.158752 -0.039426 0.068934 -0.108597 0.009192 0.071206 -0.166569 0.135680 -0.006499 0.219254 0.171245 -0.204734 -0.084539 -0.381450 0.259381 0.099395 -0.109676 -0.187239 -0.004574 0.054982 -0.054138 -0.021305 0.100283 -0.381635 -0.131972 0.124619 -0.042151 0.137019 -0.092686 -0.072267 -0.006254 -0.037872 -0.141054 0.002075 -0.047790 0.042637 -0.097850 0.297647 -0.145899 -0.039398 0.067152 0.033219 0.146691 0.044614 
-0.142025 -0.135366 -0.065323 0.094738 0.102247 0.092308 0.035255 -0.175147 -0.243948 -0.132585 -0.155246 -0.087740 -0.132788 0.175019 -0.096521 -0.086140 -0.054189 0.219163 0.006971 -0.136524 -0.149324 0.094463 0.003735 0.081265 0.000271 -0.286075 0.001773 -0.092691 -0.143374 -0.227631 -0.051078 -0.076170 -0.061574 -0.293054 0.070962 -0.185330 0.027998 -0.111626 -0.073031 -0.199482 -0.126825 -0.162055 0.202629 -0.007936 -0.055093 -0.312665 0.033641 0.039494 -0.242278 -0.108111 
-0.153735 -0.064534 0.277212 -0.035778 -0.055224 0.038425 -0.024197 0.109965 -0.084605 -0.210584 -0.102383 -0.251105 0.068293 -0.097599 0.125487 -0.003178 -0.133469 -0.015510 0.063171 0.360202 0.034283 0.025978 -0.028927 0.041310 -0.054546 0.007179 -0.026825 -0.151023 0.341854 -0.113566 0.001550 -0.006981 -0.201192 0.003192 -0.059375 -0.134970 0.092314 0.009153 0.004109 -0.159045 0.280890 -0.072118 -0.232422 0.174344 -0.077091 -0.135055 0.195991 -0.280576 0.056603 0.012129 
-0.144447 -0.275870 -0.034714 -0.099310 0.267034 -0.062989 0.010169 0.031462 -0.086548 0.017866 0.146791 -0.014281 -0.071630 0.142747 0.147392 0.104729 0.287533 -0.166342 0.048312 0.097028 0.032719 0.078619 0.230641 -0.060361 -0.073228 -0.000246 0.102411 0.039070 -0.042106 0.232516 -0.100244 0.136518 0.049328 -0.266633 -0.253421 -0.103992 -0.073703 -0.088928 -0.176943 0.094314 0.115480 0.036011 -0.307209 0.001111 0.184036 -0.046877 0.131597 0.242475 -0.127569 -0.013391 
-0.155076 -0.020573 -0.060386 0.336894 0.007092 0.206824 0.024074 0.121599 -0.036248 0.125895 -0.012526 0.303302 0.004450 0.034706 -0.170001 -0.113334 -0.080384 -0.205632 0.037613 -0.095457 -0.034212 -0.141496 -0.077814 -0.001890 -0.057276 -0.005521 0.024437 -0.431305 -0.048663 0.190539 -0.185581 0.021633 -0.168276 -0.131801 0.086119 0.064209 0.038045 0.010018 0.196226 0.091345 0.164196 -0.208589 -0.103927 -0.054846 -0.140534 0.122970 0.150750 0.043369 -0.034692 0.217464 
-0.156466 0.049983 -0.196988 0.312443 -0.029239 0.254825 -0.088069 -0.077415 0.054068 0.060139 0.062784 -0.179509 0.041269 -0.159796 0.055859 -0.023047 -0.057109 -0.155112 -0.075047 0.194716 0.193785 -0.005953 0.198850 -0.047095 0.102874 -0.055625 0.023565 -0.038111 0.064585 0.006315 0.199937 0.150619 0.044957 0.147849 0.001029 -0.228120 0.053756 -0.046910 -0.200117 -0.174108 -0.246570 -0.267787 0.077452 -0.153492 0.130501 0.277432 0.064895 0.088007 0.032554 -0.173888 
-0.139040 -0.058556 -0.050440 -0.004877 0.008421 -0.029597 -0.194048 0.236145 0.102221 -0.171572 -0.045492 0.059083 -0.205510 0.263019 -0.250922 0.186855 -0.091761 0.161772 0.003021 0.278936 0.092608 0.019589 -0.188542 -0.070159 -0.149634 0.069041 -0.048968 -0.053527 -0.027723 0.135929 0.071389 0.233021 0.076650 -0.083898 0.048238 0.371086 -0.048528 -0.117550 -0.193827 -0.208417 0.032529 0.041840 0.190768 0.097169 -0.085272 0.124502 -0.022403 0.064642 0.062231 -0.150263 
