-0.147623 0.014215 0.008852 -0.118206 0.036661 -0.201354 0.066623 -0.112944 0.260701 0.214729 0.106608 -0.049767 0.079473 0.045370 0.092121 -0.067234 -0.191274 0.055124 0.049817 0.088281 -0.120370 -0.143789 0.007551 -0.022981 -0.040070 0.045473 -0.073151 -0.175826 0.020749 0.227644 0.085936 0.269279 -0.120181 -0.124189 0.000084 -0.265542 -0.011892 0.081272 0.241276 -0.174769 -0.162851 -0.362980 0.188225 -0.068096 -0.148154 0.042928 -0.041194 0.153538 0.184531 0.143175 
-0.110762 -0.053327 0.018042 -0.016659 0.074320 0.037034 -0.080460 -0.050945 -0.067169 0.056423 0.023140 0.117058 0.028498 0.081829 -0.000720 0.390030 -0.029229 -0.274552 0.071509 0.308863 -0.177117 -0.238642 0.120446 0.064730 0.033154 0.054346 0.120094 -0.134165 0.014721 -0.134600 -0.017622 0.260666 -0.035612 -0.193376 -0.163015 0.115642 0.094408 -0.061890 -0.005693 0.249709 -0.097383 0.112772 0.074510 -0.060057 0.163515 0.256118 0.161608 -0.047853 -0.242732 0.123166 
-0.144995 0.131593 0.316904 0.016090 0.052296 -0.068199 -0.000484 -0.066698 0.034524 0.089016 -0.009100 -0.126254 -0.374879 -0.106550 0.153853 -0.188555 0.068377 -0.243451 -0.240723 0.185160 -0.057075 -0.041311 -0.056099 0.001290 -0.118597 -0.101333 0.013238 0.274556 -0.006248 0.083425 0.184544 0.062091 -0.018550 0.024304 0.058475 -0.100683 0.175292 0.073451 0.112338 0.020090 0.120820 0.163264 0.030207 0.185977 0.070227 0.040092 0.120390 -0.341273 0.158914 0.025617 
-0.158466 -0.080702 0.024541 0.240659 0.081911 -0.170709 -0.266190 0.074803 -0.103697 0.096786 0.024469 -0.082304 0.145393 0.022176 0.034096 -0.092660 0.035661 -0.013912 0.166247 -0.089509 0.242306 -0.060067 -0.272265 -0.107778 -0.362892 0.267867 0.090147 -0.039443 0.130286 -0.195156 -0.154666 0.062684 -0.013700 -0.038947 0.099821 0.113562 -0.107920 0.138546 0.063018 -0.022628 0.026434 -0.037860 0.133817 0.107999 0.352360 0.055407 -0.130979 -0.063420 0.122814 0.048808 
-0.154766 -0.001406 0.086536 0.034888 -0.005401 -0.041860 -0.140468 -0.185169 -0.038978 0.141082 -0.096881 -0.262602 0.027900 -0.128531 0.221686 -0.029052 -0.143737 0.225320 -0.092226 -0.140602 -0.061076 -0.237365 -0.082325 0.225961 0.103474 0.021544 0.199560 -0.045145 -0.284754 -0.069131 -0.186261 -0.022904 0.186933 0.069214 -0.235865 0.219733 0.004048 0.111788 -0.024537 0.157935 -0.163740 0.181732 0.018409 -0.020955 -0.289239 -0.065085 -0.047887 0.023397 0.130853 -0.050739 
-0.135823 0.136338 0.063771 -0.409244 -0.051717 0.064734 -0.099649 0.106516 -0.216796 -0.034334 -0.078180 -0.123025 0.022191 0.029785 -0.080237 0.020262 -0.033888 -0.120621 -0.032562 0.084561 -0.075701 0.111072 -0.275895 -0.119420 0.263529 0.163067 0.098351 0.242860 -0.006657 0.006849 0.076159 -0.071743 -0.249463 0.205716 -0.181333 -0.020436 -0.015011 0.080320 -0.134156 0.128283 0.025963 -0.132897 0.201656 -0.163174 0.107565 -0.048486 -0.231541 0.146340 0.052153 0.145804 
-0.134369 0.046602 -0.045815 0.060902 0.043003 0.019507 -0.090450 0.088552 0.110167 0.243060 -0.038286 0.025028 0.020523 -0.006063 0.043757 0.268869 -0.199552 -0.124188 0.008699 0.147953 0.136768 -0.012753 0.074540 -0.101799 -0.021726 -0.088833 -0.058044 0.024333 -0.204245 0.064317 0.004368 0.041064 0.021932 0.315665 0.236072 -0.119441 -0.320566 0.179633 -0.065445 -0.024006 -0.080875 0.075405 -0.181561 0.068188 -0.050146 -0.317345 -0.181658 -0.153438 -0.296388 0.168519 
-0.143793 -0.070376 0.197161 -0.136546 -0.196119 0.100253 0.102966 -0.186560 0.141077 -0.295759 0.134660 -0.054206 0.010064 0.003101 -0.034586 0.134567 -0.052666 0.120486 0.300544 0.040040 -0.016512 0.177419 0.060106 0.007717 0.118861 0.148950 -0.104377 0.040187 0.012131 -0.186018 0.114591 -0.048896 -0.004800 -0.128052 0.102348 0.049393 -0.303821 0.161413 0.185365 0.264594 -0.039989 0.042795 -0.167631 0.213119 -0.019826 -0.006259 0.073907 -0.105030 0.267777 0.116985 
-0.152455 -0.106708 -0.125386 -0.230279 -0.010986 -0.302900 -0.230555 0.069288 -0.053117 -0.130318 -0.301665 0.140198 0.106374 0.253548 0.103573 0.032980 -0.061768 0.161300 -0.108741 0.107457 0.084708 -0.196019 0.066261 -0.024503 0.004407 0.027659 -0.148070 -0.201724 -0.079045 -0.038582 0.158196 -0.154489 -0.152091 0.115471 -0.014406 -0.028691 0.067845 -0.118880 -0.113917 -0.069212 0.163833 0.069141 -0.092755 0.133088 0.037393 -0.115034 0.322439 -0.072959 0.220732 0.022615 
-0.143656 -0.020679 -0.231071 -0.128289 0.095387 0.275181 0.151217 0.093607 0.137745 0.072262 -0.217528 -0.171142 -0.173199 -0.186447 0.291554 0.040643 -0.082859 -0.064080 0.068892 0.105345 0.039899 0.033239 0.044129 -0.110014 -0.093740 0.262875 -0.057776 -0.092134 0.144346 -0.035032 0.200523 0.038306 0.136801 -0.192800 -0.114955 0.164144 0.097363 0.031835 -0.209386 -0.083203 -0.018677 -0.148564 -0.234414 -0.050576 0.098145 -0.131875 -0.087347 -0.011750 0.067523 -0.258479 
-0.142742 0.073779 -0.045507 -0.135372 -0.055068 0.089028 0.007038 0.278279 0.023287 -0.201240 0.284464 0.004522 0.289627 0.079490 0.188635 -0.069616 -0.059214 0.009771 -0.075651 -0.114975 0.007444 0.013294 0.104631 0.139275 -0.192156 0.093774 -0.146979 0.088500 -0.332188 -0.007205 0.056260 0.136872 -0.052399 -0.109348 0.181514 -0.084025 0.222225 0.081780 -0.040875 0.018568 0.080038 0.249418 -0.070735 -0.292178 -0.013822 0.175240 -0.198276 -0.096368 0.016119 -0.024646 
-0.117894 -0.129439 -0.040721 0.013615 -0.243946 0.188917 -0.246676 0.012449 0.029136 -0.160309 -0.074412 0.056824 -0.228180 0.157256 0.014249 -0.120343 0.254760 0.077983 0.265695 0.148059 -0.141361 0.026632 0.034369 0.243440 0.117676 0.076292 0.029485 -0.023955 -0.123128 0.213327 -0.183770 0.208436 0.137333 0.227987 0.012466 0.024066 0.177519 0.091190 0.020085 -0.304281 -0.052989 -0.075045 -0.077784 0.147936 0.141381 0.042751 -0.107058 0.021383 -0.043043 0.067204 
-0.143937 -0.038087 -0.200442 -0.033711 -0.080281 0.232746 0.146290 0.048248 -0.105194 0.157957 0.063815 0.379868 -0.000454 0.091486 -0.094868 -0.360068 -0.086376 -0.156823 -0.172691 -0.089375 0.017308 -0.041961 0.129064 0.011074 -0.065566 0.207000 -0.086020 -0.048830 -0.022406 0.019051 0.044301 -0.088454 0.029443 0.085913 0.019064 0.131540 0.045984 0.140047 -0.018961 0.260195 -0.229356 -0.041438 0.228852 0.354686 -0.114898 -0.009914 0.040776 0.016420 -0.014832 0.028760 
-0.148505 0.259714 -0.176948 -0.021143 0.177861 -0.273574 0.196863 -0.129626 -0.090019 -0.060133 0.226582 0.052338 -0.098837 0.071351 0.155431 0.022403 0.082880 -0.019530 0.029683 0.049111 -0.243803 0.139467 0.025400 0.107478 -0.030461 0.017438 -0.259380 -0.084918 0.115596 -0.237428 -0.084399 0.094383 0.296899 0.216130 -0.164026 -0.070756 -0.158591 -0.016778 -0.140496 -0.056282 0.224553 0.135304 0.155839 0.084527 0.027876 -0.050328 -0.118638 0.123064 0.021385 0.002442 
-0.132506 0.102909 -0.156641 0.158869 0.003403 0.122939 -0.133587 0.227328 0.046242 0.087115 -0.021050 0.227863 -0.174228 -0.008114 -0.002097 0.142946 0.285051 0.359635 -0.167506 -0.001310 -0.109887 -0.040941 -0.170948 -0.018960 0.056217 -0.001540 -0.092302 0.083762 0.219469 0.061772 0.100479 0.238472 -0.147570 -0.086132 0.079241 0.217937 -0.164237 0.153532 0.152508 0.103346 0.125921 0.105978 0.070410 -0.209750 -0.199787 -0.104896 0.081244 0.016928 0.058644 0.010168 
-0.130425 -0.173803 0.032158 0.064700 -0.211404 -0.153019 -0.066555 0.020720 0.015512 -0.014064 -0.113493 -0.039909 0.163609 -0.050870 -0.176950 0.020799 0.071835 -0.026412 0.260593 0.057855 -0.090391 -0.186927 0.194363 -0.033378 -0.107467 -0.124951 -0.168809 0.300669 0.181154 0.139907 0.148495 -0.114210 0.018805 -0.179503 -0.207106 -0.076849 -0.046450 0.164914 -0.206495 -0.089904 -0.063299 0.220650 0.274180 0.042116 -0.128224 -0.072425 -0.176496 -0.037062 -0.057670 -0.239358 
-0.140382 0.048538 0.168091 -0.248770 -0.124808 -0.006843 -0.174479 -0.026749 0.016631 0.072011 0.085363 0.067921 -0.032572 -0.071853 -0.044316 -0.193828 -0.283189 0.079835 0.032613 0.206148 0.164109 0.022936 -0.107523 0.097982 -0.001299 -0.293871 -0.108901 0.009289 0.347679 -0.231238 -0.213331 0.116337 0.008187 0.000870 0.263139 0.101698 0.115756 0.053138 -0.217456 0.020676 0.017147 -0.060148 -0.114644 -0.023139 -0.149819 0.124384 0.066303 0.147265 -0.137129 -0.153150 
-0.144388 0.021070 0.163647 -0.016180 0.001823 -0.145541 0.126519 0.069348 0.128013 -0.268615 -0.105674 0.143331 -0.073760 0.035504 0.058147 -0.284105 0.075035 0.180619 -0.163364 0.001645 -0.133098 -0.037047 -0.170927 0.060290 -0.038855 -0.052136 0.072725 -0.053853 -0.043414 -0.167924 0.059831 0.032554 -0.088360 -0.162264 -0.092767 -0.071514 -0.243177 -0.184656 -0.077447 -0.011306 -0.421936 -0.044354 -0.051310 -0.060002 0.192579 -0.136323 -0.113441 -0.147115 -0.332262 -0.023754 
-0.150942 -0.007893 -0.085534 0.082388 -0.073408 0.129963 -0.079550 -0.418093 0.127623 0.055544 0.180267 0.115151 0.008888 -0.135096 -0.060606 0.094314 -0.158047 0.204212 -0.139897 0.232749 -0.091394 0.024952 0.029714 0.012019 -0.151594 0.159396 -0.054224 0.102709 -0.039698 0.064131 -0.085387 -0.256361 -0.271395 0.106727 0.017540 0.082531 0.095055 -0.315963 0.175319 -0.046816 0.071989 0.085308 0.050913 -0.044569 0.201173 -0.088246 -0.164786 0.049300 -0.041090 -0.205129 
-0.152156 -0.130976 0.000711 0.029066 0.148636 0.079320 -0.263835 -0.057130 -0.132651 -0.217604 0.056623 0.065543 -0.057107 -0.444081 -0.274448 0.064795 0.050400 0.000753 -0.129639 0.013198 0.163534 0.164720 -0.006680 -0.146088 0.108044 -0.012232 -0.026061 -0.296351 -0.199764 -0.092932 0.138785 0.250602 0.081784 -0.005664 -0.016309 -0.266821 0.035698 -0.031969 -0.058186 -0.028115 -0.045649 -0.001925 0.185733 0.059516 -0.106811 0.002001 -0.044395 -0.047742 0.084464 -0.178500 
-0.144396 -0.277201 0.103240 -0.034063 0.339531 -0.107590 0.004065 -0.182829 0.061357 0.011271 0.107199 -0.194152 0.087659 0.068836 -0.116292 -0.093060 0.229462 0.091369 -0.109455 -0.038455 -0.103104 0.114453 0.102478 -0.143910 -0.027780 0.297837 0.013180 0.065404 0.091936 0.121225 0.007658 0.038709 -0.138453 0.097469 0.052075 0.161888 0.004899 -0.009986 -0.281016 -0.047869 0.055341 -0.035235 -0.195566 0.050149 -0.300254 0.193806 0.023457 -0.080621 -0.232498 0.147007 
-0.138476 0.201258 -0.040158 0.007080 0.054602 -0.004650 0.061117 -0.156706 -0.191877 -0.004310 -0.013537 0.147634 -0.136990 0.121933 -0.186957 -0.014848 0.023057 0.082471 -0.083053 0.081185 0.382638 -0.090803 0.233756 0.239802 -0.036994 0.038130 0.175629 0.121042 -0.099478 -0.065750 -0.057602 -0.048788 -0.063271 -0.274114 -0.255013 -0.096873 -0.119149 0.208814 0.015676 -0.113241 0.262691 -0.257191 -0.166136 -0.053479 -0.074245 0.036988 -0.128753 -0.086034 -0.042168 0.034618 
-0.129833 0.116615 -0.057817 -0.334335 -0.011302 0.073759 0.027853 -0.164113 0.145668 -0.069119 -0.138948 -0.171164 -0.176700 0.166949 -0.023848 0.203610 0.109257 0.178483 -0.005301 -0.190992 0.221001 0.104053 0.011268 0.022608 -0.286970 -0.117402 0.158308 -0.171367 0.058415 0.190010 0.083079 -0.128230 0.187938 0.009496 0.168180 -0.006687 0.036494 0.026929 0.018989 0.111721 -0.017718 0.084730 0.371096 -0.027876 0.054331 0.114936 0.018854 -0.014550 -0.218714 0.046979 
-0.138027 0.047126 -0.033028 0.145667 0.265679 -0.017125 -0.095073 0.143804 0.227501 -0.172499 0.096798 0.018333 0.067458 -0.058148 -0.018586 -0.234401 -0.180327 0.191292 0.063748 0.043164 0.102035 -0.103319 0.299150 -0.161635 0.201944 -0.192088 0.201942 0.130412 0.098289 0.186748 0.124045 0.041198 0.213603 0.084288 -0.087723 0.097944 0.047726 -0.088500 -0.003550 0.257727 0.123922 -0.007273 -0.006510 0.011863 0.263839 -0.002699 -0.076612 0.150338 0.046319 0.173673 
-0.156159 -0.133872 -0.102330 0.122340 0.034339 0.246278 -0.115747 -0.109626 -0.266253 -0.146108 -0.197728 -0.247141 0.056590 0.014440 0.082122 -0.177503 -0.062701 -0.135978 -0.070217 -0.089891 -0.166054 -0.082743 0.010817 0.080650 -0.002859 -0.190291 -0.234432 -0.246122 0.274647 0.012340 -0.004054 -0.128144 -0.074468 -0.055668 0.007218 -0.164186 -0.022024 -0.010307 0.273246 0.137621 0.163087 -0.006883 -0.111304 -0.066274 -0.061409 -0.021272 -0.209990 -0.049114 -0.142567 0.215297 
-0.156659 0.205376 0.029095 0.055321 0.169683 0.132165 -0.003339 0.220605 -0.113334 -0.098180 0.232438 -0.197015 0.046756 0.214159 0.064313 -0.046736 0.048589 -0.118881 0.259370 0.137322 0.097914 -0.005333 -0.050532 0.054819 -0.046721 -0.120734 0.208979 -0.133503 -0.019145 0.063862 0.153415 -0.033903 -0.250152 0.104587 -0.075190 0.125445 -0.121827 -0.216262 0.171567 -0.089178 -0.043647 0.027521 0.026213 0.203610 -0.269384 -0.041457 0.068080 0.062260 -0.048649 -0.340118 
-0.117085 0.057419 0.082201 0.254743 0.040465 0.007469 0.314249 -0.164630 -0.253381 -0.031895 -0.197400 0.090420 0.232593 -0.022053 -0.067471 0.040931 -0.012973 0.167456 0.210431 0.155268 0.022922 0.049023 -0.149157 0.083526 -0.097582 -0.065252 0.008809 0.084843 -0.049270 -0.125230 0.362638 0.053893 0.126253 0.208651 0.140309 0.113086 0.337852 0.009031 0.006837 -0.032740 -0.076177 -0.158852 0.039498 -0.162119 -0.077809 -0.086467 0.048703 -0.058268 -0.015043 0.150308 
-0.154614 0.072208 -0.260421 0.069802 -0.110588 -0.138110 -0.028256 0.050587 -0.044736 -0.007663 0.130391 -0.376004 -0.079936 -0.088239 -0.378455 -0.022175 -0.061073 -0.079804 -0.081302 -0.072957 0.041682 0.017331 -0.060998 0.232645 -0.107800 -0.020414 -0.287713 0.111463 -0.102715 0.144422 0.076762 0.065256 0.024078 0.053159 -0.096868 0.106094 -0.089546 -0.008367 -0.002904 0.066439 -0.182938 -0.088262 -0.166590 -0.107322 0.209735 0.000394 0.374552 0.103917 -0.045098 0.016874 
-0.135934 0.166600 0.209527 0.084174 0.056658 0.001130 -0.129276 0.101671 -0.072382 0.081205 -0.289850 -0.055391 -0.038351 0.006518 0.014984 0.072106 -0.130285 0.058717 0.027100 -0.276748 -0.310102 0.271889 0.361500 -0.049759 -0.070650 -0.060446 -0.079710 0.115160 -0.226842 -0.165023 -0.068595 0.094548 -0.159597 -0.151520 0.120322 0.129158 0.026612 -0.036078 0.020140 -0.043264 0.105002 -0.214910 0.131482 0.174125 0.070010 -0.040147 0.074289 0.171957 -0.099709 -0.069589 
-0.158840 -0.341256 0.095144 -0.240792 -0.084197 -0.100340 0.257640 0.219197 -0.113420 0.178716 0.058617 0.003129 -0.078550 -0.262761 -0.124598 0.025424 0.165901 -0.023006 -0.079290 -0.035635 -0.053155 -0.103312 0.227154 0.140291 -0.114310 -0.118819 0.247322 -0.115911 0.039636 -0.168319 0.108034 -0.046571 -0.047693 0.136659 0.095025 0.118788 -0.079215 -0.023539 0.182586 -0.167168 0.052919 0.128896 -0.095680 -0.044724 0.107345 -0.030054 -0.121187 0.253716 0.101626 0.097780 
-0.134414 -0.107763 0.019733 0.021740 -0.311348 -0.054178 0.070707 0.074047 -0.207781 -0.159597 0.088245 -0.132591 0.027455 0.158363 0.112443 0.198067 0.040094 0.036475 -0.279184 0.016683 0.080313 -0.127011 0.060707 -0.280244 -0.062536 0.127118 0.086473 0.263154 0.113749 -0.017815 -0.150894 0.189004 0.294718 0.009129 0.046362 -0.153147 0.074079 -0.248782 0.150635 0.094697 -0.024014 -0.199360 -0.054545 0.106582 -0.140285 -0.153753 0.012438 0.099910 -0.066052 -0.093895 
-0.131458 -0.111518 -0.272681 -0.149179 -0.096213 -0.205718 0.099978 -0.138499 0.143370 -0.027950 -0.015861 0.023290 0.108568 0.068359 -0.135451 -0.151832 -0.006184 -0.213359 0.034247 -0.009104 -0.057798 0.163330 -0.184946 -0.273196 0.106187 -0.222766 0.125743 -0.031912 -0.198065 -0.023789 -0.117903 0.136082 0.040481 -0.179378 -0.049153 0.329396 0.121857 0.098147 0.236277 -0.049317 0.234892 0.035599 -0.007280 -0.018679 -0.035807 -0.207309 -0.024972 -0.175978 -0.115334 -0.061963 
-0.134928 -0.034697 0.013773 0.153371 -0.157466 0.178446 0.001739 -0.034705 0.269265 0.193307 0.041672 -0.145324 -0.161492 0.216826 -0.152839 -0.172569 0.027153 -0.094513 0.152886 -0.154959 0.110745 -0.079183 0.095370 -0.008491 0.145258 0.142987 0.058520 -0.028962 0.010332 -0.372154 0.024590 0.064993 -0.063612 0.028768 0.014501 -0.202229 0.068014 -0.262944 -0.156536 -0.030132 0.121172 0.126989 0.161655 -0.259399 -0.074430 -0.229915 0.131717 -0.046837 0.034536 0.132470 
-0.139624 0.043999 0.018817 -0.173869 0.284570 0.293930 -0.005496 0.050058 -0.038510 0.020568 0.118293 0.039101 0.193677 0.000511 -0.211292 0.055091 -0.124628 0.092547 -0.013627 -0.112901 -0.301316 -0.212068 -0.207784 0.037922 0.058455 0.053772 0.150402 0.127832 0.066755 -0.006760 -0.068998 -0.149467 0.258469 -0.150221 0.104932 -0.199163 -0.007616 0.102721 0.028171 -0.308585 0.065817 0.051629 -0.026421 0.114044 0.108414 -0.143526 0.272587 -0.071120 -0.040643 -0.020729 
-0.143096 -0.121144 0.224442 0.142813 0.026875 0.095475 0.093894 0.023416 0.050946 0.026918 -0.181030 0.109771 -0.106107 0.385654 -0.224319 0.096276 -0.319221 -0.080378 -0.176922 -0.090890 0.020274 0.087883 -0.156180 -0.107954 0.022316 -0.030396 -0.109830 -0.034327 -0.008596 0.071819 0.090476 0.063594 0.183312 0.075477 -0.130898 0.109307 -0.148424 -0.071267 0.046167 -0.183396 -0.012041 0.169440 -0.099835 -0.094435 0.006460 0.338919 -0.178070 0.079501 0.183612 -0.131454 
-0.142762 -0.042861 0.222049 0.074641 -0.165052 -0.137251 -0.101661 0.085052 0.062611 -0.110712 0.093123 0.199849 0.027135 -0.157582 0.162649 0.017656 -0.129444 -0.191699 0.014720 -0.171919 -0.045906 0.095321 0.088697 0.113498 0.063193 0.207781 0.095786 -0.126874 0.156739 0.131934 0.051762 -0.189031 0.129304 0.231086 -0.094143 0.070770 -0.091431 0.111712 0.106530 -0.033313 0.169696 -0.232300 0.091143 -0.326011 -0.038315 0.005553 0.228650 -0.208667 -0.182344 -0.169937 
-0.130499 0.076162 -0.030749 0.051634 0.052890 -0.022765 -0.300636 -0.110931 0.074123 0.145596 0.125970 -0.010900 0.156805 0.185734 0.121206 0.045110 0.333216 -0.147309 -0.206018 0.065498 0.049638 0.190363 0.137583 -0.044013 0.211177 -0.139373 -0.034182 0.040450 0.045044 -0.217572 0.163018 -0.315016 0.175782 -0.104405 0.063148 0.044037 0.090805 0.128949 0.109014 -0.130722 -0.342804 -0.071242 -0.067199 -0.112159 0.057054 0.026262 -0.025370 0.118933 0.086409 -0.023875 
-0.151616 -0.159540 -0.053559 0.086866 0.134804 -0.098698 -0.006926 -0.205458 -0.254110 -0.136242 -0.000421 0.192495 -0.219071 0.043076 0.196674 -0.047409 -0.097997 -0.208853 0.142355 -0.046998 0.029749 0.143546 -0.037658 0.014853 -0.029063 0.022550 0.174330 0.110492 -0.034212 0.273433 -0.069721 -0.018853 -0.056852 -0.230775 0.239537 -0.078385 -0.083176 -0.007044 -0.154455 0.018080 -0.114070 0.202237 -0.037521 -0.210366 -0.032272 -0.197643 0.146149 0.331454 0.109631 0.044665 
-0.125850 0.112071 0.234128 0.146740 0.000188 -0.012386 0.291616 -0.068754 0.029894 -0.142945 0.085862 -0.076699 0.052302 0.053146 -0.014572 0.179936 0.066690 -0.029105 -0.150143 -0.184509 0.164404 -0.166399 0.031356 -0.021042 0.271599 -0.009945 -0.121861 -0.239109 0.140263 0.129811 -0.165302 0.071509 -0.273716 0.029523 0.029525 0.069247 0.264965 0.300647 -0.117611 -0.051070 -0.047104 0.080170 0.005721 0.104731 0.226471 -0.225613 -0.025621 0.079963 -0.005697 -0.110956 
-0.134580 -0.114126 -0.037691 0.068017 0.240335 -0.252672 0.102435 0.332811 0.116588 0.069015 -0.113279 -0.026359 -0.157136 0.076492 -0.217107 0.108436 -0.000686 0.037183 0.094491 0.155655 -0.064400 0.155139 -0.061748 0.210258 0.095128 0.120752 -0.015271 -0.025268 0.004608 0.006806 -0.263238 -0.256403 0.045239 -0.054802 0.125478 -0.200298 0.266629 -0.009878 0.128571 0.318521 -0.054687 -0.057839 -0.024078 -0.019140 -0.096590 -0.034709 -0.146393 -0.094798 0.061332 -0.161771 
-0.126373 0.084376 0.020895 0.019541 -0.033052 0.030295 0.124274 -0.117946 -0.038889 0.062348 -0.081701 -0.018427 0.022066 -0.022013 -0.028879 -0.108083 0.277760 -0.078197 0.077152 0.063905 -0.099249 -0.386668 -0.023867 -0.141935 0.143145 -0.057431 -0.085664 -0.066705 -0.264006 0.078149 -0.053506 -0.095291 0.089937 0.020531 0.379505 0.022918 -0.267025 -0.071039 -0.148643 0.176056 0.160254 -0.226494 0.013983 -0.137517 0.097493 0.221395 -0.029646 0.007940 0.084228 -0.277446 
-0.135603 0.024005 -0.145144 0.090078 -0.214355 -0.053523 -0.035033 0.037141 -0.167068 0.136646 0.281121 0.016612 -0.080832 0.036174 -0.002760 0.181092 -0.107009 0.080476 0.004202 -0.191494 -0.195050 0.088641 -0.025053 0.021611 0.040677 -0.241143 0.197872 -0.124636 0.106110 0.123837 0.069367 -0.060105 -0.060681 -0.110381 0.053333 0.058821 0.045149 -0.182613 -0.359446 -0.003008 -0.050773 -0.178739 -0.059791 0.101945 0.030499 0.043868 -0.170657 -0.383792 0.232350 0.119405 
-0.136454 -0.263722 -0.015935 -0.146724 0.207558 0.106644 0.065016 -0.042277 -0.103541 0.146750 0.133990 0.147733 -0.152413 0.023867 0.196244 0.059437 0.078559 0.142107 0.257956 -0.272281 0.119264 -0.048376 -0.016170 -0.201394 -0.021865 -0.268050 -0.225072 0.199720 -0.078495 -0.077586 -0.133090 0.004759 -0.123516 0.191247 -0.274415 -0.129159 0.078937 0.020127 0.118778 0.075866 -0.127014 -0.101730 -0.063409 -0.099513 0.101659 0.092818 0.121363 -0.137121 -0.025358 -0.103128 
-0.137876 -0.045185 -0.158972 0.079968 -0.109768 -0.153682 0.097376 0.047906 -0.055138 0.150718 -0.020565 -0.028991 -0.038701 -0.155043 0.212232 0.021365 -0.089148 0.098695 0.062971 -0.111557 0.202480 0.012034 -0.171274 0.088456 0.459698 0.140469 -0.064030 0.117302 -0.034960 -0.004969 0.203066 -0.065439 -0.021983 -0.161613 0.107999 -0.066812 0.009093 -0.124635 0.102606 -0.151170 0.095757 0.132471 0.068870 0.248391 0.033075 0.311166 -0.007921 0.073294 -0.321060 0.048838 
-0.155563 0.148995 0.138430 0.085905 -0.249324 0.010607 -0.012931 -0.000462 0.047609 0.259599 -0.001941 0.100221 0.134582 -0.026669 -0.019036 -0.067314 0.163572 0.090662 0.072594 -0.005401 -0.103917 0.177022 -0.165958 -0.171399 -0.171524 -0.002967 0.129531 -0.212968 -0.068788 0.116730 0.086637 -0.053393 0.023801 -0.036108 -0.245752 -0.315775 0.100316 0.089874 -0.076037 0.231829 0.159063 0.118095 -0.341444 0.089343 0.040990 0.040678 0.095922 0.267649 -0.114733 -0.028109 
-0.155173 0.174712 -0.029624 -0.086123 0.074869 -0.018352 -0.084152 -0.093311 0.302551 -0.103462 -0.186610 0.240755 0.159136 -0.182122 -0.038451 0.163709 0.173421 -0.329299 0.051861 -0.342293 0.082800 -0.126409 -0.140195 0.235680 -0.076116 -0.026775 -0.011939 0.184966 0.107086 0.019060 -0.021037 0.093949 -0.027854 0.067704 -0.016281 0.018768 0.060393 -0.286573 0.010273 0.046462 -0.012218 -0.074261 -0.175599 0.151171 -0.141158 0.002767 -0.133182 0.075856 0.112755 0.075520 
-0.140969 -0.198647 0.211657 0.086851 -0.004106 0.189246 0.095643 0.190807 0.130592 -0.027746 0.093417 0.002409 0.073944 -0.082998 0.134650 0.080230 0.100716 -0.042316 -0.090804 0.221956 0.149932 0.086653 -0.178352 0.068464 -0.085040 -0.159910 -0.235529 -0.033678 -0.195568 0.094075 -0.190020 -0.212935 0.086495 -0.200628 -0.161646 0.147365 -0.056225 -0.141617 -0.167648 -0.069507 0.160453 -0.155993 0.229264 0.057360 -0.062524 -0.078134 0.093987 0.098537 0.025748 0.320451 
-0.134280 0.366741 -0.031849 0.026451 -0.077853 -0.071663 0.023169 0.122216 -0.051104 -0.165526 -0.024652 0.039098 -0.211279 -0.210673 -0.099705 -0.003994 -0.034665 -0.005256 0.152023 0.018794 -0.028546 -0.163393 0.079796 -0.429879 -0.067615 0.094730 -0.066701 -0.089106 -0.011621 -0.037658 -0.218245 -0.263502 -0.002685 -0.009564 -0.021737 0.092802 0.119861 -0.021324 0.085597 -0.221710 -0.194800 0.128861 -0.075288 -0.097575 -0.195524 0.176505 0.022423 -0.015744 0.008723 0.282135 
-0.163784 0.145586 0.000282 -0.088883 -0.021832 0.078569 0.154912 0.012706 -0.135970 0.199342 -0.240451 -0.026134 0.347375 -0.098526 0.024797 -0.113861 0.103904 0.049983 -0.013621 0.116028 0.134101 0.292004 0.204260 0.038486 0.128463 0.025552 0.020291 0.001382 0.163239 0.196498 -0.316686 0.173693 0.008715 0.011883 -0.032635 -0.053717 -0.168208 -0.202957 0.056245 -0.058181 -0.128953 0.193687 0.042261 -0.090888 0.092466 0.050714 0.138221 -0.256029 0.160298 -0.006530 
-0.132798 -0.099935 -0.332160 0.233430 -0.069250 0.090432 0.164250 0.016162 0.232835 -0.230610 -0.142881 -0.079495 0.074639 -0.054303 0.111552 0.061662 -0.057915 -0.040440 -0.160391 0.088114 -0.092476 0.075612 -0.022076 -0.012597 -0.067250 -0.164556 0.293902 0.127613 0.024424 -0.202364 -0.138152 -0.047172 -0.222631 0.194101 -0.001443 -0.198623 -0.075358 0.256511 -0.119665 -0.059385 -0.008785 -0.056563 0.082449 0.044968 -0.035459 0.296052 0.168183 0.061377 0.086803 -0.036465 
