-0.131409 -0.267125 -0.076339 -0.083098 -0.032068 0.183840 -0.231395 -0.031547 -0.222095 0.067316 0.045984 0.105602 -0.139125 0.145404 0.045508 0.034027 0.024680 -0.161785 0.076955 0.016251 -0.224404 -0.095058 0.154421 -0.166684 -0.065017 -0.250885 -0.206601 0.086074 0.070703 0.231254 0.102624 0.046970 -0.093943 -0.028256 -0.255725 -0.044874 0.094632 0.102007 -0.005453 -0.025849 0.232980 -0.084631 -0.271309 0.147976 0.011091 0.293035 0.118786 0.050427 0.011281 0.095628 
-0.115387 0.114832 -0.126690 -0.004458 0.120077 -0.025788 0.088676 0.014625 0.011202 -0.182560 -0.130344 0.059424 -0.110027 -0.012163 0.032935 0.090389 -0.308045 0.015510 0.229233 0.190080 -0.344850 0.039398 0.117887 0.097597 0.113513 0.282430 0.118603 0.164985 0.060582 0.061882 -0.126693 0.107503 0.224916 0.024474 0.026639 0.268788 -0.091715 -0.067766 -0.061579 0.165725 0.019599 -0.029589 -0.293161 -0.058352 -0.121996 -0.050173 0.272352 -0.071654 -0.032687 -0.072403 
-0.156395 0.135918 -0.235412 -0.132529 0.017522 -0.197215 -0.143240 0.143683 0.098521 -0.021569 0.258208 0.038973 0.045390 0.129249 0.206324 -0.077832 0.289472 -0.107094 0.097142 0.109206 0.115735 -0.002777 -0.021539 -0.037875 0.281129 -0.152179 -0.087186 -0.058758 0.159300 -0.185604 -0.052193 0.017152 0.244791 0.143130 -0.138531 -0.078132 0.202090 0.114845 0.013025 -0.064308 -0.016211 0.055129 -0.033280 -0.156658 -0.123010 -0.077937 0.086283 -0.314891 -0.021624 -0.169368 
-0.172421 -0.146912 -0.125544 -0.037305 -0.113865 -0.004253 -0.105402 -0.105228 -0.004978 -0.044171 -0.054370 0.381268 0.137359 -0.034419 -0.199805 -0.083596 0.036478 -0.113278 0.188469 0.124767 -0.081213 0.111151 0.028873 -0.014078 0.037835 -0.026399 0.039696 -0.218515 0.000906 -0.092825 -0.129715 -0.263898 -0.084588 0.149112 0.055843 -0.047785 -0.291864 -0.293196 -0.041044 -0.026265 0.116799 0.058897 0.026117 -0.087862 0.405563 -0.059385 -0.044401 -0.112603 0.175571 -0.005326 
-0.144776 -0.122019 0.148616 -0.247492 0.016312 -0.033440 0.175569 0.065316 -0.070825 0.138235 0.003009 -0.152516 0.017368 0.121039 0.144169 -0.388634 -0.231371 -0.115884 0.128240 -0.154595 -0.106293 0.087983 -0.285160 0.210878 -0.082871 -0.154465 0.132207 0.029033 0.053955 -0.121708 0.125290 -0.076522 0.206164 0.308745 0.103917 -0.043257 -0.083169 0.047163 -0.067687 -0.062587 -0.038223 0.064308 -0.049826 0.235217 -0.045186 0.051275 0.004513 0.058617 0.136311 0.107051 
-0.129771 0.136196 0.270327 0.132890 0.045947 0.022808 -0.143912 -0.037975 0.052724 0.119341 -0.060763 0.004806 0.072620 0.053884 0.252319 0.009963 0.170395 -0.084321 0.213454 0.021184 0.003926 0.066147 0.001118 -0.096493 -0.076950 -0.081135 0.100759 0.188529 0.025678 -0.077146 -0.027609 0.238651 -0.204810 -0.026651 0.048559 0.042445 -0.299757 -0.034624 0.370124 -0.104844 0.007486 0.353832 -0.061583 -0.177057 -0.064663 -0.071244 0.109786 0.037773 -0.074617 0.251937 
-0.157062 -0.141655 0.070773 -0.037055 0.131800 0.151079 -0.077579 -0.056087 0.129993 -0.256731 0.208810 -0.123610 0.162774 0.073741 -0.069256 0.098956 -0.183069 0.151347 -0.026279 0.032786 0.115075 -0.067297 0.098165 -0.193998 -0.139254 0.084586 -0.079894 -0.238099 -0.026459 -0.253788 -0.167520 -0.033263 -0.047644 0.080761 0.285091 -0.066681 -0.039979 0.250096 0.101646 0.035289 -0.128346 -0.131330 -0.200976 -0.062988 -0.125298 0.210963 0.031505 -0.129918 0.167751 0.222825 
-0.135596 0.172824 0.163281 -0.037216 0.221883 -0.249868 0.050416 -0.355433 0.005094 -0.092142 0.002422 -0.076623 0.060642 -0.001108 0.001795 0.150084 -0.176458 -0.108473 -0.016576 -0.160741 -0.165284 -0.246331 0.002330 -0.222599 -0.015298 0.118129 -0.122615 -0.020353 -0.031069 0.200785 0.155145 -0.201832 0.116902 -0.081210 -0.047987 -0.300563 0.065100 -0.071837 -0.027511 -0.223041 -0.013080 0.285121 0.001176 0.044490 0.037339 -0.104771 -0.006009 -0.153928 0.064889 -0.060862 
-0.113778 -0.042742 0.032877 -0.276619 0.206608 0.233318 0.032627 0.200394 0.119299 0.076037 0.040494 0.012094 -0.154184 -0.223241 -0.136421 -0.021992 0.227913 0.022699 0.004042 0.010339 -0.118834 -0.065018 -0.224048 -0.067995 -0.076674 0.108350 -0.038863 -0.123726 -0.120007 -0.003588 -0.050049 -0.019000 0.336107 -0.322251 -0.239358 -0.029470 -0.061560 -0.087624 0.180717 0.122385 0.027813 0.030395 0.099027 -0.100937 -0.073323 -0.048928 0.030570 0.122709 0.275889 0.147177 
-0.142096 -0.226459 0.101089 0.066865 -0.240107 0.105649 0.170026 -0.062815 0.160728 0.033036 0.157285 -0.176830 0.008706 -0.034557 0.211649 -0.074271 -0.140527 0.179385 -0.108579 -0.054481 0.091299 0.143922 0.000050 -0.321749 -0.012613 -0.186479 0.143153 0.076673 -0.188408 0.126315 0.022733 0.132437 0.157329 -0.176363 -0.039155 0.130751 -0.100001 -0.106683 -0.079056 0.115563 0.168194 0.021434 0.014653 -0.056856 0.174039 -0.014185 0.043029 -0.351615 0.003595 -0.209588 
-0.132701 -0.014135 -0.083240 -0.112429 -0.303178 -0.038425 -0.116134 0.003212 0.080395 0.077539 0.023737 -0.228224 0.046340 0.229440 -0.311712 0.202347 0.023177 0.293592 -0.040873 0.138347 -0.289552 -0.140757 -0.007991 0.198552 -0.114391 -0.042905 0.100399 0.091369 0.118059 -0.075633 0.053317 0.134103 -0.018566 -0.028114 -0.019719 0.177993 0.073520 -0.053457 -0.056165 -0.271252 0.043997 0.204775 0.117188 -0.080938 -0.076307 0.048071 -0.211046 -0.093256 0.169487 0.027092 
-0.143401 -0.309815 -0.244707 0.042060 0.026316 -0.097027 -0.078793 -0.036687 0.007998 -0.042552 -0.032878 -0.030517 -0.063733 0.054440 0.117755 0.040794 0.038685 -0.081367 0.029583 -0.138598 0.210055 -0.181039 -0.016849 0.206131 -0.198007 0.134444 -0.058263 -0.089882 0.169804 -0.094134 -0.199620 0.183372 0.043292 -0.279693 0.033865 -0.067561 -0.195653 -0.084618 -0.007397 0.133267 -0.101544 0.279290 -0.098124 0.310943 -0.021036 0.024412 -0.134505 0.045878 -0.113080 -0.268663 
-0.146396 -0.170497 0.076598 0.046652 0.197116 0.085359 0.062917 0.199735 0.075936 0.037180 -0.320876 -0.151319 0.147930 0.215180 0.016751 -0.045550 0.024673 -0.022406 -0.195622 0.138244 0.188992 -0.170982 0.027193 -0.162700 0.192243 0.250110 -0.014932 0.113047 0.238903 0.008939 0.170434 -0.008415 -0.053567 0.155866 -0.331404 0.108015 -0.108945 -0.100377 -0.072182 -0.015171 -0.244756 -0.076619 -0.001725 -0.024509 0.206914 0.043564 -0.045902 -0.051439 0.037164 0.072124 
-0.162203 0.080586 -0.218148 0.122522 0.116602 -0.081542 -0.030832 0.062312 -0.129260 -0.058499 -0.000863 -0.343540 -0.221168 -0.015003 0.000275 0.013822 -0.088356 0.094857 -0.169513 0.054084 -0.039409 0.116475 -0.141616 0.014148 -0.205601 0.043048 -0.234693 -0.037126 -0.024756 -0.260050 0.063117 -0.117525 -0.118218 0.099881 -0.097791 0.039453 -0.110860 0.168428 0.150799 -0.070885 0.302989 -0.002964 0.078159 -0.046584 0.289779 -0.174462 0.265033 0.110553 -0.086987 -0.116416 
-0.143894 0.023032 -0.128521 -0.123392 0.096412 -0.016922 -0.067982 0.131937 0.027872 0.131520 -0.124677 0.309111 -0.261237 0.120844 0.180175 0.043213 -0.233069 0.295780 -0.003463 -0.250472 0.127371 -0.030527 -0.073456 0.095085 0.100509 -0.098769 -0.239666 -0.102537 -0.134815 0.178272 0.068186 -0.134456 -0.156210 -0.057731 0.081925 0.192785 -0.155885 0.074113 -0.119844 -0.098071 -0.165274 0.102840 0.140490 -0.242832 -0.117851 0.084459 0.032005 -0.083267 0.001926 0.038159 
-0.141843 0.103849 0.036727 0.113373 -0.345033 0.031321 -0.069146 0.125406 0.070008 -0.293910 0.049427 -0.030015 -0.073563 -0.105265 0.230560 0.175855 -0.028622 -0.116679 -0.010467 0.028953 -0.253099 -0.097986 -0.308968 -0.030145 0.106679 -0.100437 -0.169195 -0.199213 -0.054125 -0.039831 0.172602 0.084522 -0.061198 0.010120 0.057032 0.072903 0.124444 -0.212207 0.065979 0.113101 -0.366108 -0.058863 -0.016679 0.140763 0.173276 -0.006780 -0.021116 0.082528 -0.065958 0.114721 
-0.175272 0.123918 -0.097532 0.132229 -0.058062 -0.142265 -0.200480 -0.116698 0.351553 0.110154 -0.050008 -0.038816 0.231318 0.039695 0.051620 -0.287290 -0.146818 -0.045850 -0.098031 -0.104952 -0.116630 -0.009277 0.009206 0.069840 -0.102023 -0.040894 -0.160602 0.128115 0.109289 0.060054 0.002989 -0.037963 0.117368 -0.131220 0.025290 -0.108062 -0.010308 -0.083075 0.060227 0.144877 0.057009 -0.291044 -0.063672 -0.354077 -0.015726 0.130448 -0.171305 0.300674 -0.031312 -0.070420 
-0.136742 -0.052842 0.077737 0.236469 0.113310 -0.097188 0.085698 0.016683 -0.100906 0.070077 -0.050015 0.012003 0.029339 0.187744 -0.169257 0.113953 0.136067 0.036282 -0.103799 -0.131812 -0.095406 0.361957 -0.276121 0.038138 0.292474 0.057274 0.054923 -0.022997 0.134210 -0.071290 0.068035 -0.252308 -0.027910 -0.265848 0.129348 0.031757 0.160430 -0.000070 0.098384 0.218378 0.150298 0.119562 -0.155734 0.040958 -0.039991 0.249758 -0.071185 -0.137002 -0.099293 0.093982 
-0.150890 0.126988 -0.292581 0.126177 0.162636 0.111504 0.035335 -0.108901 0.206122 0.038152 0.202877 0.162378 -0.064940 -0.009757 -0.072108 0.045056 -0.210806 -0.105940 -0.076163 0.018841 0.025873 -0.113793 -0.045605 0.174279 -0.014788 -0.031383 0.289363 0.175989 -0.188765 -0.045130 0.079464 0.024796 -0.123124 0.118050 -0.246674 -0.117189 -0.019850 -0.016863 0.245642 0.121593 0.008552 -0.076988 0.238300 0.212146 -0.035157 0.144527 -0.089582 -0.238509 -0.120000 0.165764 
-0.147286 -0.373732 0.265806 0.056348 0.060003 -0.010738 -0.075210 -0.112757 0.087632 -0.020028 0.116588 -0.006917 -0.003009 -0.234328 -0.125386 0.069488 0.068502 -0.077479 -0.133426 0.025331 -0.082419 -0.092154 -0.081340 0.319898 0.247237 -0.073746 -0.031617 0.183823 -0.163449 -0.148902 -0.096957 0.015278 -0.007078 -0.046055 -0.037853 -0.119423 -0.089665 0.055432 -0.286793 -0.203073 -0.083362 -0.068242 0.004851 -0.165084 -0.026462 -0.019813 0.253973 0.033877 -0.271314 0.023890 
-0.139678 0.093646 0.113680 -0.144025 0.086705 -0.156981 0.045104 -0.360908 -0.229928 0.042236 -0.026806 0.135838 -0.150241 -0.063678 0.046963 -0.202012 -0.005922 0.037708 -0.068251 0.078223 0.003170 -0.140133 0.082788 -0.045815 -0.028634 -0.045455 0.172553 -0.274520 0.211558 -0.206207 0.041427 0.189207 0.100499 -0.226684 -0.025661 0.298409 0.088212 0.099596 -0.019518 -0.037327 -0.012040 -0.177363 0.104022 -0.049372 0.184871 0.038690 -0.100823 -0.027771 -0.232845 0.200341 
-0.116142 0.042017 0.015248 -0.055982 0.051451 0.004222 -0.154095 0.044008 0.320053 0.276599 0.089485 0.011793 -0.198061 0.054273 -0.072319 -0.213775 0.079577 0.071352 -0.015041 0.020126 0.007008 0.068345 0.004492 -0.171074 -0.004301 0.346662 0.091284 -0.148978 -0.154726 0.071439 -0.074180 0.111098 -0.113935 0.121535 0.188652 0.009567 0.304209 -0.229390 -0.060670 -0.227063 0.020353 0.062536 -0.088903 0.197205 0.090612 0.138305 0.192774 0.121816 -0.176782 -0.060218 
-0.149443 0.024462 0.162451 0.253639 -0.087929 -0.016646 0.116273 0.044507 0.003867 -0.049911 0.116126 0.115001 -0.136631 0.117154 0.059102 -0.038711 0.003449 0.231886 0.009801 0.058805 0.051062 0.144591 0.270504 0.248592 -0.024925 0.032970 -0.122404 0.077801 0.034231 0.195967 -0.258561 0.002660 0.276758 0.052268 -0.111865 -0.175141 0.182112 0.190054 0.056644 0.026405 -0.139515 0.169640 0.070511 0.055121 0.354690 -0.011430 -0.026986 0.109792 0.104956 0.222578 
-0.140065 -0.064860 0.163988 0.092413 0.180655 -0.290461 -0.245856 0.135940 -0.011948 -0.119711 0.043333 0.066118 -0.058069 -0.088265 -0.028582 -0.004252 0.219172 0.286689 -0.084797 -0.074422 -0.260342 0.077748 0.146446 -0.132276 0.047517 -0.088898 0.168690 -0.033215 0.030585 0.136534 0.089520 0.016376 0.058666 0.171653 0.042936 0.004061 -0.305320 0.088674 0.119154 0.023410 -0.077855 -0.214227 0.153263 0.279865 -0.124632 -0.009974 -0.104016 0.056038 0.030582 -0.232165 
-0.137687 -0.072290 -0.065709 0.055896 0.140744 -0.137336 -0.020448 -0.058930 -0.201480 -0.170318 0.074140 -0.009555 -0.068424 0.078711 -0.113812 -0.191156 0.007917 -0.061025 0.026868 0.071002 0.048730 0.192794 -0.314589 -0.108620 -0.155602 -0.010452 0.002049 0.179164 -0.205387 0.188788 -0.293161 0.071446 -0.197786 -0.034924 -0.143758 0.124334 0.136386 -0.026148 -0.017802 -0.172546 -0.220526 -0.138962 -0.194629 -0.077338 -0.085317 -0.250810 -0.297536 -0.052054 0.076977 0.010310 
-0.137632 0.088261 0.190513 -0.049750 0.007886 0.104098 -0.005989 0.143019 0.045147 -0.017368 -0.259974 0.161943 0.124859 0.235492 -0.038570 0.175148 0.031720 0.161468 0.025787 -0.103163 0.115307 -0.211415 -0.116281 0.046700 -0.199233 -0.190515 -0.040381 0.068374 0.034281 -0.017742 -0.202925 -0.082201 0.139652 -0.003873 0.094159 -0.049955 0.129677 -0.186654 0.069702 -0.040463 0.222497 -0.310413 -0.034394 0.194188 -0.014575 -0.307883 0.108781 -0.134278 -0.242443 0.050145 
-0.160300 0.127601 -0.008061 -0.078754 -0.087409 -0.098364 0.143163 -0.083316 0.120102 -0.022684 -0.153423 0.099619 -0.123951 -0.079024 -0.353807 0.125336 0.097930 -0.205379 -0.091837 -0.111489 0.124514 0.303297 0.074066 -0.190340 -0.182061 -0.072687 -0.349368 0.150800 0.004959 -0.109751 0.079592 0.264218 0.180036 0.215876 0.024014 0.058520 -0.112903 -0.017211 -0.186160 0.099539 -0.064057 0.063486 0.063664 0.065916 -0.117476 0.099258 -0.019946 -0.051452 -0.086253 0.107355 
-0.150693 0.202372 0.136814 0.127543 0.058159 0.132158 -0.006563 -0.055371 0.128850 -0.203831 0.123525 -0.029901 -0.164856 0.225577 -0.009487 0.013083 0.165408 -0.218098 -0.064675 -0.040205 0.130488 0.105587 0.046026 0.231070 -0.219797 -0.061483 0.238823 -0.188868 0.189126 0.158828 0.181287 -0.017581 -0.165665 -0.129047 -0.024475 0.009759 -0.047748 -0.051731 -0.308678 0.032030 0.002154 -0.107895 0.013811 -0.063231 -0.080771 -0.067686 0.258117 0.000382 0.276353 -0.073456 
-0.146022 0.034027 0.176402 -0.128938 -0.157692 0.166588 -0.183508 0.012744 -0.218479 0.024204 0.266350 0.328015 0.073713 -0.121364 0.037669 0.149896 -0.140939 -0.025064 -0.085911 -0.102936 0.177168 0.093120 -0.105837 -0.012994 -0.091914 0.330634 0.033026 0.339350 0.187961 -0.130865 0.179348 -0.053298 0.067502 -0.008982 0.030905 0.095188 0.094256 0.045844 0.136202 -0.105447 -0.045063 -0.052350 0.018068 -0.021734 0.063485 0.011296 0.000589 0.072990 0.105471 -0.282048 
-0.121688 -0.038126 0.002577 -0.316309 0.064426 -0.091609 0.168343 0.227495 0.117433 -0.207120 0.096678 -0.022373 0.139712 -0.080119 0.229379 0.021654 -0.142383 -0.063161 -0.053861 0.132872 -0.038626 0.326299 0.276670 0.045701 0.074162 0.033531 -0.124335 0.043891 0.114795 -0.027523 -0.024677 -0.034741 -0.240128 -0.272903 -0.017847 -0.050729 0.021349 -0.164881 -0.030668 -0.211157 0.184190 -0.048342 0.179176 0.174259 -0.103271 -0.044673 -0.138911 0.067812 -0.071313 0.160422 
-0.149797 -0.026354 -0.181041 -0.062390 -0.323010 -0.342253 -0.081580 0.131737 -0.157327 0.132933 -0.050004 -0.133879 0.084392 -0.223547 0.038180 0.190384 -0.015855 -0.110536 -0.176587 -0.152263 0.159750 0.006163 0.003465 -0.051459 -0.085678 0.116346 0.314628 -0.095415 0.050039 0.249880 -0.177534 -0.141406 0.061056 0.053563 -0.079308 -0.027798 -0.051654 0.014772 0.018124 -0.029823 -0.020485 -0.069691 -0.050360 -0.063380 -0.083581 0.043641 0.224113 0.004669 -0.011545 0.328206 
-0.124188 -0.109811 -0.109951 0.090882 0.108849 0.049495 0.226514 -0.233070 0.189772 -0.050064 0.108542 0.066206 0.259772 -0.307805 0.106178 0.030673 0.207945 0.162713 0.091930 0.065303 0.059634 -0.115084 -0.222634 0.029278 -0.061239 -0.016436 -0.128450 0.004188 0.241926 0.277259 0.004468 -0.084765 -0.083783 0.232386 0.031860 0.345739 0.114158 0.093201 -0.045339 0.019710 0.181983 0.106509 0.057591 0.091276 -0.079971 -0.002465 0.037277 0.133433 0.016487 0.051045 
-0.118065 0.278658 -0.017231 0.062284 0.177638 0.034295 0.024694 0.180448 -0.250035 -0.021050 -0.066946 -0.059187 0.197141 -0.295580 -0.084201 -0.058774 -0.011213 0.088943 -0.080087 0.184678 0.198525 -0.032449 -0.030582 0.238395 0.015651 -0.178004 -0.066192 -0.068915 -0.096384 0.162859 0.095705 0.244247 0.084773 -0.050142 0.128191 -0.083492 -0.060922 -0.173684 0.050290 -0.222135 0.044041 0.000808 -0.222555 0.015457 0.114541 0.345406 0.000090 -0.125348 0.077804 -0.115648 
-0.129215 0.122119 -0.137758 -0.221770 -0.069523 0.092926 0.048990 -0.223864 0.036673 -0.039906 -0.334588 -0.021998 0.186505 0.025346 0.253822 -0.000103 0.378178 -0.007093 -0.106674 -0.135786 -0.151547 0.074394 0.106189 0.136336 -0.026089 0.119761 0.034212 0.149545 -0.366764 -0.094811 -0.044025 -0.079147 -0.070897 -0.084079 0.035700 0.068250 0.046011 0.250649 0.000381 -0.032227 -0.115662 -0.092155 -0.051244 0.135580 0.141755 0.100471 0.053284 -0.088756 0.150146 -0.084696 
-0.132020 0.054139 0.020272 0.100340 -0.082788 0.071362 -0.235506 0.121735 0.153929 -0.025085 -0.145345 -0.001683 0.193224 0.005769 -0.222946 -0.064529 -0.201099 -0.222769 0.142968 0.202302 0.161619 0.040852 0.017152 -0.067857 0.086462 -0.100034 0.075659 -0.122600 -0.184111 0.093428 0.124032 -0.144102 0.158315 -0.226145 -0.019028 0.230705 0.003391 0.426787 -0.018145 -0.101673 -0.005674 0.155089 0.047009 0.215510 -0.021036 -0.136949 -0.021510 0.135711 -0.112351 -0.055247 
-0.130583 -0.095183 -0.048256 0.017387 0.197261 0.053833 -0.132073 0.127575 -0.167859 0.193679 0.041100 0.032335 0.068700 0.035501 0.238078 0.167657 0.078935 -0.100307 -0.130794 0.318038 -0.107232 0.009889 0.021147 0.008448 -0.252061 0.104441 0.053581 -0.004510 -0.180379 0.075237 0.189111 0.013347 0.107678 0.107322 0.300143 -0.105159 0.076129 0.035164 -0.293815 0.252585 0.063458 0.086941 0.080824 -0.154289 0.013184 -0.155841 -0.244629 -0.040359 -0.131653 0.108615 
-0.154112 -0.123964 -0.007582 0.142652 0.091325 0.248900 -0.174593 -0.032787 -0.095867 -0.034270 -0.289064 -0.201284 -0.093815 -0.150243 0.042366 0.041214 -0.104240 -0.231184 0.126488 -0.232756 -0.043929 0.079493 0.035605 0.009580 0.181026 0.026422 0.017105 -0.074468 0.132680 0.071050 -0.215448 0.204520 0.025518 0.118880 0.163965 -0.017002 0.253180 0.004806 0.081169 -0.082735 0.109602 -0.068393 0.420090 -0.103149 -0.036715 0.010430 -0.083183 -0.114985 0.155758 -0.076439 
-0.163233 -0.047841 0.059594 0.115120 0.033233 -0.267521 0.018042 0.179412 -0.099431 -0.251395 -0.012693 -0.014769 -0.033425 -0.031797 -0.013330 -0.059537 0.061514 0.040140 0.287893 -0.163009 0.185053 -0.261540 0.173275 -0.065740 -0.021266 -0.024254 0.109969 0.185069 -0.301769 -0.261091 0.120624 -0.083381 -0.042178 0.009496 -0.039391 0.140260 0.239175 -0.173426 -0.137046 0.149939 0.186324 0.082395 0.066781 -0.083304 -0.014832 0.165032 -0.020170 0.191772 0.136492 0.044563 
-0.124302 -0.210313 0.051797 0.066795 -0.205367 -0.146068 0.215048 0.091110 -0.123369 0.034929 -0.034089 0.121912 0.140084 0.039347 -0.170554 -0.326530 0.028942 -0.035020 0.030818 0.074045 -0.092733 -0.110226 0.086129 0.111245 -0.103880 0.219870 -0.205800 -0.104616 -0.064212 0.114482 0.238199 0.149437 -0.173279 -0.078404 0.077594 -0.087884 0.099952 0.074056 0.272720 0.122661 -0.048929 -0.047640 0.152050 -0.060978 -0.185559 -0.140427 0.253583 -0.246027 0.007011 -0.051459 
-0.131722 0.169113 0.036436 0.161561 -0.122609 0.207782 0.009056 0.012191 -0.153408 -0.009324 0.079172 0.125971 0.165294 0.032825 0.041582 -0.132240 -0.042673 0.046316 -0.314114 -0.250604 -0.090488 -0.068460 0.070980 0.015118 0.218826 0.158582 -0.049969 -0.255627 -0.139915 -0.115911 -0.086925 0.181555 -0.016529 0.153139 -0.231149 0.031208 -0.097647 -0.009214 -0.153423 0.001484 0.269752 0.139459 -0.171474 0.056784 -0.233008 -0.213350 -0.157312 0.106906 0.034500 0.059318 
-0.139952 0.139035 0.135730 0.198480 -0.144670 -0.040752 0.017237 -0.083164 -0.008142 0.418313 0.057225 -0.172800 -0.160851 -0.148531 0.092290 0.099106 0.033743 0.034740 0.382409 0.141742 0.093980 -0.031238 0.022120 0.048416 0.069359 0.182422 -0.220526 -0.018055 -0.018420 -0.106961 0.000895 -0.136152 -0.073738 -0.074417 -0.074670 -0.030316 -0.157757 0.016595 -0.149198 -0.012703 0.034111 -0.312553 -0.057399 0.189057 -0.118909 -0.028393 -0.179352 -0.159129 0.153754 0.036103 
-0.126393 0.033898 -0.274952 0.035040 0.123369 0.161131 0.020855 -0.095448 -0.212601 0.206040 0.269373 -0.184739 0.116211 0.071504 -0.150785 -0.043181 0.050349 0.000895 -0.034063 -0.145625 0.009316 -0.032169 0.273345 -0.057336 0.194001 -0.180720 -0.076121 0.156324 0.008883 0.001659 0.043915 -0.093284 0.066211 -0.111701 0.261599 0.166373 -0.027423 -0.242165 0.045841 0.037565 -0.274447 -0.030168 0.040363 0.117649 0.022341 -0.268941 0.169195 0.136504 0.048702 0.111559 
-0.137216 -0.115104 -0.185156 0.204260 0.024871 0.133705 0.368409 0.025685 -0.051546 0.085831 -0.046425 0.091061 0.124417 0.050424 0.042798 0.216714 0.024064 0.088331 0.256155 -0.084975 -0.092397 0.175419 0.057510 -0.117039 -0.155177 -0.041254 0.175217 -0.221829 -0.029522 -0.128285 0.148885 0.025255 0.108417 0.005426 -0.165688 -0.169007 0.053030 -0.001778 0.012003 -0.316604 -0.188151 -0.102754 -0.023472 -0.166802 -0.097368 0.050112 -0.010861 0.223432 -0.182920 -0.159908 
-0.135291 0.156866 0.060090 0.069727 -0.050669 -0.059704 0.324729 0.121060 -0.092813 0.146278 0.047454 0.125613 -0.011569 0.157037 0.019171 0.036618 -0.033374 -0.200642 -0.185950 0.241167 -0.121603 -0.242694 -0.118152 -0.238337 0.051038 -0.110746 0.018051 0.082729 0.015070 -0.043141 -0.408911 -0.020065 -0.106357 -0.064726 0.148781 -0.014951 -0.092730 0.110557 -0.071432 0.006490 -0.003273 0.015059 0.233998 0.031492 -0.049448 0.221449 0.089742 0.182993 0.131801 -0.217548 
-0.147892 0.134785 0.263227 -0.286041 0.010111 0.114853 0.044817 0.044529 -0.096745 0.042910 0.156341 -0.244951 0.079698 0.016757 -0.122335 0.061667 0.025678 -0.087936 0.131987 -0.092289 -0.033623 0.010035 0.155897 0.144902 -0.077237 -0.010325 -0.044190 -0.160881 -0.063820 0.158430 -0.180035 -0.187463 -0.141231 0.172162 -0.191380 0.157800 -0.006582 -0.043487 0.108044 0.264138 -0.107889 0.077744 0.024169 -0.145040 0.037700 0.128974 -0.121199 -0.020851 -0.357435 -0.253559 
-0.140232 -0.092297 -0.005495 -0.261386 -0.029879 -0.136864 0.190901 -0.120878 0.085404 0.009061 0.040466 -0.029018 -0.127888 0.192395 -0.072924 0.271203 0.011466 -0.071078 0.048742 0.020745 0.213355 -0.054455 -0.049088 0.084508 0.343609 0.015718 0.066050 -0.055252 -0.134239 0.174603 0.146491 0.268828 -0.038888 0.091684 0.161108 -0.088636 -0.068189 0.113827 0.219738 0.059200 0.199051 -0.153533 -0.148617 -0.087555 0.146215 -0.157859 -0.139630 0.269545 0.099149 -0.048430 
-0.135937 -0.098294 0.090580 -0.046081 -0.052402 0.003758 -0.064080 -0.279077 -0.018334 0.082149 -0.268666 0.016947 -0.145967 -0.105114 0.084766 0.030467 -0.117761 0.122541 -0.235289 0.357437 0.152341 0.118899 0.114290 0.042627 0.024893 -0.223089 0.037311 -0.074118 -0.035437 -0.128081 0.006954 -0.180250 -0.029114 0.111228 -0.106715 -0.064419 0.216559 -0.213155 0.186448 0.141211 -0.102196 0.133252 -0.083949 0.032553 -0.317416 -0.071223 0.064561 0.133875 0.148772 -0.151347 
-0.151442 0.092212 -0.023428 -0.103575 0.069126 0.000630 0.047804 0.197151 0.120322 0.176478 -0.090560 0.053494 0.012901 -0.325754 -0.137486 -0.003618 -0.105175 0.128428 0.049296 -0.152704 -0.108683 -0.037521 0.038995 -0.089128 -0.000809 -0.186913 0.151299 0.067819 0.224613 -0.103190 -0.004667 0.129404 -0.351011 -0.064086 -0.012968 -0.216388 0.184395 0.235951 -0.164702 0.223379 -0.105466 0.101036 -0.223282 -0.001825 0.185534 -0.232145 -0.017306 -0.044664 0.083379 -0.058577 
-0.147717 0.148568 -0.104856 -0.162370 -0.147260 0.169027 -0.123136 -0.180287 -0.206799 -0.215307 -0.057513 -0.100686 0.062219 0.082840 -0.050992 -0.155293 0.035416 0.329272 0.208585 0.129876 0.114455 0.059520 -0.212463 -0.142564 0.146510 0.106465 0.060040 0.104616 0.055682 0.094421 0.015154 0.061617 -0.049676 -0.054991 -0.024409 -0.377926 -0.109625 0.012806 -0.207972 0.169978 -0.007347 0.030366 0.225394 0.027649 -0.088943 0.070605 0.112319 0.131565 -0.182534 0.057749 
-0.139973 0.025460 -0.080160 0.038445 -0.193191 0.241920 0.181021 0.090498 0.040917 -0.203740 -0.065456 -0.041481 -0.396149 -0.150905 -0.034558 -0.222252 0.173617 -0.062669 -0.097582 0.015981 0.011804 -0.194642 0.135120 -0.053638 0.021626 0.029293 0.096327 0.147845 0.128182 0.059591 0.077669 -0.309508 0.037362 0.031433 0.247417 -0.080841 -0.094779 0.062408 0.106516 -0.181187 0.046612 0.054053 -0.183371 -0.109846 -0.097261 -0.029996 -0.257079 -0.067255 -0.197861 0.013827 
