-0.128662 -0.155510 -0.151912 -0.171648 -0.111688 -0.262536 0.027519 0.042579 -0.113283 0.097453 -0.044322 -0.010458 0.014501 -0.144715 -0.204788 0.028333 -0.190769 -0.126724 -0.134988 -0.307358 -0.004559 -0.035675 -0.125341 -0.112621 0.315572 -0.192431 -0.163431 0.020629 -0.081011 0.016576 -0.184899 -0.170020 -0.048077 0.195345 -0.178401 0.000320 0.122234 0.038983 -0.155993 0.106466 -0.095060 0.294949 0.079534 0.232096 -0.068967 0.073879 -0.083699 0.086157 0.025159 0.003401 
-0.140595 0.017404 0.036784 -0.150290 0.317509 0.123790 0.082562 -0.046021 0.054797 -0.243310 0.115443 -0.100461 -0.156600 0.024543 -0.025907 -0.067948 -0.216573 -0.042171 -0.165677 0.034988 -0.052947 -0.009481 0.273020 -0.366981 -0.115838 -0.067026 -0.097730 -0.046657 -0.068683 0.039369 0.168766 -0.050895 0.047183 0.122396 -0.059430 0.129905 0.041997 -0.058029 0.383019 0.121421 -0.057204 -0.003126 -0.157646 0.138804 0.069969 0.312015 -0.018372 -0.042961 -0.038952 -0.029994 
-0.146970 0.052266 0.016683 0.050085 -0.057886 -0.058616 -0.255353 -0.089775 0.040263 -0.085983 -0.023353 0.007460 0.157118 0.195837 -0.178529 -0.070522 0.311600 0.267436 -0.097221 0.071028 -0.079050 0.130213 0.157345 0.009210 0.257379 -0.105857 -0.131497 0.063402 -0.146314 -0.024863 0.063574 0.246367 -0.119873 -0.041117 -0.050408 -0.008003 -0.076783 -0.178065 0.033442 0.272510 -0.157553 -0.011516 0.121141 -0.160506 0.113632 0.138005 -0.097814 0.272323 0.206875 0.105461 
-0.146877 -0.156977 -0.190366 0.045715 0.175962 -0.078833 -0.026221 -0.178753 0.066089 0.187798 0.117911 -0.021115 -0.144551 0.145305 0.039176 0.190325 0.025301 -0.016302 -0.220357 0.149679 0.214009 -0.146474 -0.095046 0.033657 0.091462 -0.090598 -0.015660 0.153717 -0.045249 -0.003262 -0.002663 0.117962 0.167202 -0.116200 0.292218 0.112127 0.219569 0.092902 -0.140780 -0.062158 -0.028067 0.036659 0.164743 -0.080314 0.325800 0.164921 0.000543 -0.334849 0.062847 0.032929 
-0.149141 0.109356 0.083072 0.323071 0.045506 -0.039148 0.064530 0.208845 0.169379 0.180789 0.047390 -0.097852 0.173017 -0.022646 0.139107 0.024743 -0.207310 0.073151 -0.073171 -0.156950 0.142082 -0.088442 0.027947 -0.083350 -0.155235 0.230080 -0.082965 -0.199576 0.136267 -0.041010 -0.017660 0.066199 0.092079 -0.199108 -0.111382 -0.264884 -0.170400 -0.096680 0.004277 0.086777 -0.132724 0.320523 0.046368 0.019458 0.201324 0.024445 -0.180494 -0.016994 0.176152 -0.110716 
-0.153017 0.141350 0.260409 0.012774 0.057077 -0.042267 -0.034078 0.163443 -0.294182 0.002529 0.138439 -0.000163 0.076464 0.077288 -0.043277 -0.151742 -0.060891 -0.322357 -0.149407 0.099223 -0.312954 0.147541 -0.207590 -0.104674 0.031464 -0.152780 0.003853 0.138200 0.075330 -0.276385 0.115823 0.162255 0.135643 -0.114897 -0.037422 -0.183326 -0.036333 -0.068677 -0.039051 -0.145161 -0.082928 -0.078705 0.104439 0.148181 0.073761 -0.103354 0.159643 -0.117614 0.016921 0.193833 
-0.144587 -0.127368 0.122681 0.062692 0.081120 -0.284709 -0.073360 0.078722 0.075043 -0.077993 0.036597 -0.139476 0.006229 -0.001812 0.204927 0.065674 0.004994 0.061364 0.149639 0.201315 0.075954 -0.256725 -0.070267 0.006665 0.040151 -0.069970 -0.043766 0.235399 0.454373 -0.079066 -0.080584 -0.076294 -0.266417 -0.154640 -0.017032 0.294979 -0.023272 -0.156976 0.076345 -0.018844 -0.086398 -0.046048 0.028676 0.210236 -0.091631 0.036410 0.086693 0.205157 -0.075145 -0.021158 
-0.148653 0.035997 0.097337 0.143896 -0.038177 0.095057 0.006562 0.181690 -0.123528 0.257005 -0.397681 -0.142273 0.172149 0.117507 -0.139657 0.132436 -0.033021 -0.060395 0.260693 -0.055082 -0.050260 -0.111267 0.176768 0.036023 -0.110495 -0.112144 -0.023213 0.058935 -0.071896 0.042123 0.075745 -0.039567 -0.214390 0.188753 0.210471 -0.083354 0.315959 -0.171188 0.109573 0.050505 -0.102783 -0.138185 0.004780 0.058271 0.081515 -0.014985 -0.140879 -0.187464 -0.149084 0.052629 
-0.134173 0.223544 0.200202 0.020806 0.340259 0.052032 -0.014949 -0.051606 0.020760 0.129457 0.158948 -0.027317 0.033405 -0.373281 -0.004594 0.058655 0.052921 -0.028536 -0.106251 -0.010190 -0.006768 -0.098414 0.151489 0.142744 0.015655 0.006384 0.245957 -0.070405 -0.057586 -0.114792 -0.081671 -0.028083 -0.220509 0.077234 -0.201833 0.192325 0.202660 0.142095 -0.066543 0.084498 0.143352 -0.070222 0.079723 -0.056196 -0.064435 -0.164566 -0.158143 -0.032209 0.280930 0.221200 
-0.149665 0.048095 -0.182347 0.098882 -0.110374 0.152533 -0.028451 0.023989 -0.040559 -0.097519 0.006996 0.107020 -0.141403 -0.306827 0.127360 -0.378067 0.052650 -0.059507 0.041681 -0.047573 -0.058335 -0.204775 -0.036129 -0.028728 -0.107051 -0.074834 0.010826 0.165311 -0.017395 -0.011910 0.178614 -0.070470 -0.120522 -0.094993 0.022021 0.006286 0.035451 0.175078 0.023904 0.032997 -0.311954 0.197170 0.195542 -0.338860 0.033973 0.006178 -0.098283 0.040494 -0.302716 0.094083 
-0.143288 0.020231 -0.089628 0.019934 0.194298 -0.087190 -0.134552 0.320417 0.063542 0.016923 0.152529 0.128350 0.104964 -0.010022 0.141561 0.036831 -0.040563 0.164745 -0.068933 -0.146735 -0.208798 0.126187 -0.179652 -0.110097 0.156960 0.306599 0.109679 0.273553 -0.187109 0.103365 -0.243861 -0.185868 0.022922 0.004403 0.187379 -0.077190 0.082563 -0.063067 0.162873 -0.044393 0.186496 -0.144473 -0.080708 -0.133107 0.061556 0.036629 -0.089333 0.116720 -0.186885 0.035775 
-0.139416 0.033670 0.019392 -0.199191 -0.150225 0.006537 0.345477 -0.210361 -0.041354 0.096532 -0.020852 0.088885 -0.063350 0.000741 0.036437 -0.105511 -0.036739 0.342136 0.074587 -0.012478 -0.334734 0.062995 0.061314 0.107656 -0.086918 0.186415 -0.059912 0.052373 -0.050363 -0.068558 -0.085493 0.138669 -0.050835 -0.192541 -0.158629 0.132645 0.266970 -0.163458 0.076175 -0.052056 0.152140 0.184047 0.199908 0.146032 0.160035 -0.062791 0.110556 -0.072377 -0.070648 -0.142082 
-0.141387 -0.061690 0.190818 -0.045537 -0.043720 0.228436 -0.053598 -0.053456 -0.133889 0.111526 -0.080318 -0.170638 -0.332521 -0.033218 -0.143081 -0.026800 -0.110232 0.248749 -0.074085 0.018465 0.168543 0.278571 -0.048872 -0.013788 0.197349 0.186498 0.096310 0.055228 0.108431 0.072437 -0.158951 -0.105177 -0.160408 -0.211328 0.038488 -0.135992 0.010308 0.086060 0.064747 -0.013625 -0.357642 -0.016555 -0.173093 -0.031956 -0.183916 -0.010936 0.125321 -0.166817 0.091074 0.063834 
-0.152814 0.079007 -0.137714 -0.060550 -0.074366 0.029312 -0.117697 -0.144520 -0.090091 -0.227589 0.101338 0.020508 -0.004427 0.107355 0.141996 -0.013281 -0.045989 -0.086281 -0.031632 -0.123412 0.124445 -0.027327 -0.317787 0.256495 -0.027083 0.212346 0.099085 -0.144624 0.090891 0.037775 0.037557 0.331025 -0.345406 0.252700 -0.135385 -0.111414 0.070794 -0.056215 -0.003422 0.023358 -0.003157 -0.031391 -0.246845 0.137926 0.181405 0.141962 -0.071860 -0.082521 -0.125440 0.117338 
-0.147002 -0.031326 -0.126284 0.200923 0.001464 -0.069137 0.001273 -0.159711 0.058333 -0.065851 -0.282791 0.185902 -0.129423 0.228470 0.075415 -0.215338 -0.056920 0.090070 -0.109947 0.065170 -0.027833 0.010220 0.166180 -0.034031 0.124514 0.059110 0.299629 0.032621 0.305817 0.007774 0.164466 -0.176019 0.193534 0.111688 -0.045016 -0.240170 0.162920 0.165652 -0.032456 0.010694 0.158496 -0.057431 0.091757 0.236754 -0.041241 -0.075895 -0.156184 0.138431 0.070160 0.122911 
-0.158886 0.100673 -0.100716 -0.252255 0.088887 -0.027949 -0.188783 0.010969 0.086323 0.206894 0.019277 0.001998 -0.098704 0.069059 0.045765 0.012051 -0.052360 -0.057676 0.311930 -0.046902 0.022223 0.168137 0.149509 0.177049 -0.255742 -0.113694 -0.019250 0.286105 -0.000606 0.173097 -0.187772 0.089409 0.181921 0.032903 -0.311794 -0.052241 -0.201928 0.231812 -0.005200 -0.110697 -0.167838 -0.169128 0.079944 0.107080 0.124226 0.078002 -0.123550 0.061262 0.027644 -0.019260 
-0.142868 0.131875 -0.101290 0.025730 0.059021 -0.037477 0.123321 0.210118 0.106049 -0.160752 0.051523 -0.027630 -0.134133 0.157099 0.072921 0.143662 0.049168 0.042881 -0.064755 -0.017018 -0.302000 0.158486 0.033915 0.258507 0.023025 -0.222613 -0.026520 -0.335319 -0.026188 0.181674 0.149370 -0.330399 -0.223378 -0.183989 0.037009 0.031708 -0.061606 0.002590 -0.254579 -0.241596 -0.089424 -0.020323 0.028456 0.023164 0.011177 0.157573 -0.069539 -0.050191 0.032930 -0.014475 
-0.122292 -0.031872 -0.016095 0.204184 -0.255268 -0.087988 -0.202987 0.114769 -0.026153 0.198614 -0.009219 0.049399 -0.144622 -0.104230 -0.062671 0.151973 -0.280998 -0.030572 -0.056890 0.021238 -0.028937 0.023785 0.090748 -0.114505 0.034492 0.018003 0.125264 -0.037825 -0.016354 0.171587 0.294163 0.203504 0.041646 0.029279 -0.243820 0.225438 0.159707 -0.078973 -0.040504 -0.280627 0.082066 -0.055128 -0.148762 -0.252226 0.033714 0.053438 0.226417 0.215361 0.047175 -0.079592 
-0.134703 -0.011443 0.155149 0.166347 -0.211488 -0.296154 0.168020 -0.258191 0.123370 0.023817 -0.079654 -0.024816 -0.181749 -0.054778 0.041089 0.138564 0.067430 -0.084253 0.024263 0.054103 -0.148597 0.044423 -0.067942 -0.176739 0.059224 -0.065568 0.037367 -0.021262 0.022902 0.106254 -0.152439 -0.036263 -0.017446 0.128777 -0.160452 -0.013175 -0.353710 -0.116373 0.163430 0.043301 0.131130 -0.076152 0.042246 -0.251859 -0.007344 0.010040 -0.184260 -0.341556 -0.127280 0.191495 
-0.125417 -0.040314 0.099960 -0.103422 0.163191 -0.063604 0.110058 0.153066 0.028654 -0.065506 -0.339472 -0.080004 0.166956 -0.147072 0.074937 -0.081793 0.214358 0.170533 -0.030790 -0.163287 -0.124974 0.028226 -0.158642 -0.058651 0.038952 0.038582 0.031713 -0.104452 0.185136 0.161709 0.037130 0.332689 0.147041 0.260765 0.169703 0.186846 -0.072381 0.262714 0.066497 -0.225559 -0.091927 0.079002 0.079130 -0.044591 -0.110425 0.129241 0.083135 -0.084776 0.145166 -0.046969 
-0.160967 0.023582 0.000440 -0.046461 0.234837 -0.109012 -0.060503 -0.192411 0.077166 0.155221 -0.048413 0.186179 0.003349 -0.153861 -0.040719 0.105772 0.222183 0.029326 0.084145 0.266317 -0.121530 -0.019146 -0.082787 -0.128981 -0.075878 0.047450 -0.253961 -0.218552 0.050678 -0.134805 -0.036660 0.035906 0.146036 -0.020769 -0.080033 -0.237935 0.240348 -0.033048 -0.202949 -0.061005 -0.148311 -0.001430 -0.337475 -0.064124 -0.206052 0.063653 -0.093437 0.093814 -0.225851 -0.077336 
-0.138832 -0.074647 0.094978 -0.002092 0.133354 -0.087461 0.070075 -0.007517 0.056412 -0.011660 0.017481 0.138950 0.126284 0.371981 -0.015376 -0.365705 -0.053197 -0.093739 0.118897 -0.110687 0.090539 -0.065031 0.089323 -0.185449 -0.003492 0.050368 0.274204 -0.050150 -0.118001 -0.106196 -0.182157 -0.027302 -0.121597 0.053287 -0.110736 0.154643 -0.023782 -0.081107 -0.351850 0.025372 -0.118340 -0.091815 -0.025944 -0.215684 -0.095845 0.054455 0.137687 -0.171498 -0.007974 -0.276987 
-0.141443 -0.000099 0.084198 0.072143 -0.179520 -0.036302 -0.130223 -0.006863 0.051154 0.164827 0.106566 0.090175 0.061696 -0.070511 0.007990 -0.424177 -0.116963 0.096539 0.155074 0.070533 0.074847 0.010444 -0.086243 0.319520 0.089495 -0.094084 -0.096027 -0.174735 -0.112050 -0.154917 0.007186 -0.169635 0.280389 0.061512 0.168697 0.277031 -0.048422 -0.105103 0.174188 -0.082929 0.036052 0.010916 -0.248561 0.108295 -0.034180 0.135359 -0.134782 -0.108262 0.110236 0.123175 
-0.143895 0.318356 0.063266 -0.033118 -0.084997 0.005214 0.137084 0.171613 0.053054 0.032658 0.186936 -0.143910 -0.222135 0.062316 -0.243766 -0.000870 -0.095605 0.188152 0.015917 -0.028305 0.154260 -0.028076 0.022970 0.032518 -0.023888 0.011626 -0.114271 -0.163934 0.201007 -0.140885 -0.103230 0.058270 0.136297 0.249854 0.162725 -0.011700 -0.016483 0.070175 -0.179860 0.172545 0.145063 -0.151269 0.233198 -0.107551 -0.017332 0.093786 0.173275 0.173835 -0.303520 0.110366 
-0.135346 -0.211877 0.034039 0.047869 -0.161023 0.054832 -0.219649 -0.021430 -0.356610 -0.222461 -0.076686 -0.105784 0.000492 -0.020637 0.237263 0.144560 0.059576 -0.039619 -0.077447 -0.152932 -0.057696 0.100088 0.227806 -0.065083 -0.247394 0.246121 -0.115787 -0.095021 -0.004478 -0.075122 -0.154417 -0.045609 0.232428 -0.085625 0.041843 0.274115 0.025172 -0.035752 -0.286669 0.105657 -0.005627 -0.068308 0.048226 0.035714 -0.059253 0.044877 -0.129659 -0.020150 -0.037385 0.196540 
-0.122871 -0.132826 0.073808 -0.032667 0.135149 0.142820 0.186254 0.021614 -0.062076 0.231386 0.084864 -0.006853 -0.347435 0.172912 0.233972 0.012695 0.306409 -0.210004 0.188470 -0.262698 -0.058111 -0.023917 0.010055 0.057791 0.105399 0.053799 -0.123990 0.075714 0.065054 -0.001624 0.152470 -0.079705 0.050022 0.173906 0.051741 -0.005217 -0.054683 -0.145905 -0.008806 0.125709 0.064684 0.187734 -0.195964 -0.118667 0.087411 -0.120881 0.151238 0.202788 0.192689 0.083779 
-0.140764 -0.024501 -0.115261 -0.045628 -0.046876 -0.307545 0.042562 -0.024851 0.050690 0.005247 0.164800 -0.408410 0.095682 -0.015706 0.152003 0.108233 0.097933 0.042451 -0.005765 0.008139 0.077230 0.273543 0.055737 0.145180 -0.047092 -0.004245 0.317550 0.055554 -0.191290 -0.184129 0.308572 -0.011102 0.139627 0.094681 0.011719 -0.050309 0.061507 0.004171 0.088310 0.148640 -0.136629 0.128806 -0.009218 0.015109 -0.229220 -0.145742 0.044670 -0.039841 -0.174974 -0.165518 
-0.139028 0.078992 0.129599 -0.088599 -0.241473 0.052504 -0.262277 -0.154877 -0.052955 0.143564 0.254634 -0.162827 0.000268 0.102525 -0.023911 -0.085606 0.190053 -0.097484 -0.064007 0.040232 -0.159067 -0.114993 -0.054477 -0.234017 -0.097275 -0.101018 0.166264 -0.244945 0.081928 0.280875 -0.173011 -0.048831 -0.047435 -0.002705 0.238979 0.016355 0.060109 0.162494 0.106011 0.001496 0.037369 0.072508 0.000914 0.110311 0.117979 -0.204155 -0.107646 0.131910 0.006026 -0.292578 
-0.131846 0.224270 -0.049594 0.177642 -0.065448 0.049503 0.152022 0.116448 -0.016603 0.099840 -0.123302 0.218252 0.057091 0.130557 0.309842 0.057977 0.026083 -0.151506 -0.127051 0.312630 0.121675 0.030969 0.001857 0.007348 0.069934 0.016430 -0.095349 -0.091275 -0.291869 0.221079 -0.188333 0.070589 -0.009872 0.007861 -0.056995 0.145518 -0.006952 0.184336 0.112613 0.220167 -0.114471 0.068791 0.019167 0.197393 -0.153388 -0.072865 0.290563 0.059015 -0.082311 0.106114 
-0.125560 -0.027602 0.092775 -0.096720 -0.177636 0.290530 -0.053434 0.035216 0.302438 0.094653 -0.033890 -0.056613 0.102683 -0.161752 0.035352 -0.082746 0.059121 -0.086043 -0.403917 0.119206 -0.109181 -0.056688 0.056587 0.174111 -0.086143 0.027554 -0.046242 0.334080 0.096704 0.153634 0.042702 -0.053449 0.008603 0.164639 -0.002456 -0.084513 -0.097086 -0.224770 -0.270045 0.115651 0.122057 -0.003410 -0.058329 0.073478 -0.157420 0.143220 0.065625 -0.127653 -0.010187 -0.170621 
-0.151713 -0.122473 0.145585 -0.208480 0.056474 -0.022891 0.134292 -0.186300 0.010439 -0.061863 -0.075713 -0.261895 0.306594 -0.033801 -0.008269 -0.097079 -0.013101 -0.014741 -0.037751 -0.048339 0.141482 -0.259341 -0.000651 0.104518 0.083165 0.019468 0.033354 -0.121776 -0.122049 0.307680 0.039605 -0.170661 0.186824 -0.195923 -0.132075 -0.163189 0.007459 -0.066372 -0.013335 -0.115736 -0.003310 -0.151476 -0.014970 -0.100367 0.178786 -0.052908 0.231345 0.177526 -0.138636 0.290624 
-0.138884 0.013000 0.204701 -0.222332 -0.141016 -0.112776 0.138900 0.080058 0.095587 -0.320203 -0.161517 0.125150 -0.083795 -0.133980 0.090521 0.082066 -0.168806 -0.108395 0.013274 0.203724 0.127285 0.105975 0.177703 0.053058 -0.050083 -0.144351 0.145064 0.073923 -0.083340 -0.125763 -0.233543 0.091858 -0.022166 0.069724 0.299087 -0.133664 0.045750 -0.056022 -0.082053 -0.108130 -0.023148 0.209667 -0.173527 -0.140620 0.229731 -0.098676 -0.077910 0.202947 0.133028 -0.007766 
-0.132292 0.081879 -0.081711 -0.274094 -0.047462 0.147458 0.071149 0.041954 -0.036745 0.085908 0.111236 0.202141 0.220967 0.180959 0.111010 0.079705 -0.031160 0.239667 -0.146086 -0.060287 0.290804 0.109737 0.000033 -0.226427 -0.035336 -0.201168 -0.133452 0.051401 0.169850 0.040230 0.174114 -0.009080 -0.052087 0.034716 -0.042626 0.142963 -0.053438 -0.112734 -0.022553 -0.178319 0.025279 0.041448 -0.062154 -0.093438 -0.117862 -0.385301 -0.229992 -0.093705 -0.080013 0.165032 
-0.128621 -0.217140 -0.187047 0.101587 0.009154 0.183901 0.030090 -0.051314 -0.101183 0.111322 0.100535 -0.023454 0.118962 -0.152310 0.241850 0.003020 -0.061370 0.054755 0.003710 -0.132947 -0.071691 -0.021639 0.369584 0.029494 0.290693 -0.297861 0.002913 -0.121463 0.067769 -0.198124 -0.169354 0.236625 -0.112995 -0.084774 0.074804 -0.208010 -0.180275 0.121513 0.060167 -0.073979 0.172391 -0.139048 -0.100274 0.026459 -0.036140 0.058212 0.115256 -0.028460 -0.159906 -0.105122 
-0.152205 0.022457 0.072930 0.219459 0.209321 -0.035574 0.065476 -0.123847 -0.045291 -0.212270 0.050734 0.158930 0.053399 -0.090021 -0.298901 0.040896 -0.145621 -0.117074 0.061202 -0.125666 -0.048734 0.110284 0.066512 0.237794 0.160433 0.028105 -0.106291 0.102971 0.141137 0.291839 0.086299 0.125940 0.139435 -0.117324 0.123828 0.186721 -0.086029 0.032996 -0.065540 0.222912 -0.037504 -0.006372 -0.139052 0.031506 0.059325 -0.330936 -0.071410 -0.051880 -0.184420 -0.227928 
-0.131025 -0.146013 -0.239331 0.069008 -0.089208 0.039715 0.109348 -0.071685 0.184639 0.005890 0.126325 -0.126684 0.268427 -0.026045 -0.190172 -0.071442 0.026456 -0.262042 0.096895 0.212805 -0.020352 0.294706 0.137863 -0.087635 0.024074 0.354565 -0.243459 -0.001795 0.137508 -0.104655 -0.005082 -0.150010 -0.209266 0.161183 0.045363 0.070608 0.002809 0.199061 0.028360 -0.196269 -0.014423 0.000724 0.055379 -0.050067 0.145354 -0.070497 0.091241 0.014905 0.101107 0.101625 
-0.135378 0.087480 -0.178742 -0.113275 -0.248112 -0.011710 0.120199 -0.090764 0.087891 -0.054982 0.051973 0.205038 0.135576 -0.032181 0.012620 0.251212 -0.113880 0.052100 0.006163 -0.171971 -0.207692 -0.225268 -0.108366 -0.016327 -0.101801 -0.012727 0.045131 0.013953 0.111332 -0.163495 0.038417 -0.122077 0.097248 -0.026269 0.092715 -0.015331 0.018064 0.096732 0.109598 0.257157 -0.282814 -0.353049 -0.116793 -0.087329 -0.012414 -0.034349 0.187027 -0.034829 0.341036 -0.026587 
-0.135767 0.147125 -0.065273 0.187966 0.117747 0.029260 -0.190438 -0.301950 0.195236 -0.026725 -0.151305 0.074451 -0.078607 0.038265 -0.170877 0.094321 0.061300 -0.042947 -0.182640 -0.338814 0.054290 -0.035004 0.008349 0.042491 -0.223657 -0.020238 0.010126 0.031985 -0.156157 -0.200928 -0.122495 -0.046906 -0.055701 0.019761 0.146579 0.043171 -0.161194 -0.170755 0.131148 -0.344009 -0.053054 0.113570 0.076885 0.146320 -0.122350 -0.115766 0.239558 0.126171 -0.077874 0.059488 
-0.153605 0.249010 0.241319 0.107646 -0.178025 -0.026828 0.102034 -0.032937 -0.233190 -0.167202 0.038299 0.033302 0.099147 0.102600 -0.042891 0.115140 0.244466 -0.029218 -0.023853 -0.115042 0.229540 -0.101943 0.054731 0.054264 0.072587 0.034852 -0.164541 0.255604 -0.037847 -0.105898 0.061042 -0.176544 0.017225 -0.076198 -0.145212 -0.067298 0.086204 0.311539 0.110965 -0.196482 0.199855 0.039564 -0.110091 -0.069982 -0.047576 0.259299 -0.053284 -0.042063 0.028310 -0.264333 
-0.145646 -0.222211 -0.073396 0.133697 0.028259 -0.035842 0.197119 -0.014615 -0.128574 0.044469 0.164303 0.007376 0.100554 0.111868 -0.259007 -0.010223 -0.076433 0.096708 0.079611 0.059089 -0.079435 -0.028215 -0.090103 -0.003805 -0.404722 -0.123721 0.127055 0.142072 -0.054971 0.160321 -0.015979 0.130578 -0.112619 -0.130578 0.127444 -0.074413 -0.072415 0.141849 -0.055060 0.088873 0.219159 0.211728 -0.165590 -0.010815 -0.288221 0.182821 -0.004124 0.113263 0.120169 0.275514 
-0.133768 -0.231163 0.043910 0.214647 -0.071414 0.104443 -0.011840 0.221735 0.190734 -0.221904 0.044590 -0.094383 -0.152775 -0.068061 -0.088978 -0.012246 0.167649 0.311600 0.090064 0.039537 0.008208 -0.144561 -0.120951 -0.165006 -0.051348 -0.100087 -0.072717 0.057699 -0.279246 -0.087029 0.022859 0.015361 0.018333 0.122050 -0.194804 -0.024352 -0.028453 0.162995 -0.164859 -0.029032 0.020385 -0.103030 -0.158512 0.263439 0.224023 -0.305937 0.067894 -0.118901 0.015337 0.004817 
-0.141936 0.119221 -0.136446 -0.112561 0.083316 -0.117849 -0.285626 0.045460 -0.283364 -0.090111 0.063612 0.206594 0.040639 -0.186085 -0.059044 0.067246 0.073256 0.151239 0.238688 0.165455 0.062424 -0.098572 0.171632 -0.054233 0.010768 0.080291 0.073177 -0.050974 0.051476 0.147171 0.089075 -0.186040 -0.007447 0.137508 0.046584 -0.170438 -0.183373 -0.162047 -0.033298 0.033224 0.108623 0.239886 0.105268 0.048613 0.058065 0.010102 0.342964 -0.288928 0.104009 -0.003296 
-0.153987 -0.070254 0.155348 -0.211560 -0.010220 0.077175 -0.232680 0.021492 0.277129 0.069401 -0.262678 0.122890 0.047113 -0.033762 -0.004513 0.081192 -0.015533 -0.117785 0.136655 -0.114814 0.079712 0.229527 -0.183265 -0.111098 -0.008855 -0.053443 0.054385 -0.114595 0.010303 -0.167304 0.221394 -0.058306 -0.114001 -0.314969 0.013792 0.081696 -0.039567 0.216221 -0.007734 0.292017 0.315919 0.073225 0.030252 0.032149 0.113101 0.106102 0.110518 -0.035535 -0.131520 0.031288 
-0.135725 0.042312 -0.170885 0.219256 0.019847 0.327510 0.137914 -0.057485 -0.030282 -0.159958 0.018740 -0.049967 0.083931 -0.181831 0.011439 0.034454 0.124303 -0.066324 0.202716 0.005472 0.190288 0.299610 -0.280744 -0.117609 -0.012830 -0.263687 0.159503 -0.023321 0.105337 0.081071 -0.176150 -0.064519 0.175709 -0.010053 -0.114029 0.017041 0.200418 -0.318971 0.024863 0.017213 0.049614 -0.062592 0.159006 -0.006020 0.014255 0.134133 0.018052 0.079361 0.121951 -0.123027 
-0.135633 0.052875 -0.164336 -0.173237 -0.134559 0.114078 -0.023584 0.235459 0.250546 -0.165336 0.069164 -0.044473 -0.115321 0.087256 -0.177541 0.062973 0.122302 -0.248296 0.190381 -0.020118 -0.003847 -0.261009 0.131570 -0.032161 0.241847 0.177698 0.097004 -0.045652 -0.022572 0.014894 -0.046316 0.249031 0.151465 -0.260675 -0.021871 -0.013050 0.091410 -0.119219 0.097018 -0.102145 0.043135 0.077763 0.049310 0.069279 -0.322738 -0.039507 -0.149360 -0.141804 0.042019 0.127314 
-0.149836 -0.278199 -0.067086 -0.111904 0.008848 0.010193 0.198541 0.227354 -0.223679 0.161907 -0.061791 0.237470 -0.071581 -0.087979 -0.272700 0.058322 0.247941 -0.073406 -0.241825 0.131252 0.146377 -0.050074 -0.014170 0.123013 -0.096952 0.134180 0.236400 -0.148354 -0.004321 -0.129101 0.037479 -0.043579 -0.008590 -0.029688 -0.067725 0.076719 -0.258433 -0.088005 0.172913 -0.006203 -0.068018 -0.163379 0.073855 0.082205 0.138659 0.041641 -0.152920 0.135877 -0.107361 -0.154490 
-0.135440 -0.265439 0.137395 -0.015130 0.005370 -0.218385 -0.056159 0.048215 0.048425 -0.079128 0.111197 0.154634 -0.149457 -0.074094 0.107579 -0.158266 -0.035440 -0.070571 -0.040270 -0.097017 0.189480 0.086904 -0.011194 0.078782 -0.172367 -0.011396 -0.328190 -0.113864 -0.096556 0.156370 0.079097 0.083145 -0.135186 -0.006353 0.082623 -0.255484 0.194061 -0.054001 0.150110 0.004131 0.093079 -0.280544 0.319112 -0.042063 -0.235772 -0.110464 0.024995 -0.040578 0.182866 -0.130517 
-0.136325 -0.033098 -0.240264 -0.049653 0.141967 0.051660 -0.176269 0.121586 -0.113717 -0.103384 -0.262477 -0.241696 -0.046781 0.203015 -0.056678 -0.052732 -0.125428 -0.011946 -0.154191 0.169040 -0.106854 -0.094639 -0.137287 0.219991 -0.093808 -0.100430 -0.153176 -0.073271 0.084134 -0.134746 -0.198730 -0.070702 0.054408 0.008419 -0.208459 0.013113 0.015720 0.038791 0.198898 0.091184 0.211785 0.112473 -0.063289 -0.360012 -0.037388 -0.232706 0.045323 -0.059085 0.080583 -0.151144 
-0.142618 0.303102 -0.269608 -0.069274 0.042609 -0.095422 0.117480 -0.110523 -0.167067 0.078728 -0.230850 -0.254234 -0.123549 -0.150127 0.061375 -0.168206 -0.079946 -0.031800 0.049238 0.066451 0.078427 -0.058340 -0.113119 -0.204112 0.048380 0.118864 -0.103515 0.083272 -0.204898 -0.008301 0.151843 0.067266 -0.116191 -0.153159 0.188379 0.035991 -0.236871 -0.074694 -0.203480 -0.005965 0.176582 -0.240838 -0.074176 0.105923 -0.030750 -0.049362 -0.146372 0.104177 0.180344 -0.136023 
-0.154571 -0.161545 0.205637 -0.016427 0.068279 0.325329 -0.044083 -0.185787 -0.050365 -0.044784 0.056102 0.026345 0.050383 0.112822 0.080503 0.257344 -0.318626 0.052646 0.189360 0.194744 -0.111405 -0.143447 -0.196784 0.047921 0.170028 0.116954 0.001677 -0.022064 -0.203227 -0.084177 0.144442 -0.031699 0.022416 0.204462 0.024750 -0.025092 -0.187853 0.053305 -0.037460 -0.092631 -0.050987 0.068978 0.320399 -0.026384 -0.162008 0.021358 -0.168616 0.155341 0.005181 -0.130588 
