-0.127010 0.087230 -0.219281 -0.041923 0.108093 -0.280648 0.148740 0.012764 0.227969 -0.041101 0.025328 0.011443 0.024191 -0.003571 0.181352 0.086961 0.178972 0.166133 0.102330 -0.204589 0.002705 -0.079286 -0.102354 -0.026891 0.050295 -0.060229 -0.095280 -0.087982 0.046435 -0.031603 0.146888 0.193061 -0.157159 0.175223 0.013850 -0.152436 -0.123091 -0.148437 -0.150693 -0.149940 0.175330 0.017983 -0.348346 0.151062 0.004366 -0.246848 0.292815 0.120682 -0.034320 0.070006 
-0.142950 0.041564 0.161920 0.060244 0.340448 0.138961 0.070125 0.166202 0.059725 0.038636 -0.023932 0.203512 0.149362 0.387795 0.010138 -0.128167 0.068499 -0.158162 0.070455 -0.071853 -0.071164 0.067962 0.205419 0.023097 0.032071 0.205083 -0.055052 0.052790 0.270578 0.220057 -0.117880 -0.077331 0.083967 0.034911 0.181567 0.043918 -0.121485 -0.192167 0.072297 0.143806 0.073942 0.117976 -0.104525 -0.087685 -0.034055 0.026265 -0.034218 0.092524 -0.194760 0.230270 
-0.132085 -0.061754 0.165102 -0.118346 -0.205410 0.342218 0.221620 0.101257 0.087065 -0.337100 0.121270 -0.214855 -0.182416 -0.203234 0.117483 -0.149436 -0.105928 0.004673 -0.079625 -0.135805 0.008995 -0.001754 0.029292 -0.155041 -0.074265 -0.020411 0.115601 -0.234632 0.112851 0.003702 -0.097904 -0.147946 0.017052 0.242309 0.081962 -0.142118 0.054625 -0.148319 0.017987 -0.122637 -0.080726 0.066909 -0.050359 -0.247561 -0.077106 -0.169178 -0.036312 -0.009744 -0.096026 -0.012034 
-0.144841 -0.044924 0.107947 0.009229 0.046163 -0.363544 0.179633 -0.001521 -0.152668 -0.120731 0.287420 -0.122919 0.124590 -0.046429 0.021519 0.166671 -0.181009 -0.166561 -0.012225 -0.041081 -0.113140 -0.251572 -0.108408 0.242466 -0.112095 0.109798 0.057499 -0.073576 -0.255926 0.023310 -0.103662 -0.024723 0.108268 -0.122688 0.195222 -0.099636 -0.202913 -0.071540 0.003469 0.125466 -0.117718 0.046082 0.196179 0.147802 -0.034224 -0.177327 -0.137448 0.092404 -0.154804 0.016713 
-0.132569 0.047284 0.225822 -0.049088 0.140186 0.167816 0.122834 0.033023 -0.078524 0.414651 0.176290 0.009762 0.039595 -0.082790 0.045263 0.058232 0.144254 -0.037974 0.070842 0.062435 -0.002827 0.131591 -0.181614 -0.110150 0.085827 -0.086171 0.129664 0.004693 -0.260312 0.070755 -0.069239 0.214826 -0.188796 0.175918 -0.201524 0.290894 -0.020957 -0.037924 -0.132155 -0.056356 -0.144340 -0.053113 -0.051680 -0.045000 -0.222431 -0.061116 -0.142326 0.090002 -0.222971 -0.129352 
-0.153821 0.081555 0.066107 -0.250563 0.206702 -0.149242 0.137014 -0.268227 -0.148735 -0.009884 -0.292505 -0.043107 -0.178581 -0.114419 -0.151386 0.002977 -0.106174 0.012751 0.080639 0.133214 -0.095492 0.193368 0.201910 -0.030543 0.016633 0.034105 0.032716 -0.312900 -0.160762 0.070852 -0.100717 0.064167 -0.073648 0.009501 0.013125 0.054779 -0.018160 0.048564 -0.058021 0.320800 0.081524 0.151567 -0.069290 -0.214681 0.213210 -0.044351 0.174052 0.049241 0.128700 -0.070457 
-0.116255 -0.077681 0.020991 -0.072648 0.122825 -0.052132 -0.161236 0.104995 0.173120 -0.039475 -0.096503 -0.200985 -0.027461 0.089966 -0.042548 0.226971 0.060639 0.083688 -0.441075 0.028906 -0.220516 -0.139938 0.068378 0.171426 0.068362 0.145241 0.072455 -0.011168 0.081518 0.127486 0.088647 0.170379 0.020576 0.087637 0.023950 0.162550 0.134133 0.193338 0.067234 -0.055269 -0.272999 -0.238705 -0.224203 -0.138488 0.158455 -0.144860 -0.164225 -0.005188 0.061285 0.037242 
-0.137268 -0.088148 0.154418 -0.213611 0.077257 -0.185934 -0.120962 0.210694 -0.117993 -0.136283 -0.032203 -0.057498 0.192708 -0.204251 -0.127487 -0.142232 0.016855 -0.044912 -0.144829 0.252247 -0.052733 0.203524 -0.176272 -0.189612 0.190899 -0.075530 -0.094889 -0.027232 0.113756 -0.132815 0.381286 -0.188990 -0.141559 -0.266097 0.037039 -0.047705 -0.118529 -0.028618 -0.018247 -0.061092 -0.035341 0.013362 -0.100985 -0.031516 -0.063483 0.095114 -0.010535 0.045375 -0.184101 0.123629 
-0.140318 0.001627 0.249900 0.102476 0.076067 0.132056 0.052400 -0.193534 0.116902 -0.137594 0.030329 0.297570 -0.215525 -0.130160 -0.119544 0.002378 0.220883 -0.086237 -0.038073 -0.100031 -0.197403 -0.265524 0.016587 -0.279430 0.092938 -0.064638 -0.148579 0.011321 -0.103844 -0.201648 -0.056615 0.124206 0.059305 -0.305339 0.070549 0.198631 -0.005868 -0.149022 0.141525 -0.158175 -0.048302 -0.068810 0.070987 0.111325 0.175294 -0.046205 0.064981 -0.006701 0.094615 0.067190 
-0.136028 0.070264 -0.060249 -0.232666 -0.199115 0.137601 0.025674 -0.011502 -0.055786 -0.183694 -0.216998 -0.181545 0.347437 -0.065824 0.159920 -0.063885 -0.040070 0.027651 0.137467 0.211022 -0.211251 -0.219192 0.090621 -0.029384 -0.159430 0.010624 -0.112362 0.313646 -0.023385 -0.003078 -0.009075 0.116045 0.039479 0.036308 0.002593 0.318697 -0.042022 -0.160363 -0.013901 0.051010 0.272728 -0.084449 -0.031331 0.025732 -0.092808 -0.031864 -0.093605 0.111148 0.116753 -0.085911 
-0.130331 0.120934 0.234323 0.084446 -0.139008 -0.119541 -0.106823 0.088362 -0.014277 0.160380 -0.025181 -0.134087 0.127550 -0.183150 0.213939 -0.209992 0.205191 -0.134844 0.051454 0.054039 -0.135898 0.198875 0.123657 0.059029 -0.116937 0.184622 0.014613 -0.002005 -0.054777 -0.073375 -0.030804 0.053532 0.139008 0.143286 -0.261255 -0.161592 0.112274 0.011117 0.260235 -0.054444 -0.027400 0.129270 -0.028817 0.261249 0.320205 -0.078187 0.056409 -0.198197 -0.037066 0.099068 
-0.161013 -0.133516 -0.021174 -0.207059 0.058220 -0.019798 -0.006506 0.060151 -0.109005 -0.043366 0.056690 -0.144251 -0.109111 -0.010454 -0.000079 0.101820 0.164175 -0.059590 0.026110 -0.161752 0.152479 -0.034961 0.246146 -0.013537 0.122603 -0.405790 0.053382 0.237184 -0.193715 0.289523 0.038432 0.159489 0.269638 -0.086374 -0.066051 -0.232563 -0.002115 0.080199 0.143945 -0.092454 0.224086 -0.040342 0.004968 -0.120302 0.070804 0.199217 -0.035369 0.008126 -0.164337 0.044468 
-0.152718 -0.039435 -0.048986 0.027973 0.001771 -0.021914 -0.117467 -0.065637 -0.301805 0.139056 -0.228862 0.147610 -0.192198 -0.045891 -0.181390 -0.202803 -0.242935 -0.095401 0.027057 -0.158169 -0.120953 -0.072126 -0.050272 0.128828 0.107643 0.143153 0.172461 0.306357 -0.131423 -0.144546 -0.041453 -0.116909 -0.078675 0.120823 0.163716 -0.102292 0.071484 0.054422 0.076343 -0.253416 0.152383 -0.096715 -0.227698 -0.031646 -0.156055 -0.218850 0.023147 -0.094204 -0.100194 0.018342 
-0.153130 0.165739 0.117314 0.021698 0.020011 -0.104150 -0.085380 -0.010096 0.304585 -0.303748 -0.011647 0.172913 -0.047759 -0.102004 0.165867 -0.007243 -0.226843 -0.277600 -0.026672 -0.109141 0.071105 0.217588 -0.029252 0.208604 0.035826 0.077673 -0.110426 0.184617 -0.246148 0.103654 0.069592 0.023937 0.031467 0.047266 -0.144142 0.078814 0.167290 -0.021080 -0.150049 0.008226 -0.147342 -0.070743 0.012752 -0.087323 -0.237445 0.232326 0.210055 0.037125 0.123788 0.075658 
-0.135704 -0.259610 -0.238042 -0.043600 0.018996 -0.143957 -0.200591 -0.083497 -0.002631 -0.072068 -0.064259 0.022996 -0.245625 -0.049564 0.093809 -0.243286 0.210150 -0.105303 0.099069 -0.072918 0.164302 0.055349 0.241264 -0.121428 -0.111355 0.215955 0.147269 -0.155112 0.025508 0.120180 0.181962 0.004955 -0.007787 0.000935 -0.056340 0.173887 -0.116566 -0.084231 -0.189642 0.034648 -0.036782 -0.210997 0.216314 0.182266 -0.140290 -0.122347 -0.252023 -0.032887 -0.018130 0.059211 
-0.132853 -0.034241 0.263536 -0.125955 0.098686 0.106431 -0.126795 -0.078171 -0.036088 -0.052977 0.095326 0.175138 0.240998 0.094387 0.018626 -0.105574 -0.074637 0.169454 0.072110 -0.000091 0.271883 0.068873 -0.049288 0.249132 -0.230867 -0.069563 0.236807 -0.063447 0.118982 0.004130 -0.053772 0.005710 -0.023075 -0.258152 -0.157193 -0.058532 -0.038248 0.041294 -0.059865 -0.205990 0.075742 -0.291146 0.059696 -0.098874 0.190606 -0.259054 0.138163 0.139576 0.138616 -0.052061 
-0.128979 -0.281500 0.260521 -0.005770 0.136168 -0.128243 -0.006864 0.260852 0.027590 -0.048109 -0.105672 -0.099303 -0.133331 0.037465 0.200540 -0.130532 0.104883 0.135753 -0.043508 -0.046042 0.176774 -0.027853 -0.184136 -0.054052 0.145246 -0.039376 -0.132931 0.120057 -0.019050 0.026551 -0.362398 -0.132408 -0.185014 0.026422 0.111492 -0.008592 0.071349 0.179116 0.032277 0.187500 0.114290 0.016728 -0.000656 0.236212 -0.057373 0.008583 -0.060792 0.030379 0.315586 -0.167693 
-0.133487 0.265551 -0.081854 0.175104 0.096402 0.135765 -0.009348 -0.235625 0.086566 0.058643 -0.008878 -0.169795 0.073320 -0.247174 0.163560 -0.058815 0.217735 0.055245 0.036393 -0.047482 0.098957 0.081512 -0.188026 0.110981 -0.085912 -0.027921 -0.090632 -0.024256 -0.009890 0.004653 0.001393 -0.016715 -0.081807 -0.088524 0.372796 -0.003167 -0.127400 0.257737 0.155522 0.165219 0.095939 -0.244247 0.050818 -0.208501 -0.090129 0.016757 -0.056472 -0.236115 -0.059159 0.213350 
-0.144714 -0.145476 0.197052 -0.210678 -0.257016 -0.099730 -0.110239 -0.183090 -0.021265 0.240506 0.108294 0.066293 -0.074503 0.070669 0.028880 0.136839 -0.067283 0.064246 -0.055845 0.044819 0.071725 -0.036706 0.035371 -0.078809 -0.145250 0.297982 -0.437404 -0.031921 0.074681 0.132243 -0.042256 0.029517 -0.058919 0.126991 0.137581 -0.092619 -0.220961 -0.019878 -0.022124 -0.228160 0.020302 -0.111718 0.018982 -0.108620 0.020195 0.253235 0.108149 -0.119614 -0.066088 -0.154794 
-0.139094 -0.220048 -0.173060 0.049633 0.005043 0.047414 -0.077488 -0.108632 0.116976 -0.148831 -0.077424 -0.071113 0.209224 0.264016 0.122356 0.127814 -0.014419 -0.092566 0.152645 0.118418 0.173922 0.159020 0.125300 -0.144770 0.228956 0.018956 0.060003 0.140874 -0.177330 -0.393746 -0.098112 0.086133 -0.132830 0.104667 0.098196 -0.093007 -0.159066 -0.013226 0.177023 -0.021161 -0.294582 0.015191 0.107055 -0.155141 0.121938 -0.090368 0.056200 -0.018355 -0.073859 -0.106502 
-0.144145 0.089749 -0.215994 -0.108037 0.350346 0.025520 -0.003721 0.038571 0.193952 0.094848 0.081376 -0.092856 0.135489 -0.192004 -0.224053 -0.120894 0.108175 0.054719 -0.185196 0.029649 -0.021500 -0.161999 0.035110 -0.025963 0.076625 0.246650 -0.024267 0.016437 0.022381 -0.246043 -0.222073 -0.101943 0.199325 0.118456 -0.195331 -0.152040 0.019180 0.076133 -0.158129 -0.119896 0.151760 0.019458 0.316759 -0.097669 -0.090466 0.113102 0.073010 0.093405 -0.009800 -0.101308 
-0.116703 -0.063024 -0.139666 0.162987 0.005920 0.030577 0.119511 -0.149733 -0.123061 -0.107354 -0.016910 0.215972 0.178594 -0.225733 0.140553 0.164595 0.050606 -0.087800 -0.270485 -0.091879 0.015940 0.072226 0.243658 0.044015 0.015979 -0.076950 -0.113336 0.074269 0.200632 0.147307 -0.086750 -0.213468 -0.077853 -0.126794 -0.182353 0.126475 -0.101946 0.225620 -0.003570 -0.021397 -0.021760 0.197909 -0.101297 0.069014 -0.080987 -0.185855 0.049705 -0.135234 -0.162271 -0.348024 
-0.115664 0.231688 0.136220 0.107472 0.100105 -0.086441 -0.177243 -0.047485 0.003858 0.066851 -0.077508 0.087497 0.056289 -0.127746 0.020243 0.134782 -0.145522 0.043656 0.177595 -0.146609 -0.039755 -0.006925 0.063706 -0.319623 -0.103653 -0.128158 0.091406 0.007140 0.166320 -0.089025 0.097306 -0.099638 0.315030 0.164720 0.057725 -0.197712 -0.138039 0.089190 0.021028 0.128049 -0.199569 -0.171004 -0.183043 0.080255 -0.070823 0.093261 -0.220612 0.227570 0.145019 -0.253136 
-0.150489 -0.169637 -0.037111 0.234609 0.072496 0.109852 -0.141842 -0.009368 0.017160 0.088558 0.051531 -0.170794 0.019423 0.130236 0.059927 -0.286356 -0.374713 0.082653 -0.009633 -0.115235 -0.222311 -0.144128 -0.030235 -0.204058 -0.061236 -0.053430 -0.169973 -0.069716 0.021373 0.086632 0.099926 0.338275 -0.062698 -0.203301 -0.245528 -0.147921 -0.008312 0.144209 0.022666 0.203694 -0.030692 0.046762 0.061185 -0.057192 -0.149557 -0.083228 0.163636 -0.063092 -0.071302 -0.007989 
-0.160043 0.082513 0.055873 0.091844 -0.055460 -0.057632 -0.292862 0.000777 0.239109 0.013043 -0.020594 -0.151310 -0.042714 0.041605 -0.143135 0.096289 -0.070878 0.233499 0.038149 -0.036311 -0.010863 -0.159582 0.010939 0.023062 0.004195 -0.115721 0.271628 -0.026711 -0.120066 0.100655 -0.104304 -0.340331 -0.115344 -0.002091 -0.215430 0.213108 -0.376264 -0.194030 0.110011 -0.008598 0.042131 0.167814 -0.070823 0.005427 -0.034826 0.130685 0.080014 -0.238787 0.000853 0.094540 
-0.132685 -0.065218 0.052863 0.039472 0.159092 -0.049128 -0.139962 -0.174037 -0.137910 -0.216939 0.025073 0.052985 -0.092045 0.175093 0.017708 0.187523 0.058149 0.067547 -0.189370 -0.081941 -0.091855 0.230755 -0.235578 0.033973 -0.307221 -0.052994 0.066277 -0.038970 0.102934 -0.207990 0.134453 0.176168 -0.019840 0.216114 -0.042819 0.082026 0.078509 -0.033575 0.237533 -0.065811 0.293946 0.284888 0.171229 -0.005547 -0.140153 0.104910 -0.152325 0.040938 -0.000726 -0.031373 
-0.146815 0.072691 0.009292 0.137631 -0.142937 -0.201054 0.102356 -0.073804 -0.165652 -0.069169 -0.015487 -0.136905 -0.112173 -0.041250 0.093761 0.139290 0.102095 0.116004 0.268572 -0.033172 -0.081719 0.002779 -0.076817 0.086526 0.307969 0.232327 0.168431 0.041015 0.411710 -0.014010 -0.173776 0.139399 -0.045842 -0.278640 -0.186908 -0.040765 0.157243 -0.160762 0.019908 -0.034293 -0.050306 -0.060083 0.016542 -0.195221 -0.110214 0.190818 -0.057019 0.017590 -0.017317 -0.053456 
-0.152088 0.119929 -0.012249 0.109848 -0.150716 0.138863 -0.195736 0.033265 -0.240673 -0.143235 0.021359 0.197726 -0.115396 -0.012785 0.084410 0.024249 0.037430 0.181151 -0.036105 0.308722 0.093198 -0.075350 0.016111 0.080344 0.167159 -0.015209 -0.121228 -0.059569 -0.043656 -0.027183 -0.155886 0.166793 0.165773 0.093818 -0.063421 -0.092850 -0.225346 0.215684 -0.263366 -0.053948 -0.065999 0.246878 -0.066894 0.000834 -0.060545 -0.082101 -0.136014 0.115968 0.080816 0.373381 
-0.131458 -0.089158 -0.098726 -0.317334 0.040191 0.113207 0.137823 0.049091 -0.024626 0.049862 0.337553 0.118727 -0.113140 0.051284 0.126421 0.157565 -0.039223 0.236257 0.268152 -0.116402 -0.354486 0.129484 0.072445 0.005638 0.002969 0.050429 -0.022301 0.191631 0.021833 -0.110445 0.162164 -0.284645 -0.039999 0.008469 -0.083146 0.050378 0.040022 0.266227 -0.006355 0.103301 -0.085106 -0.013224 0.107767 0.038038 0.054100 -0.033934 0.021066 -0.098083 0.133926 0.209669 
-0.141057 0.030103 0.056753 0.116633 -0.178831 0.013530 0.047337 0.136698 -0.139084 -0.054782 -0.055671 0.195373 0.205084 0.016455 -0.126204 -0.047460 0.294847 0.002771 0.053115 -0.135298 0.024786 -0.356119 0.137980 0.040694 -0.079833 0.096731 0.087452 -0.124306 -0.167039 0.052267 0.261577 -0.054626 -0.394226 0.132360 -0.030689 -0.142704 0.111370 0.159219 0.107655 0.097332 -0.072782 0.075555 0.083393 -0.178496 -0.039399 0.188793 0.037953 0.182724 0.110027 -0.032864 
-0.150172 -0.141402 0.050525 0.004304 -0.161346 0.065256 0.214138 -0.073401 0.181245 0.230322 -0.288134 0.061528 -0.027599 -0.143729 0.012896 -0.046575 -0.053970 0.061284 -0.115528 -0.023709 0.018888 0.016821 -0.214010 0.081502 0.111467 -0.018461 0.244695 0.239963 0.197285 0.173498 0.239652 0.102121 0.131554 0.075430 0.151396 0.006871 -0.195638 0.012384 -0.036904 0.029473 -0.114654 0.230096 0.343926 0.064162 0.130948 -0.014662 0.137787 0.146273 0.051234 0.025291 
-0.165913 -0.056922 -0.104328 0.051406 -0.022524 0.132430 0.068752 -0.163299 -0.080483 -0.005129 0.271758 -0.171657 0.161815 0.186138 -0.102666 -0.145789 0.115392 -0.277242 -0.021325 -0.004513 -0.112143 0.100543 -0.113029 -0.011271 0.124779 0.048255 0.171885 -0.102801 -0.036461 0.115665 0.085828 0.020946 0.118228 -0.057531 0.139548 -0.021237 -0.094901 0.046333 -0.163092 -0.169101 0.025338 0.124094 -0.238383 0.082219 -0.017055 0.152678 0.012108 -0.167157 0.489249 -0.151036 
-0.124087 0.199357 -0.102016 -0.159320 0.154787 0.164150 0.040746 0.281989 -0.203819 0.043809 -0.185358 0.090374 -0.165661 0.082487 0.175120 0.028666 -0.000464 -0.164591 -0.076713 -0.072191 0.047861 -0.162070 -0.143035 0.206451 -0.035537 -0.116753 -0.111306 -0.038057 0.062633 -0.175098 0.124159 0.048763 -0.034444 -0.011397 -0.133828 -0.117371 -0.189713 -0.261758 -0.109690 0.116230 -0.125662 -0.059410 0.078811 -0.052412 0.151187 0.056857 -0.081163 -0.380922 0.090630 -0.192375 
-0.138222 -0.250479 -0.196932 0.307074 0.006956 -0.053029 0.046674 0.117288 -0.057708 0.058996 -0.008874 0.113705 0.133461 -0.140476 0.059790 0.052019 -0.096996 0.128573 0.009355 -0.124058 0.072314 0.080937 -0.233396 -0.155880 -0.086688 0.125681 -0.117634 0.021108 -0.215561 0.076476 0.015749 -0.146197 0.158878 -0.017570 -0.063395 0.113607 0.130147 -0.186754 -0.133525 0.009366 0.112932 0.022811 -0.117807 -0.324531 0.400623 0.032927 -0.213472 0.025040 0.041514 0.070372 
-0.156325 0.124812 0.051389 0.061967 -0.316826 -0.121668 0.094562 -0.015449 -0.153708 -0.093132 0.138750 0.036280 0.087526 0.195683 -0.244187 -0.025286 0.026638 -0.021382 -0.275198 -0.128039 0.056058 0.101536 -0.044941 -0.174918 0.149435 -0.094077 0.050452 0.065630 0.095246 -0.091594 -0.078237 0.014069 0.060107 0.242968 -0.091003 0.102768 -0.005736 0.000282 -0.142643 0.365128 0.142351 -0.360331 0.089831 0.069060 0.097115 -0.055378 0.165939 -0.115601 -0.085713 0.100022 
-0.140108 -0.162101 -0.205934 -0.049458 0.007381 -0.253683 0.096620 -0.046063 0.084006 0.089188 0.060747 0.213013 0.085395 -0.105725 -0.158783 -0.141532 -0.055314 -0.164572 0.098085 0.235060 -0.067209 -0.064102 -0.066526 0.060925 -0.102897 -0.398452 -0.104332 -0.063022 0.236579 0.113127 -0.227962 0.025444 -0.070166 0.219971 -0.075881 -0.014927 0.083702 -0.082166 0.246618 -0.069718 -0.181454 -0.076627 0.030016 -0.109186 -0.083754 -0.018310 -0.102014 -0.097271 0.192419 0.183350 
-0.137976 -0.201641 0.070684 0.117759 0.095529 0.088446 0.166794 0.166018 -0.005700 0.035673 0.065872 0.050104 0.028848 -0.196113 -0.208862 0.215195 -0.031505 0.218654 0.007184 0.223839 0.264931 0.008649 0.218680 0.020642 -0.184901 0.134039 0.106909 0.084194 -0.004123 -0.123144 0.121035 0.197639 0.125019 -0.044186 0.119070 -0.049141 0.139469 -0.166251 0.026560 0.166242 -0.020140 -0.000157 -0.165835 0.127156 -0.259324 0.015387 0.163088 -0.310341 0.093498 0.043326 
-0.156038 0.065027 -0.055442 -0.033177 -0.066745 0.085643 0.224170 -0.007793 -0.098146 0.136325 -0.292630 -0.102671 0.192571 0.122350 -0.037526 0.062399 -0.145347 0.198601 -0.104276 -0.269556 0.077710 0.175691 0.121009 0.072381 0.161774 -0.039432 -0.218596 -0.324850 -0.140026 -0.036760 0.000256 -0.080341 0.081998 -0.093705 -0.051829 0.047942 0.060489 -0.088844 0.181081 -0.228427 -0.083227 -0.097730 0.112346 0.242523 -0.200154 0.037185 -0.117460 0.078336 0.120270 0.182457 
-0.156266 -0.039404 0.012512 0.182987 0.028083 0.047110 0.099983 -0.097491 -0.049126 0.257503 -0.033511 -0.243021 -0.178812 0.080207 0.230727 0.220979 -0.065170 -0.337259 -0.172811 0.199134 0.071065 -0.117878 0.137280 -0.086119 -0.200478 -0.105663 0.064973 0.049386 0.099297 -0.177437 0.024665 -0.243205 -0.163158 -0.077428 -0.080950 -0.046578 0.082802 -0.015874 -0.140612 -0.038433 0.105386 -0.079562 -0.038346 0.019096 0.022607 0.071600 0.118367 0.261680 0.081895 0.269945 
-0.123542 -0.118195 0.053561 0.163627 -0.125262 -0.095361 0.106658 0.017297 0.176743 0.110730 0.132185 0.063192 -0.133675 0.070061 0.107832 -0.301560 -0.024843 0.135151 0.007655 0.111277 -0.082170 -0.010293 0.215480 0.397786 0.108220 -0.206653 -0.037876 -0.164382 -0.017215 -0.339237 0.144506 -0.030498 0.154078 0.014087 0.100234 0.190977 -0.018115 0.044854 -0.032752 0.050721 0.126285 -0.038746 -0.121641 -0.072153 0.032031 0.181766 -0.081601 0.107046 -0.161823 -0.243271 
-0.141344 0.106128 0.016418 0.016935 0.016802 -0.027235 0.127770 -0.110511 0.159650 -0.067211 -0.142191 0.222796 0.015448 0.257306 0.213876 0.056552 -0.026502 0.103247 -0.009632 0.408991 -0.100533 -0.119244 -0.132821 -0.187027 0.101092 0.010959 0.168628 -0.146492 -0.153095 0.216467 0.093127 -0.173063 0.094298 -0.011583 0.004356 -0.216195 0.267173 0.052754 -0.024833 -0.071276 0.147332 -0.107655 0.103527 0.091322 -0.056885 -0.033590 -0.075875 -0.241144 -0.167762 -0.118938 
-0.136732 0.041401 -0.094598 -0.056109 -0.159506 -0.140391 -0.084619 0.172694 -0.040847 0.068200 -0.182959 -0.026559 -0.016125 0.192660 -0.024785 -0.043909 0.288635 0.078932 -0.004715 -0.078835 -0.157548 0.106854 -0.057363 -0.074478 -0.385096 -0.165515 0.030660 0.022846 -0.066030 -0.062697 -0.217203 -0.058215 0.195373 -0.215084 0.203055 0.062093 0.150842 0.044252 -0.239520 -0.069069 -0.284524 0.125895 0.016481 -0.122170 -0.152342 -0.022955 0.245123 -0.014621 -0.114003 -0.051654 
-0.146358 0.194338 -0.209494 -0.105904 -0.230475 -0.001817 0.117893 0.237336 0.179392 0.078568 0.081711 0.072593 -0.242076 0.109493 -0.125514 0.015355 0.001758 -0.156535 -0.026649 0.117864 0.191626 0.082985 -0.153593 -0.081147 -0.085957 0.212606 -0.029551 0.001649 -0.053488 -0.000140 0.028920 0.011478 0.101756 -0.233669 -0.147347 0.045645 -0.146547 0.145174 0.409220 0.092445 0.114506 0.029957 -0.126765 -0.080158 -0.082758 -0.200314 -0.046985 0.202947 0.068374 -0.128204 
-0.143930 0.220870 -0.030188 -0.207522 0.078699 -0.114390 0.115658 -0.193126 -0.010793 -0.024366 0.086725 -0.070595 0.027923 0.102727 -0.000595 -0.218967 -0.179310 0.060157 0.009338 -0.090687 0.415998 -0.246553 -0.028971 -0.125902 -0.075738 0.033178 0.024813 0.116626 0.109328 -0.078401 0.038482 0.046842 -0.041775 -0.027511 0.023780 0.224924 0.242627 0.164128 -0.025129 -0.050145 -0.194497 0.267584 -0.141363 0.123328 0.181319 0.148218 -0.149188 -0.103457 -0.159559 0.078317 
-0.141383 -0.231229 -0.163921 -0.099870 -0.029317 0.337745 -0.066868 -0.196116 0.036830 -0.119740 -0.094640 0.010371 -0.027044 -0.043629 -0.159599 0.031586 0.097912 -0.029446 0.078673 0.022730 -0.048908 -0.004141 -0.281146 0.205785 -0.094862 0.050239 -0.033665 -0.069894 -0.011861 0.028522 -0.131812 -0.068029 0.003398 -0.000669 -0.120144 -0.147566 0.048950 -0.028648 0.023359 0.225094 -0.129810 -0.116365 -0.250556 0.343245 0.100137 0.248728 0.046499 0.196053 -0.286932 -0.007381 
-0.150019 0.180653 -0.187787 0.211070 0.177081 0.066561 -0.116136 0.166104 -0.297820 -0.107511 0.174551 -0.129642 -0.156456 -0.031536 0.001923 -0.042318 -0.065555 0.112782 0.085360 0.198317 0.038909 0.020554 -0.002668 0.004944 0.054761 -0.022951 -0.092550 -0.014196 0.031631 0.236832 0.088734 -0.080813 0.013629 0.162973 0.173721 0.218049 0.084173 -0.082394 0.191241 -0.156962 -0.124150 -0.102430 0.178787 0.136255 0.148584 0.017207 0.352828 0.169918 -0.029529 -0.177193 
-0.142111 0.076435 -0.022726 0.150894 -0.037245 0.036954 0.117783 0.327303 0.175918 -0.123743 -0.103303 -0.009978 -0.021841 -0.050767 -0.240098 0.135564 -0.195373 -0.115359 0.194037 -0.007340 -0.110960 0.163461 0.087562 -0.031556 -0.142060 -0.031243 0.055369 -0.053440 0.074382 0.006619 -0.126696 0.205801 -0.268636 -0.034029 0.101583 0.010508 -0.092659 0.280314 -0.209543 -0.240461 0.159589 -0.060847 0.104431 0.178016 0.207970 0.153871 -0.175688 -0.084917 -0.114144 -0.020770 
-0.141469 0.195838 -0.191018 -0.114283 -0.119767 0.057898 -0.239893 -0.017608 0.086764 0.153008 0.228669 0.148038 0.016471 -0.101001 0.085390 -0.047984 -0.088461 0.137753 -0.293778 -0.016839 -0.084030 0.160111 0.183096 -0.016798 0.046957 -0.054429 0.117071 0.085809 -0.050759 0.055850 -0.136254 0.098195 -0.299521 -0.173977 0.240051 -0.212757 0.163102 -0.320833 -0.010662 0.137427 0.021938 0.085120 0.035128 0.102346 0.076872 0.029342 -0.177724 0.123499 0.058216 -0.058710 
-0.146517 -0.071873 0.016254 -0.141833 -0.119841 0.092794 -0.390377 0.101434 0.077315 0.160386 0.021281 0.026174 0.127104 -0.096391 0.009503 0.276510 -0.067432 -0.274881 0.214194 -0.117151 0.099519 -0.146465 -0.067729 0.046417 0.232593 -0.057450 -0.032915 -0.303904 0.141173 -0.056311 0.035540 -0.006276 0.116089 0.010623 0.154392 0.166725 0.295691 0.055289 -0.040778 0.104347 0.188983 0.157415 0.085417 0.003128 -0.018673 -0.170520 0.095081 -0.056504 -0.040948 -0.006649 
-0.143276 0.103777 0.150555 0.145084 -0.022746 0.036069 -0.025326 -0.171375 0.135037 -0.012497 0.004396 -0.234402 -0.098739 0.123328 -0.369950 0.030362 0.137509 0.028453 0.162764 0.054155 0.056764 0.077216 0.033095 0.154145 0.001816 -0.091506 -0.358303 0.222656 0.016402 0.074294 0.191162 -0.152584 -0.069683 0.014131 -0.066442 -0.164393 0.154467 -0.134790 -0.185296 0.029929 -0.041059 0.117410 0.088576 -0.019864 0.012789 -0.339830 -0.231501 0.003570 0.024550 -0.120856 
