-0.149863 0.011297 -0.128914 0.194952 -0.136169 -0.158942 -0.214061 0.088011 0.217675 -0.071250 0.080110 0.119115 -0.079651 -0.080156 0.116585 0.126549 -0.125888 0.206393 0.053342 -0.080230 0.125872 -0.068832 -0.201758 -0.171519 0.259008 -0.162449 -0.189999 -0.211416 0.099283 -0.227239 0.087430 0.056613 0.135605 -0.115040 0.044442 0.020563 -0.032126 0.072051 0.017111 0.044808 -0.178889 -0.201069 -0.160072 0.009736 -0.005940 -0.080486 0.133888 0.311901 0.080818 0.189681 
-0.128947 0.034284 -0.319769 0.121452 -0.073918 -0.088971 0.074602 0.247460 -0.250382 -0.006426 0.051449 -0.231524 0.071034 0.098044 -0.007939 0.099011 -0.015196 -0.244036 -0.056012 0.014453 -0.049681 -0.186305 -0.102555 -0.149651 -0.191542 -0.108746 -0.064421 -0.108597 0.155436 0.268016 -0.086107 0.237974 0.006367 -0.061565 0.157332 -0.080058 -0.160950 0.220474 -0.149090 -0.017544 -0.045803 -0.050341 0.084195 0.057432 -0.095017 0.191055 0.168910 0.002599 0.034018 -0.247994 
-0.142256 0.035865 -0.025616 -0.116536 0.301756 0.156699 0.091354 0.202045 -0.138623 0.112672 -0.142697 -0.189525 -0.047024 0.018827 0.040065 0.085141 0.090191 -0.197614 -0.087575 0.041448 -0.050581 -0.057155 -0.239590 0.004732 -0.142632 -0.034745 -0.035826 -0.227741 -0.309334 -0.289973 0.177604 0.102657 0.057280 -0.131485 -0.037691 0.074374 0.080519 -0.265246 0.127634 -0.041681 -0.066594 -0.223407 0.042200 0.013814 -0.053005 0.025781 -0.045403 -0.080735 -0.159553 0.259333 
-0.133232 0.041513 -0.040144 -0.129531 -0.281021 0.158787 0.094338 -0.103225 0.135208 -0.055268 0.192606 -0.013154 -0.013701 -0.137206 -0.101233 -0.007744 0.130411 0.207515 -0.116379 0.252269 0.165475 -0.076201 -0.129981 0.117025 -0.228028 0.016091 0.121135 -0.174677 -0.156657 0.141528 -0.096002 0.028090 -0.042970 -0.252775 0.017445 -0.041361 0.333068 0.150922 0.056917 0.167842 -0.150095 0.265245 -0.060209 0.095737 -0.044322 0.156328 0.077769 -0.010641 -0.021685 0.160717 
-0.131504 0.154332 0.044851 -0.095911 0.009434 0.087985 0.094907 0.065934 -0.069565 0.077922 0.045154 -0.196714 -0.104460 -0.108032 -0.025702 0.063677 0.048356 0.291557 0.173114 -0.332216 -0.114403 -0.051491 -0.043120 0.167444 -0.138662 -0.142536 0.196952 0.132982 0.221154 -0.048655 0.182662 0.001514 0.026347 0.149116 0.280791 0.165292 0.072388 0.187020 0.045502 -0.083488 -0.177153 -0.071561 0.053681 0.045125 0.376471 -0.009096 -0.071324 -0.110376 0.110336 0.050392 
-0.121196 -0.202205 -0.208705 -0.034260 0.015345 0.027952 -0.186039 -0.155223 -0.179221 0.176662 0.059579 0.032324 0.103398 -0.066959 0.160060 0.147970 -0.142532 -0.052653 0.061817 0.188227 -0.135822 0.198093 -0.179405 0.107834 -0.071052 -0.183300 -0.180029 -0.076998 0.099632 0.008328 -0.099370 -0.285734 -0.185789 -0.271462 0.066995 0.064125 0.038040 -0.027506 -0.022532 -0.196538 0.051764 0.145072 0.004427 -0.284935 0.177991 -0.099465 -0.167084 -0.086331 0.164115 -0.007629 
-0.138425 0.100057 -0.144565 0.089698 0.181536 0.139439 0.116856 -0.142643 0.223623 -0.076955 -0.030290 -0.112461 -0.281668 0.242072 0.070515 0.092663 -0.245947 -0.099960 0.004590 0.091918 0.173173 0.061396 0.015324 0.110219 -0.147389 0.007195 0.104425 -0.158664 0.177404 -0.016570 -0.047557 -0.004866 -0.102806 0.166361 0.019820 0.056028 0.015994 0.105420 0.366871 -0.004768 0.256024 -0.015216 -0.201301 0.127523 -0.161348 -0.205794 -0.001365 -0.036428 0.170179 -0.092263 
-0.144732 0.077876 -0.010470 -0.075287 0.147995 0.064150 0.191846 -0.185768 0.261253 -0.111589 -0.039074 0.214627 0.057119 0.177538 0.061549 0.014421 0.029864 0.157564 0.032917 0.008636 -0.134515 -0.118843 0.034344 -0.183992 -0.306608 0.071572 -0.333265 0.350951 0.116702 0.026914 -0.051247 0.078476 -0.012443 -0.244074 0.184614 -0.164601 -0.017461 -0.203372 -0.101388 -0.017058 0.044340 -0.177031 0.049630 0.049199 -0.002762 0.035222 0.052087 -0.069899 0.122218 0.130657 
-0.134953 0.099108 0.028978 -0.142622 -0.095200 0.097464 0.029648 -0.089609 -0.227162 -0.077128 -0.149904 0.014268 0.098716 0.150374 -0.118645 0.020631 -0.055369 -0.063210 0.249452 -0.070423 0.239401 -0.019937 0.006087 0.005099 0.205700 0.087860 0.016113 -0.053617 0.172124 0.234913 0.010993 -0.356534 -0.081543 0.051217 0.039464 -0.074447 0.130547 0.041195 0.037436 -0.196211 0.023235 -0.239367 0.087845 -0.114360 -0.175607 0.153437 0.239141 0.011727 -0.149207 0.333737 
-0.158710 -0.049539 0.070369 0.095873 0.097042 0.139108 -0.254781 0.173675 -0.052316 -0.125268 -0.290948 -0.040424 0.039645 0.145015 -0.067451 -0.234700 0.123868 0.150151 -0.161061 0.139941 0.356759 0.020250 0.070724 -0.099839 -0.091514 0.144662 0.189544 -0.012429 0.112531 0.055221 0.054187 0.036373 -0.112956 -0.147947 0.201757 0.092904 -0.142771 -0.112528 -0.028229 -0.074998 -0.157251 0.092610 0.173655 -0.092944 0.048660 -0.146955 -0.196897 0.249791 0.113285 -0.049840 
-0.132476 -0.019765 0.214208 0.209582 0.020876 -0.286446 -0.169779 -0.028177 0.087866 0.212643 0.106785 0.001375 -0.264622 0.122579 -0.196375 -0.049377 0.180404 0.069062 -0.000150 0.046149 -0.125585 0.043006 -0.009770 -0.023988 0.004188 -0.048281 -0.047943 0.083708 -0.113067 0.116123 0.096416 -0.116042 0.017133 -0.264312 0.148474 0.330754 0.080975 0.122621 0.185334 -0.031088 0.196760 -0.112739 0.228002 -0.002238 -0.167424 0.011000 0.143172 -0.079259 -0.173669 -0.155934 
-0.149655 0.180776 0.144986 -0.250410 -0.078646 -0.234266 -0.135490 0.072946 -0.322109 -0.156811 0.015006 0.047018 -0.001276 -0.099793 0.123012 -0.167105 0.045899 -0.065742 0.074703 0.107050 0.138226 -0.161993 -0.052720 -0.328950 -0.071173 -0.027024 -0.018568 0.107119 0.103357 -0.059372 -0.040606 -0.013060 -0.007701 0.015970 -0.089427 0.250171 0.112150 -0.111442 0.122254 0.215719 0.224794 0.001182 -0.332788 0.006105 0.121193 0.041481 -0.019751 -0.158121 0.120119 -0.065479 
-0.144782 0.106980 0.238638 -0.066040 0.270562 0.062963 -0.133987 -0.071564 -0.046248 -0.053603 0.043141 0.088888 0.249330 0.052866 0.193599 0.188809 0.121645 0.109791 -0.176332 -0.258471 -0.040862 0.082645 -0.012499 0.126662 -0.155625 0.026386 -0.021022 -0.192359 0.068955 0.189008 -0.133438 -0.093969 0.141700 -0.088713 -0.231490 0.182281 -0.151517 0.266405 -0.198797 0.072845 0.082025 -0.063910 -0.136030 0.154399 -0.106419 -0.011950 -0.150490 0.116213 -0.139081 0.024794 
-0.125377 -0.001938 0.076692 -0.209538 0.070413 -0.228141 -0.181025 0.172221 0.004188 0.031560 0.062194 -0.077355 -0.395199 -0.099953 0.072599 -0.110629 -0.153911 0.014692 -0.145492 -0.107641 -0.031086 -0.030970 0.156856 0.116864 -0.289620 -0.105738 -0.057586 0.001809 0.003132 0.121173 -0.168475 -0.008135 0.043143 0.137699 -0.140311 -0.226055 0.055549 -0.149560 -0.078146 -0.205651 0.086449 0.152206 0.085007 -0.102918 0.062735 -0.061351 0.225102 0.267862 -0.067377 0.183181 
-0.135547 -0.150588 0.089016 0.058428 -0.042340 0.065060 0.066308 -0.064735 -0.057327 -0.047361 -0.236859 0.196365 -0.229908 0.295983 -0.083596 -0.019729 0.267942 -0.000203 0.048472 -0.125485 0.105832 0.070001 -0.040994 -0.044478 0.009424 -0.432517 -0.099455 -0.173098 -0.185290 0.083738 0.040760 -0.077725 0.040061 0.111647 -0.227533 -0.206785 0.091928 0.028497 -0.118087 0.118357 -0.041716 -0.025036 0.053124 0.029153 0.183513 0.059620 -0.017022 -0.111529 0.272490 -0.152287 
-0.156056 0.041185 0.007659 -0.127955 0.020120 -0.096596 0.158142 -0.131325 -0.180729 -0.316606 0.219212 -0.050184 -0.095308 0.102385 0.122488 0.105270 0.099393 0.026876 0.111459 -0.152236 -0.081198 -0.128774 -0.153542 0.172293 0.244732 0.032528 0.174423 0.121205 -0.333455 0.070677 0.082404 0.032510 -0.058608 -0.115877 0.121882 0.003461 -0.087843 -0.178221 -0.092527 -0.134878 -0.013717 0.147669 -0.076872 -0.073970 -0.244787 -0.187807 0.009647 0.193933 0.190961 -0.151550 
-0.133033 -0.057984 -0.019725 0.023761 -0.097368 0.150934 0.115857 0.016345 -0.023615 0.223859 -0.318788 0.082738 -0.196754 -0.179253 0.124193 0.027356 -0.102067 -0.092665 -0.148680 -0.049583 -0.059791 -0.000240 0.269742 0.006424 0.208651 -0.040698 0.055369 -0.040160 0.074623 0.102081 -0.048525 -0.014760 0.180033 -0.115442 0.283905 0.191654 0.225516 -0.180155 -0.350319 0.009858 0.005005 0.060342 -0.230883 0.186892 -0.150042 -0.064960 0.037870 -0.081477 -0.008393 -0.038953 
-0.130109 -0.183467 -0.024919 0.026086 -0.004706 0.165899 0.234197 0.052116 0.034012 -0.212857 0.226026 0.145294 -0.036794 0.009811 -0.003303 -0.136236 -0.020780 0.005905 -0.064744 -0.085165 0.055640 0.175164 -0.073752 0.052992 0.010236 0.088880 -0.059855 -0.223427 0.066494 -0.104259 0.131996 0.005787 -0.164875 0.079115 0.167624 0.177811 -0.118393 -0.139197 -0.195239 0.146657 0.326798 0.033752 0.025347 -0.120211 0.303637 0.146750 0.233313 0.076342 -0.289517 -0.095421 
-0.139396 0.320937 0.200515 0.072496 -0.128621 0.309275 -0.105441 -0.065670 0.035166 0.104439 0.042516 0.019702 -0.213066 0.004062 0.021420 -0.249522 -0.221693 -0.167934 0.031352 -0.091382 -0.120386 -0.221373 -0.291036 0.036919 0.166875 -0.004396 -0.062492 0.038879 0.090476 -0.058881 -0.155594 0.101617 -0.118914 -0.032145 -0.060419 -0.100652 0.002810 0.068055 -0.131079 0.184069 0.052596 0.025910 0.229364 -0.134732 -0.076682 0.019663 -0.303177 0.017507 -0.089482 -0.030607 
-0.159319 -0.210073 0.022685 0.159704 0.079957 0.051614 -0.044076 -0.151368 -0.059956 -0.028731 -0.018269 -0.259980 -0.035208 -0.050186 0.022051 -0.031287 0.180247 0.034888 0.018549 -0.041435 0.049548 0.008792 -0.247497 -0.207647 -0.044835 0.083135 -0.233553 0.161947 0.029831 -0.225236 -0.086872 -0.280258 0.166257 0.318293 0.169988 -0.116432 0.016805 0.039102 -0.015489 -0.067188 -0.043369 0.355177 -0.064445 0.203588 -0.162050 0.087410 -0.049246 0.027544 -0.183622 -0.022465 
-0.135854 0.247591 -0.123481 0.338435 -0.003842 0.122556 -0.160722 -0.065361 -0.087073 0.062607 0.109023 0.008099 0.073259 -0.148519 -0.054346 -0.237092 0.375304 -0.043012 -0.010296 0.038260 -0.191418 0.023704 0.122940 0.031921 0.021136 -0.027795 0.086130 -0.068727 0.039128 0.065260 0.223801 0.036553 -0.049544 -0.024629 -0.002968 -0.332328 -0.115590 -0.016892 -0.001525 -0.099546 0.224233 0.010380 -0.276255 0.017493 0.042574 -0.196279 0.089235 -0.099294 0.001176 0.211777 
-0.145943 0.108521 0.091947 0.173007 -0.013081 0.136442 -0.026077 0.048257 -0.005099 -0.025439 -0.003682 0.024792 0.036982 0.284526 0.224443 0.119692 -0.093832 0.138638 -0.038058 0.071304 -0.278648 0.100728 0.247214 -0.258347 -0.001019 -0.098048 0.191210 0.033895 -0.175853 -0.044813 -0.114842 0.060184 -0.006577 0.149042 0.057595 0.042358 0.025853 0.050220 0.130139 0.005028 -0.178355 0.131546 -0.175895 -0.436220 -0.029036 0.258790 0.068534 -0.014668 -0.133925 0.051153 
-0.150917 0.139333 -0.232487 -0.044015 0.350592 -0.032373 -0.184580 0.093759 0.189850 0.057237 0.079532 0.285312 0.053667 -0.009551 0.027674 -0.141853 0.018176 -0.232554 -0.094705 -0.210728 0.220634 0.020726 -0.068870 0.134576 0.218976 0.013746 0.045916 0.184625 -0.088479 0.009470 -0.136377 0.001612 -0.053098 -0.043757 0.020443 0.048505 -0.022187 0.031595 0.106337 -0.105463 -0.226381 0.194609 -0.028568 0.089038 0.116696 0.231857 0.180185 -0.248714 0.022594 -0.044581 
-0.160206 0.126269 -0.172308 -0.038020 -0.040364 -0.059412 0.124868 -0.049797 0.031897 0.188521 0.038610 -0.246125 -0.031843 -0.004445 0.106171 0.109939 0.305631 -0.052745 -0.081776 0.124052 0.156004 0.200223 0.105900 0.104915 0.150470 -0.062422 -0.221431 0.261293 -0.001116 0.108915 -0.132709 0.054387 -0.212865 0.208346 -0.076122 0.184300 -0.080709 -0.048042 -0.061597 0.374043 -0.127659 -0.103251 0.076770 -0.114232 0.013238 -0.175400 0.017014 0.118397 -0.033113 0.162981 
-0.133670 -0.045690 0.007363 -0.067386 -0.238330 -0.187160 -0.040054 0.270503 0.108036 0.004500 -0.153899 0.073017 0.177966 0.326235 0.282296 -0.273761 -0.064033 0.053108 0.255283 0.165094 -0.122110 0.137743 -0.172608 0.260533 -0.047538 0.107638 -0.070780 -0.019573 -0.088927 0.031047 0.060164 0.130727 0.055884 0.157645 0.041737 0.041699 0.029328 0.108661 -0.118405 -0.052539 -0.009982 0.084424 0.001723 0.164110 -0.040507 -0.204137 0.013201 -0.189832 -0.094776 0.110029 
-0.136455 -0.044755 -0.194930 -0.182888 0.001199 -0.180937 -0.159159 -0.026548 0.072908 0.027381 0.194012 0.226827 -0.241985 0.097865 -0.168316 0.218573 0.030283 -0.127400 -0.011253 0.094185 -0.071166 0.148903 -0.076912 -0.123198 -0.043478 0.222792 0.207830 -0.031398 0.133197 0.172861 0.267379 -0.011327 0.142561 0.182494 0.066285 -0.120766 -0.002180 -0.105612 -0.132831 0.122872 -0.106390 -0.060611 -0.042801 -0.040965 -0.038218 0.097778 -0.395225 -0.055752 -0.102207 0.067448 
-0.151159 -0.014547 -0.229210 0.098827 -0.186314 -0.001712 -0.050940 -0.138246 0.156404 -0.256445 -0.256387 -0.141117 0.012783 -0.024870 -0.106563 0.079296 -0.088926 -0.139725 0.216486 -0.104935 -0.092071 -0.138849 0.077907 0.022958 -0.061365 -0.099786 0.108452 0.086820 -0.060263 0.129003 -0.033516 -0.091394 0.247317 -0.195730 -0.210762 0.166179 -0.256999 -0.172422 0.139032 0.115670 0.018947 0.177719 0.068519 0.055400 0.234952 -0.048253 -0.048924 -0.003900 -0.273923 0.082465 
-0.136934 -0.266532 0.283758 0.084843 0.013021 0.043965 0.048922 0.124570 -0.057291 0.183779 0.174881 -0.105941 -0.005805 0.090953 -0.100221 0.058224 -0.133094 0.171807 -0.027694 0.174758 -0.014580 0.022752 -0.173901 0.081978 0.148667 -0.097579 0.260572 0.119539 0.199860 0.049143 -0.173191 0.006656 0.000887 -0.066164 -0.144657 -0.084051 -0.351890 -0.284022 0.008768 0.078949 -0.023769 -0.044183 -0.094862 0.211010 -0.020280 0.132581 0.126940 -0.165672 0.123049 0.153394 
-0.167308 0.101221 0.016139 -0.133282 -0.218464 -0.100284 -0.012735 -0.068984 0.139945 0.238292 -0.193972 -0.045702 0.240814 -0.046448 0.201684 0.166514 -0.053898 0.099437 -0.296816 -0.142626 0.148468 0.024643 -0.190770 -0.046239 -0.028363 -0.012786 0.219995 0.100909 -0.023668 -0.050795 0.184329 -0.104434 -0.013076 -0.008121 0.004134 -0.333274 0.004275 -0.097069 0.100698 0.064814 0.150511 -0.072142 0.068002 -0.093078 0.020614 -0.095224 0.139620 -0.046928 -0.156788 -0.338213 
-0.152779 -0.270601 -0.072166 0.103078 -0.072065 0.027230 0.248059 0.217362 -0.125290 -0.110670 0.108961 0.031935 -0.048892 -0.164317 0.144124 -0.139747 0.034435 0.056411 -0.065630 -0.298441 0.094169 0.228272 0.059584 -0.040271 0.059993 0.146262 -0.059643 0.077847 0.093276 0.088924 -0.098777 0.122627 0.265577 -0.171284 -0.108919 -0.119708 0.100141 0.083785 0.313346 0.031243 0.062766 -0.049356 0.118684 -0.218008 -0.145270 -0.089019 -0.204556 -0.183148 0.044553 0.076123 
-0.156443 0.017844 -0.055332 -0.171428 -0.115263 -0.147676 0.116600 -0.123038 -0.160254 0.107871 -0.072543 0.020925 0.068266 0.179618 -0.310241 -0.191571 -0.072045 -0.131951 -0.038918 -0.203011 -0.219470 0.375559 0.060853 -0.084712 -0.026296 0.017290 0.094300 0.026200 0.058688 -0.313445 -0.131263 0.064657 -0.163067 -0.208216 -0.019166 -0.065049 0.030053 0.105415 0.086778 0.047415 -0.104623 0.023312 -0.122404 0.218946 0.003450 -0.010448 0.000329 0.309528 -0.011335 0.011997 
-0.127559 0.147066 -0.022730 -0.010112 -0.002270 -0.014966 -0.038571 -0.052555 -0.092695 -0.361512 0.019733 -0.073841 -0.077811 -0.146355 0.022324 -0.055200 -0.177395 0.079625 -0.302910 0.251763 -0.164654 0.176700 0.034436 -0.077967 0.171238 0.060698 0.001572 -0.034436 -0.253521 0.034165 -0.202630 -0.196587 0.056816 0.083823 0.121807 -0.094933 -0.052886 0.111378 -0.004409 -0.057227 -0.063808 -0.324302 0.192440 0.248822 0.221984 -0.078287 -0.021799 -0.155958 0.020245 -0.039599 
-0.129089 -0.236870 -0.012879 0.062856 -0.098477 0.148168 -0.095741 0.002375 -0.041899 -0.043023 0.332349 -0.093072 0.100404 0.286227 0.055695 0.056807 -0.112673 -0.130314 -0.216707 -0.004400 0.086078 -0.251330 0.234934 -0.056782 0.071970 -0.059838 -0.022648 0.241564 0.032543 -0.083068 0.239519 0.021771 -0.104462 -0.033546 -0.243498 0.050429 0.314058 0.073984 -0.090782 -0.172448 -0.030136 -0.055672 0.015349 0.191789 0.139941 -0.149978 -0.072740 -0.006419 -0.131960 0.018441 
-0.148256 0.128512 -0.017190 -0.062339 0.126300 0.182991 0.193716 0.239469 -0.118987 0.234123 -0.005703 0.189339 0.005002 -0.044185 -0.310003 0.147061 -0.238041 0.118654 0.062088 0.125744 0.048589 -0.021342 -0.039876 -0.211488 0.033489 0.141006 -0.135649 0.136907 -0.226528 0.079364 0.152001 -0.082692 0.147805 0.027415 -0.126341 0.023532 -0.137496 0.248128 -0.045165 0.024689 0.094546 0.241543 -0.014743 -0.043212 0.087950 -0.285042 0.116078 0.070599 0.063995 0.008191 
-0.150141 -0.128832 -0.040856 -0.055621 0.126960 0.043144 -0.167243 0.167918 -0.085409 -0.087862 -0.094948 0.148375 0.057024 -0.115989 -0.094172 0.213327 0.051340 0.222357 0.131713 -0.073948 -0.271331 -0.177363 0.122001 0.011064 0.118016 0.080006 -0.126450 -0.184168 0.111578 0.064561 -0.089695 0.079637 -0.395292 0.105949 -0.018833 -0.110914 0.153383 -0.152532 0.235793 0.199820 -0.088119 0.092490 0.113756 0.164555 -0.089049 -0.159161 0.039006 -0.069427 -0.151309 -0.165257 
-0.139026 -0.050509 0.199052 -0.020480 0.063624 -0.119402 0.195909 -0.304238 0.093738 0.084273 0.120028 -0.055009 0.062607 -0.176451 0.074120 -0.281144 -0.169000 -0.098347 0.038672 -0.056455 0.020473 -0.008302 0.059121 -0.262928 -0.102615 -0.035000 -0.054852 -0.277029 0.021695 0.188953 0.225133 0.000068 -0.126613 0.064007 -0.091010 0.093284 -0.164949 -0.053959 0.005577 -0.064106 -0.434997 0.036988 0.033719 -0.036570 -0.084719 -0.183195 0.068662 -0.169714 -0.026560 -0.046102 
-0.135367 0.083220 0.370890 -0.014208 0.026589 -0.244053 0.115475 -0.040864 0.075275 -0.141152 -0.163490 -0.112090 0.071976 -0.037808 -0.062819 0.271323 -0.010597 -0.176199 -0.145316 0.111457 0.028689 0.056633 0.070902 0.084842 0.262268 -0.024639 -0.216672 -0.076659 0.130212 0.026161 0.185798 0.281798 -0.034823 -0.060257 0.115841 -0.115056 -0.001401 0.108693 0.095263 -0.123723 0.123029 0.306676 0.043073 -0.005247 0.162077 0.159616 -0.127539 -0.038800 0.047732 0.165401 
-0.145736 -0.043849 0.035728 0.039148 -0.122609 0.035796 0.169942 0.178693 0.334115 0.057073 -0.024439 0.073855 0.092713 -0.179864 0.080479 0.070506 0.246874 -0.186117 0.053229 0.005850 -0.187284 -0.016777 -0.146913 -0.285232 0.025311 0.096751 0.218858 -0.030511 -0.002187 0.083985 -0.169305 -0.077483 -0.165257 0.155158 -0.174510 0.182116 0.099542 -0.022210 0.007557 -0.327025 0.145909 -0.041307 0.130875 0.092046 0.065101 0.051277 -0.062084 0.212516 0.217514 0.045343 
-0.149365 -0.095225 0.055336 -0.270177 -0.057874 0.226606 -0.097366 -0.064768 -0.059438 -0.028377 0.034097 0.201727 -0.097745 -0.182042 0.256028 0.050630 0.150111 -0.168937 0.175604 0.258392 -0.020031 0.035019 0.241528 0.062368 -0.033585 -0.111278 0.089594 0.074068 0.119237 -0.286472 0.161645 0.042728 0.142729 -0.030248 -0.015308 -0.035486 -0.251547 0.212071 0.083457 0.023953 -0.024857 0.003749 0.278238 0.089300 -0.170262 0.080970 0.169727 0.079180 0.035534 -0.083191 
-0.127561 -0.097015 0.007302 -0.216194 -0.255853 0.206241 -0.173698 -0.004185 0.129095 -0.138706 -0.103876 -0.032325 0.006322 -0.099551 -0.376973 -0.007713 0.051540 0.036813 -0.209209 -0.028031 -0.073977 0.025366 -0.080770 0.151984 -0.039110 -0.027202 -0.230191 0.093066 0.006172 -0.028445 -0.004313 0.177229 0.003965 0.164525 -0.098114 0.180413 -0.151367 0.007692 0.013814 -0.286606 -0.055830 -0.162233 -0.271473 -0.225294 -0.188042 0.012956 0.037202 -0.143551 0.023354 -0.149869 
-0.137058 0.244096 0.019131 0.243636 -0.290154 -0.071700 0.044531 -0.050451 -0.190750 0.143781 0.137379 0.183174 0.090997 0.108435 -0.034911 0.110586 0.003036 -0.018514 -0.115574 -0.058156 0.041074 -0.111997 0.167987 0.235907 -0.150868 0.278071 -0.174943 -0.186277 0.004109 -0.185431 -0.051639 -0.124712 0.181231 0.149316 -0.032816 0.120693 -0.055588 -0.297103 0.115639 -0.056674 -0.098985 0.057695 0.171882 0.051020 0.020897 0.092336 -0.006426 0.000196 0.236190 -0.055528 
-0.148641 -0.069525 -0.181535 -0.015148 0.045852 -0.187849 0.185986 -0.246152 -0.130626 0.221400 -0.080834 0.138850 -0.102789 -0.028512 0.034142 -0.051256 0.061738 0.297315 0.086246 0.130807 0.196511 -0.254909 0.086572 0.013014 0.091177 0.014159 0.067291 -0.078566 -0.084362 -0.108695 -0.222956 0.255801 -0.061331 0.042706 -0.075764 -0.013372 -0.144756 0.110420 -0.033882 -0.307464 0.112850 -0.103826 -0.044112 0.000934 0.099006 0.087858 -0.233935 -0.016860 -0.281688 -0.035656 
-0.142333 -0.017812 0.157805 -0.123532 0.071114 -0.092333 0.120236 0.221885 0.257170 -0.001909 0.178347 -0.100381 0.146419 0.064703 -0.191965 -0.007905 0.144029 -0.189644 0.151902 0.085343 0.056650 -0.198626 0.209962 0.081254 0.036237 -0.061366 0.031908 -0.159521 0.044117 -0.204176 -0.290327 -0.252552 0.165300 -0.077460 0.188872 -0.181103 0.006445 0.046299 -0.085325 0.057903 -0.064862 -0.094713 -0.128184 -0.218626 0.064809 -0.224087 -0.089987 -0.064549 -0.077313 -0.151942 
-0.150356 -0.208075 -0.090165 -0.182250 0.172731 0.071755 -0.109330 -0.190522 0.067352 0.194390 -0.017894 -0.215554 0.164579 0.074142 0.022359 -0.273389 -0.035402 0.053090 -0.001445 0.060848 -0.204376 -0.175109 0.041506 0.081078 0.211781 0.191716 -0.077737 -0.101353 -0.052254 0.193356 0.090096 0.060158 0.284998 0.082862 0.015111 -0.011932 0.108979 0.009530 0.161294 0.166104 0.100159 -0.088087 -0.024672 -0.064777 0.156124 0.202726 0.049592 0.254381 0.241548 -0.081778 
-0.138750 -0.189712 0.036693 0.267585 0.077276 -0.208059 0.182496 0.074231 -0.047662 -0.101283 -0.236204 0.167679 -0.044016 -0.185135 0.018835 -0.073579 -0.094684 -0.111479 -0.137182 0.094859 -0.113349 -0.245518 -0.045336 0.302981 -0.154348 0.084402 0.059207 0.206785 -0.019885 -0.045352 0.174094 -0.260043 -0.208970 0.030221 -0.064288 -0.030839 -0.009211 0.216360 -0.004848 0.180847 -0.125258 -0.137101 -0.178862 -0.119734 -0.042779 0.136993 -0.040326 0.124868 0.036643 0.047603 
-0.120215 0.228271 -0.132889 0.076543 0.190274 -0.089798 0.081234 0.043092 0.066994 -0.129770 -0.064266 -0.236235 -0.059057 -0.033904 -0.036563 -0.033058 0.010073 0.218754 0.123779 0.163419 -0.060565 0.167754 0.021749 0.045875 0.089975 0.138732 0.032124 -0.015339 0.256378 -0.186894 0.120803 -0.044520 0.066555 -0.142258 -0.444602 0.009458 0.222216 -0.060595 -0.299237 -0.073962 -0.063619 0.056081 0.073691 -0.099779 -0.081097 0.141727 0.097999 -0.091707 0.034479 -0.244371 
-0.140493 -0.042521 0.139643 0.253309 0.162130 -0.011752 -0.068301 -0.217384 -0.119516 -0.075044 0.017617 0.163981 0.225444 -0.165149 -0.160035 0.085243 -0.097475 -0.150354 0.159365 0.120764 0.092090 0.139196 -0.159384 0.094379 -0.134989 -0.114743 0.161992 0.131892 0.008083 0.034034 -0.151984 0.347697 0.219273 0.181274 0.050711 0.017265 0.326823 -0.094406 -0.055167 0.016124 -0.028235 -0.122381 0.080667 -0.074987 0.039851 -0.173720 0.139510 0.118859 -0.061644 -0.062874 
-0.150180 -0.044344 0.155769 0.115312 -0.084649 0.086851 -0.195321 0.067885 0.061274 0.085734 0.038783 -0.200882 -0.071444 -0.158770 0.066005 0.133824 -0.127485 -0.064542 0.397940 -0.114166 0.211966 0.206467 0.180747 0.013642 -0.133223 0.265537 -0.115367 0.047164 -0.331691 0.053141 0.022923 0.068691 -0.196473 -0.112163 0.009447 -0.146001 -0.032643 -0.005292 -0.086216 0.000013 0.009655 -0.173618 -0.180539 0.108847 0.088156 0.213295 -0.081342 0.015353 0.055350 -0.147768 
-0.124695 0.130426 -0.120179 -0.007231 0.049460 -0.030814 0.072818 0.167460 0.077033 -0.022232 0.122674 0.019247 0.280330 -0.129335 -0.112770 -0.166595 -0.193138 0.146904 0.042809 0.031820 0.069410 0.087698 0.159588 0.050498 -0.016235 -0.496092 -0.055745 0.044723 -0.109075 0.049335 0.153757 -0.105068 -0.022567 0.128070 0.073669 0.024994 0.012746 -0.161997 0.032749 0.000023 0.171046 0.013405 0.082008 0.129278 -0.288873 0.224019 -0.320985 0.124125 0.002511 -0.020864 
-0.127783 -0.156132 -0.110345 -0.005605 0.025152 -0.140981 -0.179067 -0.131760 0.058669 -0.026552 -0.043991 -0.113655 0.116470 -0.034637 -0.131392 0.049913 -0.097503 0.041409 -0.043282 -0.200280 0.029122 -0.101713 0.116913 -0.099197 -0.053121 0.062759 0.188746 -0.085277 -0.154272 -0.255834 -0.051481 0.067549 -0.110579 0.087744 0.044141 0.074065 -0.033190 0.144163 -0.287214 0.186612 0.240845 0.063151 0.231499 -0.112537 -0.178296 -0.027018 0.076601 -0.289859 0.286109 0.300876 
