-0.127984 -0.025525 0.219900 -0.193691 0.240153 -0.053663 -0.184527 0.039791 -0.183595 -0.071665 -0.185522 -0.200175 -0.135069 -0.283073 -0.107890 -0.099070 0.193379 -0.120606 -0.054203 0.045334 -0.128421 0.039348 -0.005876 -0.042708 0.026474 0.063388 -0.105374 0.098176 -0.120671 -0.013540 0.018924 0.086666 0.115140 0.052203 0.071582 0.191125 0.189800 0.067209 0.168703 0.217795 0.273103 0.059585 0.350452 0.145758 -0.079672 -0.072669 -0.177232 0.040076 0.043776 0.003235 
-0.147545 -0.203459 -0.111557 -0.054315 -0.115855 0.290405 -0.208026 -0.052634 -0.223960 0.095679 0.209605 -0.024720 0.078902 0.141880 -0.102084 0.157606 -0.158696 0.155639 0.090688 -0.132857 -0.037212 0.058228 -0.105837 -0.031351 0.025520 0.147211 0.263920 0.098795 -0.141906 -0.057880 0.077047 -0.087461 0.086629 0.100088 0.149745 0.102029 0.222509 0.019581 -0.304070 -0.107827 -0.028003 -0.101239 0.169045 -0.050988 0.067428 0.109631 -0.299734 0.139202 0.043041 0.083251 
-0.154958 0.185832 0.210262 -0.039877 0.168882 0.120439 -0.267138 -0.109499 0.176083 0.137718 -0.012600 0.072627 0.045149 0.192638 0.074113 -0.307036 -0.029612 0.152567 -0.165996 0.150543 0.125506 -0.123841 0.014310 -0.031170 0.142360 0.130406 -0.037097 0.124132 0.089818 0.095912 -0.197799 0.077070 -0.070567 0.110095 0.086415 -0.033044 -0.032330 -0.233739 0.154325 0.062578 -0.112451 -0.270963 -0.086794 -0.054476 0.020719 0.080320 -0.233960 -0.035690 -0.219524 0.187655 
-0.140004 0.257956 0.083602 0.097239 0.327326 -0.041383 0.068815 0.133241 0.145422 -0.004660 0.159679 0.130262 -0.032911 -0.033234 -0.043854 -0.023272 0.022823 -0.087006 0.036972 -0.151836 -0.102847 -0.066469 0.157561 0.040809 0.199213 -0.104379 0.234106 -0.041655 0.187301 0.160461 -0.113407 -0.009637 0.051451 0.007821 0.063085 0.105641 0.062179 0.241199 -0.144446 -0.125193 -0.166817 0.248600 0.008562 0.086791 -0.183264 0.086888 -0.016078 0.120664 0.261064 0.324200 
-0.151334 -0.107187 0.203611 -0.055952 0.105481 0.197520 0.056902 -0.153244 -0.211005 -0.093741 -0.173638 -0.192398 0.054607 0.122106 0.121779 0.303804 0.126753 0.191121 0.047131 -0.042669 -0.042744 0.082440 0.150959 0.094820 0.125565 -0.186837 0.081352 -0.152278 0.188187 -0.219383 -0.120627 -0.053807 -0.106577 -0.028705 -0.230279 0.029764 -0.041553 0.218530 0.203121 0.041225 -0.274712 -0.208927 0.095235 0.077196 0.085921 0.023692 0.107902 -0.028946 -0.065216 0.052847 
-0.130279 0.244817 0.035106 -0.127771 0.067368 0.021485 -0.148271 -0.250741 0.064423 0.084892 0.155678 -0.156597 -0.115792 0.207686 -0.027171 0.126687 0.019221 -0.215091 0.179184 0.022418 -0.150325 0.099614 0.283314 -0.122894 -0.163534 -0.129644 -0.044009 0.040063 -0.032005 0.156797 -0.161903 -0.107134 -0.066134 0.219124 -0.105507 -0.098132 0.004993 -0.094247 -0.144231 -0.146015 0.186736 -0.109472 0.002407 0.076160 -0.147702 0.086913 0.101437 -0.016457 0.039705 -0.382570 
-0.149907 0.110232 0.063401 0.186361 -0.039550 -0.135016 -0.134589 -0.196853 -0.019414 0.016517 -0.051136 -0.111620 0.124687 0.023168 -0.222132 0.052176 -0.156130 0.171399 -0.107719 0.325838 -0.171181 0.045602 -0.209910 -0.017913 0.087572 -0.272068 -0.207602 0.149659 0.019416 -0.007084 0.009082 -0.126317 0.430200 0.036081 0.042143 0.041879 -0.023552 0.044591 0.007015 -0.151923 -0.074881 0.168624 -0.115468 0.079682 0.251811 -0.046957 0.116767 0.051856 0.062286 0.005785 
-0.148379 -0.130959 0.015598 0.087938 -0.038761 -0.336782 -0.082228 -0.039971 0.052381 0.162763 -0.207948 -0.205284 0.016135 0.161604 -0.041425 -0.033350 -0.072085 -0.271940 0.085703 -0.008299 0.085859 0.063129 0.162382 -0.102693 0.260793 0.203274 0.035837 0.093458 -0.036460 -0.216157 -0.040770 -0.090093 -0.077291 -0.020914 -0.103293 0.060367 0.102168 -0.071976 -0.184070 0.245487 -0.143090 0.166233 -0.033970 -0.312258 -0.005520 -0.023911 0.190484 0.220244 -0.089705 0.055096 
-0.143011 0.293301 -0.072969 -0.000986 -0.142882 -0.037982 0.040303 -0.085810 -0.044825 0.093060 -0.059382 -0.178565 -0.099598 -0.201438 0.144230 0.152071 0.208664 -0.033593 -0.328907 0.029056 0.103001 -0.120112 0.016729 -0.134158 -0.183070 0.114878 0.115362 -0.225159 0.071610 0.046929 0.171280 -0.058905 -0.117137 0.302297 0.000805 0.015556 -0.079231 -0.060154 -0.010614 -0.231612 -0.014942 0.114612 0.155491 -0.205121 0.274204 -0.075244 -0.017273 0.102626 -0.021789 0.167985 
-0.136834 -0.099578 0.104740 -0.110118 -0.278982 -0.145723 0.150817 -0.176469 0.079808 -0.113290 0.033233 -0.001015 -0.065514 0.162462 -0.030962 -0.187134 -0.118847 -0.035623 0.098191 0.123867 0.047619 0.107962 -0.178786 -0.175826 -0.044741 0.100189 -0.165749 0.008553 0.227863 0.084991 0.017270 -0.058058 -0.339484 -0.057927 0.286218 0.139330 0.082324 0.299520 0.121302 -0.233595 -0.078446 -0.082803 0.175667 0.056528 -0.142651 -0.152893 0.020414 0.057266 0.089828 0.022217 
-0.129385 0.020344 0.027909 -0.153511 -0.053809 -0.097079 0.355010 -0.154514 -0.125116 -0.177821 0.200697 0.020407 0.094249 0.050627 -0.072382 0.057134 0.017337 -0.039183 -0.391748 -0.083489 -0.026300 0.045381 0.002866 0.079816 0.181419 0.312382 -0.170437 0.062224 -0.100233 0.081878 -0.112378 -0.342490 0.079795 -0.066772 -0.167392 -0.060914 -0.092552 -0.108738 -0.005413 0.111400 -0.041732 0.027518 0.033867 -0.001724 -0.083763 0.160629 -0.140917 -0.195696 0.191206 -0.017036 
-0.133472 -0.159086 0.083431 -0.121744 -0.024808 0.221374 0.069189 0.128285 0.010310 0.174114 -0.219341 0.174931 -0.005927 -0.093869 -0.106269 0.000213 -0.194221 -0.022713 0.091871 -0.020494 0.144236 0.087276 0.041328 0.070037 0.110098 -0.052643 -0.340752 0.004574 0.070364 0.142930 0.082402 0.115617 -0.000794 0.186922 -0.444100 0.023813 -0.102427 -0.168831 -0.156286 -0.246020 -0.052183 0.086094 0.117747 -0.003885 -0.107852 -0.243553 -0.112526 0.028727 0.077322 0.071760 
-0.147753 0.195548 -0.015249 -0.135628 0.109869 0.052094 0.022525 -0.250479 0.202417 -0.278494 0.054380 -0.093872 -0.194366 -0.082065 -0.058384 -0.000173 -0.059166 0.085828 0.197557 -0.019298 -0.167251 0.096881 -0.055750 0.081841 -0.174227 -0.013880 -0.122790 -0.039911 -0.063643 -0.221300 0.122856 0.165896 -0.156676 -0.332574 -0.005905 -0.216905 0.002800 -0.230088 -0.215693 0.101851 -0.168736 0.141320 0.021573 -0.035043 0.130283 -0.083203 -0.176373 0.010646 0.011135 0.165226 
-0.130072 0.203803 0.065402 0.034980 -0.001262 -0.091832 0.043579 -0.067737 -0.107136 0.120523 0.222974 0.118526 -0.083345 -0.016649 -0.268905 0.015057 -0.095024 -0.065793 -0.131968 -0.004629 0.151878 0.166019 0.011387 0.262176 0.255069 -0.228923 0.105069 -0.029644 -0.190983 0.026316 0.219812 0.203234 -0.155239 -0.164868 0.022634 0.169868 -0.053516 0.072073 -0.018244 -0.051996 0.141867 -0.133972 0.178122 -0.173131 0.031987 0.020650 0.158626 -0.208697 -0.287210 -0.030905 
-0.151482 -0.007407 -0.084042 -0.069953 0.011119 0.003031 -0.144808 0.124662 -0.083878 0.196785 -0.005488 -0.072436 -0.012825 0.130969 0.060586 -0.301234 0.286368 0.045326 0.026893 -0.067970 -0.004404 -0.203755 -0.050025 0.281390 -0.183776 -0.095102 -0.109276 0.045699 -0.117334 0.202324 0.196036 -0.344776 -0.083308 -0.307452 -0.193783 -0.009019 0.289461 0.012568 0.040931 -0.123892 -0.151426 0.025037 -0.000292 0.019540 0.049321 0.041838 0.123088 0.027011 0.004771 -0.008012 
-0.125505 -0.064827 0.042267 -0.139582 0.090816 0.065048 -0.033130 0.091587 0.061811 -0.096470 0.122700 -0.168655 -0.109110 0.089109 0.190835 0.006049 -0.173657 0.156794 -0.194244 -0.184537 -0.275864 -0.203813 -0.243363 0.094713 0.209663 0.013509 -0.039324 -0.195219 -0.016642 0.124051 0.001760 0.093160 -0.083336 0.167347 0.015657 0.062075 0.075898 0.126440 -0.075991 0.100350 0.023736 0.170145 -0.235811 -0.147603 -0.058501 -0.311628 0.045688 0.014346 -0.151154 -0.306848 
-0.116970 -0.110806 -0.115161 0.013360 0.141622 -0.098352 0.152528 0.095193 0.102419 -0.125590 -0.108768 -0.102866 0.157185 -0.203012 0.006578 0.004609 0.174751 -0.025733 0.014973 0.219162 -0.135675 0.104425 0.048590 0.148709 0.079052 0.019018 -0.025903 0.083640 0.223749 0.174142 0.251980 0.148624 0.046438 0.106091 0.099188 -0.085035 0.170396 0.026990 -0.215492 -0.020290 -0.090120 -0.444422 -0.113541 -0.283258 0.021651 0.125319 -0.052994 -0.043371 0.146524 -0.149014 
-0.126935 -0.182142 -0.084320 -0.108524 0.118511 -0.171061 0.146471 -0.011518 0.295207 -0.172184 -0.064973 0.064837 0.101387 0.180196 0.092848 0.281838 0.106673 0.043895 0.084132 0.198715 0.055872 -0.028147 -0.135466 -0.080736 -0.064838 0.052126 0.130218 0.019006 -0.222620 0.383926 -0.089253 0.088265 0.055276 -0.062397 -0.193188 0.081617 0.023124 0.058397 -0.067884 -0.006099 0.152996 0.044399 0.111245 0.146203 0.110305 0.062346 0.012103 0.083066 -0.337252 0.172648 
-0.129387 -0.120046 -0.273767 0.052693 -0.099271 0.113130 -0.202538 -0.114680 -0.029840 -0.176889 0.024398 0.142213 0.095529 -0.053607 -0.293290 -0.073031 0.074324 -0.046161 0.060245 0.025665 -0.182929 -0.113555 -0.049961 -0.148681 0.103519 -0.064653 0.154361 0.079171 0.246952 0.060198 -0.063183 0.039326 -0.231744 0.049973 -0.270176 -0.169788 0.087729 0.048300 0.278668 0.042349 0.201934 0.231293 -0.010736 -0.247722 0.056704 0.086905 -0.025490 -0.203519 0.029436 0.054207 
-0.121886 -0.082116 0.094014 -0.044106 -0.225546 0.116139 0.056472 0.101192 -0.106259 0.042034 0.066334 -0.056643 -0.182700 -0.155589 -0.108056 -0.117805 0.050925 -0.321044 0.105459 0.329500 -0.125295 -0.195203 -0.198134 0.129661 0.045456 0.046119 0.175893 -0.224264 0.077776 -0.014924 -0.162212 0.017853 0.160850 -0.055800 -0.007919 -0.144427 -0.220733 -0.020598 -0.076329 -0.026412 -0.233920 0.027606 0.066856 0.079206 -0.134816 0.209698 -0.065721 0.099883 -0.260268 -0.128368 
-0.139078 -0.082308 0.176898 0.000769 0.165238 0.160239 0.053489 -0.029089 -0.154445 -0.123929 0.084904 0.212993 0.250535 -0.076816 -0.118699 -0.184819 -0.000630 0.024678 -0.059931 0.154814 -0.062646 -0.181422 0.072393 -0.279696 -0.166087 0.011685 0.063158 -0.172059 0.079415 -0.080195 0.139759 -0.184525 -0.090324 -0.045253 -0.005786 0.176634 -0.084738 -0.133846 -0.337269 0.174506 0.147003 -0.119495 -0.063081 0.095724 0.003456 -0.155756 0.333537 0.021271 -0.036481 0.063375 
-0.148128 0.040282 0.325946 0.054834 -0.064804 -0.060828 -0.091639 0.017495 0.119585 0.019599 -0.076292 0.225292 0.264373 0.055927 -0.125783 0.201627 0.094516 -0.127909 0.032502 -0.074234 -0.232245 -0.015062 0.034435 0.180096 -0.177565 0.178259 0.108220 0.010913 -0.209533 -0.117097 0.183807 -0.072688 0.038005 -0.023491 0.027593 -0.181900 -0.156162 0.131780 0.242946 -0.133927 0.077624 -0.080204 -0.172489 -0.152705 -0.180550 -0.244330 -0.139013 0.160544 -0.015415 0.025354 
-0.131222 0.092316 0.079153 0.091576 -0.003178 0.086824 0.150766 0.012171 -0.098692 -0.091216 -0.231306 0.100692 0.037746 0.291929 -0.047758 0.003569 -0.073807 -0.227320 -0.097925 -0.244188 0.056590 -0.127134 -0.202553 0.099270 -0.166269 -0.135496 -0.288043 -0.048145 0.086282 -0.104638 0.095015 0.156920 -0.041688 0.183395 0.073708 -0.086831 0.102470 0.102097 -0.082844 0.134010 0.186476 0.025856 -0.051932 0.043963 0.071536 0.449788 -0.004418 0.176144 -0.050739 0.058359 
-0.157491 0.011449 -0.274936 -0.053031 -0.007541 -0.101502 -0.139309 -0.088242 -0.112036 0.294085 -0.176886 0.148473 -0.231385 -0.055111 0.146388 0.127993 -0.217181 0.028224 -0.227002 0.092262 -0.146197 -0.025669 0.003525 0.046770 -0.149968 0.085354 -0.033175 -0.079247 0.145689 -0.016024 -0.216543 0.072698 0.064310 -0.340959 -0.088275 -0.013927 -0.054838 0.219988 -0.125036 0.069349 0.236680 -0.226217 -0.084684 -0.034034 -0.120050 -0.037329 -0.001574 0.016380 0.125045 0.147801 
-0.166526 -0.096755 0.092204 -0.035186 -0.063707 -0.060225 -0.067852 0.223872 -0.145528 -0.045989 0.194050 -0.103389 -0.021374 0.284773 0.034216 0.072743 0.220879 -0.147115 -0.010464 0.146921 0.272711 0.098964 -0.104600 -0.164396 0.051963 -0.271960 -0.010700 -0.306755 -0.085106 0.002600 -0.087113 0.144746 0.083552 -0.100109 0.048778 -0.131381 0.069666 -0.150754 0.024372 0.042873 0.103726 -0.034688 -0.190699 -0.101607 -0.012013 -0.180595 -0.135195 -0.084678 0.323058 0.149342 
-0.148854 0.018151 0.042924 0.123107 -0.200858 -0.195034 -0.066814 0.286019 0.007398 -0.038436 0.183159 -0.014432 -0.122387 -0.222449 0.059732 0.271995 -0.048940 0.076748 0.040761 0.021478 -0.138046 0.102433 -0.055238 0.067548 0.029054 -0.041681 -0.096452 0.085643 0.141662 -0.120237 0.024747 -0.174743 -0.243831 0.119415 -0.058374 0.155491 0.197934 -0.306460 0.078472 0.003755 0.089847 -0.088724 -0.232110 0.254732 -0.152721 0.120492 -0.006468 0.012253 -0.178202 0.202574 
-0.151490 0.040885 -0.159162 0.000921 -0.230089 0.281716 0.075732 -0.172074 0.086258 -0.065110 0.080545 -0.108913 0.107736 -0.143797 0.159427 -0.335046 -0.008844 -0.189995 -0.002727 0.025085 -0.009317 0.325160 0.128562 0.136570 -0.018822 0.050444 0.054099 -0.056936 -0.239950 0.001066 -0.044371 0.124128 0.082031 0.131771 -0.139681 0.202396 0.063786 0.178341 0.102616 0.080327 0.044905 -0.023033 -0.331900 0.146935 0.081810 -0.025735 0.061327 0.102122 0.023553 0.163591 
-0.163278 0.099866 -0.001232 0.204917 -0.245462 0.068862 0.141767 -0.073693 0.105503 0.118522 -0.122998 -0.064172 -0.040377 0.095296 -0.065664 -0.024207 0.458303 0.245709 0.003241 -0.156023 -0.049169 -0.064069 -0.214161 -0.066603 -0.047496 -0.002662 0.092633 0.257612 -0.000558 -0.097678 -0.088962 0.249923 0.050246 -0.016406 -0.060522 0.262581 -0.144359 -0.089515 -0.174383 0.067003 -0.005214 0.005125 0.010419 0.007317 -0.292735 -0.044184 0.051466 -0.125741 0.096884 -0.085073 
-0.154482 0.015060 0.054744 0.121567 -0.050396 -0.034429 0.209948 -0.125472 -0.289885 -0.176730 -0.150147 -0.025191 -0.227422 -0.027399 0.088624 -0.123038 -0.129295 0.287126 0.163451 -0.002874 0.174054 0.016280 0.245383 -0.066610 -0.097564 -0.109735 0.117516 0.027696 0.011730 0.203544 0.135088 -0.135519 0.234930 0.014383 0.074757 -0.121777 0.052337 -0.010474 0.059572 0.038139 0.103729 0.123812 -0.145328 -0.213189 -0.314441 0.008424 -0.121786 0.011002 -0.229896 0.046779 
-0.150121 -0.142829 -0.011851 0.311054 0.131967 0.058667 -0.063886 -0.039671 0.011835 0.076294 0.262603 -0.023392 0.027762 -0.142951 -0.062244 0.185752 -0.090716 0.110427 0.044588 0.153790 0.117109 -0.171365 0.130735 -0.044908 -0.251182 0.121034 -0.305422 -0.134695 -0.213532 0.094134 -0.030569 0.191405 -0.109627 -0.007962 -0.000500 0.210165 -0.026571 0.078908 0.197323 0.135594 -0.237648 0.093766 0.022172 -0.168511 -0.117764 0.211370 0.008538 0.054421 0.136396 -0.119633 
-0.122570 -0.127240 -0.189908 -0.108553 -0.074805 -0.222635 -0.105767 -0.108658 -0.054548 0.001905 -0.080616 0.189318 0.062439 0.009397 0.061569 -0.038880 0.023136 0.002815 -0.017898 -0.077585 -0.046124 0.049183 0.066933 0.143232 0.009841 -0.349150 0.113131 -0.009252 0.022292 0.191289 0.085345 -0.082123 -0.171730 0.081599 0.152758 0.170483 -0.398333 -0.164729 0.046959 0.302485 -0.123835 0.038302 0.028481 0.116370 0.077693 -0.009808 -0.232632 0.257651 0.136500 -0.145837 
-0.147453 0.009155 -0.136898 -0.125689 0.029334 -0.117794 -0.152805 0.182440 -0.395461 -0.096927 0.109944 0.091966 0.108692 0.137968 0.142526 -0.035641 0.186201 0.102028 0.045693 0.097764 -0.049627 0.107062 0.210357 0.098906 0.003148 0.251578 -0.182101 0.201549 0.034942 -0.059909 -0.016880 0.283108 -0.056910 0.082791 0.159528 -0.148106 -0.225090 0.100153 -0.119033 -0.156738 -0.048507 0.245662 -0.041048 0.121905 0.043274 -0.005937 0.153324 -0.075961 -0.132582 0.039587 
-0.143241 -0.183395 0.005841 -0.190005 0.085851 -0.100346 0.147804 -0.245510 -0.019322 0.126159 -0.039731 0.354008 -0.194125 -0.102938 -0.149823 0.035280 0.169100 0.061316 0.119544 -0.178133 0.035826 -0.028838 0.020985 0.078898 0.051632 0.137577 0.021231 -0.181531 0.026287 -0.065469 -0.189647 0.098497 0.160718 0.054291 0.202088 0.069737 0.260622 -0.256735 0.166236 -0.179764 -0.018495 0.017522 -0.180915 0.016577 0.210391 0.010785 0.193961 0.059751 0.030800 -0.117252 
-0.141340 -0.194099 -0.053526 -0.043642 -0.208583 0.037477 -0.227463 0.083440 0.210964 -0.229305 -0.223312 -0.026206 -0.014536 -0.112465 -0.161962 0.041056 -0.036519 -0.069250 -0.376126 -0.216363 0.034872 -0.093464 0.305121 -0.180366 -0.015199 -0.175410 -0.029585 -0.019109 -0.188718 0.026682 -0.049665 0.050027 0.035731 -0.087563 0.196716 -0.102720 0.073112 0.022594 -0.105742 -0.148038 -0.233105 -0.048336 -0.015383 0.150412 -0.110046 0.042246 0.070030 -0.185512 -0.109983 0.005197 
-0.142048 -0.093127 -0.039452 -0.278012 0.051167 -0.117622 0.180538 0.182494 0.186341 0.203118 0.062053 -0.072832 0.093814 -0.035914 -0.120727 -0.085016 -0.060033 0.063162 0.102938 0.022540 0.046434 -0.031612 0.051478 0.135190 -0.334480 -0.185310 -0.006602 0.033841 0.012698 -0.263395 -0.228210 -0.184550 0.040792 0.246964 0.101562 0.078881 -0.056768 0.189068 -0.058304 0.102222 0.021379 0.080648 0.003820 -0.172600 0.080603 -0.022869 -0.129720 -0.367796 -0.102813 0.092695 
-0.143189 0.198539 0.112029 -0.003112 0.024933 -0.109599 -0.042783 0.231122 -0.120939 -0.118629 -0.238008 0.237078 -0.223072 -0.082140 0.078412 -0.092041 -0.125459 0.074392 0.169704 0.012152 -0.047868 0.073670 -0.211700 -0.258384 0.033505 0.057001 0.132250 0.036419 -0.390302 -0.000430 -0.052673 -0.082420 -0.143742 0.122726 -0.143869 -0.003469 -0.073910 0.141306 -0.023733 -0.018594 -0.174411 -0.136247 -0.091861 -0.047203 0.202478 0.156487 0.040189 -0.168271 0.201387 -0.118113 
-0.140921 0.099391 -0.138822 0.077834 0.130559 0.014435 -0.190107 0.034499 -0.034608 -0.268885 -0.037492 0.043964 0.095796 0.065968 0.220542 0.042789 -0.112518 -0.336653 0.112762 -0.195946 0.058903 0.075542 -0.148136 0.006313 -0.150301 0.090577 -0.009923 -0.028847 0.225361 -0.016341 0.017263 -0.062888 0.287945 -0.130981 -0.000396 0.398991 -0.082297 -0.169856 0.111984 -0.132507 -0.111488 -0.026970 0.071390 -0.144929 -0.017855 -0.055818 -0.021861 -0.256980 -0.113267 -0.084812 
-0.140867 -0.239972 0.106448 0.245974 0.154435 -0.189879 0.102919 0.035364 -0.064356 -0.126463 0.199097 -0.138326 0.033901 -0.147879 0.097687 -0.247701 -0.102372 0.005429 -0.155023 -0.206241 0.046695 -0.004882 -0.047923 0.016427 -0.154745 -0.129572 0.121041 0.225780 -0.006517 -0.117764 -0.296988 0.110112 -0.061775 -0.064933 -0.169926 -0.136072 -0.089262 -0.071455 0.001386 -0.296329 0.125172 -0.124475 0.107298 -0.044720 0.133946 -0.041734 -0.034224 0.267931 0.002446 -0.100429 
-0.144180 0.062644 -0.126772 -0.128546 0.163423 0.219651 -0.160790 0.053940 0.165085 -0.094129 0.068946 0.116599 -0.084464 -0.183025 -0.059324 0.126090 0.152533 0.053901 -0.105724 0.026610 0.464657 0.258384 -0.249324 0.003471 0.009390 0.000175 -0.020775 0.160822 0.096658 -0.108120 -0.029952 -0.239137 0.011995 0.003715 0.043501 -0.170968 -0.064882 0.165522 -0.010905 0.108474 0.000501 0.049107 -0.054521 -0.053985 -0.153734 -0.014902 0.163189 0.265779 -0.052003 -0.170768 
-0.131067 -0.015914 0.126182 0.135455 -0.209039 0.111331 0.010369 0.233512 0.141533 -0.062004 0.095141 0.126690 -0.222987 0.185159 0.015983 0.002319 -0.127483 0.046310 -0.083331 0.026685 -0.104154 0.135996 0.127572 0.178821 -0.186233 0.098081 0.122268 0.094560 0.133980 0.152388 -0.006709 0.041440 0.177718 0.103429 0.019171 -0.155906 0.093882 -0.105078 0.105349 0.324273 -0.048857 -0.027138 0.350527 -0.021199 0.181667 -0.141462 0.297248 -0.008339 0.136282 0.005686 
-0.128798 0.175047 0.198597 -0.042370 -0.252635 -0.035579 -0.062471 0.030216 0.121914 -0.068146 -0.087508 0.134763 0.290217 -0.096861 0.252847 0.013601 -0.082974 0.139841 0.009748 0.186820 0.214118 -0.111840 0.169455 0.139470 0.082193 0.015784 0.114979 -0.084171 0.098912 -0.154537 -0.065468 0.059885 -0.031434 -0.184521 -0.055102 0.061128 0.246017 0.016366 -0.114784 -0.027211 0.179024 0.227496 0.088752 0.060827 0.074481 0.106400 -0.162594 -0.021071 0.117982 -0.363600 
-0.127997 -0.314997 0.069252 0.078359 0.057280 0.136559 -0.046097 -0.185968 0.206131 0.031398 0.032098 0.033537 -0.190650 -0.031984 0.429827 0.008630 0.024432 -0.093320 0.075375 0.092540 -0.028286 -0.174482 -0.016328 0.092228 0.233196 -0.077880 -0.042907 0.116731 -0.135703 -0.163043 0.216554 -0.141003 0.012076 0.064881 0.161219 -0.069944 -0.204872 -0.032818 0.001602 -0.117632 0.226107 0.066776 0.099288 -0.038825 -0.033470 0.152798 0.149896 -0.197586 0.172849 0.144241 
-0.137933 0.135766 -0.120493 -0.216479 -0.068282 -0.182137 -0.098945 -0.018544 0.006580 -0.075423 0.005517 -0.303831 0.188368 -0.090883 -0.136967 -0.009782 -0.233499 0.128676 0.238190 -0.166875 0.235384 -0.321114 -0.100996 0.131216 0.062321 0.128135 0.102207 -0.073918 -0.010363 0.039545 0.083955 0.112433 0.101432 0.092759 -0.035480 -0.134781 -0.139722 -0.060803 0.120871 0.041470 0.071926 -0.192901 0.045054 0.162614 -0.124306 0.022235 0.270060 0.007356 0.203353 0.119734 
-0.146625 0.039157 -0.259726 0.129201 0.035241 -0.004861 0.038377 0.260208 0.227032 -0.019552 -0.002060 -0.038395 -0.055167 0.168558 -0.125420 -0.197912 0.081484 0.258204 0.059921 -0.054910 -0.144670 0.134735 0.165007 -0.141611 0.194577 0.103664 -0.160976 -0.391134 -0.005672 -0.199018 0.087836 -0.130528 0.125246 -0.055295 -0.016705 0.031844 -0.179785 0.011077 0.105050 -0.109150 0.211224 -0.091984 0.170929 0.018020 0.039315 0.121514 -0.097824 0.156418 -0.072550 -0.103796 
-0.138605 -0.080043 0.195765 0.041114 -0.084391 -0.160892 -0.072269 -0.105550 0.064849 0.287408 0.249063 0.043965 0.044861 -0.177618 0.126145 -0.023137 0.077955 -0.029025 0.105006 -0.318593 0.040408 0.085060 -0.037444 -0.320459 0.023077 0.039045 -0.087642 -0.032908 0.204437 0.111890 0.248332 0.068001 0.182856 -0.066135 -0.122129 -0.205939 -0.035046 0.221846 -0.050169 0.198646 -0.063049 -0.020994 -0.036899 0.179326 0.178259 0.039698 -0.116794 -0.154019 -0.144195 -0.058087 
-0.133366 -0.067633 -0.049410 -0.155873 0.220569 0.028843 0.157666 0.062263 0.017521 0.282219 -0.092062 -0.097161 0.150868 0.089545 0.063715 -0.043849 -0.204515 0.022400 -0.225826 0.102751 -0.106121 0.272606 -0.121305 -0.178117 -0.136485 -0.004586 0.293889 -0.005341 0.014121 -0.089138 0.259365 0.151010 -0.051386 -0.057035 0.005067 -0.090483 0.059723 -0.201690 0.230405 -0.077580 -0.100454 0.214135 -0.010360 0.135212 -0.216764 0.186714 0.087426 -0.067431 0.052732 -0.101355 
-0.139295 -0.094898 0.036595 0.353346 0.157616 0.126972 0.022664 0.028454 -0.002376 0.078560 -0.223187 -0.246628 -0.083629 0.024738 -0.225210 0.058602 -0.042598 -0.059168 0.046668 -0.013788 0.169997 0.074588 0.001570 0.190719 -0.011249 0.253823 0.123180 -0.042676 0.086124 0.192009 -0.034314 -0.123445 -0.223007 -0.084146 0.171348 -0.037095 -0.128742 0.004900 -0.073210 -0.009937 0.149672 0.102017 -0.196463 0.282338 0.221574 -0.109018 -0.125716 -0.231116 0.048334 -0.102486 
-0.156185 0.108173 -0.140372 -0.149485 -0.002478 0.173290 0.284986 0.176825 -0.007400 0.029762 0.089196 -0.028882 -0.159381 0.082723 -0.048718 0.137790 -0.073929 -0.167903 0.020701 0.075647 0.051456 -0.360893 0.208868 -0.210469 0.099774 -0.035171 0.008162 0.409047 0.035154 -0.116617 0.167130 0.057617 0.047019 -0.165660 0.006738 0.112888 -0.028293 0.044992 0.195224 0.015378 -0.008791 -0.083321 -0.155757 0.082353 0.214282 -0.137868 -0.117403 0.130150 0.002934 -0.115662 
-0.135923 0.149739 -0.006595 -0.011603 -0.090148 0.239110 0.167720 0.133432 -0.069580 0.185138 -0.095815 -0.076422 0.322148 -0.219755 0.136790 0.096644 -0.028610 -0.024007 0.172178 -0.149108 -0.166646 0.084987 -0.060889 -0.132242 0.133765 -0.102353 -0.166376 0.036676 -0.098550 0.239880 -0.289717 -0.072955 -0.085252 -0.216516 0.322129 -0.124761 -0.030685 -0.133661 0.063103 0.048003 0.080061 0.021721 0.118520 -0.187608 0.062077 -0.002074 0.140628 0.060792 -0.066011 0.060614 
-0.154020 0.116539 -0.344699 0.319565 0.121366 -0.072701 0.137688 -0.125598 -0.076995 0.054324 -0.014656 0.180056 0.120857 0.002069 0.114923 -0.008015 0.004283 -0.116606 0.029792 0.081619 0.030919 -0.121196 -0.073647 0.015360 0.090715 -0.061603 -0.032444 -0.064334 -0.154560 -0.168971 -0.042639 -0.041778 -0.027995 0.208318 0.030891 -0.251373 0.268928 0.008801 0.007314 0.094360 -0.146954 -0.093116 0.224270 0.249117 -0.147257 -0.338775 -0.098605 -0.102056 -0.096272 -0.061344 
