-0.123363 -0.015915 -0.068425 0.001915 0.252109 -0.077498 -0.254022 0.114062 -0.098921 0.062172 -0.107260 -0.151602 0.017202 -0.079161 0.025618 -0.209938 -0.045680 0.100347 -0.027213 -0.109871 0.173357 -0.171358 0.211091 0.226372 0.191865 -0.335085 0.045097 0.333849 -0.101218 0.090205 -0.116591 -0.048699 -0.107011 0.041332 0.124603 0.036853 0.062696 0.009848 -0.061485 0.107578 -0.267348 0.204869 0.061728 -0.031383 0.101988 -0.025594 0.171999 -0.055713 -0.009332 -0.211409 
-0.144086 -0.189559 0.180500 -0.079861 -0.009500 0.049863 -0.000564 0.290828 -0.122487 0.228961 0.147219 0.122656 -0.073766 -0.017947 0.221043 -0.007653 0.284381 0.006070 -0.055843 -0.084611 -0.059813 -0.157806 -0.036160 0.056592 0.146888 -0.010943 0.115333 -0.024580 0.113876 0.082253 0.002720 0.158872 -0.394081 0.027622 -0.036069 0.143295 -0.118071 -0.118090 -0.060289 -0.276307 0.009542 -0.203979 0.123357 0.063413 -0.094741 -0.114193 0.106274 -0.029127 -0.047970 0.265413 
-0.149891 0.064284 -0.132918 0.077415 -0.066490 0.154072 0.036694 -0.026530 -0.203415 -0.320818 -0.159662 0.080442 -0.325529 -0.099966 -0.014722 0.035195 0.210372 -0.193731 0.059254 0.072995 0.059450 -0.004942 0.069248 -0.036146 -0.040502 0.063131 -0.014196 0.082714 -0.320773 -0.203624 -0.208059 -0.188133 -0.064410 -0.061832 -0.013949 0.212101 0.152740 -0.209903 -0.082196 -0.043327 0.011724 -0.238623 0.043539 -0.088724 -0.210297 0.119399 0.057433 -0.102097 -0.075535 -0.126178 
-0.168676 0.034117 -0.015364 0.062879 -0.039358 -0.012753 -0.143008 -0.172487 -0.179870 0.016527 0.118443 -0.342481 0.132908 -0.156414 0.199317 -0.236510 0.049419 -0.153013 -0.222384 0.237245 -0.076150 0.087012 0.079631 0.174591 0.056851 -0.077412 -0.160090 -0.129185 0.019192 -0.077751 0.056587 -0.048529 0.322729 0.135134 -0.000735 -0.108666 -0.025490 0.081827 -0.090350 -0.097929 0.099945 -0.143511 0.192857 0.032919 0.007464 0.158812 0.096528 -0.078325 -0.169986 0.263490 
-0.144235 0.120428 -0.002445 -0.296041 -0.199063 0.043437 0.056918 0.160984 -0.032413 0.144056 0.105394 -0.036282 0.224210 -0.058948 -0.113837 -0.009830 0.003553 -0.220685 0.302998 -0.099295 -0.083066 -0.121798 0.137751 0.078329 -0.130073 -0.084006 -0.064773 0.226401 0.041758 -0.192264 -0.086062 0.090794 0.200978 -0.101800 -0.300808 0.114163 0.013995 -0.116880 0.124342 0.187311 0.054432 -0.012399 0.000323 -0.086720 0.070918 -0.001498 0.082856 -0.113733 0.298261 0.176720 
-0.166996 0.124718 0.206611 -0.058616 -0.236527 0.175222 -0.201211 -0.014343 0.233440 0.179850 -0.072300 -0.101370 0.071161 0.016016 0.003362 -0.060144 0.039917 0.135624 -0.194850 -0.021688 0.077860 -0.241637 0.144378 -0.255373 0.096950 0.109929 -0.369743 -0.193871 -0.001964 -0.215317 -0.220275 -0.073549 -0.139683 0.093523 -0.002032 0.001048 -0.036485 -0.069135 -0.122503 0.067254 -0.003209 0.050987 -0.199628 0.190787 -0.015627 0.036770 -0.088041 -0.003605 0.033583 -0.153420 
-0.153166 -0.186449 -0.026185 -0.125844 0.041743 0.091607 -0.041474 0.119833 -0.169928 -0.167559 0.306860 0.061398 -0.083471 0.042355 0.189814 -0.308187 -0.317711 0.007230 0.061342 -0.034812 -0.080899 -0.011571 -0.095931 -0.231709 -0.021871 0.038627 -0.140994 0.046048 0.072182 0.024753 0.079233 0.036058 0.098298 0.176674 0.037393 0.018213 0.126935 -0.237248 0.095485 -0.141832 -0.157305 -0.058005 -0.301642 -0.234657 0.134852 0.073687 -0.103994 0.161909 -0.054503 -0.097274 
-0.150262 0.079211 0.071654 0.024455 -0.075270 0.160043 -0.200018 -0.161131 -0.245301 -0.098355 -0.105403 -0.053750 0.111718 0.202015 0.083698 0.018999 0.154664 0.108420 0.203534 -0.124919 -0.031320 -0.325988 0.092081 -0.090573 -0.102105 0.305259 0.323863 -0.009338 -0.010305 0.157162 0.190257 -0.043024 0.212560 -0.043199 0.076516 -0.118496 0.197660 0.063610 0.009954 -0.055854 -0.211931 -0.004269 0.020381 0.254085 0.001444 -0.046382 -0.010422 0.029366 0.066863 0.069317 
-0.146665 -0.072877 -0.152041 -0.001561 0.108439 0.184826 -0.181135 -0.042804 0.102105 0.095495 0.075553 -0.128848 -0.101405 -0.007696 -0.173143 0.231083 -0.255703 -0.097264 0.074373 -0.211486 0.059249 -0.034737 0.108662 0.204803 -0.019057 0.115465 -0.091645 -0.039620 -0.095639 0.211033 0.098220 -0.136888 0.066082 0.269829 0.051227 0.185993 -0.123091 -0.119632 0.001566 -0.137494 0.200403 -0.019929 0.143919 -0.012093 -0.054557 -0.255130 -0.352959 -0.165367 0.000688 0.021112 
-0.125006 -0.122533 0.135352 -0.090430 -0.182361 -0.059801 0.085002 0.038158 0.201791 0.014871 -0.031706 0.011914 -0.010502 0.222000 -0.067562 0.082244 0.152481 -0.125617 -0.026253 -0.034966 0.108467 0.270362 0.169470 0.219361 -0.182422 -0.147731 0.163138 -0.056260 -0.183345 -0.060206 0.006659 0.111292 -0.036202 0.219860 -0.008881 0.036833 0.235548 -0.025339 -0.148093 -0.056307 -0.196635 -0.019357 -0.078942 0.104874 0.389094 0.166748 -0.212876 0.096843 -0.174031 0.067686 
-0.121158 0.070053 -0.194280 0.180378 -0.033111 -0.173547 0.040928 -0.064109 -0.053498 0.002357 -0.066055 -0.095938 -0.310272 -0.131836 -0.174339 -0.050571 0.324073 0.184738 0.020475 -0.158191 -0.014102 0.109918 -0.179157 0.066464 0.293362 0.182999 -0.163729 0.044063 0.250257 0.096812 -0.005604 0.019447 0.110686 0.054227 -0.030428 0.127026 -0.019404 -0.148475 0.066852 0.163096 -0.064662 -0.040035 -0.110828 0.100153 0.326279 0.034544 -0.059916 0.065867 0.147681 0.157374 
-0.144335 -0.099898 0.026918 0.278095 -0.016514 -0.140057 -0.025590 -0.076570 0.191428 0.045909 -0.115973 0.069844 -0.039931 0.022818 -0.161549 -0.265460 -0.028350 -0.153470 0.040972 -0.104235 0.284605 -0.014722 -0.081665 -0.134475 -0.370079 0.014063 -0.189623 -0.008230 -0.050773 0.070243 -0.023837 -0.035925 -0.044979 -0.121339 0.060007 -0.274719 -0.023290 -0.169217 -0.047289 -0.201762 -0.088454 0.009609 0.096391 -0.108127 0.063328 -0.218454 0.244665 -0.040961 0.109618 0.247812 
-0.148531 0.134153 -0.080100 -0.196414 0.168643 -0.138510 -0.171473 0.174028 0.066769 -0.078382 0.055511 0.029881 -0.018081 -0.063178 -0.118510 -0.046881 0.075213 -0.099737 -0.107803 -0.189748 -0.066958 0.116916 -0.090876 0.185629 -0.178104 0.120513 0.069859 -0.181516 -0.010319 0.019011 0.076564 -0.115289 0.056792 0.033921 -0.162386 -0.039192 -0.315047 0.086720 -0.268456 -0.014386 -0.252511 -0.016620 -0.134390 0.020395 -0.316118 0.165262 0.072309 0.282076 0.172765 -0.094707 
-0.135689 -0.342139 0.060311 -0.150606 0.080725 0.065965 0.233231 0.111834 0.037670 0.101556 -0.239941 0.128156 0.000558 0.086743 -0.121084 -0.191904 0.083009 0.170697 -0.059918 0.325844 0.215260 -0.120265 0.081067 0.107292 -0.028445 -0.009496 -0.054129 0.174350 0.033318 0.182993 0.057746 -0.248925 0.169532 -0.004178 0.010156 -0.069593 -0.084642 0.076637 0.135239 0.118414 0.108540 -0.209285 -0.105437 0.050373 -0.187099 0.138790 -0.197184 0.076946 0.066790 0.071255 
-0.151378 -0.169941 -0.172723 0.144172 0.148095 0.066184 -0.051090 0.074895 0.033580 -0.118893 -0.000057 -0.070022 0.138168 -0.218695 -0.064108 0.094241 -0.230645 -0.077032 -0.085947 0.048355 -0.035636 -0.188849 -0.193932 0.085780 -0.123940 0.100320 0.029087 0.015178 0.091356 0.099711 -0.193631 0.151671 -0.222881 -0.123274 -0.331497 -0.149093 0.280487 -0.062451 -0.072912 0.239116 0.073469 -0.044668 0.021556 0.271716 0.019064 0.090347 -0.088814 0.132910 -0.208580 0.074871 
-0.129853 -0.074935 -0.257493 0.124281 -0.162614 -0.043570 -0.189344 0.004430 -0.114037 0.245642 0.116073 0.095811 -0.073653 -0.022203 0.101583 0.087915 0.038884 0.062758 -0.103881 -0.043596 0.121212 0.051196 -0.021751 -0.186039 -0.294316 0.035906 -0.071299 0.095574 0.090165 0.054526 -0.001659 0.026135 -0.101605 -0.022344 -0.046667 0.176978 0.093221 0.570875 0.010670 0.046360 -0.074684 -0.083915 0.036950 -0.205325 0.027325 0.182339 -0.112018 -0.186300 0.077571 -0.050591 
-0.136507 0.224246 0.192164 -0.135964 0.251226 -0.057249 0.104617 -0.012708 -0.220061 0.066989 -0.124167 -0.000404 -0.203536 0.061626 0.114097 -0.065682 -0.095950 0.032301 0.070992 -0.121825 0.168304 -0.074055 -0.282178 0.037351 -0.279476 -0.160465 -0.031060 -0.036793 0.157637 -0.325914 0.103018 0.070484 0.035165 0.010508 0.096812 0.007595 -0.086329 0.060153 -0.081052 0.132218 0.175630 -0.195935 0.126144 0.203638 0.157496 -0.128258 -0.119460 -0.022569 -0.086409 -0.182966 
-0.147945 -0.136919 -0.015340 -0.288465 0.004694 -0.055671 -0.198024 -0.118224 -0.171512 0.039439 -0.008574 -0.047827 -0.128249 -0.128342 0.172568 0.113864 0.144464 0.020389 0.074077 0.155575 0.037709 0.270327 0.124905 -0.087758 -0.081320 0.024192 -0.084052 0.017047 -0.109958 0.071234 -0.111787 0.150760 0.028760 -0.417046 0.043766 -0.099206 -0.181691 -0.068385 -0.017011 0.097367 -0.012248 0.264394 -0.103643 0.000209 -0.019737 -0.283737 -0.229806 0.114943 -0.164386 0.078615 
-0.154321 0.030580 -0.059097 -0.005962 0.128206 -0.214699 0.151149 0.302791 0.036917 -0.220176 -0.023651 -0.058573 0.063473 0.096442 -0.006099 0.131137 -0.052757 0.155161 -0.204589 0.086557 -0.266199 -0.130479 0.256892 0.115208 -0.188421 0.325252 -0.048924 -0.009086 0.102386 -0.191606 -0.200367 -0.051039 -0.000028 -0.042681 0.341132 0.063489 0.005589 0.090245 0.032866 -0.008005 0.009224 0.021609 0.065058 -0.170542 0.158345 -0.159364 0.044506 0.020038 -0.016273 0.121087 
-0.125315 0.007470 -0.059670 -0.090014 -0.012259 0.272465 -0.155359 -0.011053 0.009903 -0.096970 -0.080268 -0.250077 0.024667 0.191789 -0.257312 0.073377 -0.050762 0.139500 0.057910 0.393033 0.010269 0.110512 -0.067520 -0.029259 -0.059551 0.038947 0.004746 -0.050937 0.073269 0.006082 0.284856 0.234374 -0.275029 -0.025466 0.017654 0.047033 -0.233915 -0.147386 0.038041 0.114508 -0.157274 -0.121810 0.154635 -0.142852 0.125141 0.115575 0.197106 -0.095493 0.047729 -0.082075 
-0.137887 0.198048 -0.166041 -0.184247 -0.048523 -0.161047 0.043145 0.117568 0.018246 -0.062380 -0.149937 0.072416 0.300776 -0.100352 -0.039826 -0.179582 0.030443 -0.079417 0.134960 0.082585 -0.076954 0.284014 -0.103881 -0.098997 -0.010263 -0.025867 -0.143805 -0.055564 0.094902 0.121154 0.021166 -0.112192 -0.182328 0.109173 0.130747 0.127572 0.171209 0.028689 0.305780 -0.138330 -0.174631 0.020799 0.093195 0.340359 -0.160904 -0.128435 -0.080106 -0.166466 -0.107802 -0.065927 
-0.151693 -0.148131 -0.149939 -0.051050 0.138410 0.082365 0.078851 -0.145817 0.174465 -0.124541 0.167603 0.180976 -0.128039 0.080919 0.093576 -0.303824 0.018328 -0.110203 -0.196604 -0.007352 0.094298 0.075884 0.204308 -0.025090 0.122595 0.093296 0.254234 -0.280973 -0.016124 -0.082597 -0.060274 0.231362 0.051815 0.057762 -0.102393 0.020805 0.010602 0.081726 0.155691 0.270295 0.012609 0.001866 0.070529 0.121105 -0.010036 -0.235643 0.083995 -0.212511 0.215176 -0.104848 
-0.136913 -0.021124 -0.066123 -0.226751 -0.022234 0.083598 0.211921 -0.084346 -0.053595 -0.187644 0.130947 0.148458 0.181668 -0.028689 -0.169981 0.258322 0.023607 -0.129395 -0.179356 -0.109920 0.255001 -0.005580 0.064101 -0.143872 0.239534 -0.034064 -0.187403 0.123458 0.185799 0.076320 0.242610 -0.053415 0.073950 -0.086001 0.057312 -0.000114 0.104388 0.124276 -0.360194 0.009350 -0.022757 -0.084567 -0.045370 0.002539 0.065033 -0.191475 0.227176 0.007539 -0.145953 -0.022507 
-0.133957 -0.175483 0.008229 0.159302 -0.161131 0.045373 0.358985 0.028138 -0.139107 -0.044768 0.020306 -0.113849 -0.136779 -0.001817 -0.223314 -0.021534 0.002323 -0.032870 0.013800 -0.085543 -0.276762 -0.127005 0.108076 -0.014615 -0.016512 -0.211478 -0.080017 -0.072513 0.155750 0.054272 -0.080996 0.189231 0.114374 -0.135978 -0.035582 -0.170714 -0.183066 0.053322 -0.082084 -0.222855 -0.210595 0.153026 0.125906 0.107616 -0.092953 0.084374 -0.188460 -0.195795 -0.011565 -0.291942 
-0.129235 -0.101162 -0.041122 -0.169017 0.119175 0.165968 0.042238 -0.051604 0.030253 0.418504 -0.228538 0.001580 -0.047172 -0.252274 -0.158886 0.015230 -0.103567 -0.122659 -0.044960 -0.050700 -0.099835 0.080756 -0.109406 0.037777 0.112448 0.292453 0.197733 0.017475 -0.081969 -0.163632 -0.029976 0.031663 0.089723 -0.097426 0.095888 -0.099824 0.048192 0.104055 0.148946 -0.293263 0.039129 0.001976 -0.190693 -0.019933 0.176974 0.097093 0.248932 -0.065318 -0.127567 -0.155449 
-0.137364 0.046166 -0.071284 0.070099 -0.031699 -0.042091 -0.184527 0.059982 -0.088118 -0.219517 -0.151375 0.388203 0.073054 -0.021985 0.177522 0.165241 0.131988 -0.114977 0.012040 0.140214 -0.058609 -0.086475 0.000532 0.188924 0.051836 -0.021851 -0.137605 0.059545 -0.013010 -0.015202 0.139156 0.028656 -0.103958 0.200483 -0.128448 -0.383605 -0.161777 0.024284 0.072502 -0.136166 0.224707 0.140130 -0.143335 -0.010665 0.242169 0.027026 -0.036245 -0.157538 0.165084 -0.149432 
-0.144555 0.183616 0.096926 0.131487 0.188197 0.104904 -0.057110 0.029155 0.254004 -0.021745 0.312098 -0.001141 -0.165981 0.105874 0.070090 0.093754 0.061803 0.013629 0.029272 -0.031979 0.114246 0.044463 0.126964 0.234717 -0.020513 -0.068260 -0.102441 -0.002436 0.214102 -0.066006 0.214214 -0.086641 -0.022748 -0.407734 0.067759 -0.017064 0.197417 -0.063722 0.258324 -0.110641 0.040991 0.108231 -0.157337 0.083783 -0.140007 0.249198 0.027154 -0.126040 -0.068123 0.015060 
-0.131473 0.114042 0.148785 -0.016717 -0.127654 -0.341359 0.076482 -0.206217 0.013849 0.018824 0.174496 0.149474 -0.143565 -0.167215 -0.080384 0.062614 -0.133166 0.061646 0.265284 0.207140 0.216004 -0.224185 0.182073 0.097324 -0.008896 0.176544 -0.048459 -0.047047 -0.018704 0.120182 -0.046535 0.202203 0.012073 0.198159 -0.081879 0.132619 -0.101377 0.076147 0.147860 -0.050421 -0.007981 0.049927 0.092707 0.021219 -0.063504 0.085655 0.209005 0.209852 -0.237077 -0.121300 
-0.138521 0.312860 -0.073113 0.124586 0.063749 0.064130 0.267093 -0.008421 -0.081724 0.244080 0.204623 -0.113660 -0.190755 0.047527 -0.025011 -0.002454 -0.031509 -0.150218 -0.074263 0.329970 -0.087738 -0.034602 0.052234 -0.146084 -0.002493 -0.021421 0.177681 0.133907 -0.058011 -0.024084 0.103952 -0.350844 -0.212383 0.119696 -0.207670 -0.116248 -0.016744 0.050101 -0.035191 0.015116 -0.116329 0.171944 -0.093693 0.034255 0.086869 -0.235126 -0.066702 0.124225 0.037764 0.076887 
-0.159061 -0.015337 -0.051371 -0.126656 0.037932 -0.077661 0.159591 -0.302224 0.174485 -0.069251 -0.149418 0.040010 0.044948 0.001913 0.123825 -0.137595 -0.100707 0.078392 0.244534 0.008104 -0.070065 -0.200213 -0.211823 0.172863 0.202405 0.037385 -0.008942 -0.107501 -0.050947 -0.175302 0.098624 -0.018146 -0.187151 -0.065871 -0.016355 0.072464 0.032076 0.138160 -0.249175 0.008649 -0.162670 0.159519 -0.074413 -0.278279 -0.090082 0.061557 -0.207669 -0.216220 -0.038898 0.278259 
-0.150293 0.183017 0.151510 0.149524 0.020206 -0.208686 -0.153449 -0.146705 -0.197032 0.099404 -0.004552 0.184466 0.178699 0.273793 -0.219665 0.048692 -0.138273 0.053456 -0.215135 0.016810 0.043862 0.160974 -0.018696 0.017680 0.126743 0.035536 0.215026 0.167765 0.165247 -0.060102 -0.242236 0.101787 0.072200 0.013087 -0.104800 -0.054032 -0.052756 -0.199491 0.003387 -0.011194 -0.072171 -0.157325 -0.165862 -0.145036 -0.203375 -0.040765 -0.148788 -0.230148 -0.141756 0.043203 
-0.118104 0.098514 -0.125374 0.134502 0.154257 0.008653 -0.145212 -0.035101 0.274758 0.019963 -0.022192 0.023299 -0.029273 -0.060227 -0.041355 0.013444 0.033138 -0.114271 0.357682 0.147148 -0.217000 -0.018638 0.169509 -0.189479 0.079581 -0.282249 0.111563 0.018085 0.132706 0.062923 -0.135732 0.173808 0.038327 0.023157 0.268732 -0.050301 -0.015424 0.148159 -0.193394 -0.030441 0.115201 -0.372540 -0.220486 0.027832 -0.021514 -0.051086 -0.031320 0.143872 0.059466 0.035390 
-0.131582 -0.000460 -0.300684 -0.163110 -0.081470 0.113578 0.014530 -0.208822 0.104221 -0.005581 -0.030699 -0.068616 -0.071096 0.312374 0.050703 0.125534 0.128197 0.034249 -0.180617 0.046512 -0.006940 -0.131657 -0.320621 0.067916 -0.104302 -0.216850 -0.004293 0.155292 0.088569 -0.040095 -0.218143 0.163482 0.113983 0.185006 0.075841 0.074196 0.078314 -0.022943 0.117972 -0.187565 0.109715 0.257211 -0.007643 0.020089 -0.204079 -0.052745 0.158396 0.236151 0.044314 0.041005 
-0.111608 -0.110426 -0.175185 0.156842 -0.040849 -0.060024 0.037364 0.166924 -0.145350 0.222070 -0.070275 -0.051815 0.050507 0.321883 -0.013469 -0.064895 0.075505 -0.188588 0.234733 -0.177839 0.020266 0.117633 0.112561 -0.021211 0.198207 0.158920 -0.107109 -0.064359 0.031470 -0.185029 0.151332 0.059455 -0.108801 0.097206 0.104939 -0.223141 0.089157 -0.004174 -0.003909 0.256237 0.185787 0.126695 0.137107 -0.138412 -0.235675 0.073531 0.015868 0.239243 -0.175229 -0.079578 
-0.152308 -0.193225 -0.005577 -0.141483 0.062128 -0.224620 -0.121781 -0.056542 0.195257 0.026408 0.145483 0.018881 -0.048613 0.101332 0.008152 0.049589 0.016654 0.390868 0.158525 0.035514 -0.180148 0.167927 -0.017570 -0.149713 0.079299 0.005824 0.032818 0.112251 -0.012709 -0.132752 -0.029172 -0.269515 0.069245 -0.034137 -0.285127 -0.134480 0.169147 -0.070914 -0.174309 -0.162386 0.134461 -0.063111 0.357934 0.054838 0.050901 -0.004667 0.080667 -0.031184 0.062691 -0.185839 
-0.137245 0.188773 0.084171 -0.091313 -0.061614 0.145092 0.190733 0.149498 -0.022717 -0.134593 -0.181916 -0.207227 -0.110189 -0.176570 0.212834 0.129522 -0.207235 0.170352 0.065379 -0.102667 0.316709 0.271762 0.119538 -0.083034 0.073542 0.027039 0.156736 -0.029812 0.183479 0.114977 -0.190065 0.078316 -0.049833 0.160589 -0.028326 -0.257835 0.082081 0.039609 -0.032358 -0.105625 0.062301 0.059476 0.062826 -0.114112 -0.115385 0.130116 0.002303 -0.012692 0.229167 0.142229 
-0.143209 -0.150836 -0.040988 0.180485 0.053031 -0.268910 0.160154 -0.030409 -0.039027 0.130219 0.020293 -0.262441 0.318958 -0.155897 0.176417 0.220248 0.147293 -0.007217 -0.011565 0.133556 0.197990 -0.072273 -0.081583 0.012621 -0.042492 -0.046522 0.115256 -0.233403 -0.027398 -0.034512 0.123841 0.019727 0.040957 -0.039158 0.035383 0.139238 0.130275 -0.245398 -0.006478 -0.060809 0.007884 -0.060789 -0.171954 -0.137848 -0.056536 -0.095517 -0.057809 0.016917 0.276354 -0.312353 
-0.125438 0.277232 -0.153703 0.101011 0.057127 0.144326 0.127991 0.005352 -0.128150 0.075226 0.092850 0.218729 0.247693 0.102210 -0.048687 -0.209926 -0.094116 0.156369 -0.047707 0.014625 0.083268 0.066337 0.012573 0.048038 0.110985 0.032779 -0.049548 -0.051201 -0.301249 0.112998 -0.072933 0.154311 -0.016728 -0.290647 0.057580 0.158086 -0.046368 -0.012202 -0.140450 -0.216383 0.196020 0.035782 0.180796 0.057383 0.176821 0.157617 -0.147154 0.253024 0.189878 -0.011999 
-0.122093 0.079919 0.192775 -0.051453 0.018196 0.015653 0.007425 -0.227743 -0.110558 0.083135 -0.189140 0.104549 -0.102932 -0.106980 -0.091041 0.071352 -0.063458 0.131409 -0.217013 -0.134930 -0.342227 0.036950 0.151359 0.106472 -0.037636 -0.207409 -0.207293 -0.135364 -0.122767 0.108813 0.194988 0.092594 -0.120286 0.001843 -0.075567 -0.076634 0.336455 0.021789 0.190544 0.090608 -0.041122 -0.173452 0.045778 -0.200589 -0.113444 -0.140209 0.033066 0.221803 0.158031 0.020770 
-0.127190 0.005261 -0.043059 -0.014079 0.423333 -0.107969 0.176543 -0.099447 0.006343 -0.035581 -0.048882 -0.087141 0.122816 0.054781 0.040627 0.150179 0.125813 0.071845 -0.045709 -0.239120 -0.068623 -0.040665 0.128813 -0.421873 -0.087903 -0.092337 -0.054490 0.034445 -0.273045 0.070632 0.064192 0.074719 -0.016553 0.141633 -0.116599 0.042006 -0.220910 -0.058572 0.163370 0.042202 0.068673 0.055577 -0.081855 0.055889 0.024028 0.295250 0.073261 -0.141919 -0.150465 0.188337 
-0.150288 -0.096010 0.171569 -0.130667 -0.037940 -0.168539 -0.105343 0.058819 -0.160800 -0.133537 0.148636 -0.145691 -0.064243 0.213290 -0.191239 0.143049 -0.090101 -0.205182 0.054192 -0.015296 0.069227 -0.089975 -0.249333 -0.049397 0.254871 -0.155990 0.021381 -0.299816 -0.181009 0.111767 -0.251204 -0.228623 -0.084253 -0.135969 0.103561 -0.089528 -0.008238 0.230440 0.237011 0.035920 0.053650 -0.065916 -0.006911 -0.006763 0.136573 0.073985 0.033411 0.007228 0.138070 0.076393 
-0.133601 -0.002976 0.140150 0.176121 0.193147 0.291318 -0.047858 0.066915 0.124833 0.038503 -0.075629 0.271448 0.135924 -0.118754 0.082814 0.190015 0.120009 -0.077230 0.059621 0.052258 0.042313 0.005347 -0.113499 -0.097187 0.091187 -0.092779 -0.006868 -0.150201 0.149809 -0.095182 -0.141012 -0.132221 0.254700 0.042860 -0.060911 0.076654 -0.084710 -0.005586 0.165255 0.074325 -0.326352 0.094704 0.346687 -0.219620 0.096533 -0.011098 -0.094257 0.196206 -0.118873 0.012023 
-0.136720 -0.117065 0.128097 0.106821 -0.041966 0.229298 0.029082 -0.085551 -0.163962 -0.064378 0.320450 0.103987 0.172763 -0.274318 -0.285263 -0.071543 0.171896 0.309553 0.136901 -0.065771 -0.041541 0.139306 -0.096250 0.090703 -0.193744 -0.094474 0.129590 -0.052299 -0.040658 -0.113375 -0.074906 -0.119520 -0.109768 0.207493 0.243956 -0.057731 -0.009544 0.032729 -0.041037 0.160569 0.177497 0.194170 -0.134700 -0.008580 -0.066819 -0.026882 0.090249 -0.053673 -0.024830 0.053588 
-0.143281 0.110954 -0.033097 -0.090333 -0.265073 -0.075929 0.081318 -0.086402 0.253862 0.038352 0.194884 0.032125 0.010890 -0.169088 0.159346 0.050100 -0.005229 -0.070154 -0.174810 -0.123684 -0.069832 -0.079996 -0.162384 -0.021227 0.031160 0.053021 0.145051 0.286321 -0.161919 0.076531 0.073098 -0.005049 -0.042659 -0.041830 0.361517 -0.274357 -0.145883 -0.177863 0.100378 0.241010 -0.079778 -0.180073 0.230304 -0.028196 -0.019240 0.145420 -0.141711 -0.001306 0.001260 -0.090940 
-0.152857 -0.023374 0.033023 -0.032508 -0.184775 -0.049366 -0.033269 -0.178300 0.009531 -0.041459 -0.217650 0.047714 0.020660 0.007335 0.075623 -0.148001 -0.074085 -0.154153 -0.081783 -0.109009 -0.139255 0.000261 0.137156 -0.067425 -0.114718 -0.103091 0.265686 -0.108067 0.362570 0.229528 0.020205 -0.302279 -0.124227 -0.127350 -0.010621 0.260691 -0.120592 -0.148325 -0.043827 0.072324 0.305830 0.164919 0.020292 -0.111879 0.150376 0.148991 0.080428 0.080451 -0.094393 -0.092816 
-0.154754 -0.050416 0.101964 0.091057 -0.064523 -0.122143 -0.093851 0.266354 -0.027342 0.113466 -0.098360 0.214766 -0.200878 -0.050786 -0.018168 0.138932 -0.252799 -0.031325 -0.081568 0.203378 -0.104575 0.022042 -0.112803 -0.157152 0.048746 -0.075484 0.036023 -0.049392 -0.121103 0.015608 0.205785 0.098041 0.240187 0.038144 0.189437 0.178466 0.135937 -0.123144 -0.223363 0.162040 0.018165 0.292447 0.024623 0.207020 -0.116691 0.122060 0.116057 -0.151313 0.145875 0.177266 
-0.152801 0.071937 -0.165675 0.157928 -0.240735 0.110408 0.138575 0.165203 0.064394 0.078529 -0.056427 0.023032 0.015981 0.159294 0.275580 0.074176 -0.147425 0.263599 0.113844 -0.093683 -0.067878 0.081993 -0.086593 0.185075 -0.017774 -0.107577 -0.046112 -0.162479 -0.191929 0.181759 -0.058505 -0.113004 0.154159 -0.080840 -0.128624 -0.008979 -0.159225 0.015005 0.007332 0.155970 -0.063441 -0.180195 -0.214394 0.027519 0.030345 -0.193147 0.296198 -0.104466 -0.263948 -0.046751 
-0.144944 0.031520 0.456539 0.100256 0.139684 0.085285 0.084552 -0.007843 0.127683 -0.060762 0.010330 -0.153841 0.041143 0.124759 0.114798 -0.092765 0.148745 -0.197357 0.049961 0.044009 -0.162116 0.164836 -0.207577 0.049899 -0.014393 0.255056 -0.155474 0.268963 -0.073851 0.332104 -0.104710 0.117466 0.029582 0.048588 -0.041093 0.135579 0.074622 0.169036 -0.132626 0.094388 0.111468 0.086476 -0.014860 -0.092137 -0.026575 -0.067291 0.060998 -0.081364 0.053835 -0.211799 
-0.135076 -0.269410 0.125301 0.264104 -0.111902 0.011701 0.000909 -0.167851 -0.010955 -0.160864 -0.075209 -0.059167 0.091132 -0.005792 0.128498 0.083830 -0.267920 -0.042482 0.011189 -0.101861 -0.014898 0.194657 0.056474 0.033646 0.095410 0.007353 -0.018480 0.300230 -0.017880 -0.332846 0.095848 -0.049037 -0.118469 -0.044887 -0.011252 0.196238 -0.248729 0.153715 0.141455 -0.070418 -0.092837 -0.054454 -0.053392 0.288164 -0.051236 -0.051269 0.042485 0.238040 0.184999 0.080206 
-0.152435 0.107508 0.066125 0.086223 -0.180894 -0.054845 -0.122576 0.300632 0.184622 -0.231772 -0.083070 -0.159844 -0.016377 -0.136816 -0.186363 -0.177471 0.104613 0.103726 -0.123186 -0.058953 0.074862 -0.096261 -0.094299 -0.149990 0.102543 -0.099846 0.217893 0.067106 -0.142851 -0.109258 0.272288 0.143088 0.115405 -0.070312 -0.184505 0.063740 -0.001976 0.179396 0.142610 -0.113247 0.212488 0.056659 -0.024172 -0.176564 -0.042769 -0.196664 -0.146391 0.081967 -0.224179 -0.003339 
