-0.140440 -0.001926 -0.165200 0.237774 0.094053 -0.055943 0.359304 -0.089726 0.004365 0.132624 -0.159323 0.196164 0.044003 0.156340 -0.088543 -0.172821 -0.008688 0.019002 -0.147878 0.116713 -0.179415 -0.125813 -0.074900 -0.044057 0.182185 -0.058569 0.087461 -0.116866 0.222263 0.083985 0.113170 0.014911 -0.125444 -0.028146 -0.011487 0.177143 -0.079205 -0.263954 -0.124660 -0.194385 -0.081631 0.028751 -0.013960 0.174396 -0.178442 -0.124244 0.276223 -0.036499 -0.026698 0.204501 
-0.150210 0.084817 0.169450 -0.029676 -0.355383 0.116766 0.022985 0.146744 -0.017139 -0.041532 -0.158607 -0.144593 0.295024 -0.034237 0.062971 -0.271746 -0.005295 0.092634 0.058537 -0.232755 0.138190 -0.083650 -0.080081 0.026207 -0.055212 -0.139600 -0.037582 -0.209291 -0.047527 0.052285 -0.097816 -0.179941 -0.046785 0.017358 -0.184256 0.076088 -0.039242 0.098988 -0.002977 -0.132264 0.069249 -0.135478 0.170207 0.303838 -0.146538 -0.230211 -0.093412 0.124325 0.154991 -0.110776 
-0.147912 -0.166122 0.150074 0.024746 -0.070399 0.128924 0.143817 0.193285 -0.013443 -0.294346 0.125563 0.082005 0.008729 0.108639 -0.154384 -0.081162 0.033144 0.195391 0.068058 -0.037100 0.160632 -0.003781 0.093396 -0.102791 0.064672 0.121904 -0.006331 0.006682 -0.134334 -0.254651 0.212216 0.191688 0.191162 -0.024974 -0.257530 0.075133 0.277505 -0.217703 -0.162885 0.042027 0.143383 -0.005596 -0.205749 -0.067039 -0.041694 0.074699 -0.057961 0.188792 -0.081937 0.199210 
-0.147696 0.044256 -0.187957 -0.279206 -0.044539 -0.214643 -0.033075 -0.023739 0.040850 0.020683 0.103426 0.215128 0.294258 0.254368 0.227058 0.051376 0.082733 -0.072097 -0.139781 -0.196608 0.063049 -0.047346 -0.185273 0.052610 -0.247954 -0.026655 0.016429 -0.019114 0.126400 -0.118665 0.204750 -0.073367 0.174435 0.088627 0.039948 -0.077324 0.095814 -0.046339 -0.075773 0.101341 -0.073229 -0.013402 -0.144553 -0.124044 -0.051550 -0.213640 0.083518 -0.053371 -0.260806 -0.231885 
-0.145857 -0.085206 0.049997 -0.029021 -0.182924 -0.070649 -0.062923 -0.143285 0.355151 0.188934 -0.245961 0.253923 -0.119664 -0.013000 0.102176 0.087565 -0.044585 0.145223 0.010690 0.122759 -0.068799 -0.014219 -0.027539 -0.099296 -0.071129 -0.126234 0.025134 -0.069494 -0.077668 0.128072 -0.037905 -0.013035 0.121626 0.217848 0.110152 -0.076453 -0.071485 0.167063 -0.103831 0.004825 0.126527 -0.208957 -0.298620 0.006269 -0.234295 0.259896 -0.210814 0.133734 0.024739 0.152162 
-0.157697 -0.148323 -0.055522 -0.029584 -0.016265 -0.225679 0.043505 0.155061 -0.157132 -0.188864 -0.013435 0.071325 0.010403 0.022975 0.062784 0.071799 -0.157843 0.120177 0.228493 0.140410 -0.197745 0.070284 0.137568 -0.050315 -0.006183 -0.221971 -0.022722 0.225132 -0.022309 0.090898 -0.252491 0.053745 -0.161618 0.018036 -0.172284 -0.060154 0.142305 0.265240 -0.003673 0.265904 -0.074453 -0.165741 0.028400 0.184557 -0.009856 -0.122924 0.259356 -0.035831 -0.257649 0.070011 
-0.135840 0.055197 -0.046608 0.015541 0.195562 0.086153 0.048538 0.107906 0.110221 -0.176510 -0.032365 -0.133497 0.006105 -0.078866 -0.094519 0.101611 0.332386 -0.121699 -0.258918 0.059096 -0.098590 -0.133414 -0.153230 -0.238921 -0.157681 0.188880 -0.015993 0.198624 -0.211824 0.132669 -0.171688 -0.097814 0.115118 -0.191048 -0.025379 0.043680 -0.067586 -0.044902 -0.212530 0.022768 -0.131985 -0.366413 0.095334 0.034223 -0.103685 -0.043661 -0.145490 -0.126239 -0.079137 0.023009 
-0.153334 0.128581 0.035317 0.143797 0.249462 0.112311 -0.045816 -0.156784 0.222846 0.034218 0.110238 -0.067406 -0.083970 -0.107512 0.045767 0.164492 -0.077464 -0.178627 0.086751 -0.046681 0.112435 0.073740 0.043439 0.219433 -0.068479 0.035090 0.298648 -0.008525 0.023110 -0.165489 0.181470 -0.128660 0.102955 0.054317 -0.137323 0.064919 0.093802 0.102927 0.166752 0.066321 0.161189 -0.148262 0.312809 0.121895 -0.314271 0.042817 0.197272 0.113995 -0.148485 0.097196 
-0.146359 0.003784 0.137360 -0.338155 -0.116353 0.049293 0.210602 0.003256 0.016965 0.036077 0.170358 -0.027403 -0.190411 0.044665 -0.054764 -0.114460 0.017735 -0.058482 0.133753 -0.059492 -0.046848 -0.099062 -0.094341 0.139203 0.064157 0.183211 0.165038 0.099153 0.046611 0.032843 -0.272204 -0.133317 0.153636 -0.224539 0.438940 -0.009899 0.235717 0.045490 0.158967 -0.105513 0.002865 0.105345 -0.162510 0.195059 -0.035364 -0.040685 0.063604 0.011111 -0.028058 0.140472 
-0.151531 -0.026979 -0.077075 0.304843 0.006714 -0.096501 -0.011344 -0.067104 0.192265 -0.234944 -0.041549 0.179783 0.173963 -0.053636 0.191240 0.095751 -0.226689 0.160722 0.111040 -0.126782 0.032260 0.223580 -0.058148 -0.025074 -0.163011 0.017137 -0.171106 0.067877 0.026640 -0.006472 0.017282 0.038444 0.026274 -0.459659 0.174523 0.087854 0.020859 -0.036218 0.264839 -0.187414 -0.087784 -0.008293 0.057195 -0.100595 0.049155 -0.049186 -0.139479 -0.069345 0.099853 0.130454 
-0.137118 -0.010766 -0.329243 -0.097842 -0.024264 0.030138 -0.133397 0.074686 -0.034669 0.045549 0.010102 -0.129853 -0.079538 0.056767 -0.023444 0.039971 0.190452 0.038523 0.073939 -0.135765 0.222997 0.014445 -0.001925 0.091794 0.123288 -0.150180 0.208334 0.064891 0.090489 0.029869 -0.033691 0.225493 -0.212877 -0.294958 0.030940 0.197815 -0.252804 0.127354 -0.090139 -0.148563 0.341609 -0.221717 -0.182838 -0.158659 0.084599 0.022421 0.105055 0.098438 -0.053777 -0.037209 
-0.134860 0.034884 0.202942 0.066251 0.121452 -0.003280 -0.090609 0.050631 -0.011802 -0.013760 0.115690 -0.030597 0.077070 -0.052569 -0.086152 -0.202928 0.200996 -0.189259 0.324285 0.044373 -0.162170 0.271784 -0.124203 -0.111394 -0.182835 -0.190811 0.146021 -0.103104 0.094253 -0.105634 -0.113911 0.028511 -0.143475 0.034880 0.057040 -0.119814 -0.001449 -0.251170 0.033558 0.077035 -0.147588 -0.142667 -0.208630 -0.215678 -0.164738 0.051841 0.146846 0.041130 0.293091 -0.099196 
-0.129916 -0.122273 -0.015657 -0.081179 -0.042684 -0.164274 0.243982 0.045013 -0.017199 0.139558 -0.031194 -0.024839 0.172392 0.104298 -0.290401 0.142552 0.045346 -0.109068 -0.041050 -0.128537 -0.012816 0.162901 0.105197 0.290599 -0.254859 0.002028 0.041398 0.062313 -0.229094 0.124950 0.019410 0.187799 0.166532 -0.124179 -0.157570 -0.039352 -0.317189 0.051742 0.016254 0.143512 -0.064991 0.263868 0.000759 0.135855 -0.072969 0.177694 0.038084 -0.025058 0.220090 0.047866 
-0.123837 0.070120 -0.205227 0.108960 -0.027247 0.221797 -0.052068 -0.009009 -0.242172 0.005681 -0.171969 -0.141536 0.072129 0.235297 -0.017021 0.240923 0.095601 0.003126 0.138027 0.220127 0.277719 -0.101669 0.074759 -0.202725 -0.075472 -0.090044 -0.083437 0.124982 -0.023297 -0.198399 0.144606 0.014690 -0.025130 0.059677 0.272604 -0.244311 0.036097 -0.048944 0.128652 0.027393 0.043094 0.054804 -0.073399 0.310093 -0.154078 0.010182 -0.018446 -0.169568 0.138058 0.004464 
-0.141506 0.135332 -0.198493 -0.016157 0.092780 -0.178919 -0.102908 0.061098 -0.005485 -0.070332 0.248422 -0.311290 0.015012 0.168985 -0.087508 -0.097257 -0.210090 -0.135583 0.048274 0.057403 -0.197967 -0.025293 -0.063064 -0.102650 -0.010765 0.012242 -0.159186 -0.221659 0.068534 0.207894 0.239955 -0.319102 -0.014159 -0.133706 -0.152820 -0.202954 0.048762 0.122560 -0.061228 -0.045835 0.185343 0.036738 -0.142030 0.041861 0.075474 0.171619 -0.103704 0.027074 0.048060 0.201432 
-0.147145 -0.124172 0.026342 0.039245 0.057929 -0.107056 0.139574 0.052978 -0.209036 -0.011584 0.194434 0.167245 0.152431 -0.100754 0.188717 0.106848 0.299568 -0.165165 0.092411 -0.095283 -0.017151 -0.025937 0.102164 0.059991 0.276837 -0.242306 -0.039846 0.024952 -0.207177 0.208898 0.058293 -0.158201 0.008264 0.199464 0.032825 0.164120 0.140393 -0.063801 0.140237 -0.216407 0.139661 -0.001304 0.073571 -0.064403 -0.024530 0.235743 -0.167858 -0.243827 -0.004781 -0.018379 
-0.133523 -0.294784 0.178223 -0.002407 -0.181580 0.176245 0.117272 -0.174684 0.093535 0.096066 -0.031225 -0.138399 -0.014682 0.065747 0.025201 -0.053643 0.120759 0.012172 -0.053085 0.091184 -0.041711 0.221863 0.011259 0.121237 0.296997 0.170127 -0.189056 0.063712 -0.114729 0.029135 0.286617 -0.137212 -0.166044 -0.132842 -0.034545 -0.282035 -0.099011 0.137898 0.085686 0.057771 -0.027683 -0.126989 -0.049404 -0.231615 -0.110364 -0.226035 0.105015 -0.148735 -0.076531 -0.068868 
-0.136448 0.012261 -0.092667 0.084262 0.135651 -0.221695 0.201027 -0.277954 -0.048038 -0.201513 -0.154420 -0.045277 -0.088635 -0.117313 -0.117311 0.051670 0.196570 0.094429 0.183944 0.042345 0.042509 0.006513 -0.303923 0.162291 -0.057300 0.081316 -0.060687 -0.125909 -0.098584 0.097246 -0.078573 0.087766 -0.132609 0.158256 0.098552 -0.196594 0.089154 -0.069760 -0.084917 0.084175 0.289933 0.171253 0.141990 -0.045256 0.088330 -0.229716 -0.174180 0.234434 -0.057464 -0.066075 
-0.148051 -0.213911 0.139806 -0.016065 -0.076854 -0.210912 -0.330977 0.082392 0.013309 -0.100566 -0.040243 0.036461 -0.116504 -0.360710 -0.301755 0.104100 0.045353 0.081803 0.005207 -0.157244 0.047079 0.014496 0.035782 -0.062984 0.102824 -0.155407 0.062921 -0.092610 0.110963 -0.058419 0.251373 -0.201659 0.054344 -0.082598 0.241970 -0.039817 -0.165796 -0.131903 -0.221063 0.044592 -0.103077 0.115319 0.077345 0.205816 0.047721 -0.031413 0.057798 -0.105876 -0.152390 0.001959 
-0.131918 -0.027984 -0.066146 0.207328 -0.082790 -0.153888 0.165341 0.025925 -0.262855 0.216718 -0.188255 -0.150841 -0.164830 -0.129208 -0.035102 0.202601 -0.235316 -0.209776 0.092478 -0.272123 0.032640 -0.120068 -0.179650 0.000658 0.088144 0.054836 -0.072426 0.078618 -0.097203 -0.243995 -0.021315 -0.109814 0.158603 0.114756 -0.071340 -0.005454 0.037912 0.041538 -0.026343 -0.130038 -0.236292 -0.229323 -0.164131 -0.159045 0.159016 -0.020771 0.071730 0.144244 0.073164 0.013700 
-0.156880 -0.146642 0.029298 0.123220 -0.048459 -0.021171 -0.092505 -0.010553 0.123795 -0.099515 0.053270 -0.106076 -0.145131 0.011682 0.380046 0.102977 0.141967 -0.217071 -0.339268 -0.099769 0.049539 -0.055517 0.217115 0.210989 0.042839 -0.099357 0.046371 0.004037 0.193601 0.035400 -0.121291 0.100220 -0.120577 -0.001509 -0.084886 -0.224760 0.133398 -0.174463 -0.077719 0.102206 -0.096771 0.029274 -0.095951 0.172570 0.161217 -0.110185 -0.084683 0.141716 0.239037 0.187667 
-0.150265 0.166209 0.183021 -0.109664 0.183841 -0.074610 -0.237732 0.174120 -0.042001 0.140809 -0.055702 -0.014338 0.039329 0.032184 0.071199 -0.075338 -0.030856 0.050286 0.181197 -0.088158 -0.166933 -0.324669 0.034957 0.139465 0.105524 0.048746 -0.190811 0.271774 0.081200 -0.049826 0.026519 0.167480 0.046824 0.079426 -0.010550 -0.049152 -0.270591 -0.117626 0.071214 0.040954 0.086765 0.069644 0.086420 -0.187240 -0.196557 -0.227770 -0.166574 -0.035695 0.000839 0.317692 
-0.137306 -0.083204 -0.116717 -0.139998 -0.027712 0.036681 -0.199236 -0.338144 -0.135002 0.087361 -0.098889 -0.033863 -0.180953 0.109027 -0.324653 -0.178234 -0.029875 0.047924 -0.135539 -0.118161 0.141927 0.117826 0.014417 -0.021244 -0.099645 -0.174500 -0.098912 0.294524 0.162068 0.210784 -0.017782 -0.093659 -0.020822 0.040343 -0.159795 0.198941 0.306827 -0.108686 0.129345 0.051466 -0.124794 -0.006207 0.094967 -0.120850 -0.125265 0.005844 -0.166685 0.008710 0.053107 0.035004 
-0.138291 -0.201164 -0.033833 0.157891 0.043063 0.222217 -0.040075 -0.188620 -0.053998 -0.098731 0.400942 0.008578 -0.104600 0.000140 0.019265 -0.120327 -0.024485 -0.004258 0.018679 -0.131425 0.151558 -0.227816 -0.146745 0.038163 -0.127400 -0.041170 -0.317916 -0.187026 0.005645 -0.028520 -0.176812 0.182772 -0.074648 0.114746 0.052883 0.007763 -0.201938 0.225295 -0.103006 -0.050898 -0.238396 0.110980 -0.004904 0.005041 -0.182741 0.159084 0.073432 -0.041918 -0.168402 0.036086 
-0.148335 0.317989 0.076894 0.097373 -0.095869 0.081097 -0.060890 -0.078068 -0.255152 -0.143230 0.053080 0.246343 -0.111220 -0.218237 -0.063843 0.020508 0.045436 0.137310 -0.061912 0.057179 -0.129700 -0.215773 -0.020340 0.152736 -0.075451 0.095014 0.268392 0.002589 0.045303 0.154965 0.288021 0.173503 -0.027876 -0.068784 -0.133035 -0.081556 0.117839 0.306064 0.009514 -0.045507 -0.125819 -0.018375 -0.171682 -0.023505 0.000147 -0.064915 -0.046018 -0.176564 0.208078 -0.121213 
-0.140453 0.195178 0.024483 0.113204 -0.070703 -0.245063 -0.055979 0.054831 -0.069902 -0.089235 0.028362 0.115143 -0.291155 0.165970 0.210583 -0.153402 -0.012262 -0.079312 0.134543 0.116197 0.349970 0.133381 0.194365 -0.045963 0.038627 0.330351 -0.073215 0.009979 -0.096529 0.216092 0.000399 -0.168972 0.071126 0.064465 0.069703 0.243615 -0.178672 -0.039790 -0.173007 0.167787 -0.050213 0.038120 0.011631 -0.030652 -0.078730 -0.057680 0.128811 0.008119 0.150462 -0.112812 
-0.144512 0.177482 -0.154454 -0.240756 0.018932 0.162243 -0.084318 -0.136989 -0.033710 -0.116657 0.086257 0.124845 -0.246464 -0.030513 0.074333 0.147757 0.047517 0.144501 -0.053954 0.069446 -0.152143 0.168089 -0.146064 -0.051979 0.226219 -0.172400 -0.134561 -0.161827 -0.160997 -0.123003 -0.134326 -0.058860 0.281714 -0.019178 -0.277659 0.016703 -0.253673 -0.192558 0.256120 -0.001808 -0.015245 0.049301 -0.077503 0.141169 0.075322 -0.127237 0.094554 0.026423 0.079216 -0.043211 
-0.137746 0.024502 0.152902 0.084851 0.145360 0.023634 0.065929 0.094610 0.062777 0.240476 -0.022597 -0.072379 -0.107998 0.190870 0.039302 -0.016345 0.193658 0.088660 0.109616 0.109860 0.160396 0.063966 -0.006897 -0.132330 -0.121845 -0.148524 0.275897 -0.167576 -0.065463 -0.036781 0.030022 -0.100552 -0.054030 -0.000928 -0.118923 0.115586 -0.061129 0.191117 0.117662 -0.011061 -0.289066 0.199126 -0.042777 -0.053502 0.297688 -0.190406 -0.285466 -0.047693 -0.250242 0.197584 
-0.127912 -0.120595 -0.229736 0.038058 0.087414 0.147234 0.117710 0.137819 0.109861 -0.188168 -0.197394 -0.102479 0.055386 -0.129562 -0.079662 -0.217676 0.100791 -0.011651 0.087302 0.131379 0.009039 -0.062247 0.299289 0.095622 -0.011138 -0.029103 -0.042609 -0.082983 0.330029 0.133515 -0.014346 0.002417 0.488802 0.172596 0.068999 -0.092373 -0.063652 0.124505 0.154457 -0.051832 -0.068902 -0.047925 0.030895 -0.184392 0.147174 -0.013602 0.060842 0.031248 -0.016797 -0.103839 
-0.140708 0.151249 0.084279 0.133131 -0.416212 -0.081889 0.173933 0.024743 0.176004 -0.004687 0.117871 -0.000918 -0.206125 0.125923 -0.079190 0.007372 -0.118029 -0.191181 0.044812 0.202207 -0.019271 -0.196779 -0.033618 -0.026087 0.019929 -0.239460 0.045044 0.113783 0.126655 -0.112291 -0.070852 0.087118 0.037002 -0.166781 -0.098991 -0.120720 -0.074126 -0.176816 -0.004537 0.026581 0.081121 0.042091 0.264177 -0.137282 0.027084 0.140989 -0.172200 -0.116706 -0.158370 -0.294752 
-0.117478 -0.069429 0.155485 0.200209 -0.006749 -0.009037 -0.016617 -0.142038 0.050323 0.169349 0.288495 -0.071254 0.309278 -0.075787 -0.103084 0.120662 -0.134881 0.164325 -0.056931 -0.017969 0.193051 -0.117972 -0.130176 -0.246283 0.123993 0.149226 0.159688 0.100559 0.147786 0.284233 -0.146912 0.031460 0.113406 0.133204 -0.052069 -0.016133 -0.103404 -0.124268 0.198103 0.237274 0.173836 -0.068257 -0.139797 0.044781 0.204680 -0.070451 0.095010 -0.057975 0.039073 -0.044551 
-0.144514 -0.002032 -0.114850 -0.239648 0.127150 -0.040237 0.075848 0.026398 0.251652 0.013905 0.065581 0.201754 -0.085407 0.188694 -0.176503 0.035211 -0.056041 0.111082 0.068251 -0.275691 0.036759 -0.194230 0.218578 -0.214566 0.094540 0.097079 0.054895 -0.173898 -0.147730 -0.026024 0.028932 0.066247 -0.243491 0.094294 0.061166 -0.212946 0.049125 0.012393 0.092996 -0.018717 -0.134420 -0.197806 0.316952 -0.064815 0.158272 0.021924 0.060877 -0.018976 0.264018 -0.045450 
-0.171468 -0.066948 0.121894 -0.053697 -0.044583 -0.097110 -0.070136 -0.207408 -0.267564 -0.060878 -0.108179 0.012282 0.064489 0.120817 0.090970 -0.090221 0.032456 -0.196561 -0.132542 -0.094559 -0.145120 0.272829 -0.017668 -0.361353 0.141020 0.184367 0.157353 -0.081496 0.196597 -0.199915 -0.097525 0.249707 0.171915 0.024237 0.018804 -0.033474 -0.059525 0.274344 -0.079316 -0.070216 0.151325 0.052149 0.248235 0.014663 0.009286 0.066036 -0.090642 -0.080371 0.023518 0.097881 
-0.130206 -0.365554 -0.002088 -0.104705 0.067608 0.113843 -0.005013 -0.073464 -0.124915 0.046924 -0.054133 0.278851 0.033611 -0.131372 0.033591 -0.002687 -0.051180 -0.175896 -0.004822 0.230065 -0.042884 -0.311205 0.078897 -0.071742 -0.249966 0.073319 -0.005516 -0.024676 0.024897 -0.220652 -0.055723 -0.332764 -0.130350 -0.181606 -0.111879 0.167565 -0.088332 0.053061 0.032508 0.122711 0.252119 0.118555 0.005723 -0.111446 0.105358 -0.066000 0.007126 0.082562 0.195336 -0.037597 
-0.150260 -0.072069 0.049599 -0.031229 0.211934 -0.244261 -0.040952 0.109184 -0.112676 -0.086976 -0.042156 -0.190493 0.094499 0.059579 -0.063606 0.087530 -0.200736 0.162990 -0.306383 0.196303 0.056683 -0.074659 0.080437 0.132752 0.232734 0.027774 0.119209 -0.266047 -0.033532 -0.132776 -0.169238 0.009636 -0.070227 -0.079632 0.094232 0.089040 0.034907 0.012130 0.179532 0.044760 -0.134506 -0.001609 -0.100799 -0.118350 -0.340825 0.058347 -0.205654 0.086252 -0.008715 -0.270595 
-0.123955 0.109309 0.031999 -0.131746 -0.142303 -0.011795 -0.013112 0.071613 0.183345 -0.086998 0.201778 0.043078 0.206877 -0.023899 -0.206654 0.312693 0.076205 -0.122858 -0.014333 0.293744 0.005723 0.130493 -0.046643 -0.004279 0.105919 0.073573 -0.166215 0.200119 0.200449 -0.067258 0.048481 -0.003475 -0.161994 0.229335 0.026853 0.209467 -0.022328 0.189762 -0.055760 -0.260968 -0.173772 0.085134 0.042339 0.005458 0.046114 -0.092187 -0.018038 0.325814 0.119723 0.033591 
-0.133709 -0.037428 -0.118820 0.239047 -0.069802 0.024042 -0.281258 0.035939 0.184210 0.101261 -0.048944 -0.027541 0.064886 0.150494 -0.071321 -0.201724 0.120777 -0.106146 0.005492 0.017689 -0.288061 -0.094646 -0.152920 0.123551 0.165125 0.017629 -0.094941 -0.020737 -0.235968 -0.118517 0.106274 0.160980 0.061572 0.009695 0.180907 0.326864 0.187918 0.112354 0.093432 0.330784 -0.006262 0.007297 0.022540 0.154473 0.215935 0.035292 0.022441 0.035316 0.062981 -0.123702 
-0.146615 0.265001 0.265479 -0.057531 -0.058556 0.011013 0.102455 -0.341225 -0.078475 -0.064327 -0.036944 -0.199087 0.066240 0.039475 -0.058574 0.117395 -0.003860 0.047041 -0.058873 -0.048804 -0.186704 -0.026092 0.427358 0.066247 -0.240000 -0.024414 -0.191639 -0.160974 -0.019498 -0.076527 0.006712 0.015983 -0.092764 0.058232 0.166638 0.242633 -0.058089 -0.127224 -0.014349 0.006325 0.088703 -0.199219 -0.124452 -0.017061 0.214731 0.023438 0.077491 -0.061256 -0.180560 0.027345 
-0.137544 0.123167 0.147198 0.045771 0.219286 0.348167 0.034534 0.185090 -0.145755 0.196512 0.004743 0.244132 -0.002595 0.017606 -0.070848 0.091761 -0.238613 -0.214467 -0.122634 -0.059181 0.018406 0.162853 0.067201 -0.073012 0.055171 -0.217743 -0.148928 -0.080088 -0.068676 0.272898 0.022938 0.102228 0.076248 -0.155619 0.206133 -0.101155 0.086483 0.035566 -0.172260 0.081918 0.096346 0.023886 0.033888 -0.036691 0.018217 -0.168167 -0.047411 0.272710 -0.100293 -0.145720 
-0.137785 0.219146 -0.165925 0.112273 0.095732 0.001339 0.021634 -0.017239 0.081716 -0.014097 0.048195 0.199658 0.127580 -0.168323 -0.161709 -0.392634 -0.117464 -0.069663 -0.189410 -0.043123 0.109226 0.182386 0.144920 0.110435 0.074956 0.027321 0.046152 0.260350 -0.158062 -0.298048 -0.175033 -0.156992 -0.155493 0.150616 0.011320 -0.205280 -0.116787 0.039739 -0.027022 -0.049230 0.082589 0.025618 -0.196984 0.104621 0.112659 0.016474 -0.152172 -0.111273 -0.124648 0.004104 
-0.130705 0.155880 -0.003025 -0.231144 -0.043714 -0.054402 -0.144196 -0.159948 -0.017653 0.138153 -0.192215 0.039577 0.276179 -0.255803 0.084353 -0.106060 0.034153 -0.161542 0.092499 0.262325 0.287420 -0.106797 -0.031600 0.020336 0.134188 0.074597 -0.079186 -0.142713 -0.121498 0.078438 -0.032284 0.167917 -0.020148 -0.233914 -0.126085 -0.123957 0.144832 -0.117510 -0.013468 0.007737 -0.217566 -0.001542 0.072385 -0.026124 0.111338 0.253253 0.159346 0.060455 -0.162108 0.170295 
-0.126412 -0.100951 0.166875 -0.007616 0.267439 -0.175312 -0.068910 0.008764 0.184909 0.198336 -0.064267 -0.090273 -0.151635 -0.065809 0.070817 -0.067227 0.057238 0.007830 0.050861 -0.012124 -0.021300 -0.028668 0.094223 -0.162346 -0.116981 0.104510 -0.197904 0.136267 0.006161 0.005546 0.043377 0.192057 0.002760 -0.048346 -0.210935 -0.019902 0.132178 0.014228 0.053144 -0.399457 0.104985 0.141452 -0.158452 0.269248 -0.001352 -0.014510 0.103603 -0.023253 -0.048983 -0.427316 
-0.155995 0.170842 -0.159449 0.027459 -0.115224 0.057196 0.191462 0.101648 -0.049630 0.135114 0.016977 -0.121897 -0.019234 -0.263364 0.212932 -0.037244 0.191128 0.246990 -0.107639 -0.202980 -0.172591 0.013722 0.088618 -0.281253 -0.022624 0.073127 -0.022398 0.135425 0.072308 -0.022607 0.094886 -0.091416 -0.150146 -0.046275 0.055315 -0.008742 -0.020919 0.011149 0.123198 0.235782 -0.063173 0.274942 0.057268 -0.085719 -0.124091 0.253760 0.051889 0.325820 -0.087333 -0.061229 
-0.138266 -0.107656 -0.135466 0.058503 0.003934 0.205371 -0.139390 -0.032540 -0.150554 0.233155 0.084229 0.062409 0.095223 0.129037 0.070439 0.106612 -0.009941 0.254893 0.269475 0.036099 -0.206585 0.126411 0.081520 0.259822 0.010218 0.301210 0.096422 -0.004360 0.143400 -0.001270 -0.122029 -0.120336 0.017502 -0.029097 -0.077001 -0.069880 -0.005164 -0.206783 -0.288741 -0.091754 -0.130984 -0.109108 0.128248 0.132777 0.083884 0.154025 -0.231833 0.046565 -0.077399 -0.174773 
-0.135737 0.006049 -0.042819 -0.214970 0.180368 0.097770 0.212897 -0.159596 0.164260 0.015205 0.047203 -0.275627 0.068539 -0.166109 0.218807 -0.043504 -0.249184 0.141962 0.092105 0.066287 0.032392 0.023191 -0.055929 -0.021994 0.107081 -0.231732 0.073613 0.140752 -0.048687 -0.087319 0.090382 0.048897 0.080065 0.016737 0.059420 0.164476 0.069808 0.056222 -0.443761 0.112262 -0.052286 0.124145 0.033127 -0.053526 0.036244 -0.042494 -0.041783 -0.238324 0.282010 -0.061044 
-0.156367 -0.057005 0.164888 0.028173 0.021463 0.145340 -0.198506 -0.020223 -0.023046 -0.284028 -0.187569 -0.087095 0.054000 0.255501 0.100705 -0.029678 -0.147647 0.070399 -0.120920 0.008408 -0.085698 -0.089435 -0.136764 0.038528 -0.059519 -0.066458 0.268617 0.232522 -0.264429 0.148553 0.010808 -0.130537 -0.027528 0.138956 0.068640 -0.091845 -0.102724 -0.078905 -0.014618 -0.263035 -0.026070 0.204672 0.067712 -0.156070 0.148621 0.187078 0.286998 0.157772 -0.051887 -0.038457 
-0.136427 0.103329 0.104751 -0.065606 0.080776 0.214832 0.053445 0.220978 0.149630 -0.149100 -0.352476 0.062452 -0.044255 0.050736 -0.041332 0.204290 -0.041305 -0.092076 0.041174 -0.202277 0.058356 0.073477 -0.218019 0.089629 0.085794 0.159443 -0.126835 -0.102083 0.291503 0.034992 -0.122289 -0.074955 -0.219351 0.087798 -0.144639 0.104753 0.061371 0.017977 0.012909 0.182559 0.064679 0.148711 -0.136073 -0.018873 0.038807 0.237301 0.026464 -0.338109 -0.051575 -0.033744 
-0.148935 -0.170712 -0.046533 -0.219845 -0.033723 0.039900 0.102562 0.230631 -0.126839 0.003676 0.050753 -0.056600 -0.160108 -0.165157 0.137413 -0.152138 -0.239426 -0.065422 -0.116300 0.166608 0.015391 0.150442 -0.212700 0.044916 -0.224700 0.112582 0.032384 -0.007320 0.005268 0.073349 0.284597 0.229451 -0.158995 0.216248 0.113692 0.088615 -0.139483 -0.194197 0.225674 0.001980 0.006307 -0.241777 0.088561 0.159197 0.126181 0.061888 -0.140179 -0.034827 -0.065941 0.031863 
-0.134980 -0.031987 -0.277412 0.047641 -0.282441 0.097940 -0.177060 0.135624 0.090584 0.120648 0.035478 -0.121265 -0.010204 -0.177441 -0.052043 0.127640 -0.118951 -0.086963 -0.020789 0.019770 -0.119853 0.075990 0.150647 -0.092950 -0.133872 0.151750 0.118052 -0.201788 -0.221620 0.079175 -0.178627 0.109632 -0.039826 0.149198 -0.016066 0.043832 0.186424 -0.120912 -0.041291 -0.150972 0.094158 0.246086 -0.007434 -0.220544 -0.169419 -0.280521 0.086139 -0.238849 -0.064011 0.101023 
-0.131546 0.074804 0.114069 0.082058 0.012941 -0.110813 -0.022234 0.237529 -0.077864 0.255610 0.085629 0.022937 -0.081256 0.017517 -0.022739 -0.014601 0.145656 0.355731 -0.291090 0.169184 0.104914 0.106428 -0.146794 0.168096 -0.159227 -0.079072 -0.201518 -0.052332 0.056832 -0.148412 -0.121346 -0.077584 0.097084 0.009607 0.058835 -0.090468 0.170343 0.085811 -0.078693 -0.071983 0.185529 -0.080686 0.227861 -0.133781 0.117350 0.103804 0.274965 -0.143203 0.165692 0.138228 
