-0.133056 -0.134641 0.222074 -0.045507 -0.082453 0.145999 -0.055010 0.092380 0.093700 -0.105279 -0.137593 -0.216787 -0.284430 -0.063486 0.069436 -0.137579 0.014349 -0.255787 -0.022820 -0.059725 0.096899 -0.064717 0.251541 -0.058469 0.198194 -0.123711 0.153830 -0.101602 0.266959 -0.083586 0.080814 -0.079690 -0.066555 0.036230 0.285070 -0.006805 -0.146490 -0.198019 -0.138799 0.309870 -0.186193 -0.024679 -0.011859 -0.022915 -0.012695 -0.158869 -0.054880 -0.057297 0.119220 -0.063848 
-0.138521 0.165063 0.180725 -0.213278 0.159302 -0.027487 -0.009931 -0.039084 -0.122571 0.329863 0.046298 0.102067 0.056273 0.180472 -0.197480 0.175084 -0.194665 -0.048476 -0.034786 0.059368 -0.028481 -0.061701 0.000824 -0.219327 -0.200434 -0.106424 0.348621 -0.078669 -0.018590 -0.253721 -0.051160 -0.010328 0.132513 -0.042081 0.073929 0.095734 -0.170613 -0.070960 0.012600 -0.145699 -0.231693 -0.095526 -0.124574 -0.105666 0.216657 0.040363 0.139788 0.034940 0.113154 0.019616 
-0.138773 -0.239729 0.130695 0.176114 0.263390 -0.028148 -0.057918 -0.064680 0.122997 -0.080929 -0.104102 0.072265 -0.038670 0.406741 -0.120811 0.214309 0.050443 0.117781 -0.254033 0.099638 0.000427 -0.049417 -0.116679 0.009854 0.191546 0.164952 0.073642 0.093174 0.159005 0.111443 -0.112634 0.037710 -0.258575 -0.196151 -0.053515 0.106909 -0.080958 0.000107 -0.130240 -0.054665 0.125406 -0.007092 -0.033756 -0.239365 -0.041380 -0.065712 -0.077242 -0.061219 -0.126950 -0.207903 
-0.136855 -0.081305 -0.241272 -0.147132 0.002726 -0.235139 -0.115546 0.086724 0.003303 0.067697 0.122309 -0.301367 -0.334269 0.140000 0.063077 -0.031172 0.021630 0.063565 0.003126 0.176428 -0.056057 -0.151438 0.069480 0.013520 0.034123 -0.022287 -0.143330 -0.178119 -0.041852 -0.053431 -0.175959 -0.034102 -0.151250 -0.238366 -0.065589 -0.187801 0.200710 -0.065120 0.224470 -0.001694 0.020452 -0.189116 -0.111896 -0.103009 0.041162 0.005802 0.065739 0.326394 0.097948 0.137492 
-0.127221 0.140843 -0.117161 0.060045 0.059435 -0.105377 0.037247 -0.016500 0.379815 -0.123913 -0.002235 -0.095587 0.212945 0.097597 -0.127567 -0.210844 0.196485 0.159569 0.298588 0.110514 -0.062366 0.061468 -0.026362 -0.153483 -0.086480 0.172438 0.184965 -0.146977 -0.109109 -0.064048 0.055959 -0.034449 -0.140039 0.010063 0.286826 -0.274309 -0.220299 -0.019727 -0.081365 -0.004421 0.118442 0.063100 -0.160627 0.106372 0.101601 0.065185 -0.150324 -0.035370 -0.057179 0.075369 
-0.135121 -0.294640 -0.070752 -0.173922 -0.027903 0.279153 -0.120488 -0.047871 0.148236 -0.003946 -0.030928 0.203146 0.068472 -0.072955 -0.058035 -0.108853 0.119530 -0.049271 -0.022508 0.224242 -0.118656 -0.026833 -0.294103 -0.205633 -0.108507 -0.140192 -0.258231 -0.214870 -0.093557 -0.095095 -0.115311 -0.139443 -0.110331 -0.003161 -0.033850 0.169188 0.133541 0.118337 -0.008112 0.066227 -0.126358 0.162683 -0.186550 0.140726 -0.047578 -0.131500 0.126965 -0.148197 0.148845 -0.117231 
-0.145543 -0.041609 0.146491 -0.074957 0.069146 -0.184838 0.095075 -0.301652 -0.194341 -0.061775 -0.107411 -0.126066 -0.043513 -0.322079 -0.193576 -0.220022 -0.031379 0.001129 -0.015267 0.292702 -0.038103 0.229055 -0.152473 0.235845 -0.209515 0.002290 -0.021629 0.054070 0.219826 0.094253 0.055543 -0.013572 -0.096757 0.050455 0.045286 -0.001865 -0.115640 0.032144 0.001107 -0.115638 0.035535 -0.241991 -0.087317 -0.150180 -0.237654 0.081416 0.022835 -0.067074 0.147884 0.036226 
-0.133279 -0.016048 -0.121359 0.256145 -0.215824 0.083395 -0.010931 -0.209191 -0.094784 0.130148 -0.029089 -0.272596 -0.063342 0.073057 -0.200335 0.078864 -0.050300 0.154550 -0.119440 -0.155324 -0.026740 0.126434 -0.180057 -0.084236 0.048091 0.044001 -0.140637 -0.033677 0.013402 -0.112555 -0.239318 0.201069 0.078792 0.078765 0.028655 0.148537 -0.149253 0.024751 -0.219960 0.109408 -0.066820 0.168806 0.103523 0.103543 -0.008722 0.066630 -0.212148 0.162979 0.248413 0.282805 
-0.136612 0.032238 0.220909 0.252419 -0.153691 -0.110385 -0.072733 -0.183635 0.113173 -0.183435 0.242264 -0.020248 0.015800 -0.029204 -0.034560 0.121616 -0.019964 0.041810 0.017786 -0.141883 0.096035 -0.120111 0.004918 -0.133889 -0.274400 0.006596 -0.034675 0.012815 0.094893 -0.129562 0.006937 0.109082 -0.189101 0.171257 0.160641 -0.143553 0.231048 0.109738 0.163582 -0.097133 0.051821 0.032314 0.300786 -0.088822 0.060557 -0.242331 0.259826 0.010549 0.160177 -0.144223 
-0.125504 -0.199384 0.159841 0.263504 0.059237 -0.115984 0.244078 0.108521 0.072128 0.221294 0.240156 -0.009648 -0.104892 0.071653 -0.136362 -0.006836 0.221124 -0.199414 -0.166282 -0.060772 0.043576 0.311716 -0.072941 -0.008780 -0.056474 -0.071413 -0.133732 -0.176639 0.012041 -0.098214 0.354558 -0.046125 0.297111 -0.073033 -0.098782 -0.138363 0.025936 0.005910 0.056962 -0.016467 0.039423 0.023487 -0.115263 0.068740 -0.013629 -0.118631 -0.046475 0.079968 -0.159193 -0.000796 
-0.125536 0.160112 -0.008398 0.037369 0.158954 0.239047 -0.006016 0.133560 -0.126947 -0.137885 0.077807 0.007613 0.112867 0.008147 -0.404571 0.008425 0.086564 -0.159496 0.139420 0.033541 -0.089149 -0.054144 0.008311 -0.075982 0.208924 -0.226005 -0.163131 0.285747 0.018775 0.084206 -0.055713 -0.177725 0.144550 -0.162693 0.191384 -0.040599 -0.030057 0.111244 -0.039872 0.102227 0.286719 -0.092306 0.119114 -0.015487 -0.012911 0.003606 0.227541 0.219924 0.059521 0.061153 
-0.143227 -0.030039 0.029832 0.103027 -0.224550 -0.104963 0.082559 0.025873 -0.162347 0.124875 0.008906 0.192668 -0.053018 0.145695 0.051122 -0.133826 -0.280075 0.244083 -0.123345 -0.095749 0.065203 0.105434 0.113943 0.060858 0.066864 -0.304487 -0.068245 -0.194142 -0.257221 0.245631 -0.128940 -0.023063 -0.069734 -0.041610 0.284944 -0.045004 -0.192102 0.015468 0.107991 0.068448 0.235793 -0.072349 -0.087048 0.101295 -0.016328 -0.005408 0.107513 -0.212850 0.000235 -0.132920 
-0.124129 0.207528 -0.173232 -0.118315 0.149623 -0.080554 -0.153062 0.059007 -0.311022 0.035853 0.033254 0.109883 -0.150734 0.034462 -0.020868 -0.071181 -0.017872 -0.013004 -0.069593 -0.092043 0.187789 0.111871 -0.071920 -0.163501 0.175273 0.096016 -0.023164 0.109108 -0.004077 -0.060841 0.279288 -0.069663 -0.333457 0.076076 0.140075 0.002738 -0.014703 -0.049195 0.039560 -0.266346 -0.087218 0.303575 -0.026466 0.197422 -0.281474 -0.148965 -0.035032 0.120775 -0.014852 -0.005801 
-0.139542 -0.090369 -0.023714 0.060713 0.061242 -0.102255 -0.013553 -0.051415 -0.064950 0.183360 0.052139 0.067919 0.359010 -0.001585 0.276267 0.103652 0.024832 -0.246028 -0.143595 0.073963 -0.211678 -0.117782 0.215018 0.191441 -0.215713 0.016445 -0.062825 -0.071886 0.132459 0.117967 -0.026266 -0.115915 -0.182183 -0.186190 0.136830 -0.063986 -0.158966 0.052194 -0.093016 0.099923 -0.081914 0.259567 0.177729 0.065242 -0.098541 0.017760 0.090726 0.101257 -0.072022 0.280565 
-0.166777 0.189266 0.168587 -0.113003 0.063553 -0.036441 0.149358 0.261560 0.066339 -0.084647 0.182481 0.201874 -0.190325 0.066135 0.079139 0.001364 0.005270 -0.161573 0.084708 -0.122168 -0.209401 -0.070785 -0.177443 0.003536 -0.210420 -0.037449 -0.091536 0.049823 -0.100011 0.359868 0.041861 0.232783 -0.094335 0.014440 -0.027062 0.023484 0.051292 -0.127349 -0.126435 0.062130 -0.000696 0.084348 -0.037929 -0.145476 0.005877 0.085690 -0.298144 0.015918 0.332425 0.013898 
-0.131853 0.012172 -0.049984 0.282720 -0.037128 -0.156379 0.027847 -0.031694 -0.007388 -0.033639 -0.165220 -0.058123 0.073513 -0.157721 0.109733 -0.019848 -0.336988 -0.253906 0.006100 0.049338 -0.281650 -0.181636 -0.261893 -0.110987 0.150498 0.179960 0.085478 0.023552 -0.116019 0.147351 -0.039986 -0.004243 0.190153 0.091054 0.154824 0.022845 0.046692 0.044137 0.105459 -0.003519 -0.137632 -0.070170 -0.183798 0.054151 -0.015947 -0.161438 -0.039156 0.271794 -0.154799 -0.232311 
-0.149232 0.254941 -0.079957 0.003116 0.143475 -0.005314 -0.053737 0.087741 -0.091123 -0.025390 -0.177484 0.146402 -0.076970 -0.178387 -0.050648 -0.095557 0.022678 0.250913 -0.100530 -0.044045 -0.040726 0.033403 -0.050096 -0.113285 -0.013457 0.302194 0.100681 -0.335219 0.164858 0.138762 0.140231 0.112508 0.144042 -0.258523 -0.157638 0.025800 0.011539 0.092751 0.081576 0.354709 0.008432 -0.004462 0.216852 0.002392 0.078880 -0.162961 0.187557 -0.068957 0.039445 0.041363 
-0.155370 0.115696 0.004177 -0.001736 0.146830 0.134763 0.299266 0.007010 0.031424 -0.283258 -0.100241 -0.130860 0.115584 0.094638 0.216353 0.147265 0.052797 0.154358 -0.175732 -0.008632 0.120589 0.097423 0.052206 -0.101827 -0.147992 -0.007046 -0.060522 0.191828 -0.123618 -0.098867 -0.134254 -0.155760 0.155395 -0.050058 -0.024509 -0.069238 -0.120418 -0.070641 0.419718 0.155257 -0.201803 0.054519 -0.069503 -0.046385 -0.292549 0.026561 -0.061246 -0.006852 0.123189 -0.041436 
-0.150722 -0.064399 -0.085878 -0.145597 -0.141603 0.077548 0.378002 0.056981 -0.209985 0.136874 -0.305542 0.119261 0.091769 0.009368 -0.104825 0.119020 0.175554 -0.060146 -0.023786 -0.153754 0.120687 -0.091460 0.080324 -0.016470 -0.150641 0.169177 0.003098 0.045253 0.147960 -0.019449 -0.095575 0.020045 -0.215486 0.267917 0.029288 -0.029245 0.203481 0.008393 0.035850 0.148038 0.233387 -0.119270 -0.248897 0.025580 0.164897 -0.128437 -0.058872 0.126026 -0.106757 0.066975 
-0.136948 0.014108 0.260433 0.024123 0.153259 0.113530 0.085801 -0.213811 -0.111774 0.070180 0.148913 -0.181212 -0.046618 0.044880 0.347140 -0.114537 -0.107588 -0.019406 0.155318 0.058486 -0.128440 0.251164 -0.066856 -0.203983 0.133949 0.103862 0.077762 0.110596 -0.053378 -0.041017 -0.008879 -0.099977 -0.115265 -0.016105 -0.014727 0.229747 0.278353 -0.133180 0.060277 0.127851 0.262980 0.073722 0.002696 0.052867 0.184621 0.109049 0.089689 -0.135674 -0.115087 0.203374 
-0.125729 -0.037390 -0.040052 -0.017458 0.243921 -0.049621 0.200540 0.040088 -0.041153 0.137660 0.096290 -0.144443 -0.151505 -0.218251 0.187238 0.073022 0.113949 0.175201 0.091313 -0.152314 -0.146355 -0.168693 0.253248 -0.202139 0.037144 0.061831 -0.105235 0.030458 0.007483 -0.021860 -0.140434 -0.043320 0.131000 -0.013478 0.044883 0.020056 -0.042633 0.363075 -0.310841 -0.273128 0.011410 -0.113231 -0.060771 0.027944 -0.116644 -0.154204 -0.041154 -0.240276 0.044904 -0.071026 
-0.162732 0.197188 -0.015953 0.190570 -0.105824 0.021199 -0.015419 -0.119710 0.204739 0.106200 -0.138065 0.125091 0.032570 0.099865 0.084399 0.054252 0.005389 0.142271 0.284069 -0.053449 0.089000 0.014078 0.062315 0.104240 -0.050704 -0.166665 -0.048722 0.090330 -0.104000 -0.058263 0.205368 0.075967 -0.078928 -0.158371 -0.062475 0.213916 0.184115 -0.090259 -0.263671 0.101138 -0.193414 -0.272913 -0.163842 -0.053608 -0.321656 -0.129243 0.170204 0.114321 -0.100132 0.128458 
-0.135286 0.049716 0.031649 0.158948 -0.105223 -0.139347 -0.196437 0.036937 -0.186822 -0.024529 0.264826 -0.044611 0.195805 -0.080518 -0.132733 -0.111130 0.290009 -0.019535 -0.260161 -0.094512 0.025211 -0.250769 0.003420 0.040992 0.042652 0.191228 0.109744 0.114495 -0.164537 0.028552 -0.082465 -0.169973 0.016522 -0.015865 -0.110301 0.030045 0.112866 -0.326572 -0.087310 0.071292 -0.087720 -0.212812 -0.145451 0.186049 -0.027278 0.076129 0.022178 -0.270809 0.108610 -0.007663 
-0.143862 0.165628 0.087492 -0.016462 -0.132709 0.011889 0.103267 -0.077629 -0.190793 -0.014995 -0.228748 -0.099487 0.031447 0.217423 0.025784 -0.209061 0.224031 0.035708 -0.068439 0.102399 -0.294500 -0.294286 -0.010236 0.124480 0.078514 -0.239957 0.112682 -0.157666 -0.157416 -0.249865 0.202632 -0.038768 0.031846 0.080750 -0.113268 0.063216 0.091540 0.103149 0.035144 -0.092119 0.118092 0.088077 0.281877 -0.109610 -0.083981 0.003733 -0.207468 -0.020896 -0.039244 -0.114086 
-0.154874 -0.081769 0.040341 -0.280168 -0.067515 -0.132425 -0.171355 -0.141275 0.190569 -0.034925 -0.170700 0.001150 0.146934 0.140902 0.093066 0.015575 -0.025972 -0.140655 -0.117807 0.092130 0.197140 -0.011413 0.096937 -0.227349 -0.006994 -0.041649 0.075525 0.035415 0.081126 0.193624 0.028015 0.204417 0.340535 -0.056208 -0.009530 0.011206 0.145062 -0.042904 -0.008275 -0.177656 0.296644 -0.101699 0.098803 0.313778 -0.178231 -0.064450 -0.119001 0.012996 0.137408 0.113737 
-0.138280 -0.104268 -0.018922 -0.018493 0.042506 -0.049558 0.122907 -0.345409 -0.012658 -0.280338 0.093454 0.365958 -0.238444 0.006035 -0.133507 0.021526 0.099002 0.116576 0.064675 0.015810 -0.167163 0.017680 0.191100 0.044977 0.170500 -0.130967 0.179070 -0.027863 0.025150 0.181866 -0.169152 -0.085958 0.134816 0.185931 -0.102639 -0.134627 0.084330 -0.097686 0.011274 -0.070917 -0.260576 0.119924 0.021846 0.104260 0.074483 -0.060529 0.007325 0.084574 -0.146370 0.236557 
-0.156676 0.157519 -0.067034 -0.106235 -0.302149 0.012881 0.060816 0.054234 0.182581 0.074737 0.088789 -0.113300 0.174151 0.029790 -0.055356 -0.060344 -0.229886 0.170172 -0.118535 0.083324 -0.114129 0.052937 0.103337 -0.203479 0.060773 -0.033808 -0.243349 0.136429 0.268298 0.202056 0.182297 -0.331721 -0.068213 0.098187 -0.277755 0.012258 -0.094811 -0.096926 -0.034365 -0.115255 -0.102692 -0.043313 0.061316 -0.120317 0.210286 -0.126893 -0.096058 -0.027748 -0.059642 -0.027632 
-0.139071 0.065376 -0.069215 -0.211908 -0.108717 -0.018848 0.062718 -0.032267 0.160774 0.224942 0.072974 0.047668 0.078209 0.050035 0.082297 0.246581 0.074450 -0.051370 -0.030680 0.089363 0.013164 0.187031 -0.102720 0.211122 0.422235 0.230782 0.065753 -0.063046 -0.117374 0.015726 0.043287 -0.089354 0.087936 0.267992 0.128697 -0.199007 0.126386 0.117746 -0.080627 0.096951 -0.044410 -0.008123 0.098771 -0.218895 -0.117135 0.095528 0.191642 -0.075359 0.261118 -0.059919 
-0.136850 0.043381 0.097227 -0.063440 -0.118649 -0.394728 -0.012742 0.019720 -0.021068 0.064564 -0.167414 -0.056938 -0.190518 0.198002 -0.142585 0.043976 0.044280 -0.093046 0.328206 0.047402 0.176004 -0.141545 -0.067280 0.062496 -0.061185 0.101294 -0.238236 0.184648 0.090482 0.037162 -0.061909 -0.118914 0.156109 -0.054952 0.037529 0.110879 0.002919 0.152545 0.091933 0.148243 -0.172250 0.248200 0.051665 0.114953 0.077439 0.182417 0.056307 -0.278588 -0.154800 -0.058538 
-0.148537 -0.265990 -0.092328 -0.137470 0.167163 -0.058384 0.205751 0.098532 0.033561 0.073509 0.123489 -0.100155 0.080358 -0.145494 -0.033070 -0.037287 -0.086907 0.123042 0.066268 0.022779 0.344533 -0.075301 -0.268212 0.069381 -0.049082 -0.141132 0.215781 0.062016 -0.220983 0.092754 -0.009039 -0.129279 -0.092417 -0.024147 0.018445 0.077510 0.036771 -0.003320 -0.110547 0.118116 -0.126613 -0.122269 0.451260 0.081959 0.077981 -0.119272 -0.170765 0.105770 -0.115768 -0.018927 
-0.166544 0.137955 -0.071863 0.082191 -0.032010 0.000765 -0.074138 0.034748 0.278425 0.177082 0.005407 0.173944 -0.046160 -0.356742 -0.033067 0.107087 0.152868 0.060751 -0.111080 -0.069106 -0.041308 0.073749 0.064263 0.072296 0.091081 -0.128119 0.060014 0.010679 0.200395 -0.078341 -0.096750 -0.041520 -0.049940 -0.150139 0.262710 0.291331 0.174695 -0.003287 0.304045 -0.124054 0.020613 -0.017195 0.053385 0.009631 0.053954 0.298701 -0.281902 0.034201 -0.065102 -0.089547 
-0.140756 -0.183150 -0.010172 0.210988 0.033013 0.154769 -0.143552 0.294430 -0.096107 -0.023905 -0.125253 -0.208121 -0.001333 0.008980 -0.081352 0.211412 -0.160288 0.222055 0.067828 0.092919 -0.060968 0.026354 0.093771 0.068487 -0.147776 -0.125663 0.301925 0.005759 0.085930 0.187617 0.219963 -0.099656 0.000949 0.107358 -0.077404 -0.125949 0.288178 0.146012 -0.041679 -0.036490 -0.028014 0.176379 -0.149402 0.163641 -0.035080 0.258372 0.042085 -0.026275 0.145500 -0.014150 
-0.135614 -0.043720 -0.147715 -0.014424 -0.279896 0.168904 -0.081010 0.093439 -0.099569 -0.009327 0.115292 0.014967 -0.150994 -0.017561 -0.058860 0.216175 0.003243 -0.086783 0.172947 0.282820 -0.171978 0.218657 0.157084 0.202438 -0.138859 0.205197 0.163198 0.197632 -0.164848 -0.093468 -0.024034 0.082879 0.035792 -0.179539 0.001432 0.084166 -0.124606 -0.053860 0.100647 -0.040382 0.092348 0.008500 0.081188 0.064669 0.023696 -0.408720 -0.148134 -0.152715 -0.003861 -0.068611 
-0.158815 -0.085919 0.077426 0.063205 0.104008 0.006270 -0.361634 -0.028463 0.100767 0.135034 -0.265891 0.021652 -0.088908 -0.116994 0.036968 -0.182800 0.115659 -0.014505 -0.000478 -0.193436 0.128751 0.090507 0.149811 0.057288 -0.172333 0.089438 -0.007565 0.091702 -0.336716 0.119718 -0.069642 -0.268448 0.128004 0.153422 -0.108385 0.062138 -0.106023 -0.010660 0.003759 -0.089687 0.138834 0.171589 -0.008194 -0.343242 0.128992 -0.084460 0.024402 0.188745 0.062819 0.035499 
-0.130488 -0.009752 -0.290380 -0.203669 0.157145 0.010979 -0.074281 -0.154671 0.023943 -0.118326 0.179022 -0.033778 0.033393 0.205791 0.102951 -0.207807 -0.117792 0.106350 -0.091703 -0.271253 -0.103697 0.052414 -0.039899 0.379506 -0.167639 -0.011446 -0.004461 0.137950 0.225492 -0.155414 0.069941 -0.007407 0.232335 0.007385 0.141586 0.074229 0.097897 -0.002683 -0.142528 0.109166 0.058624 0.063101 -0.134398 0.069342 0.160067 -0.044888 0.035945 0.071367 0.016633 -0.279797 
-0.144072 0.184688 0.178574 -0.224402 -0.083222 0.147710 -0.183611 -0.211762 -0.005398 0.024042 0.062909 -0.186607 -0.072075 -0.150035 0.028343 0.122512 0.159143 0.004014 -0.228064 0.030096 0.025829 0.044365 0.002281 -0.036746 -0.028213 -0.117710 -0.012424 0.145223 -0.200342 0.142326 0.048780 0.272300 -0.119902 -0.061381 -0.067478 -0.237543 -0.076364 0.264753 -0.088256 0.169820 -0.105893 0.008519 -0.124532 0.103855 0.138038 0.107711 -0.000269 0.103131 -0.338446 -0.180331 
-0.142689 0.020949 -0.005172 0.118810 0.019835 0.032424 0.174808 -0.116426 0.120330 0.156887 -0.051920 0.087551 -0.110288 -0.152624 0.137173 0.036523 0.013031 -0.021663 0.154055 0.035928 0.072303 -0.172557 -0.056105 0.105466 0.106656 -0.040727 0.048870 0.082243 0.093323 -0.110532 -0.012352 0.016805 -0.091429 -0.045310 -0.386393 -0.113901 -0.319846 -0.199377 0.003771 -0.049731 0.209606 0.107866 0.009136 0.321574 0.066527 0.117501 0.204042 0.150515 0.247525 -0.275459 
-0.131118 -0.063646 0.050573 0.014495 0.227206 0.176509 -0.152307 -0.193071 -0.060824 0.163409 0.145375 0.118007 0.084549 -0.097823 -0.160619 0.041537 -0.323117 0.058295 0.165557 0.084512 0.108029 -0.262008 0.188449 0.031095 0.045419 0.111295 -0.261982 -0.100753 -0.025684 -0.135513 0.102488 0.087309 0.077661 0.091799 -0.040970 -0.223879 0.064082 -0.132883 0.096033 0.207023 0.088911 0.031815 -0.028180 -0.113918 -0.150046 0.048320 -0.358526 -0.098879 -0.080401 -0.032735 
-0.132210 0.120622 -0.101121 0.137579 0.191367 -0.065294 -0.309753 0.213583 -0.012250 0.099492 -0.073713 0.067523 -0.002280 0.070068 0.197663 0.018334 0.061882 -0.067025 0.041996 0.007858 -0.082124 0.138860 -0.245631 0.021022 -0.009066 -0.289809 0.001308 0.097627 0.211656 -0.122391 -0.229268 0.069235 -0.013618 0.342246 -0.137052 -0.229396 -0.100140 0.022230 0.074810 0.092530 0.009699 -0.229558 0.076047 0.048007 0.001534 -0.142956 -0.070468 -0.218967 -0.128135 0.142347 
-0.123269 0.085523 -0.131297 -0.024489 -0.188935 0.176836 0.109202 0.091184 0.205788 0.018669 0.194313 -0.009708 -0.196429 -0.016615 -0.096977 -0.222124 -0.208760 -0.175114 -0.142498 -0.069230 0.100090 -0.162910 -0.095644 -0.021766 -0.120749 0.070245 0.284727 0.016125 0.072112 -0.050277 -0.190342 -0.018880 0.028052 0.003559 -0.140970 -0.025500 -0.014993 0.123037 -0.032299 -0.032041 0.165663 0.157102 -0.038786 -0.168537 -0.359124 0.119944 0.150882 -0.111027 -0.279553 0.161930 
-0.138007 -0.273618 -0.092929 0.024950 -0.145644 -0.005434 -0.025538 0.188280 -0.169673 0.005819 0.057402 0.195890 -0.024382 0.005725 0.163904 -0.153685 0.148785 0.183090 0.022424 0.219711 -0.054577 0.037850 0.074981 -0.297966 -0.088703 0.107720 -0.066203 0.167168 0.058583 -0.090668 0.053033 0.239664 0.149965 0.137132 0.133208 0.010588 -0.089846 -0.181531 -0.120072 0.028669 -0.052660 -0.056059 0.172266 -0.165648 -0.067523 0.325590 0.151804 0.173354 -0.150212 -0.162031 
-0.155761 -0.210088 -0.126063 -0.191665 -0.093310 -0.057395 -0.133491 -0.093789 -0.096311 -0.207830 0.059398 -0.114759 0.071837 -0.043454 -0.019127 0.342143 0.046035 -0.093508 0.246384 -0.440919 -0.160225 0.033425 -0.114047 -0.108821 0.006671 -0.043150 0.033480 -0.251007 -0.004102 0.044497 0.170509 -0.074572 -0.050119 0.008951 -0.114323 0.134859 -0.249744 -0.078325 0.127353 -0.000026 0.112143 -0.131812 0.015595 -0.097555 -0.140992 0.158932 0.042509 -0.044800 -0.135895 -0.027019 
-0.140405 -0.082937 0.344883 -0.099946 -0.018520 0.003409 -0.067631 0.261704 0.069232 -0.119099 0.210393 0.015587 0.132096 0.015076 0.038750 -0.094703 -0.005107 0.206106 0.033000 0.050335 0.049810 -0.142156 0.025182 0.244151 0.190192 0.131256 -0.030983 -0.028671 0.036905 -0.071974 0.047342 0.157510 0.008098 0.213272 -0.047862 0.313170 -0.228288 0.264290 0.211354 -0.028327 -0.008890 -0.039297 -0.163268 0.128073 0.005852 -0.078010 0.047746 0.198181 -0.003029 0.236359 
-0.147838 0.063484 -0.154234 0.177927 0.057824 0.383704 0.019234 -0.110388 -0.112471 0.052583 0.073714 -0.068667 0.057145 0.260183 0.062374 -0.216629 0.111945 -0.254127 0.173707 -0.006519 0.231162 0.044519 0.097842 0.059871 -0.009033 0.127009 -0.026531 -0.207538 0.079801 0.287591 -0.058949 0.097697 -0.029705 0.020417 -0.036377 0.064256 -0.020595 0.139261 0.155167 -0.244824 -0.247905 -0.211013 0.090947 0.017799 0.104358 0.125186 -0.016687 -0.028146 0.033755 -0.127590 
-0.130084 -0.131014 0.265864 -0.156973 -0.002684 0.145554 0.029102 0.176760 0.088691 0.046111 -0.256081 -0.025981 0.065079 0.004784 -0.141554 -0.153405 -0.149685 0.044568 0.015197 -0.318208 -0.245271 0.129598 -0.031971 0.143989 0.048424 0.180757 -0.143530 0.057972 -0.073401 -0.134010 -0.135989 0.106059 -0.069165 -0.185922 0.006948 -0.282776 0.118891 -0.166381 0.021275 -0.262797 -0.177968 -0.073382 0.190626 0.160149 -0.041162 0.054484 0.102128 -0.047032 -0.093586 0.027842 
-0.137420 -0.087744 -0.005572 0.037024 -0.198634 0.115844 -0.009477 -0.029041 -0.178107 -0.089961 -0.035372 0.079033 0.093344 -0.122851 0.240650 0.018054 0.053419 0.090552 0.070414 -0.035684 0.228036 -0.166996 -0.317227 0.050555 0.145425 -0.093668 0.020273 0.079028 0.118062 -0.034495 0.110765 0.046383 0.153990 -0.332409 0.109406 -0.242645 -0.011017 -0.007922 -0.006680 -0.226766 -0.022861 0.128290 -0.187752 -0.274625 0.235410 -0.072743 -0.054802 -0.124198 0.040656 0.239192 
-0.126257 -0.142618 -0.208882 0.099181 0.034011 -0.101922 0.038565 -0.043928 0.084410 -0.205213 -0.103315 0.206851 -0.088585 0.007894 -0.008186 -0.064614 -0.210308 -0.229495 -0.188260 -0.039572 -0.011998 0.011951 0.139600 -0.075583 0.049100 0.045566 -0.027251 0.205551 -0.205202 -0.254512 0.277743 0.024060 -0.157801 -0.048679 -0.091684 -0.007720 -0.053659 0.323848 0.007859 0.070816 -0.042870 -0.225294 0.038661 0.025801 0.225077 0.215376 -0.038786 -0.136903 0.173778 0.195302 
-0.160479 0.092747 -0.207876 0.025476 0.214705 0.013653 0.122123 0.086886 0.112792 -0.130827 -0.109478 -0.227366 -0.016498 -0.125853 -0.081238 0.157673 -0.028363 -0.069634 -0.170122 0.152032 0.054811 -0.099438 0.054470 0.133822 0.016572 -0.099677 -0.201861 -0.117386 -0.155903 0.036209 0.093870 0.293144 0.037666 0.196072 0.100159 0.179389 -0.008740 -0.329296 -0.036315 -0.181762 0.031914 0.136044 0.004325 -0.048803 0.179032 -0.024027 0.273695 -0.215395 -0.148644 0.111668 
-0.142471 0.221079 0.153547 0.023602 -0.065421 0.008115 -0.048568 0.126534 -0.105993 -0.350545 -0.011266 0.120655 -0.057380 -0.031189 0.133621 0.188874 -0.133379 -0.069312 -0.041626 0.145793 0.200809 0.131716 -0.019800 0.085513 -0.092429 0.112281 -0.149275 -0.330892 -0.012284 -0.208152 -0.176700 -0.289122 0.051392 -0.009892 -0.028102 -0.008601 0.046674 0.005883 -0.363607 -0.116179 0.091231 -0.096836 0.039511 0.097368 0.066612 0.139111 -0.108367 0.146205 -0.116027 -0.067610 
-0.148860 -0.012703 -0.043564 -0.004850 0.001142 -0.279041 0.047776 0.120484 -0.099362 -0.111180 0.041949 -0.046627 0.357739 -0.112874 -0.089492 -0.142366 -0.053000 -0.140238 0.133305 -0.029067 0.097170 0.267612 0.233511 -0.058743 0.198853 -0.173116 0.093899 -0.054405 0.008162 -0.112171 -0.249750 0.262603 -0.075299 -0.112650 -0.270551 0.037990 0.137133 0.063068 -0.067180 0.054060 -0.058790 0.248460 -0.103005 -0.197984 0.001102 -0.050851 -0.030263 0.006529 0.053367 -0.189531 
