-0.117073 0.078270 -0.060600 -0.034384 -0.106383 -0.046721 -0.062950 -0.182354 0.081322 -0.233206 0.163852 0.263249 -0.231341 -0.061024 -0.147634 -0.067832 0.119896 0.004688 0.150207 0.132396 -0.236288 -0.088328 -0.197735 0.001213 0.085381 -0.197333 0.217547 -0.095324 -0.096260 0.152708 0.093883 0.040682 0.142724 0.110542 -0.187318 -0.089884 0.137765 -0.200074 0.228109 -0.250928 0.076649 -0.060945 0.127975 0.110568 0.233208 0.010596 0.127750 -0.004922 0.118428 0.089812 
-0.138339 0.096869 0.180306 0.051318 -0.166923 -0.151579 -0.128119 0.068914 -0.007236 -0.269167 0.230367 -0.092151 0.396204 0.222159 -0.049829 0.020884 -0.206384 0.099090 -0.070700 -0.031315 -0.067800 0.239325 -0.180239 0.148820 0.120306 0.099040 0.196153 -0.038752 0.081203 -0.070105 -0.127116 -0.160804 0.095942 0.002259 0.244070 0.047278 0.152595 0.196386 -0.011794 0.059124 0.046759 -0.048975 0.076955 0.014853 0.094103 0.158991 0.014743 -0.022162 0.211471 0.039229 
-0.136454 0.230782 0.165837 0.126251 -0.043328 -0.210527 -0.063063 -0.030412 -0.141954 0.127058 -0.384746 0.107902 -0.038259 -0.124859 -0.058935 0.073487 0.007360 0.108231 -0.042988 0.248858 0.097395 0.030312 -0.127492 -0.044051 0.002034 0.025676 -0.084179 -0.050781 -0.131530 -0.049329 0.168870 0.197466 0.009561 0.043512 0.230178 0.034059 0.192351 0.252113 0.203386 -0.124486 -0.052377 0.086741 -0.359498 -0.006477 0.112350 0.120344 0.030586 0.133399 -0.101854 -0.025674 
-0.149819 0.071492 -0.175726 0.080586 0.056047 -0.044892 0.088418 0.222489 0.096192 -0.095564 -0.117855 -0.218285 -0.039372 -0.135944 0.138006 -0.267126 0.213595 0.030125 0.137386 -0.278289 -0.011833 -0.167372 0.151920 0.083470 0.104911 -0.135740 0.147269 0.161337 0.110326 0.075598 0.090102 -0.101834 0.082404 0.017375 0.252453 -0.217692 0.063207 -0.083984 -0.103530 -0.082053 -0.073632 -0.118788 -0.307333 0.007616 0.051346 0.240578 -0.125896 -0.017951 0.151440 0.085341 
-0.134631 -0.101610 0.202242 0.021119 -0.001704 0.083361 -0.125962 -0.146890 -0.075002 0.018587 0.042561 0.091879 -0.252002 0.187180 -0.053830 0.342344 -0.088333 -0.253510 -0.098550 -0.057512 -0.133841 0.030524 0.029635 -0.183119 -0.078283 -0.092410 0.043491 -0.148583 0.181507 0.055910 0.308823 -0.108098 0.058028 0.008893 0.310943 -0.097828 -0.153006 -0.144203 -0.077543 0.061809 -0.220272 -0.154619 -0.073810 -0.072808 -0.069425 0.173716 -0.040458 -0.196276 -0.000988 -0.093597 
-0.142106 0.019246 -0.070047 0.120806 0.285767 0.036885 -0.000070 0.178916 -0.056123 -0.050125 0.120667 -0.048498 -0.021607 -0.145986 0.044621 0.152408 -0.181413 0.012715 0.057519 -0.007107 -0.361521 0.110224 0.246052 0.102533 0.103299 -0.066170 -0.078261 -0.029076 -0.235904 -0.116929 0.125711 -0.079215 0.113029 0.004676 -0.007819 0.139933 -0.208802 0.072109 0.149661 0.059320 0.158739 0.238926 -0.122883 0.427386 -0.002482 -0.013194 -0.000852 -0.132651 -0.019366 -0.078890 
-0.148860 -0.100280 -0.085567 -0.019233 0.001828 0.262034 -0.013750 0.137468 0.114550 -0.026465 -0.134165 0.213485 0.009373 0.170451 0.248675 -0.007570 0.073723 0.322500 -0.331081 -0.046561 0.159767 -0.177244 -0.089898 -0.150255 0.057316 0.061612 0.085351 -0.185502 -0.028974 0.091519 0.158925 -0.175808 -0.146893 -0.089264 -0.038512 0.104167 -0.063200 0.118022 0.027485 -0.132704 -0.027160 -0.057696 0.097929 0.313096 -0.106474 0.086292 0.073318 0.170851 0.161136 -0.108430 
-0.142024 0.183818 0.004312 -0.212118 0.012887 0.069865 -0.283012 0.222096 0.194334 0.194865 0.271593 0.126444 -0.151352 0.057103 -0.044614 0.105796 0.213651 0.106724 0.074909 -0.000634 0.015367 -0.029944 0.121764 0.086954 -0.183331 -0.212470 -0.025480 0.148742 -0.016781 -0.128155 0.128075 0.049499 -0.159348 0.259810 0.166196 0.036674 0.143945 0.245377 -0.060041 0.092263 0.114942 0.086016 0.208499 -0.103254 -0.099380 -0.019373 -0.122248 0.078035 -0.012680 0.131780 
-0.109784 -0.048793 0.037902 -0.011616 0.055582 -0.018763 -0.157406 -0.053159 -0.045228 0.025435 -0.136912 0.148680 -0.081533 0.295005 0.059151 -0.254952 0.199956 0.148437 0.050692 -0.086976 -0.159997 0.188074 -0.024880 -0.080683 0.045793 0.233439 0.059243 0.118568 0.255080 0.039143 0.184427 0.009161 0.049761 -0.057537 -0.132422 0.237137 -0.079718 0.033076 -0.043131 0.098584 0.199388 0.073136 -0.200066 -0.115864 0.245655 -0.303192 -0.197537 -0.207740 0.000290 0.023272 
-0.132498 0.028510 -0.076318 -0.105371 0.079523 -0.006536 -0.216554 -0.394294 0.040071 -0.024483 0.065561 -0.238134 0.132036 -0.033726 -0.107980 -0.065292 0.144814 0.132443 0.037520 -0.131234 0.012155 -0.188987 -0.111084 -0.068949 -0.113848 0.088348 -0.026772 -0.293605 -0.115334 -0.344172 -0.035901 -0.147001 -0.213291 0.103541 0.053447 -0.039587 0.113255 -0.273835 0.009306 0.111730 -0.003319 0.204954 -0.181608 0.050436 -0.021400 -0.057491 -0.061454 -0.005824 0.033883 -0.196324 
-0.146137 0.096636 -0.085320 -0.035295 0.075677 0.125181 0.119013 -0.237645 -0.019085 -0.131450 -0.281690 -0.024404 -0.034138 0.103450 -0.137759 -0.018571 0.031173 0.314481 0.070620 -0.128058 -0.064747 0.017888 -0.009157 0.094077 0.035223 -0.015927 -0.117811 0.036022 -0.232571 0.099816 -0.066670 0.249633 0.288564 -0.041138 0.300936 -0.041470 -0.086461 0.013431 -0.155062 0.163015 -0.139326 -0.039804 0.410645 0.043157 0.013713 -0.077085 -0.107779 -0.018415 -0.092979 -0.063576 
-0.152134 -0.134124 -0.250536 0.015968 -0.005991 0.060203 0.118844 0.045190 -0.261179 0.194272 0.263606 0.002345 0.143555 0.090292 -0.040718 -0.085611 0.070194 -0.231719 -0.014990 0.030581 0.056094 0.008260 0.073749 -0.272267 -0.057142 0.230250 -0.102795 0.091764 -0.148510 -0.041900 0.032044 0.071571 -0.009790 -0.100199 0.241199 -0.144283 0.191916 0.033737 0.198856 -0.242172 0.115715 -0.181518 0.148469 0.103928 0.183935 -0.077079 -0.235885 -0.042105 -0.003055 -0.115567 
-0.157526 -0.217305 0.183980 0.088631 -0.206801 0.051489 0.095602 0.099490 0.034814 -0.047710 -0.185667 -0.139655 0.043519 0.109718 -0.089574 0.175638 -0.019371 0.049349 0.194599 -0.041693 -0.010247 0.105569 0.170121 0.175389 -0.019537 0.047336 0.163950 -0.116370 -0.208174 0.129982 0.042492 0.074510 -0.265920 0.068406 -0.121959 0.183304 0.222569 -0.175683 -0.091646 -0.349089 0.014530 0.039761 0.025537 -0.015148 -0.192725 -0.004649 -0.276799 -0.147890 -0.105239 0.059995 
-0.142135 -0.152760 0.017714 0.097362 0.397403 -0.223043 -0.138084 0.057788 0.048993 0.008145 0.018609 0.068034 0.015982 -0.068743 -0.046900 0.127999 0.021999 0.009232 0.287631 -0.070578 0.031372 0.049461 -0.213981 -0.124268 0.170534 0.262369 0.028266 0.074214 0.107000 0.066201 0.077850 0.148320 -0.242972 -0.183211 -0.157804 -0.298046 0.059768 0.074952 -0.093398 0.073052 -0.164434 0.171760 0.200383 0.086583 -0.047904 0.187490 0.037885 0.004814 -0.022291 0.106492 
-0.142660 0.175056 0.012180 -0.087798 0.006787 0.250350 0.072082 0.126370 0.039679 0.063359 0.166209 0.038355 0.145990 0.214449 0.171244 0.124220 -0.159862 0.109338 0.289749 -0.087950 0.093222 -0.231459 -0.023628 -0.146954 0.041097 -0.066713 0.058283 -0.038368 0.016563 -0.111443 -0.061217 0.145570 0.263645 -0.255679 -0.048151 0.056227 -0.038197 -0.070479 0.150618 -0.182362 -0.119983 0.277638 -0.118471 -0.324864 0.013932 0.032281 0.125451 -0.073833 -0.109516 -0.007842 
-0.130519 0.094235 -0.001413 0.334758 0.099502 -0.000601 -0.015818 -0.243106 0.016789 -0.206392 0.248679 0.208672 -0.063270 -0.083029 0.070307 -0.029773 -0.102885 0.012823 0.056651 -0.067490 -0.003004 -0.234227 0.076848 0.201008 0.103216 0.147251 -0.171510 0.006490 0.179909 0.170864 -0.122641 0.063999 -0.110728 0.144083 0.033533 0.038749 -0.055822 0.214234 -0.025221 -0.185976 0.105073 -0.128481 -0.090271 -0.180483 -0.234968 -0.089079 -0.089450 0.068281 -0.063200 -0.312461 
-0.138062 0.055864 0.095251 0.177650 -0.039914 -0.022270 -0.095917 -0.099569 0.184460 -0.029239 0.088184 -0.166079 -0.399379 -0.087579 0.268468 0.047100 0.000181 0.005973 -0.133494 0.009649 0.027403 0.086082 0.012552 -0.113663 -0.013866 0.139043 0.033847 0.252020 -0.168692 0.096303 -0.300742 -0.112312 -0.155977 -0.254820 0.263941 0.160622 0.113157 -0.147390 0.095597 0.002473 -0.036546 0.078337 0.039688 -0.010786 0.045088 -0.163230 0.203226 -0.059525 -0.013426 0.169849 
-0.143877 -0.130484 0.015194 -0.107673 0.167621 -0.023534 0.060029 -0.047772 -0.094137 0.125475 0.009654 -0.377903 0.009208 -0.095869 -0.023502 0.125854 -0.070179 0.061414 -0.015938 0.028106 -0.089838 -0.083246 -0.280472 -0.278969 -0.023144 0.077138 0.167628 0.241597 0.006056 0.193593 0.020894 0.011049 0.229235 0.385605 -0.046741 0.211752 -0.101688 0.033511 0.051156 -0.070091 0.080580 -0.026073 -0.012515 -0.098691 -0.230385 -0.047924 -0.027788 0.198205 0.170181 0.041940 
-0.125792 0.140370 -0.129575 0.122846 0.073661 0.179036 -0.079788 -0.091817 0.174285 -0.027023 -0.172295 0.080544 0.142419 0.065957 0.062489 0.093115 0.109030 -0.156986 -0.151651 -0.001482 0.034976 0.067521 0.047865 -0.146236 0.128873 0.037236 -0.138502 0.124233 0.178986 -0.190990 -0.255265 0.075592 0.139522 0.332271 -0.196501 0.110593 0.203725 -0.066295 0.105187 0.021567 -0.083155 -0.140862 0.015158 0.167828 -0.086319 0.227788 -0.007814 -0.287323 -0.170771 0.174433 
-0.117944 0.086130 0.064376 0.061528 -0.059301 0.071429 0.027394 -0.315487 0.082340 0.081442 -0.152906 -0.159837 -0.107558 0.208019 -0.082819 0.017881 -0.187172 -0.048546 0.181277 0.025058 0.167137 -0.119102 0.225878 0.096011 -0.142206 0.043427 0.087534 0.262681 -0.079716 -0.058734 0.163650 -0.200060 0.033416 -0.175317 -0.294322 -0.132521 0.066395 0.206403 0.207561 0.193711 0.197884 -0.139416 0.047311 0.034181 -0.009780 0.176523 0.020147 0.027481 0.166601 -0.055037 
-0.155746 -0.047543 0.079545 -0.165076 -0.036033 0.055368 0.177000 -0.028877 0.362524 0.186897 -0.091074 0.064753 0.155760 -0.078901 -0.287525 0.080610 0.222410 -0.074278 -0.043239 0.029602 -0.131991 0.065464 0.128440 0.032953 -0.137792 0.103767 0.185585 0.012607 0.164988 0.210231 -0.328911 -0.029173 -0.070589 0.000386 0.098886 -0.118048 -0.252267 0.146271 0.149625 -0.076541 -0.015158 0.178631 -0.067589 0.047281 0.138404 0.033839 0.094223 -0.037523 0.001973 -0.227037 
-0.148665 -0.027992 0.144382 -0.133293 -0.085119 0.065090 -0.306515 0.017982 -0.077645 0.087542 0.051771 0.019492 0.083409 -0.344975 -0.151220 -0.382268 -0.113676 0.017520 -0.000741 -0.079098 0.168758 0.013327 -0.017536 -0.046416 -0.196648 -0.016884 -0.095321 -0.007702 -0.001539 0.198249 0.058797 0.121102 0.124570 -0.162819 -0.003654 0.135541 -0.006783 -0.000137 -0.096364 -0.063558 0.116725 -0.033781 0.033095 0.104719 -0.220457 0.158608 0.198156 -0.385315 0.024843 -0.046671 
-0.139315 -0.042991 -0.290495 -0.223170 -0.267001 -0.100161 -0.103325 0.205722 0.108083 -0.196119 -0.088422 -0.180085 -0.039377 0.019967 -0.004922 0.074592 0.009765 -0.121667 0.125175 0.055137 -0.145677 -0.100156 -0.009839 -0.087319 0.135603 0.186397 -0.063003 -0.019197 -0.108106 0.046233 0.132363 -0.111179 -0.023820 0.047851 -0.054945 0.043959 0.078070 0.189269 -0.130627 0.118143 -0.039231 -0.179028 -0.025129 -0.099853 0.033007 -0.082091 0.348142 -0.046813 -0.348522 -0.246806 
-0.154675 -0.187881 0.044130 -0.258779 0.219321 -0.104620 0.201391 -0.078658 0.156275 -0.068564 0.133728 0.068079 -0.107536 -0.092216 -0.144146 -0.048804 0.034051 -0.042943 -0.050489 -0.132015 0.167916 0.038888 -0.108356 0.223992 -0.016881 0.110040 -0.088788 -0.128375 -0.026375 -0.138770 0.062146 -0.214518 0.151323 -0.157838 0.021798 0.259221 -0.065421 0.061420 0.140529 -0.066164 -0.017644 -0.197449 -0.068634 -0.060133 0.024918 0.134884 -0.122356 0.149180 -0.330828 0.298727 
-0.148058 -0.143310 -0.343070 0.249023 -0.057274 -0.098711 -0.085779 -0.060090 0.055769 0.108891 -0.027793 -0.146297 -0.043218 0.174527 0.056043 -0.155159 -0.144827 -0.005745 0.166763 0.117314 0.111070 0.159725 0.076384 0.077800 -0.267957 -0.074317 0.085921 -0.319474 0.299344 0.014306 0.006451 0.070289 0.105466 0.089749 0.112898 -0.068328 -0.077685 0.068766 0.085333 -0.056117 -0.060832 0.065470 0.036515 0.149475 -0.130975 -0.201508 0.182364 0.127141 -0.098708 0.238535 
-0.135967 -0.078666 0.346310 0.125759 0.079408 -0.055700 0.137344 0.129584 0.027644 -0.155596 0.115572 -0.058942 0.063381 0.124621 -0.112110 -0.102624 0.046613 0.320354 -0.054353 -0.128531 -0.088433 0.132511 0.131504 -0.311654 -0.178213 -0.178361 -0.220794 0.014407 -0.092640 -0.067121 -0.042683 0.049863 -0.088165 0.091398 -0.151867 -0.284959 -0.043919 -0.007139 0.081684 0.000706 0.011192 -0.284662 -0.129965 -0.048674 -0.004349 -0.127988 0.221807 0.053732 -0.120271 0.060403 
-0.126486 0.080100 -0.082437 0.187701 -0.028147 -0.308286 0.111504 0.051779 -0.249879 0.133978 0.006750 -0.047116 0.148067 -0.190012 0.019697 0.218195 0.153555 0.251852 -0.122689 0.008133 0.019921 -0.260136 -0.005429 0.069823 -0.083593 -0.186993 0.123502 -0.030686 0.188566 0.067909 0.036943 -0.203490 -0.065116 -0.093582 -0.088709 0.101489 -0.016678 -0.021703 0.202965 0.148765 -0.055133 -0.091401 0.245502 -0.100418 0.072925 -0.091875 -0.048744 -0.323294 -0.148610 -0.003178 
-0.154719 0.176749 -0.139219 -0.087979 0.007243 -0.004884 0.017877 0.069695 0.086766 -0.117872 -0.102691 -0.115038 -0.048589 -0.099035 -0.147299 0.285092 -0.223851 -0.040357 -0.390861 -0.193166 -0.047690 -0.083235 0.014275 0.015981 -0.130956 0.069484 -0.165075 -0.095764 0.221879 0.057326 0.063526 0.162265 0.056366 -0.167525 -0.115965 -0.180259 0.171242 -0.065330 -0.181713 -0.116599 0.332301 0.112261 -0.019000 -0.041307 0.131172 -0.137817 -0.047192 0.071648 0.087613 0.160055 
-0.140739 -0.081526 0.115457 -0.143121 -0.085046 -0.095120 0.003491 -0.216547 0.073540 0.145048 0.070234 -0.157470 0.151827 0.049215 0.106400 -0.149619 -0.226013 0.039431 -0.073685 0.112736 -0.006795 -0.140364 0.218572 -0.012894 0.350095 -0.163506 -0.156092 0.101631 0.166433 0.070520 0.160611 0.178251 -0.262290 0.106920 0.068732 0.125957 -0.152947 -0.158476 -0.041179 -0.037177 0.034070 0.053809 0.129791 0.064709 0.319358 0.158859 0.055891 0.129081 -0.134841 0.076184 
-0.175988 -0.003770 -0.109786 -0.065589 -0.025054 -0.198670 -0.198795 -0.014108 0.046684 0.005320 0.099106 -0.089705 -0.056136 0.161353 -0.143121 -0.022188 0.039572 -0.065243 -0.319566 0.121483 0.266864 0.058069 -0.013865 0.058652 0.348129 -0.231983 0.160133 0.097850 -0.213352 -0.041212 -0.072767 0.116209 0.065718 -0.115797 -0.153023 -0.213424 -0.238530 0.070021 -0.012941 -0.075002 -0.109213 0.021710 -0.158955 -0.011868 -0.200975 -0.195375 -0.191273 -0.123713 -0.019544 -0.050093 
-0.147899 -0.149630 -0.164773 -0.174015 0.216229 -0.028590 0.027643 0.087372 -0.054975 -0.096228 0.008130 0.125421 -0.147142 -0.086940 0.067305 -0.078267 -0.335468 0.137629 -0.129393 0.153247 -0.019534 0.037894 0.161705 0.084359 -0.252185 0.053140 0.304918 0.044147 0.000229 -0.178752 -0.137003 0.272884 -0.113457 0.079591 -0.087657 0.093115 0.116167 -0.054748 -0.024204 0.114906 -0.255937 -0.164424 -0.069294 -0.135916 0.186013 0.088821 -0.030119 -0.049521 0.131926 -0.190152 
-0.134791 0.099385 0.119692 -0.119151 0.084041 -0.089553 -0.006504 -0.065713 -0.149792 -0.198363 -0.191276 0.145214 0.207288 -0.034183 0.049123 -0.140578 0.036434 -0.239671 -0.101590 -0.053733 -0.136085 0.032049 0.126280 0.047199 -0.117615 -0.062470 0.127024 0.330031 0.120696 -0.225915 0.175449 -0.147063 0.003624 -0.079930 0.019676 0.005926 0.065299 -0.098045 0.015104 -0.242486 -0.182063 0.160307 0.194928 0.021735 -0.234990 -0.228697 0.147768 0.215382 -0.092193 -0.080135 
-0.127493 0.057277 0.077175 0.140744 -0.145570 0.261115 0.084023 0.015033 -0.051589 -0.178562 0.036347 -0.224786 -0.083504 -0.149799 -0.034731 -0.248035 0.123806 -0.088651 -0.137248 0.297576 -0.264728 -0.122134 0.007417 -0.089358 -0.025407 0.146625 -0.031494 -0.164793 0.010294 -0.180308 0.069119 0.035888 -0.081396 -0.074696 -0.114619 -0.039228 -0.179903 0.275469 -0.017870 0.004695 -0.190664 0.144985 0.147418 -0.200956 -0.023466 0.119165 -0.170930 -0.053397 0.073735 0.244342 
-0.139091 -0.010146 -0.013911 -0.297607 -0.104621 -0.220306 0.152477 -0.195363 -0.233839 0.003924 -0.061039 0.188347 -0.012069 -0.000675 0.159723 0.053824 -0.007744 -0.143267 0.116207 -0.279497 -0.028955 -0.064406 0.202146 -0.149701 0.092210 -0.068007 -0.080793 -0.193979 -0.110141 0.062434 -0.203701 -0.003801 -0.100579 0.071805 -0.037300 0.055346 0.026412 0.308249 -0.041335 0.051781 -0.106373 0.039720 -0.070247 0.030389 -0.060509 -0.111119 0.068262 -0.099219 0.321396 0.284184 
-0.132627 0.241059 -0.017073 0.253182 0.147035 0.007081 0.104471 0.016882 0.172193 -0.104784 0.069138 0.104376 0.227704 -0.051226 -0.197463 -0.003961 0.025876 -0.245919 0.098201 0.133164 0.224855 -0.034704 0.091832 -0.289643 -0.075603 -0.119854 0.158619 -0.080610 -0.142427 0.149583 0.089068 -0.017421 -0.027501 -0.070109 -0.020099 0.317067 -0.017974 -0.053131 -0.331324 0.213003 -0.038029 -0.066680 -0.059560 0.040791 0.134275 -0.136948 -0.049796 0.151885 0.043243 0.042436 
-0.151356 0.054545 0.049482 0.096553 0.063265 -0.008889 0.233595 0.066512 -0.182403 0.233082 0.097235 -0.156715 -0.230240 0.280298 -0.125256 -0.156614 0.170415 -0.176047 -0.108095 -0.139369 -0.176118 0.000142 -0.199342 0.147837 0.051090 -0.214152 -0.026275 -0.075732 0.097370 -0.014271 -0.130973 0.162402 -0.052157 -0.144560 -0.120460 0.218673 0.249515 0.039018 -0.116187 0.090921 -0.009480 0.051154 -0.006244 0.108063 -0.069403 0.154593 0.177604 0.115157 -0.007851 -0.233467 
-0.130680 0.119351 0.060615 -0.270776 0.009674 0.267557 0.134333 -0.045926 -0.127610 -0.051390 0.035616 0.039311 0.058141 -0.092166 0.163726 -0.063960 -0.103918 0.026258 0.056554 0.238248 -0.080719 0.094906 -0.088456 -0.026492 0.096054 -0.092149 0.143524 -0.055324 0.142981 0.257123 -0.067895 -0.038133 -0.123213 -0.103985 0.051191 -0.223711 0.216191 -0.055374 0.102332 0.337837 0.131132 -0.043484 -0.162607 0.123283 -0.240577 -0.103390 -0.200067 0.064678 -0.273575 0.066520 
-0.147760 -0.052656 0.202597 0.049358 -0.149867 0.029581 0.208828 0.186734 0.306138 0.063272 -0.115986 0.023132 -0.071795 -0.170693 0.058695 -0.085181 -0.214504 -0.181562 0.123485 -0.138988 0.123029 -0.051878 -0.335930 0.042491 0.111616 -0.062408 -0.088577 -0.020838 0.090270 -0.260257 0.110586 0.090460 -0.048893 0.115523 0.058300 -0.025266 -0.019835 -0.009866 0.177106 0.137813 -0.046608 -0.073174 0.112090 0.091560 0.030976 -0.348982 -0.107931 -0.139519 0.180236 -0.144910 
-0.141506 0.057370 -0.198019 -0.014027 -0.397122 -0.099766 0.111793 -0.080831 0.027562 0.066478 0.143390 0.134498 0.055269 -0.039816 -0.000294 0.167454 0.026015 0.185346 0.143924 0.115237 -0.161147 0.080666 -0.182310 0.021466 -0.183202 0.038866 -0.220001 0.302070 0.077873 -0.141216 -0.002053 0.059061 -0.056920 -0.195367 -0.075175 0.074217 -0.196884 -0.143033 -0.193800 -0.020697 -0.140974 -0.119481 -0.203253 0.218855 -0.138306 0.087192 -0.107924 0.092980 0.108366 0.052521 
-0.155421 0.123240 0.122623 -0.064364 0.098495 0.022956 -0.170535 0.148349 -0.223474 -0.112793 -0.131910 -0.044667 -0.019406 0.203320 0.165271 -0.017535 -0.062599 -0.211841 0.093061 0.035261 0.086880 -0.207167 -0.284013 0.161835 -0.316571 -0.045567 -0.085942 0.059407 -0.107857 0.103300 -0.258738 -0.109420 -0.125658 0.139000 -0.061353 -0.092278 -0.299973 -0.006827 -0.103613 -0.105370 0.043148 -0.026381 0.001660 0.161581 0.271769 0.033462 -0.098329 -0.033205 -0.145866 0.057959 
-0.129052 0.379120 -0.195703 -0.015828 0.075514 -0.105510 0.125066 0.116343 0.053570 0.215943 -0.042925 0.106929 0.005765 0.121229 -0.050867 -0.207882 -0.190774 -0.008506 -0.077603 -0.010682 -0.068912 0.251634 -0.044255 0.060359 0.028681 0.164509 -0.192356 -0.089605 -0.180875 0.205490 0.099698 -0.244767 -0.149671 0.156823 -0.054357 -0.060000 -0.098253 -0.268351 0.129049 0.010847 -0.083032 0.045513 0.079435 -0.291385 -0.134183 0.108640 0.026758 -0.041094 0.115248 0.009885 
-0.140514 -0.235574 0.130837 -0.054618 -0.004264 -0.193594 -0.060840 0.243627 -0.006789 -0.142689 -0.055807 0.072533 -0.082228 0.132567 -0.122985 -0.028097 0.066569 0.014421 0.056787 0.353898 0.080555 -0.240826 0.201764 -0.010584 0.037011 0.060043 -0.355807 -0.022657 0.125013 0.090125 -0.176284 -0.147135 0.260031 -0.018656 0.028078 0.037284 0.152724 -0.224474 0.076512 0.160310 -0.031405 0.175170 0.030538 0.014592 -0.092397 0.002535 -0.111982 0.095824 0.211268 -0.070521 
-0.112354 0.034483 0.071278 0.049671 0.077328 0.159597 -0.321168 0.094874 -0.091027 0.361734 -0.182824 0.052132 0.046894 -0.111611 -0.146449 0.036692 -0.053651 0.019467 0.118379 0.042129 -0.239344 -0.097133 0.082506 0.081365 0.258198 0.048211 0.074009 -0.135014 0.008062 -0.184390 -0.234202 -0.094059 0.005329 -0.164859 0.007959 -0.001624 -0.063672 -0.097598 -0.080783 -0.076223 0.043897 -0.419487 0.027382 -0.082444 -0.003644 -0.152715 0.066266 0.205085 0.092415 0.125294 
-0.134560 -0.077447 -0.166566 -0.053023 0.136992 0.195713 0.172194 -0.037202 -0.186872 -0.186486 -0.119806 -0.024064 -0.101023 -0.069711 -0.119716 0.106765 0.074074 0.075642 0.158195 0.226903 0.256211 0.281216 -0.080636 -0.036280 0.150303 -0.240216 -0.106965 0.055472 0.157948 -0.190881 -0.050687 -0.183717 -0.192652 0.000345 0.117119 0.033350 -0.081718 0.020477 -0.122398 -0.163338 0.271916 0.038559 0.038515 -0.173593 0.036237 0.044042 0.195077 -0.145542 0.157632 -0.062795 
-0.150216 -0.144731 0.040303 0.104078 -0.057704 0.303094 0.105883 -0.003399 -0.218650 0.077750 0.158458 0.101003 0.083927 -0.008302 -0.139834 0.075794 0.095982 0.011641 -0.116046 -0.003133 0.170597 -0.117609 0.000886 0.368960 0.073913 0.248407 0.023684 0.157149 -0.093368 0.061216 0.166657 0.013689 0.033387 0.219669 0.006938 -0.124243 0.050309 -0.091541 -0.084039 0.170191 -0.145330 0.105371 -0.174363 0.024104 0.096649 -0.171268 0.339351 -0.046535 0.045834 0.219534 
-0.157773 -0.039407 0.123331 0.045990 -0.033353 -0.248067 0.212043 -0.027108 0.068409 0.109386 -0.013563 0.158234 0.012363 0.008364 0.330524 -0.019259 0.140678 -0.059060 -0.058056 0.154275 -0.013359 -0.064446 0.022358 0.009397 -0.030171 0.165212 0.210587 -0.120326 -0.153271 -0.233790 -0.002931 0.122503 0.171590 0.063575 0.058420 -0.155867 -0.119928 -0.141869 -0.263053 0.075727 0.458909 -0.002590 0.087334 -0.078867 -0.146771 0.146794 0.119302 -0.061515 -0.066185 -0.006148 
-0.132901 0.077167 0.031459 0.091702 -0.335549 0.028381 -0.043908 0.105430 -0.263518 -0.011870 0.040488 0.092729 -0.257969 -0.191579 -0.126688 -0.025574 -0.074366 0.065130 0.032031 -0.296101 0.217922 0.165128 0.130718 -0.201395 0.110583 0.111032 0.169611 -0.013335 0.089332 -0.096049 -0.139471 -0.110074 0.092181 0.162600 -0.125585 -0.034357 -0.124299 -0.076505 -0.008785 0.097455 0.019762 0.187185 0.103747 0.055103 0.100141 0.134241 -0.127999 0.277275 -0.202590 -0.115153 
-0.160645 -0.298000 -0.021907 0.143467 -0.017504 0.070556 -0.041730 -0.148092 0.125243 0.235096 -0.005337 0.105438 0.088274 -0.148139 0.197896 -0.044316 -0.125203 0.025233 -0.065772 0.020926 -0.121182 0.124580 -0.107961 -0.003204 -0.046878 -0.263295 -0.133367 0.034828 -0.135009 0.065355 -0.043351 -0.335367 0.207359 0.024391 -0.147506 -0.142494 0.247119 0.162350 -0.292367 -0.057402 -0.106712 0.166283 -0.003170 -0.156676 0.191291 -0.004123 -0.118887 0.029439 -0.079049 -0.093692 
-0.145943 0.165060 0.149109 -0.125787 0.042719 0.040833 -0.092338 -0.039413 -0.025510 -0.004916 0.106187 -0.242212 0.048375 -0.158587 0.368586 0.170464 0.320425 -0.054334 0.061991 0.049382 0.166336 0.343217 0.123547 0.175074 -0.018114 0.075707 -0.133964 -0.191094 0.057682 0.105232 0.107763 0.121581 0.156825 -0.025206 -0.206806 -0.008564 -0.021710 -0.054022 0.045118 -0.038622 -0.151439 -0.157107 0.074227 -0.002874 0.127417 -0.049673 0.000890 0.131152 0.167709 -0.200122 
-0.141528 -0.298868 -0.172097 0.146452 -0.110081 0.084321 -0.206834 0.024270 -0.026910 -0.163617 -0.131105 0.103454 0.205951 -0.045919 0.074841 0.054447 0.119533 -0.192718 -0.059001 -0.193477 -0.073836 0.070696 -0.082062 0.065059 -0.062189 -0.193020 -0.059652 0.045183 -0.149549 0.079835 -0.008146 0.221652 -0.114934 -0.101563 0.023525 0.081556 -0.126406 -0.089637 0.329332 0.279403 0.178138 0.029023 -0.019852 -0.286184 -0.035802 0.150699 0.000600 0.212718 0.061905 0.029630 
