-0.148785 -0.218934 -0.002135 -0.043186 0.045474 0.095326 0.022827 0.329860 0.037643 0.043310 -0.028433 0.179961 0.171239 -0.036414 -0.344812 0.061967 -0.093300 0.124603 0.230787 0.133679 0.179834 0.097261 -0.005437 -0.003942 0.030122 -0.051758 0.032897 0.074858 -0.183302 0.011801 0.008500 0.008617 -0.014092 0.022434 0.241599 0.163499 0.227615 -0.227611 0.086202 -0.075823 0.171595 -0.028052 0.277033 -0.071272 0.225491 -0.011423 -0.197009 0.074868 0.100728 -0.127049 
-0.139951 0.126226 -0.184006 0.035819 0.177592 0.035256 -0.169490 0.125676 0.029634 0.142825 0.052788 -0.031302 -0.019984 -0.040480 -0.071748 0.214544 0.007649 0.076566 -0.127280 0.266546 0.026746 -0.117471 -0.010505 0.138219 0.277469 0.166010 -0.073449 0.228711 0.039198 -0.028885 -0.201503 -0.100360 -0.250611 0.010998 0.117589 0.049948 0.144839 0.168335 0.148930 0.067713 -0.172886 0.175112 -0.327205 -0.151438 0.027148 -0.157672 0.174509 -0.129210 0.084671 -0.076077 
-0.150269 0.007281 0.303079 -0.015688 0.124553 -0.188548 0.054407 0.053292 0.046545 -0.174653 -0.021172 0.186588 -0.265181 0.159910 -0.119305 -0.066810 0.260927 0.004465 0.077206 -0.077262 0.097606 -0.194872 -0.109411 0.051638 0.118456 -0.023528 -0.180720 0.130509 -0.094787 0.027341 -0.117249 -0.034191 0.004262 0.121733 -0.240810 -0.104978 -0.021003 -0.148655 -0.011441 -0.060104 -0.074549 0.085140 -0.006334 -0.017483 -0.219091 0.308974 -0.029865 -0.090010 0.216225 -0.303781 
-0.142282 -0.058319 0.146426 0.080340 -0.149317 -0.183118 0.047573 -0.108473 -0.227168 -0.095061 -0.149300 -0.053761 -0.197905 -0.107488 0.157405 0.005233 -0.067334 -0.186470 0.054932 0.132998 0.262526 0.009634 -0.009399 -0.054284 0.194365 0.009876 0.195517 -0.087392 -0.050567 0.040701 -0.003381 0.014975 -0.224789 -0.060046 0.027300 0.180410 -0.193741 0.153763 0.126423 0.014504 -0.046228 -0.347797 0.029852 -0.120721 0.009814 -0.176042 -0.161496 0.016780 0.364300 0.058991 
-0.142563 0.046552 0.252089 0.085925 0.260015 -0.034185 -0.033051 -0.128178 0.030566 0.143363 0.076135 -0.214021 0.136165 0.224438 -0.144984 -0.203644 -0.074550 -0.023038 0.013943 0.013911 0.078605 0.044270 -0.056167 0.183603 -0.228834 -0.130296 0.132341 -0.145177 -0.233010 -0.203448 -0.011801 -0.027512 -0.218436 -0.268143 -0.091056 -0.046605 0.082782 0.000934 -0.151695 0.206516 -0.165923 -0.082103 -0.195715 0.054207 0.222935 0.025002 -0.016792 0.139776 -0.021834 -0.105183 
-0.117682 0.129343 -0.146237 0.002003 0.113301 -0.257203 0.170306 0.133840 0.095044 -0.231040 -0.212459 0.068288 0.157371 -0.123612 -0.026365 -0.171822 -0.139357 0.101902 -0.133515 -0.083809 0.032770 -0.064219 0.085291 -0.020921 0.067297 0.030506 0.054386 0.169811 -0.077379 0.103342 0.327374 -0.232747 -0.097288 -0.089559 0.066342 -0.064600 0.131782 0.226530 -0.202958 -0.104978 -0.057814 -0.103709 -0.079983 0.138606 0.039781 0.207696 -0.159706 -0.264950 -0.065537 0.159483 
-0.149875 -0.094586 -0.033330 0.109979 -0.166130 -0.059258 0.050917 -0.164129 0.175821 0.239479 -0.288118 -0.124377 -0.008015 -0.012276 0.138429 -0.195841 -0.006353 0.074503 0.021311 0.075698 0.130065 -0.008801 0.139987 0.224227 0.029308 0.315055 0.148990 0.082727 0.012273 -0.230497 -0.073636 -0.037757 0.131305 -0.099384 0.098175 -0.111392 -0.083134 -0.198767 0.042153 -0.287757 -0.180227 0.147579 0.249710 0.041961 0.049732 0.103329 0.217248 -0.048116 0.032774 0.007543 
-0.130920 0.186800 -0.137328 0.143391 -0.026330 -0.198332 -0.191777 0.072204 0.162626 -0.013092 0.282117 -0.026322 -0.133818 -0.129759 -0.040745 0.107324 0.137384 0.016919 0.167035 -0.344844 0.371922 0.208085 0.021441 -0.126560 0.112890 -0.100952 0.059271 -0.123207 0.030019 0.015000 0.082627 -0.035588 0.104936 -0.204912 0.058599 -0.124116 0.111483 0.060467 0.008862 -0.226802 -0.058378 0.048289 -0.047768 0.102871 -0.088987 -0.159841 0.108199 0.217252 -0.039170 -0.069407 
-0.150013 -0.149944 0.232629 -0.002936 -0.107945 0.002399 -0.155220 -0.051186 0.072631 -0.201744 0.002914 -0.054659 0.246473 0.270669 -0.086237 0.022290 0.147797 -0.168399 -0.125898 -0.051116 -0.129501 0.278047 -0.085167 0.126680 0.072265 0.165423 -0.258057 0.014797 0.142463 -0.040117 0.161467 -0.162104 0.094360 -0.054868 0.083785 0.255671 0.030471 0.138641 0.194063 -0.002597 -0.181295 0.064518 0.100520 0.245891 -0.102155 -0.179713 -0.130070 -0.047183 0.012937 0.011788 
-0.161190 -0.182503 0.006087 0.213154 0.202804 -0.194307 0.006944 -0.092082 -0.067254 0.060550 -0.138262 -0.092767 0.079114 0.006675 -0.072879 0.120771 0.104990 0.041453 -0.354452 -0.083096 -0.067927 -0.149361 -0.003993 -0.240577 -0.151240 -0.038917 -0.023598 -0.088609 0.018309 0.179208 -0.221373 -0.077762 -0.011168 0.159090 0.009988 -0.226373 -0.028572 0.075707 0.083153 -0.151855 0.172799 0.211509 0.065881 0.176356 0.245578 -0.115118 -0.094235 0.192949 0.198095 0.114304 
-0.136204 0.159814 0.061559 0.012075 0.167172 -0.011948 -0.005461 -0.177045 -0.233660 0.134074 -0.055377 0.209272 0.047262 -0.083717 -0.035769 -0.042722 0.033298 -0.063691 0.218599 0.093968 -0.072742 0.054709 -0.060383 0.028114 0.017529 -0.118710 -0.058274 -0.235289 -0.088262 -0.166296 -0.200205 -0.066493 -0.045089 0.025531 0.275671 0.175089 -0.204376 0.209136 0.052971 -0.331994 0.189057 0.130494 -0.099078 0.093251 -0.155242 0.175226 -0.082758 -0.097149 -0.286910 0.023687 
-0.138572 0.090110 0.171407 0.168880 -0.045384 -0.080230 -0.224949 0.066747 -0.089630 0.146147 0.064658 0.192984 -0.087277 0.079156 -0.025888 0.263183 -0.323483 0.074921 -0.125073 0.108203 -0.324288 -0.083050 0.061180 -0.029942 -0.027468 0.110898 -0.006544 -0.194983 -0.180625 0.258877 0.203682 0.046827 -0.000364 -0.128153 -0.040383 0.039764 0.023735 -0.099195 -0.054533 -0.161275 -0.061461 -0.203735 0.127046 0.114664 -0.091817 0.047224 0.305540 -0.035122 0.014970 -0.093698 
-0.157632 0.119237 -0.037157 0.258888 -0.163652 -0.055169 0.221557 -0.136003 0.095893 -0.082473 -0.175871 0.050797 0.133193 0.089594 -0.017329 -0.073426 0.150399 -0.074841 0.052559 0.130259 -0.237555 0.316644 0.037745 -0.234985 -0.057336 -0.109603 0.111251 0.042189 -0.095740 0.144042 -0.120669 0.050310 0.020232 -0.006523 0.060640 -0.166614 0.145994 0.026866 -0.092378 0.066808 0.008861 0.024538 -0.000291 -0.320937 -0.113494 -0.240815 0.063625 -0.179379 -0.077914 -0.304351 
-0.124067 -0.219533 -0.194576 0.021529 0.038562 0.023684 -0.040135 -0.048701 -0.186804 -0.125289 0.236577 -0.197249 -0.104252 -0.083683 0.102559 -0.291028 -0.086776 0.173117 -0.115446 0.163717 -0.090807 0.131626 0.036256 -0.314224 -0.071072 -0.045370 -0.178361 0.063236 -0.142417 -0.181040 0.109387 0.146554 -0.002601 -0.064704 0.011239 0.234719 0.060162 -0.169789 -0.144344 -0.173074 -0.055478 0.197030 -0.156543 0.020134 -0.174513 0.031384 -0.017573 -0.008052 0.243693 -0.012940 
-0.151462 -0.026384 -0.180234 0.009545 0.044642 -0.042756 0.059655 -0.126691 0.278262 -0.107268 -0.046036 0.026711 0.205642 0.097716 0.117557 0.399574 -0.147031 -0.074540 0.157073 -0.010326 0.048364 -0.040366 0.070544 -0.040249 -0.209553 -0.251153 -0.208591 0.155193 -0.113830 -0.118565 0.041256 0.183214 0.131942 -0.062247 -0.183606 0.124826 -0.230249 0.140842 0.178286 -0.103521 -0.117721 -0.023702 -0.053611 -0.171239 0.146001 0.176076 0.070919 -0.013196 0.106382 0.049979 
-0.147603 0.017493 -0.156169 -0.125779 0.062823 0.128305 0.336664 -0.099232 -0.229478 -0.240617 0.184274 0.075023 0.125681 0.011876 -0.083443 0.200252 -0.086108 0.107222 -0.037583 -0.113308 -0.009709 0.098709 -0.039496 -0.130863 0.020003 0.250374 0.226093 -0.109047 0.003576 -0.128125 -0.201135 -0.303757 0.135994 -0.119330 -0.029123 -0.092998 -0.094585 -0.219196 0.205667 0.138083 -0.054961 -0.144038 -0.100581 0.131144 -0.027279 0.100758 0.107340 -0.049026 0.062457 -0.060231 
-0.130396 0.235167 -0.158150 0.036046 -0.219816 -0.056618 0.053646 0.102778 -0.399097 0.066256 0.009886 -0.199588 -0.047601 0.033607 -0.171070 -0.068158 0.015192 0.014099 -0.171856 -0.216736 -0.033145 0.052081 -0.047532 0.177487 0.081471 -0.013748 0.004384 -0.043532 -0.131688 0.052870 0.140314 0.361261 0.115577 0.022736 0.008240 -0.024728 -0.019930 0.122405 0.290163 0.128116 -0.061620 0.193745 0.095007 -0.090597 0.181665 0.231893 -0.089743 -0.072825 -0.035466 -0.106872 
-0.131840 0.071688 0.174796 -0.161401 0.054902 0.040021 0.137533 -0.088192 0.024872 -0.052367 0.070301 0.157683 -0.069023 0.054948 0.405911 0.161095 0.108111 0.205166 -0.130160 -0.110610 -0.128871 0.071972 -0.028483 0.129837 0.309640 -0.117963 -0.015108 -0.093769 0.051247 0.025900 -0.059204 0.041359 0.023013 -0.325941 0.079912 0.111009 0.111751 -0.071390 -0.252749 0.024687 0.096317 0.211221 0.113202 -0.167519 0.287853 0.006451 -0.079691 0.003300 0.065672 0.110739 
-0.145277 0.002062 -0.102140 -0.078502 0.290597 0.220931 -0.151564 0.067591 -0.071008 -0.075598 -0.145516 0.124620 -0.266178 0.142683 0.061330 -0.061705 -0.213220 -0.177783 -0.096052 -0.196838 -0.042772 0.009658 0.068616 -0.034701 -0.085519 0.166269 0.052676 0.136392 0.121172 -0.123454 0.143471 0.005970 -0.055749 -0.110795 -0.127734 -0.112666 -0.180853 -0.059983 0.047452 -0.202666 0.072708 0.025076 0.019145 -0.178781 0.087922 -0.271745 -0.253854 -0.000658 -0.199282 -0.259813 
-0.147758 0.292049 0.089150 -0.020069 -0.035250 -0.084619 0.026910 0.092326 0.088330 -0.240700 0.149194 -0.279397 0.110301 0.062848 0.033460 0.018156 -0.182879 0.174853 0.214901 0.082944 -0.061313 -0.063208 -0.009348 0.117880 -0.239717 0.215871 0.069367 -0.169788 0.436052 -0.012003 -0.082234 0.132145 -0.167956 0.131339 -0.051035 0.011069 0.113654 0.069592 -0.032582 -0.160908 0.208006 0.053201 0.082407 -0.080473 -0.058391 0.039128 -0.088426 -0.016156 0.155793 -0.051572 
-0.124475 -0.213299 -0.060133 -0.204954 0.173163 0.070620 0.162293 -0.065599 -0.211745 0.118671 -0.069823 0.090587 0.251364 -0.016740 0.205749 -0.104827 -0.063615 -0.019512 0.283105 -0.151708 -0.004794 0.020253 0.116988 0.090967 0.185204 0.084931 -0.139016 -0.028172 0.032338 0.194145 -0.037600 0.324752 -0.047213 0.139151 -0.131613 -0.156153 0.228188 0.156493 -0.043026 -0.077952 -0.154806 -0.103956 -0.072587 0.230908 -0.031539 -0.135062 0.112469 0.102710 0.045689 -0.126827 
-0.155833 -0.214636 0.098551 -0.187150 -0.137130 -0.145177 0.093200 0.037859 0.018631 0.009851 -0.099578 0.007491 -0.140635 0.051366 -0.033035 -0.078526 0.062917 0.327229 0.034473 0.122138 0.027292 0.004311 -0.121200 -0.053650 -0.085662 -0.138229 -0.199340 -0.086731 0.313623 0.080203 0.244544 0.027780 -0.064266 -0.063354 0.260029 -0.179767 -0.211929 -0.085128 0.186030 0.034618 0.018023 -0.125630 -0.307230 -0.032184 0.172514 -0.031155 0.180818 0.008058 -0.177287 -0.088189 
-0.137177 0.147872 -0.134457 0.105916 0.021626 -0.133376 0.196384 -0.003459 0.047240 0.209299 0.003194 -0.029480 -0.266549 -0.021652 0.176271 -0.084428 -0.237001 -0.187839 -0.006262 0.080416 -0.033372 -0.049110 0.138583 0.026818 -0.029765 -0.214054 -0.305119 -0.096732 0.197552 -0.059575 -0.089725 -0.264463 0.204746 0.096597 0.001793 0.128430 0.320026 -0.126434 0.154558 0.187331 -0.039914 -0.118677 0.064272 0.134159 0.056184 0.007066 -0.154732 0.025692 -0.046214 -0.111941 
-0.128097 0.104012 0.041944 -0.123255 -0.139905 0.100646 -0.123767 -0.014153 -0.234966 0.244024 -0.136841 -0.023360 0.124649 0.063973 -0.147894 0.136679 -0.027322 0.033619 -0.052536 -0.118724 0.186641 0.248071 0.326825 0.076897 -0.044188 -0.123330 -0.278036 -0.020833 0.077421 -0.071970 0.046945 -0.191031 -0.091482 0.045157 -0.113645 -0.218207 -0.052097 -0.145809 -0.206764 0.030820 0.156705 -0.017353 -0.053159 -0.157382 -0.178079 -0.009802 -0.011417 -0.164473 0.225218 0.207374 
-0.186668 -0.165969 -0.204112 0.047178 0.015173 0.242110 -0.080853 -0.096530 0.087119 -0.018547 0.129820 0.012702 0.031852 0.016404 -0.037465 -0.179945 0.021054 -0.249237 -0.012594 -0.160428 -0.147783 -0.154554 -0.182629 0.062368 0.054627 0.012766 -0.075442 -0.181343 0.064761 0.065930 0.098433 -0.185539 -0.060780 0.051766 0.271316 -0.143618 0.069759 0.111989 -0.054967 -0.023538 -0.046183 -0.147375 0.092184 -0.409783 -0.068340 0.281391 0.109968 0.207659 0.163818 0.073661 
-0.128200 0.134690 -0.090051 0.092853 -0.242511 0.088011 -0.210161 -0.002895 0.084515 -0.072346 -0.071611 0.280932 0.155976 0.050881 0.048995 -0.089532 0.020177 0.208522 -0.289912 -0.057755 -0.030013 -0.023318 -0.000371 0.108074 0.025495 -0.181984 0.136137 0.056253 0.094175 -0.092229 -0.253435 0.207269 -0.042552 0.154753 0.016951 0.035461 0.029256 -0.197492 0.018594 -0.114952 -0.189063 -0.289458 -0.202775 0.074507 -0.091502 0.046292 -0.261144 0.222424 -0.048271 0.048291 
-0.155817 0.065843 -0.110250 -0.030305 -0.015049 -0.171911 -0.179887 0.000221 -0.098113 -0.324280 -0.017540 -0.095619 0.110057 0.003957 0.088460 -0.095548 0.081158 0.043803 0.231939 0.089439 -0.076627 -0.182132 0.197023 0.074155 0.122045 0.008235 -0.107512 -0.149430 -0.266803 0.106280 0.020751 -0.181272 -0.115364 0.134050 -0.151055 -0.009389 -0.090679 -0.299248 0.099769 0.100510 -0.079953 0.130665 0.082410 -0.139454 0.054002 -0.176492 0.023187 0.173854 -0.301720 0.216782 
-0.141149 0.014893 -0.043569 -0.290887 -0.215046 -0.024711 0.199602 -0.099720 -0.059044 0.032400 -0.150392 -0.132965 -0.030867 0.215230 -0.041757 0.193660 -0.150849 -0.155494 -0.059083 -0.070928 0.113316 -0.262835 -0.139711 0.067801 -0.105161 -0.129994 0.203749 0.169142 -0.080938 0.143744 0.082875 -0.061420 -0.023030 0.003156 0.172706 0.181866 0.103944 -0.082582 -0.158296 -0.041757 0.053359 0.250689 -0.110634 0.066692 -0.305202 -0.116333 0.049915 0.247118 -0.071112 -0.048676 
-0.143357 0.086254 0.168338 -0.206515 -0.095296 -0.052797 -0.271928 -0.176913 -0.102046 0.116093 0.106849 0.006033 0.157388 -0.032176 -0.094456 -0.033351 0.033334 -0.200943 0.146555 0.251071 -0.111893 -0.160606 0.097023 -0.335858 0.212459 -0.044287 0.248602 0.203666 0.229887 -0.056479 0.139165 -0.020100 0.269320 -0.054479 -0.103637 -0.139517 0.099598 -0.001482 -0.000942 -0.004253 -0.005843 0.053488 -0.086281 0.003066 0.182242 0.157777 -0.116005 0.046664 0.015725 0.004148 
-0.117971 -0.104467 0.008366 -0.176471 -0.163632 -0.219203 -0.080741 -0.012269 0.156956 0.166655 0.099373 0.154577 0.027911 -0.315357 0.154427 0.066791 0.081534 0.083879 0.028941 -0.116548 -0.227662 -0.083250 0.029377 0.172134 -0.206579 0.216471 0.043476 -0.069923 -0.285487 -0.225780 0.138058 -0.059181 0.096797 0.082038 0.037019 -0.098630 -0.004167 0.113816 0.050131 0.195123 0.168086 0.033883 -0.160851 -0.035747 -0.097234 -0.140869 -0.239322 0.016026 0.158679 -0.172383 
-0.155040 0.056149 0.018040 -0.274165 -0.024769 -0.053355 -0.163602 0.125337 0.278445 0.148205 0.008680 0.053371 0.153788 0.022929 0.225925 -0.170739 -0.142395 -0.224293 -0.163733 -0.105312 0.221667 0.129802 -0.170339 -0.320975 0.000813 0.103101 0.031855 -0.193722 -0.072725 0.153910 -0.129068 0.088661 -0.191627 0.120516 -0.023473 0.092414 -0.066832 -0.149683 0.106970 0.156667 0.062644 0.128055 0.000998 0.035521 0.027850 0.133197 0.094789 -0.246361 -0.049379 0.000459 
-0.135811 -0.161832 0.070630 -0.177765 -0.055661 0.110531 0.083835 -0.046717 0.196071 -0.071216 -0.097098 0.115174 -0.259342 -0.312068 -0.355675 -0.092923 -0.044775 -0.046220 -0.043501 -0.026931 -0.166036 0.144508 0.233221 0.107329 -0.073121 -0.111363 0.181788 -0.164425 0.101847 0.127635 -0.091715 0.023237 -0.096202 -0.102818 -0.309478 0.153321 0.122659 0.105651 0.164290 -0.040304 -0.094168 0.193384 -0.078371 -0.032864 -0.022567 0.031381 0.091799 0.029423 -0.002920 0.188351 
-0.137675 0.127833 0.051295 -0.002850 0.123206 0.233712 0.149436 0.092610 0.159377 0.081613 -0.075639 -0.243237 -0.010576 -0.179149 -0.011556 0.127771 0.016944 0.018134 -0.033278 0.112752 -0.087801 0.143354 -0.302345 0.060887 0.244042 -0.159083 0.117213 -0.181357 -0.065435 -0.080739 0.279777 -0.071567 0.127826 0.427805 -0.162222 -0.035980 -0.166719 -0.103620 -0.131944 -0.154801 -0.126139 -0.009030 -0.055706 0.067825 0.057403 -0.115299 -0.030472 -0.020106 0.054684 -0.027516 
-0.146466 -0.121629 -0.013306 0.146317 -0.181870 0.310709 0.068485 -0.091800 0.049800 0.131005 0.103166 0.112655 -0.090792 0.241004 0.068051 0.054215 0.020677 0.348263 0.052527 0.066900 0.201279 -0.205402 0.055797 -0.247049 0.024301 -0.006313 0.065260 -0.147277 -0.032709 -0.102019 0.147745 -0.083486 -0.166533 0.081526 -0.168032 -0.049983 0.074658 0.313416 0.053784 0.134331 -0.105989 0.133895 0.201707 0.055242 -0.114082 0.007032 -0.172114 -0.089824 -0.160937 0.022293 
-0.128451 -0.069172 -0.141320 -0.033931 0.118165 -0.215934 0.068814 0.098231 0.035247 0.070102 0.053600 0.124322 -0.004282 0.197959 -0.078486 -0.096272 -0.042701 0.065144 -0.178893 0.302142 0.180849 0.212347 0.033411 0.094152 0.097074 0.224676 0.011231 -0.061714 0.036108 0.080829 -0.034791 0.034877 0.336485 0.060732 -0.194658 0.104294 -0.185634 0.229018 -0.223370 0.129436 0.172027 -0.040715 -0.013986 -0.154810 -0.102168 0.064147 0.019583 0.328326 -0.116460 0.036221 
-0.144385 0.023182 -0.057349 -0.015097 0.102552 0.108204 -0.309670 -0.184010 -0.054471 -0.078821 -0.132294 -0.049370 -0.251494 0.002108 0.055488 0.069883 0.072420 0.179141 0.206878 -0.135164 0.003613 0.193390 0.112553 -0.001820 -0.220926 0.066346 0.140119 0.143665 0.017635 0.244455 -0.054979 -0.093625 0.109719 0.291530 0.209971 0.215938 -0.066606 0.073577 -0.225182 0.241120 -0.135872 -0.015854 0.002061 0.115353 0.187542 0.150110 0.037512 -0.044366 0.051048 -0.082480 
-0.115669 -0.089601 -0.067682 -0.053798 -0.031700 -0.107036 -0.012822 -0.242266 0.170919 -0.136261 0.284379 -0.010418 -0.059567 0.052094 -0.277912 -0.094094 -0.226390 -0.024778 -0.080225 -0.095957 -0.037029 -0.144738 0.146774 0.111356 0.269822 -0.189986 0.000982 0.064380 -0.001036 -0.162644 -0.109333 0.167555 -0.016958 0.152783 0.151933 -0.064300 -0.207512 0.041105 -0.171990 0.117025 0.176129 -0.074792 0.191331 0.164131 0.055251 -0.220200 0.134396 -0.253003 -0.013853 -0.050442 
-0.129930 -0.154831 0.047647 0.279395 -0.113965 -0.002558 0.065440 0.328389 -0.060764 -0.059570 0.020975 0.059618 -0.054275 0.139162 0.207903 0.048452 0.060580 -0.205856 0.068839 -0.080674 -0.153546 0.154896 0.160389 0.031407 0.088011 -0.064683 0.193620 0.174681 0.047933 -0.269403 0.104901 -0.032136 -0.237887 0.167450 -0.039196 0.016670 0.010505 0.016437 0.019653 0.083232 0.302396 0.067309 -0.143217 0.170253 0.083551 0.186693 0.264167 0.144872 -0.033369 0.053210 
-0.152762 0.102088 0.197707 -0.019501 0.181552 0.184189 -0.090539 0.210015 -0.068010 -0.247130 -0.064800 0.128412 -0.054053 -0.011765 0.158516 -0.113652 -0.092753 -0.037037 -0.044833 0.179127 0.145064 -0.054717 -0.020098 0.086584 -0.191352 -0.171694 0.087188 -0.009749 -0.086829 -0.079746 -0.001426 0.133007 0.346261 -0.011274 0.213056 -0.283088 0.095695 0.108561 0.149484 0.152973 -0.027628 0.099313 0.053259 0.048509 -0.175251 -0.148180 0.164512 -0.072511 0.124899 0.264664 
-0.144890 -0.069777 0.134339 0.117134 0.023911 0.123077 -0.045395 0.038453 0.075110 -0.147848 -0.274905 -0.238190 0.029436 -0.369939 -0.052841 0.240697 -0.082246 -0.048485 -0.054846 0.012914 0.028657 -0.048984 0.059470 -0.148183 0.154221 0.120930 -0.209254 -0.047061 0.050206 -0.118082 -0.087557 0.208505 -0.044476 -0.188809 0.103438 -0.091176 -0.044893 -0.021048 -0.168129 0.292810 0.014550 0.000859 0.057336 0.077664 -0.193732 0.197128 -0.099548 0.188183 -0.216966 -0.142871 
-0.143446 -0.263043 -0.193210 0.113653 0.044531 -0.078871 -0.172357 0.190226 -0.127933 0.035048 -0.195902 -0.087603 0.093620 0.022995 -0.024257 0.036497 0.218584 -0.000486 0.056392 -0.133441 0.009649 -0.283554 -0.146913 0.044007 -0.027090 -0.095768 0.151836 -0.237123 0.178168 -0.103655 -0.065497 0.036891 0.233699 -0.147329 -0.187629 0.253534 0.106531 -0.051226 -0.154394 0.047540 0.085418 -0.117849 -0.063994 -0.055254 -0.047760 -0.097994 0.089087 -0.366154 -0.053017 -0.003260 
-0.137772 0.141091 0.003334 -0.055914 -0.251960 0.015467 0.192725 0.292974 -0.056177 0.029781 0.066378 0.169087 -0.120596 0.006092 -0.153628 -0.001359 0.103038 -0.211012 0.105189 -0.009585 -0.067248 -0.121232 -0.056172 -0.177831 -0.182534 0.219820 -0.203296 -0.033306 -0.012098 -0.150446 -0.160439 0.077271 -0.005044 0.004676 0.058952 0.005694 -0.118089 0.062196 -0.366176 -0.038078 -0.320160 0.014600 -0.012546 0.062553 0.261430 -0.157165 0.006523 0.022934 0.010903 0.199403 
-0.144998 0.328265 -0.086175 -0.112711 0.061560 0.083751 -0.013097 -0.206832 0.063463 0.044461 -0.232225 0.014662 -0.096594 -0.000832 -0.111920 -0.124030 0.194617 0.141839 0.022251 -0.054711 -0.076463 -0.021872 -0.238033 -0.155067 0.008259 0.125406 -0.152998 0.178685 -0.097356 -0.179673 0.089666 0.084082 -0.068676 -0.060755 -0.146314 0.138066 0.168770 0.030548 0.128606 0.069996 0.331644 -0.246200 0.139850 0.096834 0.014028 -0.102383 0.242728 0.149815 0.062126 0.168105 
-0.148290 -0.107234 -0.024003 0.350944 -0.026706 -0.066903 0.000777 -0.203235 -0.062358 0.080925 0.119880 0.187979 -0.018546 -0.147371 -0.032439 0.015657 -0.233805 -0.026486 0.198692 -0.019118 0.035923 0.106787 -0.463353 0.155778 -0.039617 0.088235 -0.039586 0.243311 0.125893 0.161819 0.041977 0.066587 -0.038202 -0.049399 -0.139311 -0.108152 -0.019821 -0.192988 -0.036715 0.150005 0.036951 0.165911 -0.058168 0.024105 -0.037340 -0.034763 -0.141907 -0.089940 -0.065897 0.288158 
-0.145928 -0.074404 0.266009 0.024800 0.214496 -0.056646 0.178686 0.055025 0.097601 0.214291 0.182573 -0.256073 -0.100330 0.106699 -0.020942 0.070426 0.082938 0.047630 0.016882 -0.214957 -0.089225 -0.016033 0.186236 -0.120491 0.030085 0.150488 0.077250 0.166017 -0.081931 0.052841 -0.041668 0.162997 0.101687 0.113476 0.155911 0.076345 0.064472 -0.095252 0.130831 -0.059915 -0.043370 -0.233837 -0.099489 -0.219085 -0.171241 -0.005526 -0.134166 -0.101397 -0.208870 0.354202 
-0.136013 0.076633 0.319663 0.169192 -0.083062 0.198956 0.107083 0.001263 -0.110144 0.007650 0.185303 0.034536 0.255093 -0.343298 0.070271 -0.197903 -0.010859 0.060408 -0.165345 -0.146644 0.198995 -0.188120 0.080483 0.023556 -0.112273 -0.018379 -0.092811 0.212489 0.049176 0.122474 0.015122 -0.166409 0.105817 0.058611 -0.102917 0.265304 -0.117419 0.066495 -0.006588 -0.049999 0.074958 -0.012372 -0.007061 -0.147198 0.099465 -0.104837 0.217062 0.043356 -0.106346 -0.200990 
-0.125083 -0.025707 -0.107120 -0.017031 0.018217 0.101188 0.058634 -0.228199 -0.015807 -0.122507 0.199319 0.044004 -0.072272 -0.087044 0.038457 0.188330 0.372589 -0.274874 -0.212270 0.297563 0.253489 -0.008338 0.117751 0.186268 -0.203316 0.124468 -0.020688 -0.071317 -0.034294 0.082271 0.180512 0.176476 -0.102209 0.058924 0.010109 -0.056991 0.195029 -0.148533 -0.052592 -0.114425 0.121153 -0.127856 -0.019136 0.103817 0.110500 0.077534 -0.033417 -0.154323 -0.158876 -0.022351 
-0.118824 -0.064780 -0.036731 -0.035499 -0.279694 0.282458 -0.082529 0.134504 0.110453 -0.033407 0.057492 -0.292345 -0.119752 0.087570 0.084136 -0.085464 -0.037925 -0.000711 0.101887 0.084850 -0.055435 0.002085 -0.061236 0.101518 0.066904 -0.004619 -0.105742 0.096545 -0.262264 0.281316 -0.288769 -0.135350 0.138293 -0.219437 -0.113385 -0.159675 -0.051770 0.133897 0.010421 -0.166971 0.270461 -0.146443 -0.176642 0.177236 0.090567 0.043224 -0.133360 -0.083755 -0.024337 0.001827 
-0.146779 -0.126236 -0.030640 -0.275923 0.016009 -0.186505 -0.076760 0.135565 -0.168287 0.067898 0.150985 -0.122855 -0.016684 -0.164360 0.121550 0.094791 0.074740 0.047504 -0.105166 0.085357 -0.096552 0.171410 -0.206563 0.041183 -0.164460 -0.225730 0.064052 0.265455 0.039018 -0.089929 -0.174086 -0.125174 -0.175197 -0.011283 -0.118753 -0.128448 0.009479 0.139383 -0.027554 -0.059962 -0.168031 -0.157723 0.432898 -0.030979 -0.103160 0.045596 0.054900 0.004123 -0.208745 -0.027601 
-0.140319 0.157618 -0.194255 0.040240 0.173084 0.106828 0.114937 0.155983 0.103110 0.213038 0.103310 0.014319 0.107846 -0.014605 0.016820 -0.111125 0.281238 -0.032512 0.079747 0.090589 -0.144275 -0.097929 0.169377 0.050340 -0.045600 -0.117393 0.091700 0.077986 0.146084 0.248915 0.104454 0.052638 -0.117694 -0.263768 0.057302 0.059785 -0.400438 -0.114582 0.050077 0.169772 -0.017653 0.033128 0.144764 0.217890 -0.203965 -0.028345 -0.115696 0.035955 0.199079 -0.022397 
