-0.141394 0.029828 -0.084989 0.255243 -0.212186 0.073114 -0.227806 0.118965 0.082492 0.046226 0.066319 0.338431 0.063201 0.141720 0.020071 0.159632 0.195715 -0.096588 0.241699 -0.058983 -0.070406 0.047724 -0.118833 -0.047778 0.017994 0.055096 -0.247553 -0.005186 0.080939 0.154617 0.215390 0.096598 -0.024387 -0.108421 0.027367 -0.094649 0.130239 -0.045348 0.111155 -0.110386 -0.106312 0.213339 -0.182713 0.076276 -0.030372 0.168951 0.037789 0.141169 -0.296234 -0.168096 
-0.143578 -0.069734 -0.199183 0.121214 -0.041612 0.255811 0.127351 0.170233 0.153862 0.029934 -0.125341 0.002763 -0.208772 -0.074147 -0.047156 -0.132577 -0.050160 0.082307 0.076805 0.082004 -0.093082 0.250128 0.216554 0.153674 0.165050 0.086205 -0.003321 0.078185 -0.016793 -0.095253 0.122396 0.035385 -0.276902 -0.169447 -0.308464 0.167725 0.092606 0.114572 -0.202246 -0.042314 -0.042368 0.100447 0.082780 -0.032410 0.004755 -0.069786 -0.183036 0.276408 0.193203 0.060015 
-0.141004 0.005265 0.031589 -0.156157 -0.234715 0.103536 0.198792 -0.271798 0.070105 0.069057 -0.125104 -0.004363 -0.098030 0.008659 -0.026703 0.202555 -0.207626 -0.089926 0.056066 -0.016758 0.089134 -0.093753 -0.074964 0.191576 -0.167123 0.108834 0.172003 0.178461 -0.110925 0.073569 0.114427 -0.178259 -0.057476 -0.001099 0.026502 -0.262252 0.016553 -0.101531 0.279604 -0.296710 -0.094930 0.042257 0.244377 0.132044 -0.081223 -0.208150 -0.039540 0.102395 0.036186 -0.142966 
-0.125728 -0.173106 0.208605 -0.093802 0.043116 0.019223 0.185353 0.086155 0.002635 0.073215 -0.152797 0.042017 -0.104860 0.100153 -0.292691 0.096496 -0.002802 0.296833 -0.137460 -0.224272 -0.126289 -0.028431 0.069561 -0.099414 0.126976 0.163339 0.045246 -0.020451 0.215843 0.000459 -0.112937 0.077080 0.098455 -0.076776 0.191296 0.113934 -0.161058 -0.096766 0.011928 -0.091259 -0.277093 -0.059506 -0.305691 -0.201400 -0.067766 -0.138608 0.001453 0.091283 -0.014770 -0.237598 
-0.145067 0.155061 0.134858 0.235629 -0.198430 0.016042 -0.077393 0.132996 0.169470 -0.087595 0.096199 -0.056043 -0.206012 0.140314 -0.035414 -0.256461 -0.017670 0.361564 0.119301 -0.054527 0.171331 0.064931 0.074089 -0.127584 -0.102587 0.222788 0.001864 0.059479 -0.204451 -0.045030 -0.103401 0.109785 0.132699 -0.018070 0.091080 -0.035320 -0.114420 0.108323 0.179583 -0.027038 -0.044995 -0.081473 0.087084 0.235089 0.243850 -0.065252 -0.070446 -0.237490 -0.043926 0.149274 
-0.137975 -0.059423 0.177965 -0.060828 0.232712 0.070475 0.079630 -0.284416 -0.101572 -0.100125 -0.172784 0.141510 -0.032725 0.089623 -0.029080 -0.127622 -0.084486 -0.201025 0.106350 0.140624 -0.118198 -0.003393 -0.001266 -0.197046 0.063986 -0.162582 0.020000 0.061574 0.164085 0.056854 -0.054546 0.087232 0.079420 -0.326820 0.073193 -0.032202 -0.112521 -0.028733 -0.082060 -0.022538 0.003295 -0.058623 0.094007 0.251224 0.210582 0.187137 -0.413759 0.027370 -0.143992 0.068251 
-0.130446 -0.122951 0.017193 -0.063687 0.032103 0.266834 0.067786 0.021505 0.071719 -0.183217 -0.015175 0.176769 -0.123042 -0.217073 0.131247 0.200259 0.093522 -0.165680 -0.076628 -0.020149 0.099821 -0.009354 -0.211743 -0.141035 -0.129475 0.328418 -0.006888 -0.326840 -0.134137 -0.000292 -0.140534 -0.165876 -0.085728 -0.092447 0.033373 0.100911 -0.027271 0.240701 -0.007075 0.271900 -0.077756 0.022698 0.113567 -0.099495 0.048495 0.088412 -0.072523 -0.186246 0.047167 -0.202222 
-0.142233 0.094947 0.126022 0.145656 0.062335 0.081178 0.171638 -0.077039 0.232169 0.295979 -0.008164 -0.241238 0.008165 -0.208707 -0.063617 -0.133225 -0.108587 -0.135400 -0.211251 0.064331 0.035610 0.129777 0.203841 -0.129621 -0.070165 0.012108 -0.174866 -0.036046 0.172861 -0.044454 0.028479 -0.096167 -0.005161 -0.084600 -0.033907 -0.110758 0.175334 0.056678 0.253696 0.135394 0.162231 -0.056615 -0.249754 0.193737 -0.250423 0.159767 0.070268 -0.112503 -0.043687 -0.118139 
-0.153230 0.195796 -0.091863 -0.211674 0.223481 0.039370 0.262439 -0.051286 0.090700 0.032167 -0.000137 -0.214791 -0.064232 0.012826 -0.052798 -0.000318 0.087915 0.121273 0.105986 0.117472 0.027388 -0.032515 -0.175923 0.058335 0.003320 -0.078586 -0.354440 -0.017889 -0.070345 0.077269 0.082019 0.225586 -0.317317 0.264442 0.113844 0.039378 -0.256284 -0.093614 -0.054382 0.094964 -0.050004 0.113183 0.035452 0.146087 0.203148 0.070664 0.165942 0.039930 -0.052807 -0.165911 
-0.120257 0.105754 -0.236639 0.027599 -0.095402 0.053911 -0.047951 0.139989 -0.055545 0.089684 0.153476 -0.153345 -0.029471 0.065766 -0.115681 0.124508 0.155202 -0.146169 -0.370153 0.017300 0.091305 0.024756 0.133360 0.000155 -0.052125 -0.301541 -0.054167 -0.215840 -0.105154 0.101388 0.060055 -0.022460 0.069975 0.012845 0.047512 -0.045539 -0.014070 0.003173 -0.158145 -0.249598 -0.405194 -0.227328 0.063076 0.087092 0.013624 0.064607 -0.251782 -0.124416 0.066113 -0.036941 
-0.126702 -0.210081 -0.057731 -0.114255 -0.058211 -0.016657 0.196851 0.009283 -0.002000 -0.323715 0.159670 -0.130295 0.020350 -0.022323 0.132824 -0.274166 0.242839 0.125011 -0.128027 -0.294777 -0.232384 0.190891 0.039821 0.061342 0.062000 -0.083459 0.181599 0.061376 -0.098469 0.102746 -0.033706 -0.172560 0.087812 -0.013452 0.095508 -0.243797 0.104489 -0.063059 -0.065276 0.003321 0.044958 0.204958 0.041300 0.131469 0.001157 0.268893 0.113387 0.062031 -0.015561 -0.140190 
-0.141367 0.354231 0.061194 -0.046446 -0.001896 0.124871 0.102100 -0.095091 -0.123208 0.189946 0.017745 0.012175 -0.015708 0.081098 -0.037723 -0.241024 0.177327 0.046825 0.111927 -0.078795 -0.000069 0.145421 -0.171712 0.061420 -0.264304 -0.202001 0.139887 -0.002892 0.031041 0.066104 0.025766 -0.111948 0.091266 0.027871 0.017968 0.122462 -0.120385 0.370854 0.029706 -0.097557 0.109996 0.099697 -0.010114 -0.417912 -0.144664 0.028493 -0.118021 0.052515 -0.132499 0.018417 
-0.145124 -0.068713 0.074374 -0.228486 0.057671 0.012428 -0.108301 -0.090231 0.020403 -0.026526 0.273375 0.060187 0.061691 -0.050694 -0.245758 0.060015 -0.066752 -0.213219 0.098243 0.037927 -0.116401 0.278023 0.188223 -0.058662 -0.028396 -0.036300 0.131111 -0.069836 -0.108151 -0.277413 -0.053071 0.085324 -0.066811 0.079074 -0.050350 -0.170011 -0.037006 0.183428 -0.122632 0.062944 -0.180168 0.129915 -0.072111 0.075900 0.000363 -0.330321 0.194053 -0.045325 -0.329811 0.124677 
-0.130838 0.230502 -0.131828 0.065766 -0.039654 0.041402 -0.116682 0.129043 -0.072799 -0.154501 -0.214589 -0.071377 -0.075862 -0.365887 0.090276 0.131174 -0.203067 0.047565 0.019733 -0.145519 0.064919 -0.167214 0.094245 -0.319226 -0.047507 -0.151401 0.211993 0.230073 0.081800 -0.226976 0.261688 0.103438 0.089087 0.078925 0.012153 -0.180110 -0.148193 0.029286 -0.106137 0.110624 -0.090808 0.087226 -0.012919 -0.104559 0.038578 0.156560 0.043506 0.046260 -0.028175 -0.099351 
-0.128132 -0.093881 -0.110634 0.008619 -0.307584 0.085536 0.042056 -0.121424 -0.030100 -0.163581 0.017345 -0.051064 0.103209 0.134207 -0.131152 -0.120052 0.100591 0.101611 0.002023 0.138892 0.118601 -0.279412 0.100359 0.125761 0.108650 -0.071566 0.054602 -0.093467 0.220296 -0.128082 0.037276 -0.129498 -0.266756 -0.114181 -0.016885 -0.013020 -0.136714 -0.096761 0.186938 0.314638 -0.157094 -0.133790 0.104022 -0.163052 -0.132722 0.156291 0.076481 -0.024545 -0.229121 0.236736 
-0.154401 -0.150738 0.245436 -0.179088 0.017108 -0.180424 -0.193546 0.322810 -0.035208 -0.015297 -0.298129 -0.027025 -0.168267 0.156826 -0.073136 -0.066885 0.075931 -0.034066 -0.018827 0.199689 -0.174946 -0.027291 -0.193848 0.212356 -0.097579 -0.025040 0.055494 -0.119303 -0.008539 -0.317190 0.295989 -0.031533 -0.098776 0.027980 0.018210 -0.128642 0.046896 0.118159 0.022250 -0.114946 0.110592 -0.087221 -0.056607 0.064891 -0.025334 0.158674 0.027388 -0.183964 0.089748 -0.043170 
-0.139711 0.135837 -0.129623 -0.030318 0.090825 0.056771 -0.099043 -0.062201 -0.081092 0.061093 0.051286 0.328111 -0.265320 0.060078 0.082587 0.049778 0.158003 0.073104 -0.202435 0.336702 0.087325 0.336559 0.046434 0.115565 -0.031130 -0.014740 0.179677 0.122536 0.033888 -0.056641 -0.091548 0.126415 0.158206 -0.002887 -0.035430 -0.085139 -0.086469 -0.408271 0.105319 0.205816 0.095932 -0.036570 0.013952 -0.088365 -0.040848 -0.000427 0.085568 -0.057992 0.082243 -0.134806 
-0.138064 -0.058755 0.166281 0.053865 -0.238418 0.127119 0.070912 0.071510 0.314532 -0.216971 0.031292 0.001664 0.238437 -0.042702 0.095146 -0.085018 -0.086238 -0.029194 0.034714 0.148676 0.198020 0.162959 -0.319964 -0.105385 0.164407 -0.182062 0.089310 -0.128412 0.248485 -0.002250 -0.019024 0.175322 0.059798 0.185821 0.086387 0.022246 -0.051911 -0.112192 -0.208361 -0.133514 0.096668 -0.001284 0.036479 0.025227 -0.254410 -0.182299 -0.059160 -0.055448 0.120887 -0.021450 
-0.131312 0.047482 0.152725 0.068106 0.129659 0.046519 -0.304993 -0.044356 0.120717 0.100613 -0.010314 -0.203078 0.276719 -0.006745 -0.041392 -0.085091 0.018592 -0.063052 -0.153427 -0.033152 0.043819 -0.018006 -0.118467 0.175519 0.215383 0.053358 -0.114370 0.056240 -0.114480 -0.035748 -0.077450 0.212727 0.087580 -0.323658 0.083635 -0.289721 -0.007712 0.105885 0.052655 0.091871 -0.076329 0.011959 0.265878 -0.281201 0.125768 -0.039176 0.094742 0.185152 0.151532 -0.121044 
-0.137912 -0.140152 0.047698 0.134870 0.329776 0.177201 -0.146325 -0.052606 -0.149796 -0.041327 0.131566 -0.042448 -0.104630 0.070709 -0.071106 0.026394 -0.136408 0.096612 0.011315 -0.086493 0.479701 -0.115886 -0.072821 0.203622 0.109236 0.048393 0.062065 -0.100590 -0.037504 -0.140354 -0.159669 -0.101605 0.036006 0.220756 -0.161879 -0.093047 0.012291 0.002772 -0.070442 -0.173421 0.074331 0.060012 -0.178176 0.091325 -0.075745 0.234248 -0.075921 0.220988 -0.126460 -0.007439 
-0.144924 -0.216744 -0.172598 -0.052132 -0.190223 -0.161914 -0.200974 -0.201173 0.021465 -0.098748 -0.185276 -0.095715 0.106110 0.042787 -0.165383 -0.006273 -0.195507 -0.032465 -0.030372 -0.093039 -0.088518 0.225171 0.023243 -0.060188 -0.372022 0.117302 -0.235952 -0.051414 0.010154 0.071999 -0.183531 0.149200 0.079595 0.117911 -0.286380 0.045240 -0.248203 -0.067713 -0.001596 -0.076241 0.048235 0.035289 0.034906 -0.117627 -0.060361 0.257749 0.004041 0.016837 0.107653 0.043664 
-0.138565 0.031819 0.026923 0.203115 -0.070308 -0.192358 0.117301 -0.032662 -0.060075 -0.012590 -0.014205 0.020195 0.222475 0.030933 -0.052039 0.113241 0.336823 -0.292523 0.206777 -0.219632 0.134672 0.093001 0.141337 0.153340 -0.020916 0.025189 0.034917 0.198653 0.126531 -0.292292 -0.128845 -0.081485 -0.113962 0.150163 0.088110 0.035839 -0.130299 0.027594 0.036809 0.108718 0.052515 -0.104303 -0.117792 0.086284 0.182582 -0.041490 -0.167970 0.008848 0.302827 -0.135783 
-0.142674 0.012996 0.028927 -0.261683 -0.013534 -0.028236 -0.325807 -0.038433 0.033086 0.031325 -0.037919 0.004623 -0.037986 0.054583 0.155514 0.171081 0.083775 0.283780 -0.172764 -0.237468 0.060780 0.012928 -0.020681 -0.017684 -0.082872 -0.152750 -0.147349 -0.012170 0.170148 0.140047 0.045502 -0.132102 -0.130153 -0.046787 -0.014543 -0.099870 -0.021509 0.094461 -0.008908 0.300816 0.139123 0.095555 -0.088848 0.234161 -0.077658 -0.301365 -0.259017 0.137951 0.098694 0.168564 
-0.136518 0.144194 0.156235 -0.044778 -0.081194 -0.171622 -0.011448 -0.220907 0.152757 -0.051980 -0.138683 0.009120 0.053314 0.147443 0.060850 -0.018384 -0.005195 -0.016061 -0.089437 0.027694 0.167217 -0.073622 0.130672 0.072137 -0.223703 0.056889 0.319242 -0.135994 -0.057847 0.147117 0.082615 0.237541 -0.026770 0.026694 0.033823 0.249319 0.409550 0.034401 -0.209606 0.153995 -0.125419 -0.057013 -0.122378 0.060400 0.142952 0.105826 0.151625 0.232398 0.004307 -0.031758 
-0.156057 0.055170 0.018161 0.046272 0.243985 0.097699 -0.065634 -0.000296 0.223270 -0.094844 -0.089584 0.205808 0.106761 -0.134036 0.109502 0.060294 0.000152 0.144678 -0.061835 0.026523 -0.182526 -0.001638 0.091240 0.173193 -0.142362 0.054804 -0.179539 0.255217 0.260568 0.009130 -0.179974 -0.174008 -0.048845 0.275953 0.152756 -0.058314 0.241962 0.051599 -0.103503 -0.171415 -0.153362 -0.212727 0.164088 -0.120435 0.059753 0.063756 0.051855 -0.110657 -0.115768 0.203464 
-0.160021 -0.184797 -0.033494 0.077694 -0.223370 0.250443 0.037031 -0.135533 -0.138704 0.291108 0.039018 -0.021503 -0.003004 0.104829 0.037874 0.084992 -0.153410 0.010151 -0.196749 -0.079710 -0.061274 0.022546 -0.057242 -0.099181 0.062519 -0.092604 -0.015905 -0.096102 0.063641 -0.172974 0.068265 -0.032233 -0.033710 0.108709 0.180646 0.061990 0.168006 -0.103089 -0.021042 -0.058347 0.243798 0.207556 -0.024356 -0.158262 0.506709 0.006126 0.074148 -0.123331 0.045358 0.165952 
-0.145344 0.089934 0.034917 -0.072563 0.014050 0.072153 -0.101634 0.122096 -0.047612 0.030545 0.031531 -0.114213 -0.064653 0.299049 0.115779 0.030009 -0.131505 -0.098580 0.293651 0.215391 -0.114920 -0.073114 0.193320 -0.278191 0.081501 -0.015365 0.076022 -0.020946 -0.084042 0.202214 -0.302739 -0.126923 -0.180729 0.118513 0.154861 -0.209542 0.076596 -0.002845 0.031700 0.031360 -0.095269 0.115913 -0.136396 -0.153975 -0.130817 0.111917 0.015193 0.025204 0.354335 0.058338 
-0.139775 0.111865 0.040981 -0.342332 -0.039864 0.023018 0.203509 0.305434 -0.021590 -0.090705 -0.078617 0.009447 0.088621 0.080937 -0.048129 0.277504 0.003710 0.011764 0.161887 -0.076509 0.163639 0.143786 0.127469 -0.103044 0.163423 -0.132209 -0.138396 -0.098985 0.007682 -0.003841 -0.062121 -0.042734 0.278534 -0.055369 -0.206529 0.049211 0.169963 0.030265 0.201254 -0.014000 0.199826 -0.245189 0.185591 -0.032142 0.138173 0.083483 0.152654 0.164321 -0.075649 0.065535 
-0.142853 -0.225928 -0.141664 0.086126 0.005847 -0.258826 0.127020 0.043920 0.072519 0.304265 -0.177429 -0.028347 -0.041205 0.181618 0.261580 -0.061282 -0.116944 -0.082921 0.066296 -0.043371 0.154706 0.164716 -0.080048 -0.071758 0.103982 0.101682 -0.047605 0.097331 -0.195644 0.067047 0.115498 -0.210271 0.079450 0.045620 0.111878 -0.128181 -0.119297 -0.012822 -0.309978 0.205321 -0.030390 -0.252336 0.019115 -0.112794 -0.066008 -0.060060 0.000174 0.034560 -0.279997 0.033217 
-0.161868 0.106362 0.295104 -0.162860 -0.231477 -0.197563 -0.045737 0.131094 0.017790 -0.040968 0.157145 0.142264 -0.073222 -0.223564 -0.010591 -0.070856 -0.039611 -0.198053 -0.232599 0.166542 0.139165 -0.132688 0.175326 0.103974 0.140598 0.115334 -0.145544 0.193792 -0.042637 0.204830 0.000917 -0.217622 -0.009587 -0.055026 0.014926 0.143942 -0.275954 -0.010948 -0.160550 -0.141254 0.114314 0.191934 -0.103096 -0.066477 0.111105 0.083830 0.053946 0.060924 -0.033791 0.085643 
-0.150611 -0.075235 -0.050607 -0.040580 0.078102 -0.058283 -0.077457 0.004978 0.076880 0.105285 0.076768 0.205366 0.390546 -0.086600 0.198132 -0.114465 -0.051963 0.180302 -0.112236 0.137829 -0.193545 -0.088015 0.159409 -0.144177 0.086824 0.004662 0.151689 -0.153038 -0.268110 -0.077505 0.094807 -0.014754 -0.102336 0.231656 -0.031501 0.133881 -0.158566 0.028336 0.318055 -0.095742 0.081127 -0.134122 0.005454 0.015601 0.043252 0.004087 -0.221615 0.200407 -0.063820 -0.189156 
-0.145652 0.200589 -0.283510 -0.197579 0.138388 -0.341483 0.047247 0.109683 0.055085 0.155837 -0.015062 0.108621 0.091570 -0.052380 -0.077778 -0.048991 -0.080530 -0.031386 -0.044275 -0.240862 0.133265 0.030058 -0.124756 -0.023269 0.196585 0.211044 0.198763 -0.066953 0.090941 -0.028958 -0.103753 0.151377 -0.216776 -0.124554 0.058171 0.019147 0.142098 -0.100347 0.087091 -0.127021 0.003923 0.229386 0.098201 -0.003357 -0.105452 0.126814 -0.149764 -0.263933 -0.031273 0.187656 
-0.143505 -0.023142 0.047004 -0.023984 0.069096 0.198198 -0.124254 0.033802 0.048005 0.012637 -0.162932 -0.213466 0.002260 -0.212869 0.221896 -0.022737 0.202447 -0.160448 0.065831 -0.139822 -0.057432 0.032045 -0.204867 0.006510 -0.001476 -0.065021 0.172738 0.068552 -0.169257 0.121800 -0.097227 0.018591 -0.121532 -0.132857 -0.195141 0.126545 -0.096749 -0.271061 0.164046 -0.148854 -0.102336 -0.203862 -0.344761 -0.008487 0.101813 -0.085649 0.140301 -0.046846 -0.070964 0.287746 
-0.139644 -0.205076 0.071491 -0.153050 0.001649 -0.104707 -0.179930 -0.098311 -0.046766 -0.000626 0.198938 -0.248981 -0.037813 -0.257859 -0.091527 -0.010193 0.093768 0.154053 0.339178 0.101272 0.129825 0.005526 0.089772 -0.042868 -0.054437 -0.033949 -0.099325 0.112513 -0.061509 0.030108 0.129330 -0.034408 0.010244 -0.053396 0.036555 0.152782 0.321849 -0.242127 -0.040928 0.005899 0.023421 -0.019272 0.039132 -0.251181 -0.000773 -0.049773 -0.286015 -0.202729 -0.073418 -0.234580 
-0.135681 0.099357 -0.134145 0.022681 -0.273134 -0.014093 -0.054106 -0.089129 -0.285535 0.175274 -0.155974 -0.155509 0.025247 -0.237074 0.091802 0.139188 0.152655 0.189200 0.098812 0.200873 -0.166706 -0.092734 0.018205 0.107884 0.120562 0.142552 0.051476 -0.127889 0.037951 -0.035033 -0.367406 0.098615 0.049155 -0.089231 0.095801 -0.035214 0.003409 0.147744 -0.243854 -0.122462 0.187567 -0.084194 0.018667 0.230917 -0.103303 -0.020645 0.072622 0.024226 -0.153064 -0.099450 
-0.146972 -0.034411 -0.025670 0.094905 0.096512 -0.113037 0.096261 -0.031806 0.323372 0.036187 0.133819 0.022923 -0.179708 0.132516 -0.015485 0.084056 0.277127 -0.044339 -0.068849 -0.039187 -0.086877 -0.390893 -0.001026 -0.279322 -0.206421 -0.095195 -0.055114 0.025417 -0.130458 -0.301665 -0.141296 0.019741 0.012989 -0.152300 -0.080420 0.025336 0.006954 -0.153058 -0.153966 -0.142924 0.231581 0.051510 0.149651 -0.064920 -0.162265 -0.079570 0.066114 0.154166 -0.008337 0.068744 
-0.160505 -0.135068 0.094811 0.098691 -0.040774 -0.274609 0.325409 -0.031752 -0.147382 -0.014073 0.309554 0.082490 -0.175045 -0.190381 0.250634 0.084512 -0.066224 0.055063 0.024899 0.040027 -0.074947 -0.078055 -0.095502 0.112555 -0.046519 -0.038621 -0.094729 -0.097204 0.083702 0.053810 0.032395 0.350513 0.014324 0.005534 -0.156249 -0.283460 0.054207 0.159059 0.124911 0.017863 -0.104811 -0.116198 -0.140857 -0.168402 0.039010 -0.000175 -0.106176 0.065271 0.120048 0.198898 
-0.143858 -0.114859 0.084152 0.220121 0.182585 -0.056502 0.090530 0.025953 -0.169534 -0.104781 -0.178161 -0.211426 0.128768 0.181245 0.051711 0.157091 0.263876 -0.002998 -0.179961 0.179855 0.065675 -0.027267 0.133160 -0.155612 0.064668 0.148643 0.109176 0.106206 0.120561 0.254008 0.126461 0.063367 0.004197 0.134566 -0.304246 -0.015969 -0.003598 0.130319 0.067911 -0.065301 0.028649 0.278343 0.149235 -0.041135 0.009499 -0.196144 0.017526 -0.216723 -0.131878 -0.003142 
-0.143846 0.116214 -0.037058 0.163031 0.143327 -0.053406 -0.027471 -0.159484 0.016468 -0.021895 -0.129722 0.150336 -0.040228 -0.212738 -0.281798 -0.136576 0.115980 0.010499 0.196333 -0.080797 -0.065045 -0.074448 0.116010 0.006718 0.093595 0.080655 0.006178 -0.469200 0.007067 0.215385 0.256079 -0.192540 0.158487 0.090204 0.004044 -0.204413 -0.061786 -0.174227 -0.091318 -0.008429 0.110084 -0.049389 0.038488 -0.026200 0.062549 -0.152107 0.115900 -0.001066 0.200154 0.147595 
-0.137658 -0.168181 0.003141 -0.106216 0.089786 0.272760 0.004390 0.145787 -0.179326 0.203534 0.303242 0.016068 0.185967 0.002088 -0.123085 0.037366 0.046815 -0.014484 0.055607 -0.047052 -0.012254 -0.071380 -0.015120 -0.058702 -0.183569 0.271878 0.134678 0.218957 0.060888 0.145831 0.273401 0.175175 0.054442 -0.032992 0.132735 0.090124 -0.099937 0.018020 -0.120321 0.061490 0.099945 -0.193381 0.130554 0.179306 -0.185384 0.142837 0.121059 0.033527 0.193376 0.192850 
-0.139698 -0.006535 -0.153038 0.035321 0.126199 0.025168 -0.110723 0.153000 -0.022878 -0.163100 0.106274 -0.172510 -0.179312 0.121972 0.304202 -0.100145 -0.221367 -0.266817 0.061451 -0.160499 -0.076406 -0.081499 0.259438 0.253113 -0.111940 0.035291 -0.005111 -0.205893 0.264440 0.042777 0.025557 0.120205 0.054075 -0.065465 0.210823 0.189850 -0.121865 -0.045233 0.117743 -0.053599 0.154799 -0.016989 0.098726 -0.034753 -0.017362 -0.214399 0.046797 0.001989 -0.138286 -0.158130 
-0.134697 -0.187891 -0.256502 -0.054883 0.014505 0.065276 0.051424 -0.058691 -0.115842 -0.179040 -0.272488 0.139432 -0.028275 -0.077331 -0.091451 -0.156229 0.083547 -0.114523 -0.073948 0.071524 0.156063 -0.107557 0.055142 0.021287 0.074309 -0.111338 -0.226440 0.154503 -0.289339 -0.020024 -0.005373 0.190364 0.199591 0.073233 0.336534 0.113243 0.160485 0.183896 0.195476 0.009807 0.021532 0.107319 -0.159893 0.014310 -0.200714 -0.147797 0.018654 0.010206 0.077869 0.171371 
-0.139856 0.157065 0.026693 -0.111978 -0.045802 0.044289 0.058018 0.108004 -0.350681 0.047934 -0.007391 0.054506 0.147141 0.046439 0.146528 -0.414291 -0.035586 -0.066304 -0.038635 -0.001078 -0.010410 -0.139994 -0.143718 -0.116906 -0.128085 0.180073 -0.232883 -0.016585 0.103177 -0.219742 -0.048378 -0.127896 0.140884 0.044575 -0.251019 0.013809 0.181708 -0.214223 -0.069826 0.056552 -0.291519 0.078363 0.029461 0.109656 0.004855 -0.207907 0.019830 0.078372 0.060111 -0.081390 
-0.147393 -0.008685 0.143865 0.180412 -0.022792 0.049938 0.045949 0.128453 -0.210127 -0.012766 -0.059629 0.281523 0.067043 0.014697 -0.152320 -0.076644 -0.215754 0.034134 -0.038225 -0.236654 -0.002688 -0.103736 0.046050 0.063961 -0.059459 -0.318480 -0.025260 0.077061 -0.219156 0.208311 -0.155736 0.106750 -0.334875 -0.070416 -0.150570 -0.041832 0.065220 -0.041665 -0.120848 0.090128 0.176200 -0.147807 0.076260 0.006369 -0.079329 -0.097229 0.116679 -0.256145 -0.035069 -0.237600 
-0.135106 0.133755 0.250909 0.068827 -0.023211 -0.044443 -0.115768 -0.345251 -0.110773 -0.005877 0.056430 -0.002027 -0.197887 0.074712 0.173083 0.122480 -0.016309 -0.013529 0.001606 -0.228239 -0.168144 0.102505 0.004977 -0.031160 0.385263 -0.021605 -0.126776 0.017043 -0.109016 -0.140767 0.147173 0.002928 0.026084 0.122705 -0.052092 0.316544 -0.008037 0.027383 0.037925 -0.007855 -0.154959 -0.046942 0.213974 0.069991 -0.297772 0.134071 0.116353 -0.115739 0.108828 0.040308 
-0.144210 -0.080381 -0.171293 0.139214 0.002621 -0.227818 -0.159867 0.039567 -0.046529 -0.030792 0.137169 -0.065272 -0.247194 -0.091922 -0.288876 -0.094493 -0.057195 -0.104539 -0.077322 0.088776 -0.081080 0.027865 -0.359111 -0.203330 0.093391 -0.079168 0.138987 0.139428 0.197344 0.158921 -0.111840 -0.160894 -0.072512 0.118203 0.007592 0.167164 0.115639 0.162089 0.185211 0.061140 -0.009706 -0.168359 0.128561 0.093726 0.130103 -0.092457 0.135780 0.249948 0.009289 -0.098335 
-0.150650 -0.005909 -0.203617 -0.125702 -0.025440 0.080419 -0.004217 -0.043757 0.310080 0.116866 0.080884 0.027575 0.023451 0.118600 -0.053723 0.013915 -0.090135 -0.028700 0.107228 0.000369 -0.188290 -0.329887 -0.078937 0.238352 0.177255 -0.069730 0.102894 0.139792 0.021229 0.075678 -0.037885 -0.019163 0.385976 0.076110 -0.306625 0.060425 -0.026788 0.139805 -0.057926 0.198234 -0.026681 0.057074 -0.172777 0.066185 0.091627 0.015144 -0.055407 -0.297784 0.067166 -0.124738 
-0.112768 -0.202121 0.055770 0.170826 0.138766 -0.163493 0.049153 0.122191 0.005221 0.193608 -0.038424 0.050008 0.133052 -0.135799 0.089802 0.109039 -0.093844 0.184221 0.165005 0.120813 0.094471 0.058366 0.011653 0.115988 -0.186285 -0.323235 0.056235 -0.101066 0.017600 -0.024725 -0.082470 -0.185945 0.132144 -0.226589 0.078848 0.226367 -0.120560 -0.003162 0.076589 0.028076 -0.274173 0.327025 0.135897 0.166011 -0.008684 0.048920 0.220438 -0.016055 0.129126 0.065385 
-0.134307 0.132144 -0.246107 0.009511 0.120101 -0.080259 0.036515 -0.215765 -0.062831 -0.301441 0.146404 0.005725 0.181092 0.168740 0.063804 0.082756 -0.154318 0.184162 -0.024295 0.127514 0.063758 0.084795 -0.083097 -0.081732 -0.003385 0.063185 -0.076554 0.066771 0.000224 -0.090782 0.181032 -0.204039 -0.081544 -0.380664 -0.000909 0.025641 -0.024086 0.143557 -0.089242 -0.226279 0.074529 -0.157105 -0.289753 -0.029162 0.046378 -0.084024 0.205394 -0.132437 0.158700 -0.092172 
-0.145412 0.235708 0.062504 0.241966 0.032449 -0.025705 0.123072 0.157824 -0.075401 -0.219801 0.040022 -0.187805 0.139632 0.031648 -0.193324 0.267085 -0.203225 -0.003683 -0.092808 0.082515 -0.294836 0.058564 -0.182666 0.174816 -0.068625 0.093395 0.003672 0.001433 -0.242467 -0.028781 0.009941 -0.098019 0.108494 0.003173 0.118704 0.096063 0.064705 -0.225868 -0.004341 0.244048 0.076972 0.092414 -0.070325 -0.010959 -0.094178 -0.022183 -0.264699 0.105150 -0.123660 0.173246 
