-0.155989 0.063499 -0.019268 0.213548 0.121812 -0.074231 0.144731 0.044640 0.117516 0.060443 0.168956 -0.157445 -0.295801 -0.010797 -0.031883 0.042976 0.072705 -0.295961 -0.014261 -0.075630 -0.190435 -0.063873 0.068048 -0.114086 -0.048951 -0.152691 0.196137 0.087707 -0.214700 -0.319335 0.037878 0.147940 -0.024896 -0.126788 -0.130430 0.080927 -0.080451 0.030564 -0.048753 -0.231479 -0.137560 0.287604 0.087698 0.125297 -0.118691 -0.103979 -0.226861 -0.058358 0.069129 0.088527 
-0.144653 0.084502 0.174373 -0.274437 0.163963 -0.017222 -0.018136 0.403695 -0.040982 0.054168 0.182565 0.099552 0.072555 0.048162 -0.044436 0.079430 -0.022255 0.104411 -0.142140 0.035939 -0.070904 -0.189321 0.040817 -0.144329 0.151866 0.136196 -0.076394 -0.058886 -0.137459 -0.128596 -0.060759 0.095194 0.391881 -0.089958 0.028543 -0.123333 0.252105 0.214630 0.132232 0.029857 0.120000 -0.002825 -0.174020 0.122708 -0.047408 -0.047590 0.036920 0.071559 -0.051282 0.193880 
-0.127275 0.204624 0.064076 -0.039105 0.050230 0.048388 -0.034977 -0.130961 0.098881 -0.228937 -0.121802 0.057317 -0.046382 0.236322 -0.143923 -0.075199 -0.017785 -0.129336 0.255018 0.124788 0.023006 0.160054 -0.029468 -0.262774 -0.225618 0.183012 -0.162191 -0.195076 -0.265474 -0.113177 -0.010642 0.125708 -0.064974 0.150995 0.087678 -0.034062 0.013353 -0.135714 -0.098907 0.177333 0.205042 0.030971 0.166655 0.114128 0.024506 0.251329 0.054270 -0.039138 0.045187 0.238586 
-0.151647 0.072361 -0.159108 -0.208104 -0.058136 0.055191 0.196818 0.027213 -0.157393 -0.058684 -0.001949 0.014359 -0.080884 0.110972 -0.249159 -0.102465 -0.006059 0.082174 0.285283 -0.163474 -0.122918 -0.311567 -0.112372 0.100109 -0.085715 -0.100593 0.079876 -0.343890 0.089136 0.053510 0.064338 -0.034386 0.187052 0.029895 -0.179112 0.066574 -0.323391 0.072559 0.122558 -0.046168 0.009429 -0.005308 -0.044841 -0.070882 0.113979 -0.046489 0.123329 -0.152130 0.247662 -0.089566 
-0.137515 -0.196683 0.188317 -0.000417 -0.085164 -0.165510 -0.208003 -0.165657 -0.039034 0.094634 0.022315 0.075707 -0.231416 -0.046820 0.131480 0.083076 -0.194935 0.042307 0.069144 -0.104625 -0.004235 0.009348 -0.164908 0.232766 0.042586 0.127727 0.078024 0.072391 -0.121192 -0.010813 0.011636 -0.267031 0.265925 -0.055623 -0.240043 0.050698 -0.129183 -0.038196 -0.328777 -0.049178 0.007379 -0.001826 -0.083408 0.155435 0.033661 0.272418 0.128747 -0.063020 -0.124143 0.217045 
-0.157947 -0.064872 -0.157627 -0.277787 0.105567 0.245059 -0.035226 -0.112948 -0.132661 0.194383 0.034931 0.057718 0.189420 -0.129947 0.325208 -0.044769 0.101913 -0.024006 -0.152696 0.052477 -0.043280 0.051253 0.138642 -0.052168 0.066383 0.010266 0.179739 -0.103632 -0.186327 0.071611 0.308740 0.017182 -0.070733 0.260344 0.058111 0.256342 0.003602 0.028824 -0.092645 0.119073 -0.061834 0.045317 -0.061568 0.206963 0.105626 0.028520 -0.119501 -0.230545 0.132791 0.040775 
-0.144469 0.350223 0.123271 -0.004477 -0.124887 0.160348 0.015147 -0.073619 -0.141415 0.189806 0.203799 -0.093234 -0.157289 0.171056 0.072673 -0.060111 -0.221975 0.136291 0.081399 0.065621 0.100764 0.136424 0.060130 -0.012600 -0.000793 -0.091904 -0.365055 0.141052 0.152391 -0.039796 0.198885 -0.075470 0.098310 -0.058776 -0.049751 0.275859 0.245801 0.024409 -0.127634 -0.006818 -0.077684 0.069177 0.083482 -0.142156 -0.135512 -0.056553 0.039614 0.011613 0.188971 -0.127087 
-0.136650 0.061220 -0.035200 -0.035974 0.102410 -0.038152 -0.137021 -0.020350 0.247653 -0.284600 -0.100666 -0.338460 0.021192 0.052743 0.167565 -0.148380 0.067902 0.238772 -0.033259 -0.000058 0.021339 0.069750 0.224520 -0.121759 -0.129504 0.133263 0.101127 -0.118137 -0.051350 0.036219 -0.091275 -0.335685 0.138700 -0.209450 -0.056818 0.324559 -0.109652 0.013786 0.088538 0.008111 0.073719 0.018374 -0.114562 -0.072756 0.032863 -0.112964 -0.179945 0.155636 -0.120542 -0.075183 
-0.140692 -0.186892 -0.151272 0.019915 0.036228 0.054898 0.037058 -0.054843 0.154841 0.101475 0.084828 0.263207 -0.061288 0.289421 0.011753 -0.002817 -0.172452 0.101398 -0.104924 -0.185073 0.079356 0.182562 0.180387 0.064646 -0.020309 0.028587 0.144115 -0.009896 -0.157364 0.108741 -0.099552 0.130067 -0.018804 0.034999 -0.069064 0.013512 0.171222 0.131536 0.122888 -0.383897 0.269375 -0.000257 0.217033 -0.045170 0.208174 0.116692 0.069362 0.109198 0.035335 -0.235510 
-0.144369 -0.211688 0.107059 -0.048058 0.088083 -0.103792 -0.222218 0.020663 0.014852 -0.034131 -0.084942 0.092684 0.256038 -0.172956 0.158960 0.096141 -0.045805 0.116432 0.263004 -0.040886 0.027988 -0.221345 0.149676 0.012707 -0.321432 -0.205386 -0.192104 0.045957 -0.080080 0.010242 0.013869 -0.016207 -0.019357 -0.061120 -0.002269 -0.043932 0.141283 -0.283004 0.255731 -0.201597 -0.083452 0.170580 0.107569 0.051120 -0.224578 0.013822 0.079103 -0.163827 0.087098 -0.032286 
-0.127284 -0.116071 -0.030741 0.155142 0.122416 -0.173147 -0.071875 0.130111 -0.011498 -0.133053 0.154761 0.127863 -0.040909 -0.019406 0.033743 -0.098892 -0.147858 -0.064066 0.046644 0.272337 0.107776 -0.180117 -0.015748 -0.071494 0.105717 0.225020 0.100404 -0.162726 0.436257 -0.033976 0.073349 0.060258 -0.171086 -0.031263 0.111601 0.243545 0.067581 0.025100 0.046313 -0.020793 -0.194344 0.297336 0.046009 0.037664 0.241351 0.157572 0.159857 0.066745 -0.048771 0.039910 
-0.129982 -0.034665 0.105718 -0.131148 -0.198698 0.018732 -0.044644 -0.148737 -0.188218 -0.131253 0.038948 -0.120049 0.001348 0.201959 0.111067 -0.133136 0.077042 -0.198205 0.093820 -0.142296 0.183217 0.075615 -0.214338 0.100132 0.025048 -0.097311 0.182273 -0.039166 0.055562 0.052733 0.213056 0.045518 0.149156 0.026106 0.146293 -0.192599 0.111166 0.090286 0.241178 0.069203 0.046072 0.306037 0.056427 0.035761 -0.129085 -0.016459 -0.153872 0.039887 -0.402589 -0.114111 
-0.135409 -0.087209 0.009809 0.016786 0.105015 0.100944 0.193023 -0.164413 0.000587 0.081839 0.157830 -0.172252 0.097176 0.020476 0.037179 0.212770 -0.136987 0.124278 -0.026677 0.013181 0.049054 0.062664 -0.329063 -0.160040 -0.233197 -0.265424 0.119361 0.054158 0.116612 0.121490 -0.358428 0.022665 -0.029406 0.183979 -0.055581 0.049022 0.112775 -0.004588 0.094077 0.080332 -0.005322 0.122665 -0.262091 -0.119225 0.099941 0.101770 -0.093001 0.123960 0.080323 0.280461 
-0.133557 -0.165815 -0.109531 -0.033655 -0.169241 -0.045248 0.218032 0.036704 -0.174008 -0.123530 -0.186978 0.006988 -0.159198 -0.011369 -0.050574 0.029182 -0.283729 0.053861 -0.206648 -0.070410 -0.074478 -0.234831 0.124731 -0.014509 0.057034 0.261118 -0.200163 0.270015 -0.050431 0.041419 -0.044668 -0.040291 -0.017299 0.128153 0.162273 0.043072 -0.077484 -0.063943 0.098372 0.087550 0.088068 0.136338 0.081961 -0.240345 -0.023314 0.078926 -0.368732 -0.188381 -0.023904 0.103701 
-0.128588 -0.086574 0.048563 0.082417 -0.006951 0.059755 0.154373 -0.056654 0.167324 -0.102438 0.052696 0.311078 -0.069238 -0.288850 -0.198401 0.038070 -0.063842 0.278130 0.214454 0.129651 -0.092124 0.318091 0.040840 -0.013641 0.105731 -0.106491 0.109226 0.018163 0.006085 0.151161 0.140350 -0.094287 0.045812 0.002419 0.266617 0.031506 -0.149552 0.260486 0.039063 0.013189 0.029682 0.080865 0.072085 0.018577 -0.272982 -0.187298 0.014392 0.014783 -0.033048 0.192076 
-0.144715 0.111791 0.105914 -0.040601 -0.169954 0.033312 -0.109787 0.287006 -0.025415 0.049255 -0.082212 0.227929 0.056401 0.235733 0.055176 0.335390 0.019781 -0.188362 0.088539 -0.116160 -0.131382 0.108139 0.195865 -0.047057 -0.063603 -0.082536 0.291920 0.044072 0.309280 0.021476 -0.172133 -0.053018 -0.014667 -0.061010 0.036898 0.162909 -0.095974 -0.039976 0.007535 0.202711 -0.054783 -0.203071 0.083187 0.041694 -0.176397 0.200083 -0.166800 -0.024847 0.018025 -0.057387 
-0.128639 0.192559 -0.247153 0.013634 0.133596 -0.280521 0.114683 -0.122516 -0.073622 -0.031165 -0.319141 -0.050008 -0.152039 0.135317 0.038959 0.249894 0.150445 -0.054737 -0.104284 0.093316 0.168499 0.126769 0.014691 0.023578 -0.018469 0.066724 -0.117980 0.075517 0.069413 0.115577 -0.126057 -0.025670 0.097564 0.119979 0.098076 0.028755 0.035793 0.204700 0.115768 -0.191298 -0.162827 -0.011684 -0.188046 0.248022 -0.135197 -0.026412 0.236256 -0.256934 -0.024460 -0.046982 
-0.139183 0.144750 -0.043807 -0.121423 0.044638 -0.236775 0.110290 -0.087469 -0.229105 -0.049544 -0.114989 0.114418 0.261035 -0.071672 0.003114 0.025181 -0.238909 -0.136742 -0.218603 -0.013157 -0.218796 0.181593 -0.134707 0.201152 0.002287 -0.028536 -0.064046 -0.040031 -0.214512 0.015106 -0.044976 0.159336 -0.073036 -0.267657 -0.056045 0.218459 -0.134566 -0.107128 0.087062 0.147068 -0.064717 0.091303 0.085113 0.005102 -0.026906 -0.104702 0.164756 0.346244 -0.022564 -0.030698 
-0.128886 0.116843 0.233215 0.085662 -0.193472 -0.094364 -0.179529 0.154518 0.143542 0.099525 0.069677 -0.026957 -0.018716 -0.069472 -0.024406 -0.090828 -0.094295 -0.121259 -0.261364 0.076973 0.116412 0.180528 0.138035 -0.109735 0.033776 -0.224628 -0.135293 -0.108793 -0.075367 0.277957 -0.109662 0.003667 0.154561 0.076302 0.024502 -0.207149 -0.328232 -0.061252 0.098734 0.060543 -0.122623 0.187323 0.029671 -0.020348 0.321609 -0.048524 0.031100 -0.199086 0.079931 -0.036651 
-0.130832 0.118728 0.045154 -0.159506 -0.032798 0.099186 0.041383 -0.182996 -0.084194 0.095433 -0.044476 -0.080211 0.008423 0.042988 0.105492 -0.211725 -0.017560 0.090330 0.264578 -0.073119 -0.186936 -0.034684 0.263478 0.001695 0.181397 0.003281 0.099487 0.205954 0.122490 -0.073444 -0.335024 0.178509 0.008525 0.006872 0.236923 -0.076156 -0.044004 -0.209106 -0.097813 -0.156290 -0.106742 -0.057428 0.013850 0.058436 0.232135 -0.227300 0.161795 -0.001710 -0.222949 0.179284 
-0.142431 0.030093 0.247685 0.025511 0.032953 -0.201041 -0.062377 -0.136672 -0.230772 -0.078469 0.201793 0.124876 -0.275343 -0.007593 -0.007778 0.013264 0.024764 0.216048 -0.008521 -0.004507 -0.144249 0.009235 0.014028 -0.067984 -0.015007 0.093315 -0.056614 -0.299119 -0.076156 0.169788 -0.052208 0.094112 -0.312977 0.106333 -0.124490 -0.101605 0.103367 -0.068266 0.048486 -0.040139 -0.203734 -0.272831 -0.133405 0.087297 -0.039707 -0.116079 -0.299865 0.017083 -0.111117 -0.163168 
-0.146688 -0.184179 0.020225 -0.087998 -0.223050 0.230573 0.093902 -0.064790 -0.001015 0.003814 0.261514 0.049816 0.030822 0.131729 -0.033298 -0.047200 0.104632 -0.210438 -0.060725 0.200765 0.113690 -0.193697 0.049832 0.074908 -0.344550 0.079506 -0.171503 0.144927 -0.139648 0.052917 -0.061768 -0.163756 -0.174106 -0.244509 0.184070 -0.021283 -0.181894 0.247271 0.010922 -0.063929 -0.170681 -0.187084 -0.072275 0.149920 0.026930 -0.008724 0.063678 0.139814 -0.028325 0.043530 
-0.135176 0.187207 0.074533 -0.142598 -0.020988 -0.019828 0.005612 0.145844 -0.152460 -0.157903 0.130635 -0.180584 0.269679 -0.084828 0.005719 0.225816 -0.136890 0.058352 -0.058735 -0.101139 0.037203 0.081043 -0.158960 -0.249840 0.018497 0.109599 0.093020 0.065486 0.051927 -0.073689 0.118975 -0.189298 -0.343917 -0.013974 -0.017450 -0.171561 -0.176648 0.081345 -0.197705 -0.352087 0.191201 0.006239 0.091003 -0.059997 0.016446 -0.044903 0.122026 -0.173325 -0.086096 -0.052774 
-0.120694 0.078249 0.108082 0.152088 0.068856 -0.075082 -0.020688 -0.118933 0.027917 -0.123367 -0.151858 0.029106 0.083589 0.095845 0.267982 -0.302169 -0.040591 0.148065 -0.091025 -0.057221 -0.219277 -0.235277 -0.022134 -0.084950 0.114174 -0.186941 0.041438 0.106313 -0.010827 -0.061222 -0.107240 -0.079050 -0.099644 0.081863 0.050214 -0.255531 -0.035457 0.394699 -0.115514 0.155591 -0.056540 0.046802 0.061268 0.051324 -0.139242 0.239938 0.082865 0.105826 0.243434 -0.162325 
-0.151567 -0.143818 0.158278 -0.174820 -0.230646 -0.019028 0.152044 0.083098 0.038299 -0.007600 -0.153693 0.109870 0.039049 -0.098275 0.091435 -0.063722 0.173231 -0.036874 -0.010145 0.210297 0.145535 0.126453 -0.089249 0.077420 -0.045012 0.237319 0.070230 -0.108733 0.062573 -0.203240 -0.229025 0.046238 0.114110 0.191770 -0.022493 -0.073648 0.000061 -0.120051 -0.271415 -0.174807 -0.016530 0.189266 -0.084848 -0.091689 -0.153471 -0.165549 -0.096050 0.180789 0.295854 -0.219370 
-0.143367 0.014168 -0.272230 -0.018227 -0.236527 0.078619 0.099411 -0.130811 0.246895 -0.355085 0.270806 0.094573 -0.111864 -0.077257 0.382840 0.145305 0.062457 -0.053016 -0.093468 -0.042439 -0.017357 -0.022971 -0.015015 0.012061 0.228060 -0.058050 -0.138909 -0.116808 0.121823 -0.019050 -0.048189 0.119654 -0.008996 -0.215838 -0.116322 -0.136901 0.053130 -0.186104 0.026229 0.124222 0.164609 -0.067959 -0.057775 0.006305 -0.081874 -0.036572 0.119951 -0.137125 0.086298 0.072792 
-0.142981 -0.063443 0.055547 0.124528 0.302659 0.047506 -0.171089 -0.284457 -0.048804 -0.143499 0.084961 0.031370 0.166498 0.015165 -0.187115 0.110312 -0.203803 -0.148092 0.117148 -0.014027 0.310618 -0.051557 -0.040676 -0.033942 0.246652 0.050994 0.057338 0.176406 -0.015049 -0.106614 -0.017382 0.085013 0.178909 -0.118922 0.132254 -0.023931 -0.133630 -0.058760 0.002441 0.081735 0.037152 -0.187645 -0.132253 0.076302 0.059409 -0.128704 -0.212778 -0.051783 0.263822 -0.245997 
-0.144217 0.185849 -0.279127 0.013856 0.022536 0.064176 -0.233669 0.015629 0.152121 0.141181 -0.071354 0.372579 -0.004146 0.037666 -0.108515 -0.065018 0.059400 0.056311 -0.025732 -0.227998 -0.023361 -0.022090 -0.073106 -0.102444 -0.102575 -0.010756 -0.113042 0.077064 0.012312 -0.080402 0.143696 0.016559 -0.099856 -0.057650 0.088663 -0.101127 -0.089884 -0.098779 -0.150596 -0.029204 -0.068625 0.214865 -0.505718 -0.190571 0.003052 0.047539 -0.061644 0.100826 -0.179962 -0.072389 
-0.129102 0.078883 -0.142129 -0.033989 0.082965 0.002572 -0.117332 0.393848 -0.043802 -0.139295 0.140534 -0.060764 -0.113086 0.000353 0.013441 -0.250412 -0.052057 -0.027933 0.152837 0.288610 0.096977 0.048628 -0.109270 0.315835 0.139417 -0.203949 0.096343 0.206671 -0.264288 0.016960 -0.169706 0.008903 -0.185571 0.184728 -0.015759 0.121752 -0.026097 -0.090402 0.054969 -0.000512 0.119957 -0.114226 -0.156137 -0.099623 -0.138929 0.109982 0.041524 -0.106286 -0.078415 -0.077958 
-0.149303 0.077003 -0.144553 -0.141738 -0.067103 -0.225290 -0.099898 -0.193229 0.074923 0.256800 0.179813 -0.052654 -0.129580 -0.233784 -0.076290 0.064852 0.007036 0.010384 -0.026372 0.070346 0.143455 -0.135052 0.175604 -0.145563 -0.115320 0.092758 0.138662 0.145319 0.048035 -0.214785 0.033309 -0.015977 -0.007770 0.296095 -0.153784 -0.081032 -0.135408 0.005227 0.208890 0.273563 0.121041 -0.096099 0.148082 -0.080316 -0.117626 -0.035040 0.207409 0.208669 -0.100102 -0.112663 
-0.136400 -0.196562 0.035333 -0.056061 0.133896 -0.050755 0.093119 -0.081420 -0.227037 0.211195 -0.089326 0.090005 -0.119171 -0.069311 0.018375 -0.177364 0.309903 -0.081734 0.001077 0.247426 -0.152444 0.153167 -0.148583 -0.363251 0.112678 -0.109822 -0.077099 0.080478 0.081798 -0.019727 -0.009555 -0.125442 0.069301 -0.325481 -0.022951 0.002058 -0.039544 -0.113498 0.142665 -0.076522 0.215050 -0.104554 0.032768 -0.176050 0.056730 0.215973 0.003703 -0.097507 -0.029088 -0.115662 
-0.134235 -0.162526 0.019313 -0.000669 0.193278 -0.259752 0.232447 0.108893 0.318067 0.175477 0.122745 -0.043532 0.064969 0.163072 0.118792 -0.102820 -0.085416 -0.051444 -0.073735 -0.182377 -0.029486 -0.011277 -0.236030 0.028553 -0.064114 -0.074311 -0.137857 -0.172470 0.044353 -0.121577 0.084785 -0.101683 0.075394 0.150813 0.368671 0.082824 -0.038028 -0.145985 -0.138476 0.062111 -0.062991 -0.284289 0.125893 -0.074040 -0.066338 -0.116405 0.022860 -0.111376 -0.144651 -0.079487 
-0.155132 -0.181733 -0.034820 -0.155002 -0.061533 -0.099339 0.037485 0.173238 -0.008683 0.006117 -0.343270 -0.060301 -0.258915 -0.128061 -0.036533 -0.020591 -0.191830 -0.149661 0.111254 -0.107896 0.217215 -0.053948 0.067672 -0.163688 -0.027519 -0.272616 0.039696 -0.025791 -0.013972 0.091692 0.075765 -0.041621 -0.211378 -0.159214 -0.023216 -0.033317 0.283452 0.102316 -0.230940 0.194968 0.132283 -0.068619 -0.076455 0.121035 0.170562 -0.259138 0.049157 0.100077 0.049952 0.005715 
-0.148870 -0.042703 -0.219741 0.282427 -0.103453 -0.167456 -0.184694 0.103678 -0.247995 0.153883 0.027404 -0.136217 0.044268 0.175346 0.091334 0.068319 0.232764 0.235620 0.013363 0.030300 0.189562 -0.129876 -0.036096 -0.058895 0.021350 0.020403 0.088038 -0.074585 -0.114418 0.246449 0.071978 0.250274 0.064162 -0.120190 0.163786 -0.026083 -0.130527 -0.054448 -0.211097 -0.012282 0.086998 -0.048142 0.161212 -0.125497 -0.131925 -0.080539 -0.010665 0.161636 0.133455 0.244149 
-0.158687 -0.078092 0.038857 0.228881 -0.160258 0.063605 -0.077277 -0.019013 -0.050708 -0.155614 -0.139796 0.055454 0.111257 0.133158 -0.131475 0.016100 0.034114 0.107920 -0.247135 0.230379 -0.153031 -0.098477 -0.013887 0.035656 -0.056591 -0.301617 -0.114431 0.066120 0.196084 -0.211431 0.186310 0.042167 0.093647 0.251578 -0.128370 0.124644 -0.049870 -0.095292 -0.029671 -0.128956 0.271633 -0.119193 -0.035544 0.298240 0.113269 -0.160031 -0.046885 0.096191 -0.162732 0.033949 
-0.142657 0.069436 -0.075332 0.347210 -0.022598 0.101723 0.133483 0.072348 -0.042213 0.274011 -0.104670 0.117546 0.150803 0.179682 0.101891 -0.014074 -0.040234 -0.008495 0.143376 0.044766 0.068715 0.022722 -0.045837 0.071954 0.184601 0.177108 0.020187 -0.107552 -0.108134 -0.136482 -0.039842 -0.448920 -0.162868 -0.001414 -0.192766 -0.194882 0.066667 -0.097915 0.265752 0.124144 -0.009886 0.057117 0.015675 0.081779 0.055882 -0.250571 -0.033032 -0.018036 0.020240 0.141623 
-0.132116 -0.239999 -0.012709 -0.162836 0.173891 0.082570 -0.312657 0.001098 0.040196 -0.065128 -0.065185 -0.220127 -0.180728 0.248136 -0.046859 0.174136 -0.012438 -0.020808 -0.082780 0.137864 -0.336339 0.206462 0.011466 0.210264 -0.031576 0.066702 0.030384 0.037762 0.095231 -0.089153 0.213703 -0.023835 -0.082769 0.017481 0.058610 -0.271278 0.025931 0.000761 0.094043 0.056798 -0.127791 0.003713 -0.015433 -0.256117 0.054820 -0.137857 0.125545 0.030022 0.227791 0.104341 
-0.159612 -0.187160 0.225109 0.073242 0.134215 0.135593 -0.060701 -0.000998 0.124574 0.027677 -0.026284 0.016425 0.105623 0.108365 -0.082120 -0.082521 0.194749 -0.088938 -0.008888 -0.153847 -0.026473 -0.051179 -0.070986 -0.038688 0.039590 0.201371 -0.125785 0.153526 0.065756 0.234120 -0.117238 0.229775 -0.125230 0.048100 -0.358914 0.214303 -0.048829 0.158879 -0.088674 0.195378 0.077057 0.114052 0.031640 -0.109175 -0.161001 -0.261670 0.187148 -0.229571 -0.148901 -0.022037 
-0.164374 -0.065611 0.046121 -0.002795 0.033808 0.220684 0.029203 -0.004608 -0.039260 0.003431 -0.139817 -0.103535 0.002185 -0.070707 -0.212979 -0.307617 -0.103593 0.053426 -0.328081 -0.190469 0.299523 0.110128 0.115265 0.005307 0.064397 -0.024342 0.093802 -0.179044 0.139324 -0.147882 0.020559 0.079536 -0.074943 -0.087644 -0.098331 -0.049417 -0.020381 -0.123853 0.107457 -0.113588 -0.197155 -0.191096 -0.020883 0.012502 -0.328489 0.211747 0.092874 -0.021888 0.017903 0.262618 
-0.147708 -0.157059 -0.224664 0.115760 0.050507 0.061271 0.022801 0.058506 -0.076629 0.095669 -0.031027 -0.196799 0.189603 -0.155713 0.079072 0.096801 -0.141934 -0.088981 0.257846 0.098033 -0.051127 0.168893 0.214049 0.082189 0.014312 -0.028967 -0.310101 -0.250054 0.066157 -0.139349 -0.071537 0.180510 0.089313 0.018562 -0.164135 -0.149647 -0.094179 0.317534 -0.144120 0.010122 -0.053396 -0.058536 -0.018651 -0.102054 0.012008 0.170128 -0.172675 0.026955 -0.262543 -0.077023 
-0.134204 0.018404 0.122978 0.113377 0.034932 0.002761 0.298701 -0.125697 0.009979 -0.102640 0.030760 -0.041813 0.144825 0.085408 -0.216441 0.183750 0.080006 -0.082563 -0.058949 0.177703 -0.031139 -0.183169 0.333692 0.035643 0.109701 -0.110265 0.191491 -0.078844 -0.179793 0.170276 0.131943 -0.146012 0.079679 0.020635 -0.017534 -0.077858 0.213145 -0.197130 -0.242338 0.052511 -0.085345 0.057948 -0.119953 -0.276052 -0.034182 0.142238 0.199189 0.002725 -0.161204 -0.124300 
-0.145173 -0.053599 0.139653 -0.012801 -0.291993 -0.016361 -0.075584 -0.061485 0.196492 0.210435 -0.060263 -0.290694 0.030869 -0.063920 -0.234275 0.201616 0.170482 0.158770 0.056667 -0.105752 -0.071950 -0.047462 -0.078641 0.124653 0.318092 0.010015 -0.115462 -0.126906 -0.109956 -0.133841 -0.063223 0.056318 -0.249334 -0.071159 0.241612 0.207757 0.056180 0.034012 0.142663 0.029989 0.101545 0.106401 -0.102520 0.141637 0.050662 0.222989 0.037056 -0.001268 0.072658 -0.136271 
-0.159753 0.083799 0.106951 0.128242 -0.136452 -0.141989 0.029490 0.035460 0.092621 -0.089122 -0.036736 -0.047721 0.119455 -0.170634 0.091629 -0.102628 0.090745 -0.339853 0.179049 -0.198217 -0.102379 0.032212 0.000525 -0.045270 0.091506 0.127639 -0.065507 0.148867 0.006955 0.196624 0.253457 0.013875 0.065895 0.227737 -0.043992 0.082762 0.100286 0.065172 0.197507 -0.247642 -0.018371 -0.268794 -0.164740 -0.158304 0.093774 0.076151 -0.006711 0.247465 0.177152 0.203993 
-0.133795 0.189205 0.143524 -0.090203 0.058427 -0.211152 0.052102 -0.081736 0.046489 -0.076919 -0.045320 0.185394 0.087197 -0.058494 -0.005428 0.021626 0.303888 0.145690 -0.039337 -0.007640 0.246292 0.005857 0.021714 0.333043 -0.097204 -0.122473 0.020921 0.074323 0.027421 -0.256825 0.033950 0.053231 -0.084133 -0.121858 -0.070361 0.011727 0.091627 0.205354 -0.018851 0.074829 -0.032812 -0.073013 0.156260 -0.272326 0.324692 0.019059 -0.192359 -0.188596 -0.001539 0.221117 
-0.145951 0.132724 0.056778 0.284202 -0.005240 0.015164 0.121503 0.060351 -0.040284 0.111448 0.033148 -0.134228 0.006096 -0.222753 0.008070 -0.151843 -0.076031 0.050611 -0.047605 -0.002500 -0.163821 0.081891 0.023264 0.227686 -0.417938 0.255432 0.200070 0.052243 0.130190 0.067763 0.076231 0.158009 0.059884 -0.180079 0.131671 -0.144671 0.135315 -0.042121 0.008072 0.140665 0.278513 -0.035367 -0.172520 0.136919 0.047602 0.039596 0.050979 -0.216612 0.070931 -0.144988 
-0.122022 -0.100169 -0.353063 -0.044893 -0.247841 -0.164812 -0.099006 0.035524 0.035967 -0.111223 0.150071 -0.048848 0.234403 -0.008920 -0.336485 -0.178961 0.062483 0.093083 0.008589 -0.034808 -0.147190 0.162408 -0.132171 -0.142022 -0.004280 0.054042 0.053951 0.185593 -0.026602 0.026383 -0.081591 -0.095895 0.136538 -0.023790 -0.132827 -0.041972 0.317185 -0.019237 -0.110196 0.088651 -0.326062 -0.037279 0.170525 0.148933 0.067410 0.013343 -0.072530 -0.138575 0.043990 -0.056079 
-0.138146 0.010968 -0.052016 -0.034999 0.340999 0.067335 0.086955 0.126655 -0.140057 -0.088142 0.174303 -0.042792 -0.089369 -0.118107 -0.115878 0.019825 0.311362 -0.018853 -0.026628 -0.282534 0.038863 0.079689 0.123755 0.205391 0.032625 -0.019937 -0.247799 0.077813 0.172667 0.153707 -0.066215 -0.232949 -0.024265 0.117284 0.032615 -0.109845 -0.047971 -0.161089 -0.116540 0.076080 0.112926 0.179073 0.164691 0.254520 0.060985 0.112280 -0.055593 0.275693 0.074473 -0.009865 
-0.135766 0.174539 -0.086899 0.123679 0.024927 0.268262 -0.332393 -0.114822 -0.074760 -0.005020 -0.069776 0.065701 -0.101264 -0.298918 -0.067900 0.050456 0.008105 -0.244200 -0.154554 -0.015521 -0.110393 -0.185129 -0.174569 0.059819 -0.042874 -0.013087 0.024149 -0.249727 -0.027487 0.026044 -0.279686 -0.184863 0.099701 0.066425 0.194187 0.094703 0.233676 0.104109 -0.054594 -0.117370 0.047297 -0.061787 0.244053 -0.193015 -0.027799 -0.117244 0.021220 -0.034220 -0.071174 0.001955 
-0.130820 0.229288 -0.042393 -0.236383 0.114795 0.053129 0.031817 -0.057465 0.388613 0.199921 -0.168395 -0.063668 0.028970 -0.000282 -0.042865 0.007159 -0.110702 0.000027 0.008042 0.299615 -0.020410 -0.214448 -0.178362 0.117864 0.089966 0.052318 0.022479 0.055008 0.142458 0.349934 0.100986 0.076440 -0.037207 -0.121354 -0.154895 -0.164196 -0.017485 -0.080637 -0.041802 -0.135694 -0.005434 -0.036392 0.193468 0.139784 -0.073086 0.080737 -0.289910 0.082898 -0.057584 0.019893 
-0.152516 0.016636 0.053895 0.128759 0.028098 0.353020 0.129036 0.213256 0.026246 -0.133904 -0.187965 -0.010206 -0.174607 -0.141436 0.151431 0.206880 0.067675 0.229374 0.034910 -0.051323 0.082020 -0.009156 -0.240139 -0.111459 -0.033501 0.074631 0.032049 0.154207 -0.176010 -0.061573 0.122763 0.152983 0.128838 0.017280 -0.024367 -0.008666 -0.060523 -0.086086 0.088296 0.086846 -0.342083 -0.112164 0.171400 0.006091 0.215947 0.077937 0.137372 0.116591 -0.134966 -0.223803 
