-0.128724 0.065714 -0.028549 -0.233179 0.167747 0.200059 0.074558 -0.262303 0.088908 0.231335 -0.015771 0.078382 0.137122 -0.113768 -0.079773 0.250835 0.009319 0.048649 0.021788 0.141415 -0.101846 0.004050 0.066660 -0.194196 0.293804 0.219034 0.374696 -0.110350 0.247292 -0.028820 0.119110 0.058407 0.056679 -0.007214 -0.076242 0.081154 -0.185434 -0.133572 -0.053906 0.036077 -0.011864 0.177486 -0.176202 -0.003596 0.036129 0.050064 -0.076388 0.071963 0.040048 0.139303 
-0.145203 -0.155252 0.030971 0.010464 -0.111500 -0.031345 0.206081 0.201934 0.244646 -0.047184 0.020690 -0.003870 0.185039 -0.207289 0.123396 0.135488 0.149313 0.209499 -0.127933 0.084971 0.034867 -0.218368 -0.047171 0.125612 -0.127536 -0.084476 0.064576 0.103855 0.369509 0.353311 -0.116737 -0.120615 -0.075831 -0.075401 -0.037013 0.051030 0.216085 -0.001555 -0.037091 0.114275 -0.209140 -0.088428 -0.159753 0.105618 0.109574 0.006877 -0.036547 -0.049270 -0.064937 -0.119951 
-0.137287 0.045990 0.212292 0.197341 -0.040085 0.206649 -0.135382 -0.167716 -0.044712 -0.017779 -0.047706 0.082914 -0.182388 -0.067305 0.141183 0.064634 0.050412 0.097532 -0.215233 -0.316497 -0.087217 -0.165981 -0.155768 -0.279449 -0.013283 0.048420 -0.069569 0.078335 0.005334 0.039391 -0.133276 -0.091168 -0.035170 -0.083907 -0.046890 0.010917 -0.170263 -0.096911 0.406921 -0.054660 -0.088204 -0.029263 -0.125010 -0.299485 0.013453 -0.206011 0.029896 -0.085949 0.077101 -0.072966 
-0.138150 0.114806 0.143679 -0.124821 0.052676 0.139516 0.155417 -0.175828 -0.190060 0.144585 0.196613 0.175933 -0.097893 -0.065066 -0.155646 -0.142757 0.170052 -0.031923 0.039784 0.128182 0.258499 0.088742 -0.047099 -0.092186 -0.033586 0.101218 -0.221449 0.094934 0.066295 0.191035 0.281435 0.068841 -0.108939 -0.057304 -0.014941 0.234043 0.093263 0.282092 0.202649 -0.026999 0.080324 -0.078896 0.049822 0.194027 0.000424 0.030080 0.216305 -0.108212 -0.146709 -0.086989 
-0.128760 -0.299774 0.020427 0.017289 -0.188649 -0.000930 0.113804 -0.054965 0.074113 -0.096537 0.212726 -0.036252 0.067494 0.035655 0.294609 0.024595 0.113849 -0.296111 0.218935 0.011118 -0.102608 0.114219 0.059394 -0.178593 -0.049548 0.275380 -0.014963 -0.176160 -0.202117 0.013833 0.033158 0.106416 0.004971 -0.152749 0.069891 0.084548 0.236371 -0.117677 0.071014 -0.155680 -0.260849 -0.007528 -0.094581 -0.007168 -0.283123 0.013612 -0.037113 0.136368 -0.057085 0.030074 
-0.133083 -0.093939 -0.133712 0.209420 0.132945 0.091777 0.042448 0.050707 0.039474 -0.097133 0.048124 -0.130254 -0.118401 -0.036928 -0.183435 -0.021012 0.090898 0.291905 0.071105 -0.137493 -0.057531 0.426687 0.062059 0.016695 0.032824 0.222591 -0.061293 0.020924 -0.009789 0.058285 0.054372 -0.259234 0.010431 0.002518 0.305003 -0.049770 -0.116484 0.089830 -0.036701 0.087634 -0.228229 0.291594 0.081955 -0.014506 0.099276 0.115295 -0.021166 0.072249 0.038060 -0.255961 
-0.137186 -0.173176 -0.057611 -0.041703 -0.169612 0.048450 -0.094108 0.188198 -0.194495 0.114792 -0.085335 -0.205090 -0.038893 0.238913 -0.152292 0.041748 0.162668 -0.011021 0.108176 0.159555 -0.156246 -0.266610 -0.057732 -0.026003 0.153709 -0.006538 -0.209161 -0.234312 0.064443 0.042007 -0.031407 0.085264 -0.078872 0.066788 0.093982 0.339952 0.094977 0.053792 -0.027551 0.025618 0.143702 0.256312 0.021462 -0.123773 0.125230 -0.187304 -0.146204 -0.119937 0.194986 -0.109738 
-0.147202 0.094931 0.188234 0.362261 -0.056190 -0.067858 -0.283697 0.063118 0.059254 0.054837 0.009993 0.215298 0.185293 -0.075294 0.009173 0.050825 -0.012809 -0.199484 0.009661 -0.029245 0.056891 0.052953 0.094402 -0.053556 0.151886 -0.191945 0.215524 -0.139919 0.231266 -0.021241 0.102145 0.062101 -0.249828 -0.086358 0.133080 -0.017562 0.053610 0.089680 -0.053132 -0.088472 0.024688 -0.031204 0.294022 0.009013 -0.142068 0.137341 0.051110 0.019719 0.274120 -0.217096 
-0.130579 0.249776 -0.214441 -0.059496 -0.060213 0.021468 -0.066984 -0.095781 -0.083346 0.154166 -0.065738 -0.086952 0.048042 0.010457 0.183436 0.018728 0.177597 0.074164 0.050801 -0.002211 0.006764 -0.033827 -0.232218 0.151274 -0.025513 -0.166541 -0.017481 0.059038 0.012445 0.139135 -0.177011 -0.006720 0.224097 -0.077471 0.247372 0.136652 -0.142203 -0.289498 -0.116894 -0.304046 -0.013037 0.139439 0.111787 0.085090 -0.234535 0.121263 0.331570 -0.041977 -0.077654 -0.023731 
-0.143744 0.198070 -0.027952 -0.012279 -0.093458 0.254311 0.086529 0.195460 -0.010791 -0.054173 0.373161 -0.150597 0.151899 0.096819 -0.111497 0.171530 -0.009534 -0.167543 -0.103711 -0.197115 0.111156 -0.120880 0.078801 -0.140574 0.072727 -0.175043 -0.064932 0.105539 -0.060729 -0.012281 0.183620 -0.088126 0.239092 0.091792 0.154775 -0.139645 0.027890 0.173640 -0.193355 -0.186323 -0.122700 -0.069763 -0.133262 -0.118998 0.128120 0.050112 -0.014068 -0.111264 0.114238 0.212142 
-0.135847 0.121967 -0.014538 0.019735 0.227309 -0.050431 -0.207005 0.168996 -0.140149 -0.066878 0.044557 -0.206140 -0.117597 -0.229007 -0.027135 -0.094329 0.330812 0.116340 0.329766 0.122259 -0.016755 -0.003470 0.304487 -0.108318 0.017079 -0.136380 0.022365 0.174075 -0.003677 -0.056611 -0.022087 0.170512 -0.129484 -0.013012 -0.034632 0.065076 -0.084228 -0.172914 -0.056940 0.005220 -0.115204 -0.337105 -0.093346 -0.125158 0.075669 -0.101116 0.015791 0.161532 -0.025977 0.071965 
-0.146676 -0.243822 -0.178007 -0.008224 0.129687 -0.334098 0.039283 0.042363 -0.056119 -0.129789 0.053180 0.071604 -0.002602 -0.082354 -0.250586 -0.222772 0.264703 -0.072676 -0.165595 -0.211104 0.077914 -0.218126 -0.105612 -0.059387 0.022828 0.007670 0.165628 0.051719 0.005034 -0.274295 0.119078 -0.185398 0.019897 -0.032936 -0.131385 0.097763 -0.129962 -0.077225 0.033573 -0.187450 -0.054160 0.070149 -0.017472 0.277228 -0.136299 -0.015424 -0.119906 -0.155150 0.080229 0.045187 
-0.145744 -0.066661 -0.151973 -0.185672 -0.148959 0.000097 -0.008547 -0.028504 -0.025163 -0.374347 0.032374 0.098460 0.215212 -0.035804 0.023203 0.092462 -0.264505 0.135791 0.217151 0.001643 0.030501 0.013952 -0.054400 -0.051308 0.148646 -0.060733 -0.209049 -0.022984 0.089731 -0.227376 0.003007 -0.171925 -0.070689 -0.128974 0.167578 0.054149 -0.032627 -0.142590 0.238103 0.144392 0.164201 -0.147262 -0.036651 0.176704 0.146000 -0.011256 0.262695 0.103855 0.203520 0.091691 
-0.135701 -0.038088 0.132542 -0.049575 -0.035632 0.173587 -0.148980 -0.098065 0.020724 -0.047862 -0.097586 0.234290 -0.149497 -0.189029 -0.077479 -0.046593 -0.126608 -0.300229 0.228554 -0.101466 -0.039292 -0.039275 0.035490 0.241375 -0.297781 0.047806 0.043635 0.268610 0.061461 0.087121 -0.059188 -0.115980 0.108651 -0.010935 0.155434 0.212206 -0.017797 0.034265 -0.184448 0.102541 -0.051127 0.143491 0.079402 0.070378 0.028503 -0.235048 -0.155898 0.068511 0.141862 0.268468 
-0.133493 0.049438 -0.259028 0.045854 -0.096919 0.026091 -0.025259 -0.157746 0.148414 0.047976 -0.289104 -0.014968 0.258508 0.170101 -0.126928 -0.263979 -0.071722 -0.062047 -0.030052 -0.220994 0.014530 -0.034946 0.162738 0.125201 0.175230 -0.046918 0.033978 0.205437 -0.134390 0.019682 -0.024688 0.292027 -0.074938 -0.337725 -0.044417 0.063255 0.044362 0.208855 0.028544 0.000724 -0.148254 0.063021 -0.217992 -0.044681 0.141591 -0.063000 0.074552 0.075653 -0.109368 -0.086847 
-0.148629 0.052658 -0.137237 0.028370 -0.063504 -0.190880 -0.262375 0.036613 -0.028309 0.204147 0.148043 -0.081436 -0.013533 -0.140766 0.285584 0.173850 -0.096163 0.030982 -0.117982 -0.062296 -0.171552 0.278457 0.061114 0.021206 -0.018565 -0.027310 -0.094285 0.064959 0.139702 -0.226387 0.044499 -0.033986 0.212320 -0.161130 -0.129717 0.216519 0.100194 0.153957 0.107057 -0.092828 0.123516 -0.008953 0.087548 0.097155 0.225434 -0.018996 -0.261991 -0.084693 -0.256394 0.032203 
-0.155147 -0.152383 0.070767 -0.230551 0.131298 -0.144737 -0.235883 -0.235009 0.101411 0.100996 0.157978 0.016666 0.075664 0.041881 0.138368 -0.138843 0.138996 -0.116105 -0.106569 0.074998 0.155684 -0.013295 -0.032063 -0.046755 0.275519 -0.087896 0.029118 0.128945 -0.134727 0.081731 -0.241082 -0.141592 -0.041644 0.240157 0.378016 -0.221967 0.103922 0.045258 0.037846 0.118307 0.140182 0.001836 -0.047893 0.007484 0.074554 -0.115134 -0.148341 0.070596 -0.133712 -0.082508 
-0.120798 -0.086976 -0.176505 0.039422 -0.052530 -0.004582 0.085329 -0.136157 -0.364648 -0.232711 0.126551 0.000022 -0.167872 0.007763 0.001435 0.137381 -0.270141 0.016780 0.050023 0.086446 0.057436 -0.289506 0.112326 0.150916 0.022467 -0.031220 0.288155 -0.077859 0.057476 0.092802 0.098950 0.072408 -0.074348 -0.057788 0.130452 -0.163092 -0.103883 0.023734 0.075167 -0.097276 -0.103370 0.011875 0.240434 -0.096898 0.059578 -0.118805 -0.082926 -0.024642 -0.386312 -0.107961 
-0.142558 -0.181633 -0.033007 0.009851 0.170613 0.258381 0.137923 -0.015940 0.052145 0.052415 0.058092 -0.237209 -0.033274 -0.287621 0.083106 -0.035169 0.029556 -0.146149 0.055303 -0.156788 0.165795 -0.163228 0.023870 0.152108 -0.165957 0.147639 0.073837 -0.066818 0.030720 -0.273525 -0.201553 0.129037 0.089557 -0.007480 -0.082850 -0.090926 0.097127 0.068699 -0.013813 -0.048163 0.375920 0.039584 0.034284 -0.104430 0.143009 0.166740 0.182208 0.070209 0.090646 -0.252649 
-0.164946 0.004862 -0.028314 0.053254 0.087423 0.070636 0.075953 -0.127443 0.358661 -0.057774 -0.179236 0.044990 0.015496 0.048476 -0.292583 0.261631 0.117866 -0.114824 0.126262 -0.040522 0.005587 0.078627 0.130598 0.112497 -0.036185 -0.284366 -0.180719 -0.191739 0.068917 -0.169611 0.010882 -0.126064 0.057456 0.267249 -0.086345 0.044008 0.087127 -0.045451 0.160677 -0.031644 -0.008124 -0.041557 0.046975 -0.126304 -0.202467 -0.152456 0.042642 -0.048995 -0.346218 -0.033813 
-0.152977 -0.168979 -0.035469 0.059785 0.244414 0.177704 0.041121 0.049099 -0.226693 -0.164931 -0.083556 -0.077560 0.189260 0.130227 -0.002621 0.018045 -0.251700 0.008182 -0.111920 -0.001289 0.135025 0.221445 0.025496 -0.092570 0.164021 0.035034 0.070764 0.217135 -0.021305 0.167136 -0.335928 0.006724 0.009340 0.211298 -0.229523 0.309418 0.111091 -0.037993 -0.019707 -0.060789 -0.019656 -0.141205 0.182402 -0.028426 -0.168292 0.095199 -0.073400 -0.123445 0.042631 0.061927 
-0.137627 -0.215373 0.136972 0.094598 0.055441 0.075129 -0.080725 0.060513 0.104364 -0.000495 -0.187599 0.144833 -0.124343 0.147588 0.167721 0.029855 0.088031 0.010185 -0.060866 0.221067 0.004173 -0.018507 -0.017276 0.402781 0.135874 0.131969 0.056317 -0.085027 -0.178481 -0.066624 0.142346 -0.114692 0.008607 0.028258 0.101172 0.124539 -0.216436 0.103696 0.025664 -0.195038 -0.051395 -0.305716 -0.135985 -0.086663 0.214678 0.266540 0.078506 -0.151231 0.012045 0.155244 
-0.140993 -0.128952 -0.125243 0.070538 0.106477 0.055145 -0.006339 -0.100735 0.233139 -0.016611 0.056973 0.196703 -0.192733 0.191438 -0.194932 -0.109528 -0.064806 0.092151 0.010593 0.245358 -0.307957 -0.122937 -0.061493 -0.338190 -0.124781 -0.035443 -0.104310 0.169858 0.075454 0.010024 -0.104284 -0.023501 0.030175 -0.277546 0.018716 -0.152789 0.145692 -0.021531 -0.206903 -0.147634 0.179944 -0.104431 0.152893 -0.106608 0.041988 0.216026 -0.018456 -0.020718 -0.058677 0.066457 
-0.140713 -0.141271 -0.289120 -0.023227 0.036883 0.010307 -0.185130 -0.063382 -0.146348 0.139381 0.131894 0.228008 -0.048892 0.056687 -0.051196 0.159200 0.008586 -0.080188 -0.249301 -0.070064 -0.173644 0.030954 0.004051 -0.001745 -0.202859 0.042110 -0.068949 -0.154795 -0.028502 -0.033947 -0.064673 0.241941 0.051487 0.201351 -0.017232 -0.041379 -0.063170 -0.002950 -0.196219 0.341642 -0.232575 -0.244736 -0.061500 0.138003 0.020292 -0.060541 0.271185 -0.051754 0.087671 -0.149403 
-0.161386 0.050147 0.078139 0.174625 -0.111551 -0.261772 0.114111 -0.027191 0.064173 0.020227 -0.133679 -0.024934 0.221354 -0.196445 -0.115916 0.015270 -0.110647 0.026789 -0.072521 0.086458 -0.066249 -0.030294 -0.040487 -0.189461 -0.248206 0.135657 -0.028143 0.085104 -0.154219 0.004622 0.021106 0.284587 -0.107591 0.421313 0.180033 0.038427 -0.030645 -0.108279 0.112874 -0.196930 -0.009141 0.130467 0.080570 0.027999 0.322506 0.085061 0.058978 0.026003 -0.057284 0.154261 
-0.134892 0.018931 -0.186399 -0.006693 0.039099 -0.121698 0.054518 0.015558 -0.174125 0.088025 -0.225154 0.156490 0.147554 0.059271 0.019893 0.330213 0.124863 -0.097855 0.111700 0.106774 0.131835 -0.051338 0.002667 -0.004699 -0.136982 0.056201 -0.200127 0.159408 -0.119099 0.182441 0.063986 -0.078356 0.149019 -0.039268 -0.151275 -0.234888 -0.177431 0.096573 0.136298 -0.081919 0.093711 -0.068716 -0.010927 -0.019600 -0.058284 0.084546 -0.300172 0.308215 0.217645 -0.200077 
-0.131702 0.020292 0.181882 0.131417 0.158007 -0.138271 0.017068 -0.441841 -0.119816 -0.007001 0.052580 0.011447 0.036876 0.119176 0.113010 -0.111671 -0.030988 0.352919 0.128081 -0.069968 0.171421 -0.126292 -0.000223 0.042746 -0.106073 -0.225042 -0.074194 -0.295981 -0.031665 -0.049552 0.026174 0.006704 0.212934 0.020577 -0.124786 0.069303 0.223911 0.045072 -0.128336 0.035887 -0.201783 0.065335 -0.018085 -0.012464 0.120170 0.110635 -0.112906 0.125306 0.183284 0.103755 
-0.162112 -0.119069 -0.014736 0.199740 -0.290501 0.062026 0.030850 -0.070506 0.206842 0.151983 0.182989 -0.057133 -0.014958 -0.169649 -0.128853 -0.016113 -0.054406 0.314054 0.018508 -0.112888 0.127103 0.008190 0.022580 0.128161 0.163277 0.078254 -0.091753 -0.067687 -0.212711 0.183048 0.039998 0.183694 0.022181 -0.035413 -0.050439 -0.053664 -0.204737 -0.115614 -0.134304 0.065936 0.290255 -0.205474 0.097283 0.110800 -0.219135 -0.163718 -0.198286 -0.064655 0.036834 0.127790 
-0.127614 0.046623 -0.102749 -0.066196 -0.276056 0.135242 -0.102515 -0.119299 -0.039418 0.113434 -0.010545 -0.209651 0.172498 0.060756 0.046345 -0.324143 0.023124 0.037108 -0.035417 0.178269 -0.130290 -0.057655 0.388789 -0.029392 -0.303887 -0.005533 0.141781 -0.040302 0.025536 0.011074 0.015343 -0.301560 -0.001382 0.122988 -0.077047 -0.083310 -0.115596 0.077694 0.247216 0.157582 0.016666 -0.014886 0.067362 -0.014616 -0.167132 0.176353 0.002852 -0.159050 0.084168 0.069793 
-0.135907 0.043565 0.168334 -0.036870 -0.247347 -0.011230 -0.222904 0.002666 -0.128160 -0.173672 0.041597 0.106665 -0.096669 0.014726 -0.159232 0.165375 0.059276 0.120807 0.202123 0.082539 0.063753 0.106711 -0.073030 0.107737 0.001270 0.021675 0.078844 0.196358 -0.008129 -0.159585 -0.169251 0.230440 0.019616 0.040226 -0.110648 -0.236705 0.135440 0.000799 0.044150 0.039862 -0.003492 0.230681 -0.326305 0.049449 -0.130926 0.264909 -0.069815 -0.339491 -0.028470 -0.061005 
-0.149683 0.088475 0.035628 0.128488 -0.039911 0.128400 -0.136559 0.264542 -0.053971 0.001164 0.003422 0.128504 0.213896 0.044094 0.054928 -0.117886 0.101254 0.123324 0.224097 -0.069723 -0.127732 -0.165674 -0.369380 -0.065011 0.084434 0.166136 0.138877 -0.045223 -0.085948 -0.075065 -0.011994 -0.122531 0.069386 0.147441 -0.202797 -0.065057 -0.000088 0.278748 -0.057164 0.171733 0.007437 0.024370 0.126744 0.028563 -0.049013 -0.032272 0.118419 0.267779 -0.328260 0.123229 
-0.146749 0.107827 -0.056074 -0.339554 0.004744 -0.096879 -0.068476 0.175945 0.027066 0.079018 0.003110 0.146563 -0.082399 -0.218171 -0.070130 -0.139690 -0.122745 0.140090 -0.201367 0.004091 0.010825 -0.087811 0.079542 0.224299 0.171672 0.232230 -0.247838 -0.046821 0.098678 -0.069978 -0.012011 0.071200 -0.004010 0.044282 -0.022848 -0.128612 0.222155 0.010006 0.097915 -0.128139 -0.239710 0.049483 0.198258 -0.318442 -0.210006 0.050566 0.013377 0.128263 0.121299 0.127846 
-0.144899 0.109158 0.068140 -0.005850 -0.178733 -0.085973 0.018448 0.115802 0.146523 0.220116 0.087974 -0.177430 -0.325457 0.074984 -0.249194 0.062122 -0.188996 -0.152773 -0.032921 0.134793 0.189197 -0.043324 -0.145134 -0.038393 0.062870 -0.095972 0.215156 0.035379 -0.216462 -0.038791 -0.103649 -0.115275 0.111965 -0.095715 -0.095424 0.172057 0.049158 -0.174989 0.196811 0.211228 -0.200579 -0.063724 0.084641 0.069947 0.110117 0.169564 0.030625 0.250139 0.038388 -0.109800 
-0.156347 0.036051 0.202485 0.095149 0.250453 -0.029915 0.270565 0.016118 -0.123882 0.043337 0.005198 -0.119705 0.133744 -0.017744 0.024189 0.000086 0.113528 -0.221691 -0.010081 -0.018852 -0.308401 -0.025341 -0.063024 0.181459 0.156233 -0.093439 -0.174884 0.043962 -0.032934 0.009580 -0.004664 0.136181 0.043163 -0.219154 0.031478 -0.216538 -0.059865 -0.137232 0.175845 0.372135 -0.066669 0.060789 0.230641 0.077020 0.026348 0.124266 -0.057006 -0.203571 -0.002397 0.196235 
-0.143015 0.185182 -0.208405 0.185718 0.051986 0.145457 -0.082061 -0.130461 0.085296 -0.069718 0.040647 -0.156904 -0.077784 -0.110566 0.109070 -0.192198 -0.148698 -0.225019 0.046804 0.279970 -0.020798 0.064468 -0.249788 0.096232 0.122489 0.036776 -0.164894 -0.063607 0.052168 0.059655 0.076589 -0.120807 -0.191398 0.132618 -0.318080 -0.231144 0.036777 -0.112814 -0.079518 -0.171238 -0.139956 0.060167 -0.118727 0.172026 0.132560 -0.195042 -0.043612 -0.088405 0.119928 -0.071723 
-0.135168 0.058926 -0.024793 0.121437 0.043973 -0.051388 0.218333 0.101735 -0.001945 0.135873 0.154162 0.103083 0.020993 0.389171 0.043259 -0.001212 0.116078 0.144681 -0.022534 0.126677 0.057165 0.214057 0.001248 0.183282 -0.142189 0.081744 0.285258 0.149893 0.091301 -0.159890 -0.016208 0.054127 0.025198 -0.018231 0.020061 -0.127943 0.164236 -0.086159 0.164227 -0.072463 0.105065 0.018431 0.037243 -0.068494 0.036164 -0.465102 0.129722 0.021737 0.209795 0.106977 
-0.153883 -0.206837 0.225593 0.026411 -0.021543 -0.134534 0.032450 0.126451 0.004701 -0.054027 -0.001024 -0.021207 -0.077466 0.081073 0.076774 -0.282441 -0.231542 -0.061583 0.008331 0.025631 -0.119028 0.044089 0.057626 -0.023277 0.108370 -0.120683 -0.061184 0.131050 0.290185 0.108952 0.274942 0.141046 0.431518 0.182960 -0.053342 -0.018788 -0.192343 -0.087107 -0.000275 0.009973 0.096489 0.061282 -0.198916 -0.054374 -0.109910 -0.025887 0.139142 0.151809 -0.040668 -0.218747 
-0.135243 0.099273 -0.108247 0.111501 0.014972 -0.265087 0.150470 0.033732 -0.031921 -0.113797 -0.225930 0.009697 -0.120455 -0.323970 0.044151 0.022408 -0.035018 -0.056902 -0.027925 0.235813 0.061648 0.079426 0.018818 -0.207230 0.089112 -0.018891 0.125160 -0.173759 -0.177851 0.088403 -0.105131 -0.087555 0.264012 -0.132342 0.070905 -0.006314 0.066573 0.324412 -0.083444 0.145036 0.084874 0.028171 -0.114823 -0.161929 -0.111598 -0.191401 0.202586 -0.232972 0.091380 0.098540 
-0.130432 -0.031145 0.039144 -0.150378 0.161529 0.150372 -0.324658 0.036338 0.156117 -0.276091 -0.196213 -0.227419 -0.003372 0.050410 0.102234 0.151021 0.059447 0.107474 -0.267671 0.073087 0.114189 -0.037533 -0.059989 -0.058493 -0.159690 0.003916 0.082091 0.067633 -0.201145 0.061779 0.464600 0.135292 0.027116 -0.105544 -0.012658 -0.025776 0.182702 -0.095800 -0.010499 0.135068 0.080360 0.141735 0.158352 0.081812 -0.082963 -0.071455 0.050784 0.010902 0.015461 0.012612 
-0.142895 0.077164 -0.150992 -0.039955 0.066869 -0.083458 0.028600 0.187187 0.238866 -0.011200 -0.072905 0.067908 -0.323760 0.260478 0.312365 0.009366 0.006378 -0.043855 0.160010 -0.219044 0.283827 -0.073641 0.202110 -0.191067 0.020500 0.060944 -0.070156 -0.101172 0.171093 0.129554 -0.117135 0.143738 -0.107805 0.095372 -0.062954 -0.074947 -0.171278 0.062635 0.056059 0.081507 -0.002941 0.175636 0.095234 0.188539 0.071019 0.105685 0.019906 -0.109555 -0.008027 0.219985 
-0.126337 0.141286 0.233834 -0.202082 0.097877 -0.079302 0.078008 0.017301 0.031896 0.188153 -0.248144 -0.173380 -0.006038 0.092767 0.021363 0.053909 -0.233191 0.115125 0.236344 -0.168421 -0.147660 -0.136828 0.022561 -0.089605 -0.009695 0.218525 0.039119 0.046557 -0.044924 -0.118170 0.037328 -0.093770 0.007571 0.020453 0.137766 -0.098895 0.103481 0.061818 -0.117383 -0.123625 -0.115667 -0.298501 0.042135 0.259549 -0.085663 -0.150309 -0.037387 -0.257615 0.038962 -0.289749 
-0.163084 0.074896 0.184712 -0.027886 -0.189371 -0.082531 -0.059490 -0.045310 -0.250836 -0.111606 -0.210583 -0.099022 -0.073626 0.097882 -0.204596 -0.001985 0.159308 -0.130806 -0.197948 -0.201448 -0.016494 0.169266 0.132489 0.023351 0.030742 0.199555 0.015003 -0.244272 0.156320 0.211194 -0.092003 -0.163363 0.015523 -0.097796 -0.081941 -0.181873 0.164346 -0.183033 -0.153372 -0.097680 0.194346 -0.121419 -0.052686 0.109545 0.181954 0.016971 0.098609 0.179829 -0.126880 0.148657 
-0.146476 -0.192178 0.147300 0.086710 0.129755 -0.086861 -0.037529 0.124775 -0.148624 0.330839 0.041818 -0.006335 0.096488 0.007228 0.027645 0.134505 -0.250567 0.026094 -0.036911 0.050279 0.159748 -0.055015 0.154583 -0.023376 -0.102949 -0.048333 -0.187412 0.066580 -0.126527 -0.094054 0.034134 -0.260484 -0.329720 -0.168919 -0.083287 -0.041709 -0.082857 -0.115250 -0.219238 0.019152 0.016157 0.272573 -0.207329 -0.070526 -0.117132 -0.045561 0.224309 0.011512 -0.172504 0.098787 
-0.135030 -0.087519 0.017996 -0.038029 -0.174448 0.300605 0.283895 0.050668 -0.165550 0.066315 -0.267107 0.032275 -0.239051 -0.102869 0.153005 -0.040712 0.048754 0.102878 -0.215783 0.051337 -0.092048 0.114637 -0.005938 -0.094710 0.061692 -0.357808 0.011564 0.027073 -0.023440 -0.267853 -0.022297 0.085681 -0.161818 0.083417 0.120254 -0.083485 0.038813 0.140760 -0.055533 -0.069709 -0.040458 0.020948 -0.045923 0.265918 -0.121923 0.003485 -0.141962 0.257452 0.014407 0.074336 
-0.133765 0.107157 0.129700 -0.164929 0.283960 -0.012399 -0.084061 0.150566 0.093244 -0.130688 0.229502 -0.048486 0.028447 0.025820 -0.141576 0.007186 -0.154177 0.049749 -0.068045 0.011874 -0.250840 0.042109 -0.007679 0.119945 -0.188486 -0.138033 0.074576 -0.293420 -0.132164 0.216411 -0.226699 0.104582 -0.093590 -0.106046 0.009935 0.039112 -0.183164 0.237728 0.198115 -0.226210 0.088516 0.071114 -0.200159 0.195050 -0.100347 -0.037971 -0.039290 0.146765 0.053683 0.009575 
-0.128980 0.377931 0.165804 0.047144 -0.065551 -0.028347 0.148949 -0.050147 0.081727 -0.315528 0.110724 0.077050 0.058591 0.129366 0.109768 -0.021638 0.078455 -0.030649 -0.261959 0.205539 0.046677 -0.118306 0.171045 0.030111 -0.011506 0.226298 -0.157497 0.037836 -0.023016 -0.271334 -0.156738 0.000206 -0.011443 -0.042024 0.006696 0.219729 -0.219908 -0.033861 -0.263440 0.128941 0.036325 0.045593 0.023939 0.008461 -0.067711 -0.043000 -0.132565 0.080537 -0.089178 -0.234635 
-0.143365 0.251583 -0.230425 0.108766 0.100381 -0.139727 0.125601 -0.041605 -0.049977 -0.007808 0.035680 -0.022188 -0.153857 0.051285 0.081423 -0.002061 -0.094429 -0.035058 0.004548 -0.219809 -0.160938 -0.045001 -0.137496 0.124084 -0.041422 0.036816 0.098100 0.059963 0.015764 0.076986 0.227143 -0.066288 -0.268793 0.160904 0.149315 0.177274 0.222935 -0.062077 -0.004103 0.196008 0.272708 -0.099437 -0.299890 -0.181600 -0.207065 0.227444 -0.130946 0.060520 0.007373 0.034717 
-0.134533 0.025277 0.042784 -0.311570 -0.119653 -0.033412 0.169071 0.038509 0.028874 -0.060649 0.082493 0.278313 -0.024081 -0.064624 0.140125 -0.025308 0.086476 0.034773 0.091695 -0.164631 -0.222033 0.120944 0.111850 0.016630 0.068852 -0.220507 0.129948 0.020564 -0.357956 0.142520 0.088601 -0.111037 -0.113546 0.075433 -0.305731 0.044091 0.007387 -0.130881 -0.143262 -0.047467 0.083987 0.129184 0.172150 -0.151115 0.238582 0.001638 0.076874 -0.119690 0.070913 -0.224671 
-0.124974 0.067800 -0.046761 -0.109554 0.061863 0.172468 0.009704 0.268445 -0.060245 0.070984 -0.113802 0.216384 0.168016 -0.023287 -0.021472 -0.293858 -0.090479 -0.029802 0.024135 0.004593 0.265869 0.182095 -0.182156 -0.110569 -0.228295 -0.062291 0.026389 -0.311595 0.011920 -0.046695 0.031326 0.061669 0.063773 -0.140822 0.164469 -0.028345 -0.050123 -0.280330 -0.001383 0.072646 -0.011119 -0.087545 -0.090979 -0.159746 0.100642 0.002363 -0.320836 -0.175272 -0.153916 -0.093948 
-0.151644 -0.108050 0.080813 -0.269018 -0.145309 -0.197072 0.055481 -0.172225 0.061572 -0.052465 -0.001264 -0.300007 0.021294 0.079549 -0.004869 0.038645 0.034652 -0.063460 0.028627 -0.041013 0.072975 0.235854 -0.374027 -0.014696 -0.154463 -0.063187 0.023965 0.036816 0.209501 -0.068395 0.009437 0.073827 -0.238218 -0.057563 -0.080816 -0.025147 -0.306985 0.236954 -0.180783 0.035115 -0.085853 -0.114624 0.120771 -0.315843 -0.039378 -0.001853 0.002341 0.005561 0.042160 0.080355 
