-0.125946 -0.243640 -0.068935 0.076935 0.087486 0.055506 0.203360 0.141938 0.047467 -0.073922 0.135414 -0.135599 0.275499 -0.100454 -0.240205 -0.121942 0.102358 0.039055 0.138506 0.112126 0.041587 -0.032625 -0.024757 -0.080325 -0.101582 -0.034946 -0.068643 -0.015827 -0.088602 0.172282 0.250780 -0.035250 0.236549 -0.205973 0.122170 -0.077644 -0.006307 -0.164914 -0.009429 0.035505 0.022616 -0.034954 0.240386 -0.143199 0.037195 0.098878 0.409511 0.167676 0.082909 -0.159030 
-0.159343 -0.074006 -0.024955 0.363410 -0.048830 0.042117 0.086052 -0.091378 -0.358030 -0.134999 0.005691 0.164824 -0.133254 -0.020378 -0.163065 -0.063474 -0.171999 -0.017439 0.012054 -0.057559 0.058607 0.092977 0.186915 0.128174 -0.166410 0.059008 0.140776 -0.169535 0.323283 0.007450 0.139850 -0.089387 0.147247 0.104024 -0.284712 -0.065499 -0.144121 0.046561 -0.125176 -0.051770 0.117094 -0.008573 -0.223310 -0.087655 -0.167817 -0.086198 0.093557 0.002713 -0.080021 -0.065233 
-0.133247 0.008515 0.301552 -0.048668 -0.106784 0.227136 -0.015554 0.072206 -0.057481 -0.019401 -0.102002 -0.018240 -0.225269 0.222356 -0.012057 0.134026 0.012022 0.019649 0.273880 -0.103702 -0.331029 -0.026087 0.162467 -0.150953 0.147718 0.018129 0.099453 0.228660 0.028364 0.358822 0.026690 -0.027701 0.012099 -0.096684 -0.188085 0.067078 0.065417 0.010026 0.041268 0.156302 -0.064373 -0.293159 0.115698 0.115393 -0.007285 -0.042410 0.038005 0.139637 -0.084479 -0.001865 
-0.143290 -0.160985 -0.086334 -0.137140 -0.088878 0.016217 0.206372 -0.126703 0.293224 0.021776 -0.160272 0.184758 0.195657 0.324767 -0.090533 0.099808 -0.032457 -0.010729 0.096034 0.098204 0.076072 -0.259263 0.092140 -0.169548 0.181336 -0.220820 0.193370 -0.264011 0.160231 0.018815 -0.038210 0.085179 0.046544 0.011538 0.066918 -0.231383 0.165491 0.143865 -0.090453 0.090675 0.114006 0.078543 -0.114417 -0.028239 0.032847 -0.075964 -0.023692 -0.151975 -0.086853 0.051265 
-0.148023 0.038709 0.234403 0.087465 0.092265 -0.022777 0.067040 0.289770 0.098831 0.250990 -0.158814 -0.045682 0.011779 -0.155608 0.129808 -0.328175 -0.151133 -0.010511 -0.082809 0.053439 0.150213 -0.220084 -0.067183 0.152943 -0.029499 -0.109054 0.304883 0.105504 -0.210358 -0.062646 0.011610 -0.229714 0.037134 0.011106 -0.064942 -0.068762 0.110957 -0.073465 -0.046138 0.084807 -0.111812 -0.014261 -0.100680 0.157297 -0.037828 -0.167808 0.003732 -0.039297 -0.257407 -0.188588 
-0.119868 -0.128779 -0.022183 -0.231547 0.358362 0.176266 0.083569 -0.052261 -0.056608 -0.268353 -0.019574 -0.103005 0.136981 0.033688 -0.051405 0.059122 -0.124219 0.060865 -0.148169 0.060804 -0.195554 -0.029285 -0.172380 -0.029201 0.008116 0.257124 -0.130174 0.033186 -0.029115 -0.051458 -0.109447 -0.132936 -0.051838 0.047312 0.083789 0.095088 0.066422 -0.038301 -0.291215 -0.169636 -0.048333 -0.178181 -0.292463 0.090440 -0.006048 -0.088405 0.159498 -0.031120 -0.256703 0.182367 
-0.145365 -0.146448 0.225754 -0.115371 -0.042365 0.062957 0.010241 0.210061 -0.150036 -0.110349 -0.111859 0.112227 -0.095457 -0.077729 0.054062 0.172875 -0.056795 -0.074313 -0.076909 -0.094231 0.024809 0.103939 0.125100 0.087937 0.260687 -0.434119 -0.032018 0.039566 -0.068603 -0.231067 -0.119084 0.043777 -0.122974 0.055273 0.221073 -0.118437 -0.237197 -0.010265 -0.013611 -0.177832 -0.112735 -0.040445 0.007691 -0.145991 -0.171120 0.185553 0.266151 -0.029002 0.056295 -0.017917 
-0.156046 -0.048953 0.048116 -0.035063 -0.258449 -0.029786 0.240364 -0.183784 0.166634 0.195390 -0.175018 -0.005310 0.030779 -0.070092 0.169333 -0.078356 -0.175166 0.007589 0.063037 0.064766 -0.092048 -0.073013 0.121916 0.009456 -0.109698 0.280332 -0.233700 -0.059279 -0.057600 0.166896 -0.004340 -0.115663 -0.023175 0.014613 0.193434 0.168210 -0.306601 0.111407 0.072169 -0.180849 -0.034534 -0.116297 0.038375 -0.004154 -0.199056 -0.031739 0.017432 -0.314374 0.139891 -0.160871 
-0.130474 0.037441 -0.159682 0.066884 -0.061695 -0.273128 -0.175278 0.016474 -0.106658 -0.124156 0.050921 -0.090959 -0.153675 0.151414 -0.031007 0.003617 -0.357374 0.271386 -0.072386 0.110564 -0.062260 -0.267001 0.085602 0.122480 0.112835 -0.091883 -0.103152 -0.226388 -0.085467 -0.070459 -0.158068 0.070639 0.101758 -0.042291 0.069347 0.191698 0.125201 -0.171062 0.236383 -0.048835 0.213059 -0.100085 0.191244 0.185641 -0.038965 -0.043727 0.116192 0.095539 -0.076051 -0.014260 
-0.114111 0.181079 0.045514 0.101546 0.146417 0.140742 -0.014997 -0.191778 0.007198 0.040047 -0.126381 -0.056819 -0.035746 0.214933 -0.223007 -0.206879 0.077049 -0.002235 -0.221417 -0.051195 -0.105027 0.028006 0.096441 0.088051 0.141493 0.043658 -0.034255 0.078561 0.060934 -0.236585 0.046795 -0.015074 0.113198 -0.110938 0.165684 0.023911 0.210120 -0.104566 0.142971 0.235319 -0.166689 -0.078121 -0.234388 -0.013512 -0.087142 0.007732 0.048806 -0.100123 0.470499 -0.101893 
-0.138542 -0.062656 0.348156 0.011904 -0.022172 -0.169650 0.179603 -0.097202 0.032695 0.187191 0.080803 -0.166717 -0.056407 0.103773 0.054952 0.042458 -0.051824 0.130764 -0.116675 -0.001583 0.017756 0.159653 -0.009622 -0.063899 -0.011417 -0.006855 0.172930 -0.028228 -0.079854 -0.209153 0.308939 0.072825 0.135022 0.179507 0.064033 0.254009 0.029764 0.130490 0.007030 -0.116063 0.102424 -0.103300 0.028443 -0.269548 0.290631 -0.111696 -0.010794 0.132479 0.037912 0.298381 
-0.143274 0.121358 -0.103554 0.048470 -0.123361 -0.075063 -0.128150 0.321450 0.119060 0.117499 0.126358 0.028839 0.211197 0.051123 -0.116812 0.059892 -0.001292 -0.014345 0.100605 0.067090 0.105670 0.124625 0.116993 0.166307 -0.039808 0.109995 -0.057904 -0.030817 -0.068138 -0.007637 -0.169993 0.086597 -0.117907 0.238848 0.031820 0.120697 -0.045366 0.115328 -0.311378 0.389832 -0.026785 -0.189655 0.020383 -0.034604 -0.216134 -0.179479 0.114632 0.091928 0.138898 0.225736 
-0.152387 0.148984 0.233834 -0.030183 0.019448 0.060422 0.005312 0.009922 0.066559 0.023866 0.438599 0.077586 -0.139258 -0.186930 -0.145234 0.152547 0.025597 0.217790 0.009131 0.368335 0.078165 -0.043641 0.211965 -0.017302 0.238198 0.204423 -0.113190 -0.034324 -0.011028 -0.022109 -0.083341 -0.241122 0.132493 0.021223 -0.040728 -0.282225 0.032318 0.054919 0.017849 -0.065750 -0.138800 0.135131 0.012281 0.002536 0.037775 0.079955 -0.140689 -0.050981 0.009837 0.037989 
-0.134827 0.065049 -0.189462 -0.099891 -0.182831 0.057892 0.227138 0.011196 -0.109510 0.041072 0.191454 -0.102936 -0.102847 0.230875 0.109292 0.151303 0.123103 -0.078998 -0.039818 0.241444 0.148581 0.095147 -0.288481 -0.111005 0.032375 -0.054470 0.087846 -0.007073 0.059083 -0.150543 -0.054229 0.092796 0.014909 0.144063 -0.229545 0.061177 -0.094486 -0.277331 -0.081101 -0.074321 -0.201073 -0.199186 0.046598 0.123610 0.081108 -0.118067 0.023069 -0.093014 0.092349 -0.339114 
-0.151978 -0.045225 0.012828 0.119654 -0.067085 -0.083955 -0.143945 -0.159394 -0.099030 0.154848 0.192398 0.105007 -0.062879 0.032472 -0.089666 -0.034104 -0.023158 -0.236332 -0.057881 0.010906 0.215455 -0.315966 -0.232148 -0.096384 0.188500 0.001513 -0.258943 0.130859 -0.183938 0.063633 0.204070 0.142627 -0.249270 -0.220558 -0.206177 0.035813 -0.057633 0.157963 0.074793 0.053606 -0.026613 -0.072162 -0.215725 -0.088872 -0.008794 0.032390 0.189795 -0.061093 -0.090780 0.130375 
-0.146946 -0.049923 -0.053411 0.159673 -0.128329 -0.068276 0.035861 0.000350 -0.002911 -0.191621 0.275195 0.052332 -0.091471 -0.062284 0.327315 0.089989 0.092086 -0.094901 0.219498 -0.153464 -0.134938 -0.050058 -0.178653 0.127442 -0.098949 0.003999 0.060097 0.104270 0.037833 -0.139872 -0.131646 -0.018246 0.208751 -0.274692 0.325623 -0.149117 0.036335 0.220298 0.048041 0.036705 -0.032580 -0.006428 -0.136126 0.080992 0.096122 -0.340702 0.049105 0.027376 0.069883 0.032781 
-0.154794 -0.175479 0.010818 -0.011349 0.123459 -0.144991 0.137059 -0.056005 0.047687 0.067662 0.132697 0.385942 0.050853 0.056089 0.181584 -0.055557 0.078581 0.206728 -0.061455 -0.123728 -0.036983 0.100132 0.156924 -0.170434 -0.243347 0.135603 0.023535 -0.085019 0.052263 -0.147270 -0.063119 0.073251 -0.288681 0.005106 -0.072087 0.071568 0.148263 0.002905 0.227423 0.092905 -0.332050 0.070759 0.033413 0.132537 -0.057338 0.141219 0.169829 0.205313 -0.105688 -0.063418 
-0.165523 0.225478 0.004339 0.069642 0.014131 -0.084327 0.039656 -0.107465 0.028753 -0.199990 -0.275857 -0.061125 -0.028350 -0.151403 -0.054126 0.052303 -0.085613 -0.094048 0.106109 0.106659 -0.108880 -0.008839 0.043692 -0.007536 0.037240 0.066835 -0.106411 0.110773 0.058821 -0.084727 0.137295 0.306402 0.004709 0.100695 -0.005514 -0.031142 -0.081141 -0.181027 0.015126 0.153662 -0.323149 0.382029 0.205545 -0.072707 0.106614 -0.267033 0.113725 -0.116016 -0.216608 0.112413 
-0.132090 -0.116743 -0.061042 0.382363 -0.018568 0.111064 0.104864 0.042774 -0.122173 -0.039593 -0.145639 -0.079163 -0.125043 0.044459 0.150468 0.089389 0.158056 0.087600 -0.193419 0.133249 -0.136399 0.048283 -0.212208 -0.013801 0.001362 0.129842 0.121135 -0.188415 -0.198862 0.090843 -0.110421 -0.117663 -0.300922 -0.055275 0.042721 -0.215186 0.115410 -0.107773 0.042394 0.150846 0.096233 -0.016919 0.207361 -0.280573 -0.085910 0.055361 -0.099508 -0.165357 0.001719 0.190362 
-0.130872 0.065959 -0.282650 0.156288 0.181212 -0.149116 0.058283 0.198744 0.087410 -0.069450 -0.082502 -0.029655 -0.100586 0.032562 0.027763 0.123593 -0.152863 0.055818 0.041702 0.226493 -0.131719 0.026044 0.107818 -0.297242 -0.258173 -0.292838 -0.109370 0.207991 -0.139657 -0.036604 0.265423 -0.015734 0.019788 -0.032479 -0.005164 -0.080647 -0.069366 0.101597 -0.025358 -0.047697 -0.084582 -0.097129 -0.194552 0.088470 -0.111937 0.127572 -0.305546 0.030930 0.111713 0.090950 
-0.153980 0.217519 0.081129 -0.152518 -0.142434 -0.067121 -0.033565 -0.031347 -0.011634 -0.037347 -0.006522 0.061394 -0.090806 0.036629 -0.304452 0.111713 0.080374 0.283889 0.102104 0.140805 -0.049535 0.020861 -0.281964 0.174884 -0.289761 -0.035053 0.196740 0.259868 0.038143 0.070828 0.020851 0.063174 -0.207415 0.034875 0.196307 0.086432 0.105796 0.126117 0.021490 -0.025798 0.193402 0.163221 -0.126234 -0.098438 -0.077442 0.169231 0.104379 -0.088812 -0.092296 -0.222363 
-0.148139 0.056208 -0.117610 0.062689 0.255399 0.052043 -0.083760 -0.139343 -0.102643 0.011278 0.057406 -0.155352 0.119770 0.200985 0.228267 0.061589 0.078929 0.334836 0.181622 -0.282144 0.238846 -0.027228 0.190030 -0.074439 0.139223 0.075343 -0.002095 0.181434 -0.182057 -0.045271 -0.015468 -0.003663 0.024252 0.080625 0.064530 -0.036219 -0.294574 -0.058928 -0.041560 0.187188 0.169290 0.073898 -0.068919 -0.139071 0.057637 0.040408 -0.068318 -0.093073 -0.155553 -0.223508 
-0.135181 -0.206247 -0.006625 -0.179058 -0.096062 0.028347 -0.093074 0.119817 0.075727 -0.281297 0.133113 0.084004 0.006659 -0.153322 0.139235 -0.093289 0.103089 -0.027773 0.114278 -0.089308 -0.179721 -0.162205 0.002488 0.157549 -0.031049 -0.114454 -0.189583 -0.056468 0.002660 -0.065342 0.250361 -0.158808 -0.027797 0.362920 -0.181388 0.135595 0.178556 -0.125795 0.119944 0.212331 0.084041 -0.040837 -0.081078 -0.142882 0.140447 0.075786 -0.116668 -0.276332 0.079937 -0.054873 
-0.133125 0.315035 0.017987 0.268834 -0.067808 0.007305 -0.010670 -0.141043 0.192908 -0.067979 0.041880 -0.041684 0.185616 -0.157024 0.074322 -0.233946 0.132581 0.080300 -0.030178 -0.103221 -0.070458 0.060918 -0.125932 -0.190750 0.127942 -0.140973 -0.024235 0.075868 0.141779 0.112876 -0.063179 0.035690 -0.058209 0.381599 0.000117 -0.229107 -0.009670 -0.018154 0.128564 -0.203090 0.165384 -0.200471 -0.023166 0.224201 0.008421 0.073044 0.202090 0.041523 -0.007858 0.133465 
-0.128569 0.018228 -0.073331 0.030604 0.050804 -0.213050 -0.323707 -0.121425 -0.148804 0.009382 0.003448 -0.130352 -0.034630 0.116516 -0.105732 -0.040877 0.251156 -0.201727 0.004594 0.006907 -0.130292 -0.111466 0.024863 -0.016517 0.025419 -0.045947 0.169497 -0.306380 -0.029699 0.138593 0.136977 -0.273609 -0.058986 0.190485 0.280547 0.054188 -0.130106 0.183998 -0.132805 -0.050969 -0.336276 0.008812 0.072349 0.093529 0.116813 0.092701 -0.025428 0.076243 -0.082600 -0.119048 
-0.142222 -0.085776 0.074745 -0.099748 0.165134 -0.251798 -0.137457 -0.202358 0.187931 0.049910 0.044201 0.045198 -0.065824 -0.275717 -0.170179 0.210639 0.002836 0.028380 -0.186979 -0.202402 -0.161538 -0.048573 0.060222 -0.025394 -0.161086 -0.076559 0.170483 -0.067064 -0.182980 0.180859 -0.169333 0.137872 -0.044518 -0.070217 -0.196117 -0.159731 -0.135827 -0.221419 -0.150384 -0.008209 0.065236 -0.101866 -0.054436 -0.040190 0.113172 -0.216736 0.001811 -0.052008 0.254546 -0.120922 
-0.155294 0.056210 -0.089377 -0.149902 0.104178 0.436673 -0.197058 0.050102 -0.097996 0.058835 0.149506 0.007065 0.187575 -0.058001 0.092223 0.016520 0.007192 0.051479 -0.166926 0.058427 0.040715 -0.196988 0.133989 0.106427 -0.107933 -0.035133 0.164846 -0.008403 0.162884 0.062863 0.275271 0.210838 -0.202987 -0.038420 0.112172 -0.028866 -0.036945 0.022120 0.189181 -0.216238 -0.005503 -0.067448 0.165716 -0.033304 -0.135342 -0.307375 -0.165368 0.053101 0.060989 0.041262 
-0.155317 0.031315 -0.340004 -0.074358 0.007132 0.243511 0.024154 0.046918 0.082182 0.052597 -0.026723 0.273521 -0.154115 -0.079125 -0.162062 -0.253872 -0.144597 -0.059560 0.099038 -0.011762 -0.183659 0.321690 -0.032543 0.075423 0.241161 0.111711 0.095662 -0.109005 -0.361244 -0.078568 0.036582 0.116964 -0.031020 0.003184 -0.011609 -0.022810 -0.071979 0.183024 0.052278 -0.066791 0.112144 -0.004601 0.015325 0.010476 0.271682 -0.011549 -0.043665 0.095702 -0.050440 -0.127019 
-0.128031 -0.136093 -0.053799 0.021283 -0.232121 -0.054636 -0.185962 0.093673 -0.085559 0.115750 0.004549 -0.192040 0.314932 -0.195353 -0.035534 0.030636 -0.081031 0.143603 -0.202474 0.016862 -0.253583 0.160709 0.008458 -0.196981 0.160834 -0.014985 0.082890 0.088910 0.280849 -0.229827 0.024128 -0.091628 -0.076614 -0.290643 -0.126898 0.080555 -0.087827 0.165828 -0.072365 0.157154 0.071341 0.066422 0.061184 0.149311 0.133068 0.061793 -0.005956 -0.201084 -0.056550 -0.080772 
-0.144410 -0.177950 -0.131129 -0.014375 -0.305182 0.159139 0.020722 0.068648 -0.047405 0.056667 0.093413 -0.165951 0.014158 -0.004606 -0.027962 0.083435 -0.020955 0.036042 -0.176145 -0.178027 0.069498 0.076295 0.040980 0.022151 -0.008250 0.014779 0.151525 0.019989 -0.204533 0.312203 -0.017572 0.119582 0.215242 0.101172 0.061806 0.093056 0.023940 -0.171639 0.114726 -0.015026 -0.158791 0.351695 -0.298969 0.235889 -0.042316 0.153604 -0.006462 -0.041431 0.017820 0.260944 
-0.166263 0.031856 -0.101227 0.038785 0.032248 0.035468 0.121483 0.098042 0.125756 -0.166830 -0.197054 0.146140 -0.025871 -0.196659 -0.279535 0.244276 0.068036 -0.062873 -0.076082 -0.187775 0.322660 -0.119325 -0.144338 -0.147764 0.070912 0.086700 0.081278 0.061672 0.127762 -0.054645 -0.098749 -0.319621 0.020706 0.001297 0.063465 0.291372 -0.168707 -0.006601 0.301242 0.072962 0.019813 -0.089650 0.078250 0.010072 0.060616 -0.064789 -0.159461 0.142438 0.011871 0.069282 
-0.126847 0.004218 0.054392 0.178684 -0.125308 0.084895 -0.135952 0.108843 0.149082 -0.059159 0.057775 -0.196564 0.081094 0.196447 -0.150485 -0.046903 -0.243000 -0.023289 0.215905 -0.271188 0.108870 0.084416 0.019557 -0.117702 -0.086552 -0.031745 -0.140874 -0.022256 -0.010766 -0.044963 -0.139700 -0.172088 -0.279622 -0.059062 -0.083369 0.009235 0.264878 -0.061013 -0.079363 -0.382253 -0.153825 0.179285 0.015516 -0.189172 0.109430 -0.133952 -0.081272 0.002265 0.108179 -0.099533 
-0.137022 0.218851 0.188203 -0.012719 0.006565 -0.059205 0.022353 0.138405 0.020187 -0.221698 -0.077329 -0.139939 0.113069 -0.177524 0.180639 0.176714 -0.117677 -0.078663 -0.065400 -0.113358 0.102921 0.061389 -0.122478 -0.068393 0.125661 0.197660 -0.027065 -0.354004 -0.006881 0.105033 0.139407 0.312815 0.063370 -0.077524 0.007602 -0.008977 0.195972 0.150274 -0.032621 0.068927 -0.015004 -0.078268 -0.144880 -0.047142 -0.128119 0.199986 -0.149222 0.153071 0.003207 -0.319590 
-0.132642 -0.026428 0.053198 -0.063187 -0.202742 0.041848 0.012608 -0.399709 0.179216 -0.064760 0.128186 -0.068822 -0.011234 -0.076491 0.005025 -0.097454 -0.066193 -0.144056 0.059525 0.068728 0.071961 0.222089 0.061115 0.120366 -0.014479 -0.160389 -0.025355 -0.017821 0.025250 -0.079325 0.093547 -0.110691 -0.172932 -0.204971 0.168965 0.008989 -0.040798 -0.369295 -0.125981 0.176815 0.077993 -0.110533 -0.034273 0.043402 -0.151512 0.084052 -0.261613 0.261820 -0.246725 0.056560 
-0.129726 0.221095 -0.119268 -0.107246 -0.084568 -0.164526 0.152978 0.061637 0.058569 -0.270667 0.034720 -0.094467 0.102495 0.062652 0.055365 -0.275185 0.283511 -0.066230 -0.116466 0.047623 -0.048277 -0.100574 0.269465 0.140626 0.011624 -0.016039 0.175469 0.083621 -0.038441 0.038865 -0.239727 0.061237 0.054891 -0.260876 -0.252739 0.160132 -0.073123 0.083378 0.011442 -0.190934 -0.082415 -0.067903 -0.032939 -0.301233 0.000729 0.138155 -0.058920 -0.014507 -0.096701 0.120251 
-0.135072 -0.293703 -0.071629 0.043135 0.039533 0.125125 -0.139956 -0.286029 0.033249 0.052501 -0.158417 -0.165267 0.014340 -0.108558 -0.017999 0.030704 0.007222 0.096235 -0.068120 0.119896 0.147843 0.132989 -0.072600 0.193313 -0.094888 -0.201593 -0.196560 0.135661 0.015163 0.079637 -0.262499 0.090189 0.227129 0.135292 -0.139294 -0.033615 0.176148 0.353776 0.111706 0.051418 -0.215992 -0.152397 0.114249 -0.115395 0.000561 -0.001419 -0.094950 0.086376 -0.117798 -0.105899 
-0.147856 0.163065 0.022193 -0.219766 0.103805 0.009654 0.200822 -0.016582 -0.207875 0.090794 -0.035939 -0.084402 -0.001346 -0.026100 0.140741 -0.103200 0.057190 0.053504 -0.035421 0.082390 -0.079582 0.083801 -0.087268 -0.063445 0.050063 -0.293272 -0.248484 -0.176452 0.036056 0.222645 -0.105828 -0.227193 -0.109126 -0.033450 -0.117719 0.099004 -0.063581 0.107173 0.046359 0.143677 0.147504 0.363901 -0.125745 -0.030373 -0.019828 -0.264922 0.045438 0.281174 0.168287 -0.008619 
-0.126741 0.024845 0.081900 -0.135365 0.157636 0.093501 -0.328786 -0.051082 -0.027784 -0.076468 0.016364 0.045127 -0.046694 -0.027290 0.202011 -0.201602 -0.305158 -0.139189 0.199402 0.243932 0.166373 0.096024 -0.113695 -0.276019 -0.159000 0.024417 0.267178 -0.061744 0.115756 0.080039 -0.212748 -0.002545 0.098627 -0.042666 0.030855 0.082199 -0.092586 -0.066600 0.097437 0.125500 -0.006460 -0.001176 -0.014477 -0.139299 0.091080 0.193402 0.122498 -0.137381 0.182078 0.163921 
-0.144988 -0.125137 0.093871 0.146121 0.076309 0.049168 0.063899 0.080359 -0.240921 0.191341 0.015399 0.070544 -0.102029 -0.230475 -0.131360 -0.194175 0.267835 -0.044312 0.167108 0.033258 -0.031270 -0.129699 0.076467 -0.262540 0.009835 -0.054942 -0.125983 -0.025830 0.072705 -0.047917 -0.247559 0.325090 0.042647 0.026698 0.217884 0.272979 0.148109 -0.119594 -0.203758 -0.087499 0.125567 0.005435 -0.028941 0.031480 -0.001601 -0.003422 -0.261174 -0.078813 -0.057363 -0.034953 
-0.137050 0.166455 -0.158992 -0.207490 0.014762 -0.023545 0.315153 -0.102293 -0.262016 0.040352 0.092535 -0.074654 -0.121487 -0.103710 -0.008417 -0.055392 -0.249731 -0.099016 -0.084156 -0.293930 0.134152 -0.134488 0.070972 0.036698 -0.102077 -0.017386 0.004152 0.137899 0.060490 0.043633 0.001937 -0.047140 -0.080383 0.034315 0.067792 -0.164752 0.218878 0.139725 -0.240609 0.122015 -0.000847 -0.061711 0.337697 0.106188 0.147175 0.221105 -0.011980 -0.101647 0.113489 0.115226 
-0.137971 -0.194016 0.267767 -0.040467 0.117145 -0.101467 0.029894 -0.087047 -0.070799 -0.303757 -0.009386 -0.030781 0.130067 0.151050 -0.121226 -0.153632 0.098612 -0.024951 0.141139 0.013190 0.109369 0.085343 -0.136780 0.065056 0.026804 0.044808 0.079117 0.017707 -0.218211 -0.115506 0.045761 0.073163 -0.028558 -0.012238 -0.183929 -0.019159 -0.105846 0.161402 0.007440 -0.057068 0.106628 0.146263 0.250585 0.413729 -0.257937 -0.039652 -0.187691 -0.107981 0.212327 0.091028 
-0.162370 0.123881 -0.004392 -0.099966 0.192942 -0.040842 0.039670 0.075186 -0.001639 0.366671 0.151318 -0.065473 0.125718 0.115634 -0.137857 0.092996 -0.053709 -0.194199 0.152603 -0.234421 -0.298346 0.015145 -0.247315 0.090888 -0.081916 -0.018943 -0.055075 -0.130453 0.081723 -0.143429 -0.082622 -0.011993 0.234144 0.010058 -0.107131 -0.117561 -0.101331 -0.087716 0.244467 -0.022049 -0.007785 0.012412 0.079119 -0.132218 -0.261506 0.144605 -0.121425 -0.076694 -0.201005 0.110145 
-0.141018 -0.187794 -0.114477 -0.254153 -0.232686 -0.217697 -0.155490 0.031977 -0.150312 0.068131 -0.234984 -0.004319 -0.015622 -0.005439 0.051141 -0.142541 0.029284 0.011626 0.028003 0.025556 -0.030823 -0.146508 -0.068855 -0.125014 0.093563 0.329552 0.015089 0.235817 0.059931 -0.128732 0.012043 -0.028096 0.066065 0.143750 -0.011715 -0.326620 0.041274 -0.121669 -0.027021 -0.101118 0.057625 0.041162 -0.048516 -0.169471 -0.135887 -0.015792 -0.086192 0.391373 0.143113 0.005676 
-0.131392 0.033569 -0.058815 -0.015952 0.004816 0.220970 -0.170599 -0.012185 0.355797 0.003274 0.027638 -0.076260 -0.365336 0.039028 0.127051 0.038528 0.163183 -0.153254 -0.232190 -0.073625 -0.006409 -0.065890 0.060488 -0.187088 -0.126649 0.043261 -0.043549 -0.002047 -0.015044 -0.191762 0.053293 -0.054249 0.169466 0.010465 -0.093331 0.112342 0.053864 0.120667 -0.227242 -0.023824 0.232946 0.234739 0.189167 0.026313 -0.259646 0.040467 0.231597 0.038434 -0.069176 -0.065429 
-0.144045 -0.025684 0.235137 -0.004934 -0.069703 0.056496 -0.046858 0.245552 0.039892 -0.064628 -0.049011 0.030568 -0.033443 0.314084 -0.071233 -0.125781 0.026417 -0.105953 -0.305132 0.015755 0.045145 -0.003726 0.021209 0.064575 -0.305545 0.076783 -0.309115 -0.021422 0.111380 0.046463 -0.095266 0.121502 0.010793 -0.016233 0.097627 -0.240160 -0.276266 -0.017692 0.054329 0.106078 0.128062 -0.011665 -0.014718 0.111178 0.396875 0.059241 -0.117586 0.050476 -0.101590 -0.045802 
-0.135162 0.203575 0.031027 0.005193 -0.118875 0.050576 -0.185769 -0.044630 -0.075344 0.042219 -0.181070 0.478644 0.159197 0.067461 0.129223 0.011341 0.074331 0.290819 -0.052156 -0.100265 0.049356 0.029205 -0.218355 0.058421 -0.022794 -0.106535 -0.153994 -0.064035 -0.072659 0.059630 0.128699 -0.103387 0.295588 -0.190095 -0.050110 0.074123 0.037079 -0.137381 -0.318644 -0.121711 -0.133481 -0.026267 0.144240 -0.007722 0.044074 0.046564 -0.068627 -0.042112 0.035954 0.132841 
-0.138950 -0.020567 -0.113217 -0.201034 0.090805 -0.128611 -0.082943 0.141320 0.050187 0.136751 -0.219800 -0.207048 -0.280283 -0.083065 0.004640 -0.012832 0.275296 0.146814 0.220668 -0.055568 0.268086 0.235926 0.080197 0.122928 -0.006974 0.058588 -0.094177 -0.204462 0.174269 0.004426 0.156263 0.002228 -0.082688 -0.211793 -0.041504 -0.135249 0.090625 -0.046424 0.087832 -0.105669 0.021294 -0.155978 -0.107682 0.156680 0.047931 -0.053416 0.145380 -0.205175 -0.049353 0.193614 
-0.152431 0.005272 0.000344 0.190991 0.094584 0.150274 0.030164 -0.081865 0.045668 0.163083 -0.185718 -0.057072 0.135365 -0.052359 0.153756 0.276324 0.040641 -0.123556 0.223451 0.162430 -0.069113 -0.230280 0.066238 0.350650 -0.032814 0.067888 0.036297 -0.003593 0.035933 -0.153163 -0.052493 0.013530 -0.110004 -0.019868 -0.163561 0.089871 -0.024288 -0.055909 -0.077465 -0.109650 0.102907 0.107966 -0.069017 0.178406 0.264462 0.312261 0.075801 0.230316 0.208826 0.052860 
-0.145722 -0.181271 -0.075665 0.119208 0.289704 -0.246461 0.014617 0.119128 0.208226 0.046643 0.116059 0.128385 -0.090032 0.133122 0.136273 -0.032533 -0.092936 -0.092242 -0.127919 0.027366 -0.001786 0.167133 -0.094791 0.231092 0.332881 0.042789 0.010613 0.251774 0.352264 0.342421 0.064230 0.033661 -0.029124 0.013143 0.084249 0.124533 0.035562 -0.076825 -0.103175 -0.094994 0.037649 0.133155 0.094786 -0.033441 -0.025216 0.035886 -0.089758 -0.034026 0.053407 -0.070151 
-0.121515 0.097001 0.008025 -0.027802 0.013183 -0.139304 -0.082695 -0.047653 -0.215021 0.042463 -0.063065 0.159146 0.259223 0.047257 0.059158 0.236561 0.079803 -0.405821 -0.084406 0.135001 0.069568 0.270776 0.274420 -0.063281 -0.067143 0.048062 -0.037826 0.156081 -0.202602 0.053826 -0.002215 -0.154059 0.081119 0.026217 0.048639 -0.006780 0.323934 -0.066201 0.174823 -0.097050 0.255251 -0.016464 0.019783 0.044089 0.032859 -0.116991 0.082786 -0.133351 -0.107341 -0.090734 
