-0.146093 0.086586 0.109466 0.172510 0.088211 0.062331 0.001545 0.217545 0.014631 0.122058 -0.039552 0.259584 0.071559 -0.019673 -0.269429 0.018072 -0.193064 -0.001256 -0.338752 -0.016551 0.142472 0.092120 0.037112 -0.080684 0.212609 0.113260 0.032172 -0.069047 -0.296854 -0.049700 -0.024097 -0.302395 0.131163 0.114215 0.034108 0.157245 0.109864 0.001639 -0.063469 -0.023339 0.218101 -0.105285 -0.103500 -0.105587 -0.021392 -0.050115 -0.162182 0.235709 0.111084 0.148476 
-0.124849 -0.191451 0.106146 -0.027655 -0.073024 0.038730 -0.297000 0.062891 -0.009026 -0.118397 -0.049291 0.191911 -0.300081 0.058481 0.132665 -0.002100 -0.057992 -0.195104 -0.107339 0.064875 0.102317 0.017609 -0.209184 0.105825 0.155282 -0.115614 -0.161915 0.165121 0.115306 0.076543 0.034779 0.019592 0.259123 0.113671 0.061691 -0.024437 0.091115 -0.151284 -0.085597 0.204825 -0.017161 0.080657 -0.009446 -0.249344 0.012290 0.198362 0.346884 -0.130556 0.005311 0.163698 
-0.148196 -0.069552 0.082203 -0.276477 -0.017525 -0.040341 0.227454 0.041860 0.090240 -0.093796 -0.042799 -0.038109 0.096133 0.100585 0.072133 -0.232933 0.333605 -0.082984 0.106755 0.011049 0.157925 0.077511 -0.146679 0.111395 0.065448 0.120483 -0.025186 0.045516 -0.096205 -0.135309 -0.068662 -0.069944 -0.263679 -0.022784 0.213168 0.256269 0.054731 -0.017185 -0.008552 0.175875 0.123761 0.279120 0.003939 0.033067 0.102987 0.111591 0.094587 0.278351 0.227467 -0.106186 
-0.147753 -0.055894 -0.176804 -0.019395 0.154808 -0.065621 0.135057 0.264225 -0.190742 0.101713 0.031498 0.116339 0.010120 -0.123660 -0.134490 -0.375300 -0.035294 0.271549 0.022663 0.023759 -0.006030 0.266594 0.014771 0.093661 -0.083897 -0.100372 0.043937 0.043141 -0.117531 -0.115264 0.058248 0.196878 0.168427 0.025859 0.022996 0.022407 0.003293 0.267496 -0.019006 -0.051744 -0.185399 0.062299 -0.125726 0.021857 0.065305 0.245778 0.038125 -0.329901 0.097103 -0.039718 
-0.140918 0.280651 0.191412 0.207018 0.104917 -0.009800 -0.019351 -0.092990 -0.007944 0.009584 0.183759 -0.083966 0.121465 -0.056564 -0.190199 -0.050381 0.107853 -0.346422 0.196497 0.231384 -0.058036 -0.074872 0.153656 0.108720 -0.011696 -0.022366 0.034257 0.160164 -0.000745 0.196602 -0.012771 -0.126724 0.191815 0.023272 0.153498 -0.210609 -0.037704 0.088925 -0.050902 -0.132352 -0.122208 0.155400 0.109152 0.145767 -0.154183 0.295630 -0.004329 0.103449 0.136908 0.077557 
-0.142665 -0.164762 0.181370 0.059670 -0.148728 0.100090 0.032978 -0.090390 0.282208 0.270389 -0.054541 0.030015 0.031270 0.031445 0.002396 -0.243552 -0.058844 0.034056 0.112380 0.224512 0.142426 0.126471 -0.016320 -0.259396 0.039693 -0.043292 0.077219 0.127236 0.148067 -0.169871 0.217992 -0.062481 0.046191 -0.123271 -0.095779 0.075112 0.127059 -0.177492 0.002584 -0.203023 0.033421 -0.181346 0.192496 0.150700 -0.240222 -0.097449 0.142097 -0.118921 0.076955 -0.187594 
-0.149834 -0.068252 -0.333186 0.105847 0.081988 -0.074744 -0.035564 -0.065418 0.159531 -0.110344 -0.126713 0.026176 0.216611 -0.019225 0.048249 0.322507 0.136041 0.052662 -0.081184 0.309149 0.173700 0.060115 -0.100253 -0.007826 0.020154 -0.125297 0.076753 -0.011159 0.086530 0.194173 -0.167352 0.204371 0.076474 0.095538 -0.012675 0.121326 -0.172460 -0.058591 -0.115881 -0.126548 0.210247 0.003191 -0.070003 -0.132671 -0.109050 0.122449 -0.155288 -0.076347 0.179600 -0.268556 
-0.142966 0.154607 -0.172479 -0.132032 -0.093663 -0.028424 -0.017819 0.005326 0.062738 -0.338486 0.034301 -0.035974 -0.058554 -0.168310 0.017878 -0.015325 -0.157622 -0.120972 0.222555 -0.187308 0.021142 0.126609 -0.104405 -0.266467 -0.223089 0.159664 0.224750 0.041203 -0.019802 -0.137874 0.065865 0.092530 0.037790 0.122937 0.061712 0.002397 -0.008838 0.153807 -0.179740 -0.167362 0.115476 0.086449 0.010055 -0.202105 -0.296860 -0.180212 0.107279 0.055543 0.042301 0.244667 
-0.129252 -0.121528 -0.172377 -0.016519 0.133441 0.133293 -0.159426 0.012064 0.247605 0.070199 0.217297 -0.078331 0.019868 0.085613 0.215053 -0.159353 -0.332545 -0.188481 0.125036 0.133427 -0.161896 0.041368 0.236766 0.111825 0.011529 0.039948 -0.063513 0.020861 -0.161038 0.133269 -0.137561 -0.043727 -0.077202 -0.103751 -0.156845 0.106891 -0.202195 0.117721 0.014948 -0.070264 0.070528 -0.051738 -0.245221 -0.022932 0.221128 -0.157750 0.244925 0.083860 0.096599 -0.024290 
-0.138380 -0.024189 0.146570 0.187559 -0.023816 -0.142587 -0.023699 -0.041344 -0.050356 0.092198 0.059870 -0.117177 -0.112182 -0.194931 0.271161 0.063992 -0.088069 0.234238 0.164076 -0.214190 -0.163927 -0.097570 -0.017350 -0.321827 0.167276 0.014883 0.202887 -0.033500 0.033912 0.118302 -0.315839 0.054715 0.149717 -0.073075 0.125202 0.223415 0.150923 0.070458 0.154326 0.043877 0.102516 -0.060466 0.060997 0.043972 0.107855 0.287354 0.065802 0.100636 0.060248 -0.029453 
-0.128896 -0.040760 -0.133780 0.053883 0.064184 -0.158129 0.156724 -0.269964 -0.193026 0.126706 -0.187025 0.001525 0.170242 -0.084831 0.017103 -0.006817 -0.246402 -0.281028 0.039242 0.143904 0.029863 -0.182742 0.034469 0.065601 0.160818 0.139408 -0.062766 -0.122290 -0.083181 -0.272392 0.156135 0.292892 0.047755 -0.275370 -0.120983 0.120603 -0.008184 0.010383 0.021494 0.190646 0.033947 0.028841 0.133449 -0.143560 -0.044489 0.134406 -0.043424 0.043674 -0.150129 0.145957 
-0.131166 -0.135438 -0.017886 0.032150 -0.039009 0.062107 0.047154 0.132964 -0.178880 -0.100775 0.070520 -0.075407 -0.218038 0.055555 0.009570 0.213084 -0.105885 0.194574 0.130516 0.223162 0.005982 -0.292173 -0.280361 0.058282 0.132866 0.144943 0.058950 0.014015 -0.332390 -0.186354 -0.079686 -0.055091 0.089095 0.008508 -0.142345 -0.160866 -0.132267 -0.064565 -0.014204 0.037143 -0.093484 0.146690 -0.045210 0.340074 -0.182799 -0.143420 0.041104 -0.003237 0.146195 -0.078993 
-0.149913 0.029668 0.054156 -0.037382 0.028928 0.001782 -0.158191 -0.278302 0.013616 0.283793 -0.091870 -0.003902 0.132077 -0.374959 0.001195 -0.062141 -0.003691 0.145396 0.017160 -0.012796 0.068187 -0.020060 -0.442994 0.206561 -0.212985 -0.036563 0.059455 0.012624 0.051101 0.125578 0.014953 -0.185407 -0.043790 0.020187 -0.096346 0.037020 -0.087636 -0.007790 -0.186558 -0.028201 0.111878 0.085292 -0.117404 0.193773 0.184860 -0.054868 0.008861 0.005681 -0.161008 0.241475 
-0.135710 -0.152663 0.031500 0.306841 0.004100 0.168263 0.244597 -0.032481 -0.158492 0.186990 0.079517 0.053702 -0.168971 0.137108 -0.158712 0.204882 0.041078 -0.056544 0.067916 0.048236 0.012214 -0.059247 -0.049739 -0.147977 -0.289568 0.036252 -0.187002 -0.030208 0.250662 0.053917 0.057037 0.003893 -0.246579 0.180550 -0.179368 0.073863 0.071621 0.319554 0.091446 0.094102 0.124784 0.100114 0.002340 -0.101312 0.063215 -0.025945 0.090975 -0.036227 0.211490 0.099328 
-0.147928 -0.109075 0.180383 -0.332572 -0.126699 -0.019609 0.021038 0.164409 -0.039841 0.046695 -0.075509 -0.139088 0.019140 -0.186988 -0.250058 0.015435 -0.111344 0.020974 -0.010045 -0.012332 0.011406 -0.087501 0.255934 0.063609 0.069506 -0.017198 -0.126758 -0.132537 0.112036 0.360485 0.085534 0.295691 0.154760 0.198232 -0.038883 0.158868 0.045484 0.000003 0.082497 0.023987 0.131745 0.198387 -0.045553 0.187825 -0.159604 -0.185936 0.061217 0.095348 -0.112547 -0.082168 
-0.132870 0.055317 -0.040838 0.257467 0.021223 0.096266 -0.187001 0.018923 0.182694 -0.050244 -0.192307 -0.136577 -0.078621 -0.107407 0.089900 -0.150868 0.200561 0.180855 0.113968 0.013193 -0.251841 0.111438 0.014184 0.143028 -0.036813 0.225759 -0.357264 -0.132681 -0.034027 0.014109 0.023524 0.040480 0.000493 -0.126854 -0.072994 -0.127836 0.318410 -0.047603 0.010896 0.130379 0.050375 0.026807 -0.210621 -0.105681 -0.289999 -0.018999 -0.193313 0.042341 0.039187 0.001376 
-0.136748 0.131434 0.239428 0.150431 -0.116622 -0.254226 -0.029179 0.179236 -0.201817 -0.178788 0.107552 0.049616 0.356868 0.004264 0.035513 0.051423 -0.084217 -0.178881 0.034656 -0.059934 0.154398 0.150193 -0.233855 -0.075529 -0.124149 -0.025398 -0.249636 -0.050229 -0.057246 0.122367 -0.177317 0.099440 -0.079634 -0.174718 -0.123189 0.042297 0.146558 -0.032122 -0.059994 0.027295 -0.241190 -0.181198 -0.066508 0.052368 0.039162 -0.197848 0.114539 -0.053277 0.005619 -0.167868 
-0.138673 -0.016758 -0.010806 0.044368 -0.204263 0.142790 0.020235 -0.174222 -0.004410 -0.219158 0.077448 0.103443 0.033684 0.115922 0.012775 -0.267188 -0.043699 0.110042 -0.112812 -0.297722 0.156443 -0.270694 0.012871 0.180576 -0.153787 0.028488 -0.082923 -0.223817 -0.020754 0.116798 0.069931 0.121331 0.197398 -0.124241 -0.018672 -0.135479 -0.100405 -0.066040 0.029958 -0.132105 0.178537 -0.127565 0.219828 0.042895 0.144409 0.042445 -0.076119 -0.015457 0.374643 0.019411 
-0.133597 0.215210 0.122760 -0.140676 -0.085274 -0.083419 -0.073415 -0.333964 0.016523 -0.087278 0.245807 0.124409 -0.096989 0.037891 -0.058887 0.024391 0.157427 0.030421 0.070722 0.073806 0.085667 -0.092318 0.096261 0.042202 0.226844 -0.105475 0.041717 0.037993 0.056256 -0.270440 -0.058019 0.030518 0.155622 0.051631 -0.200197 -0.040102 0.298876 0.235259 -0.007442 -0.075734 0.118683 0.087790 -0.251277 -0.098624 0.225605 -0.184411 -0.120385 -0.112863 -0.068459 -0.176577 
-0.138915 0.055969 -0.149837 -0.166856 0.195117 0.136493 -0.218314 0.168990 -0.157132 0.165469 0.213899 -0.119886 0.030911 0.225859 0.005556 -0.024333 -0.023170 0.014755 0.133986 0.072548 -0.003257 0.049504 -0.078181 -0.129350 -0.075840 -0.112718 -0.022168 0.085476 -0.130289 0.024053 -0.018820 0.247590 -0.098474 0.115378 -0.067135 -0.144975 0.314664 -0.239017 -0.128763 -0.002075 0.205551 -0.027912 0.320001 0.027744 0.173116 0.048200 -0.212266 0.115300 -0.097040 0.085511 
-0.137925 -0.067118 0.128869 -0.038785 0.136353 -0.003179 0.338211 -0.060401 -0.040785 -0.041800 -0.155581 0.012458 -0.072970 -0.106722 0.227470 0.046013 -0.019922 -0.127620 -0.144142 -0.011863 -0.219340 0.016142 0.092030 0.282077 0.054140 -0.041310 0.152876 -0.199982 -0.014434 -0.035606 -0.129886 0.026108 -0.188337 0.305749 -0.081049 -0.146937 0.271005 -0.075333 -0.282493 -0.235242 -0.038741 -0.226394 0.063775 0.040336 -0.036373 0.030099 0.161038 -0.040407 0.048596 -0.019004 
-0.152986 0.033757 -0.122137 0.128432 0.010977 -0.246941 -0.252892 0.070804 -0.032363 0.127348 -0.036940 -0.224347 -0.064547 0.281045 -0.108329 0.025361 0.114287 -0.056931 -0.030813 -0.075768 0.047973 -0.066059 -0.016683 0.357633 0.028436 -0.127868 0.230335 -0.046962 0.045947 -0.070099 -0.033763 0.011335 -0.079076 -0.058716 0.278473 0.186126 0.094147 0.159965 0.159712 0.016621 0.094641 -0.206800 0.063490 0.100443 -0.180390 -0.249869 0.099902 -0.167037 0.037604 0.169387 
-0.124181 -0.022162 -0.105512 -0.056767 -0.248165 0.063240 -0.350426 -0.042258 -0.050895 -0.020221 -0.062146 -0.074263 -0.005052 0.058204 0.015372 0.064879 -0.188073 -0.055952 0.049313 -0.003838 0.149206 0.140278 0.094782 0.063099 0.041608 0.346317 0.039020 -0.261917 0.104345 -0.041334 0.012304 -0.228723 -0.147183 0.234862 -0.054034 0.154344 0.054873 0.093099 -0.012392 -0.071847 -0.307597 0.104240 0.167368 0.081141 0.095873 0.250675 -0.190481 -0.122426 -0.020728 -0.149183 
-0.127720 0.132040 -0.139482 0.075822 0.045814 0.110575 0.133685 0.090040 0.207577 0.244682 -0.011544 -0.095431 -0.029693 0.080290 0.207452 0.075983 0.140764 -0.256419 -0.125440 -0.170677 0.117290 0.185255 -0.134326 -0.134903 0.086151 0.049592 0.148401 -0.271746 0.109788 -0.022317 0.141518 0.163419 0.309893 0.060334 0.029482 -0.240144 -0.040570 0.032244 0.050656 0.179123 -0.179958 0.082359 -0.127495 0.209885 0.164644 -0.137111 0.000435 0.105248 0.018238 -0.016855 
-0.149169 0.134878 0.095013 0.188302 -0.253699 0.210207 0.017574 0.121170 -0.047229 0.044722 0.140909 0.109374 0.157729 0.092231 0.142599 -0.191264 0.089499 0.082374 -0.002153 0.187502 -0.163844 -0.203673 -0.042873 -0.031663 -0.015705 0.020559 -0.066781 -0.183935 0.024995 -0.159501 -0.048944 0.108039 -0.028085 0.266966 0.318879 0.065476 -0.283054 0.013706 -0.094830 0.002928 0.078132 -0.055800 -0.027556 -0.111169 -0.028339 -0.025638 0.047220 -0.020333 -0.407207 -0.073239 
-0.136918 -0.018599 0.121959 -0.238128 0.141577 -0.013667 0.008489 0.007855 -0.252922 0.058460 0.026808 0.021624 -0.021806 0.214926 0.067150 -0.011646 -0.037503 0.068943 -0.276057 0.223902 -0.076732 0.026187 0.047755 -0.058645 -0.265101 0.338030 0.180510 -0.074343 0.323219 0.032466 -0.186585 -0.079112 0.122300 -0.353711 0.120155 -0.089238 0.039849 -0.122018 0.008979 -0.125768 0.018448 0.137181 -0.158022 -0.101976 -0.051066 -0.041426 -0.013022 -0.014024 -0.014486 0.027577 
-0.151011 0.053993 -0.070628 -0.285741 -0.166997 -0.091880 0.144823 0.086722 0.136438 0.231551 -0.026823 -0.138281 -0.084390 0.191475 0.089628 0.040790 -0.140410 -0.089400 -0.083642 -0.164680 -0.078668 -0.196029 -0.183240 -0.035982 -0.064274 -0.320597 -0.314531 0.044721 0.010319 -0.065021 -0.085812 -0.153906 0.051703 -0.068979 -0.029633 0.040816 -0.021603 0.153498 -0.051298 -0.229331 -0.131009 -0.023438 -0.131018 -0.082254 -0.219761 0.219363 -0.238826 0.090243 -0.016053 -0.000855 
-0.171900 -0.307669 0.079889 0.109675 0.076166 -0.133094 0.129922 0.045154 -0.041817 -0.173917 0.019772 -0.065534 0.098970 0.028635 0.283236 0.012687 -0.032379 -0.068726 0.101669 -0.068110 0.247768 -0.033714 0.143365 0.053471 -0.159679 0.080132 0.007214 0.282531 -0.014302 -0.027643 0.191727 -0.098314 0.054929 0.218632 0.068460 -0.072258 0.031850 -0.117621 0.299593 -0.072503 0.096569 -0.105051 -0.272664 0.100605 0.044325 0.060045 -0.281811 -0.049098 -0.214597 0.111925 
-0.141221 -0.257923 0.184531 0.170771 0.077998 0.077973 -0.254761 0.055008 -0.210848 -0.108214 -0.020442 -0.196530 -0.120958 -0.063418 -0.047249 -0.035730 0.183701 -0.099335 -0.207374 -0.148206 -0.077890 0.048550 -0.063714 -0.023404 0.055320 -0.130066 0.164039 0.036607 -0.042217 -0.061184 0.285944 0.099249 -0.113075 -0.182738 -0.127267 0.001775 -0.177078 0.157871 -0.103589 -0.254442 -0.018054 0.057919 -0.017314 -0.119773 0.034635 0.039214 -0.037730 0.301006 -0.109021 -0.258393 
-0.144830 -0.012846 -0.134251 -0.033282 0.058407 0.193197 -0.050905 0.041064 0.095803 -0.230919 -0.161186 0.107228 0.133363 0.040563 0.158724 -0.019284 0.155643 0.089784 -0.204277 0.099012 0.162319 -0.269346 0.210151 -0.241549 -0.062538 -0.162114 0.065696 -0.008155 -0.115645 0.143406 0.011889 -0.112703 -0.083181 -0.183024 -0.082998 0.020563 0.226865 0.316097 -0.114654 0.132261 -0.117818 0.050768 0.063431 0.233198 -0.061102 0.051114 0.133310 -0.037264 -0.209984 0.170130 
-0.141393 0.018476 -0.104843 0.127370 -0.348033 -0.038501 0.127980 -0.077742 -0.043448 0.044540 0.184278 -0.016495 -0.334372 -0.140081 -0.062602 -0.035197 0.008556 -0.106302 -0.136485 -0.017283 0.198142 0.281253 0.195023 -0.022945 0.005852 -0.156263 0.029478 -0.069884 -0.147629 0.056552 -0.230149 0.018664 -0.276314 -0.212319 0.004841 -0.149893 -0.097712 -0.209794 -0.015877 0.056590 0.171129 0.146344 -0.067734 0.108023 -0.093837 0.097509 -0.047301 -0.119584 -0.171085 0.070560 
-0.140524 0.040685 0.002237 -0.191066 0.020998 0.040198 -0.088663 -0.078699 -0.299864 0.165436 0.168652 -0.010776 0.108736 -0.175629 0.267618 -0.000255 0.308885 -0.024561 -0.034858 -0.011515 -0.063290 -0.032527 0.124189 -0.182326 0.180390 -0.077911 -0.039439 -0.080759 -0.130632 0.104756 0.177227 -0.127118 -0.084762 0.080403 -0.066715 0.115376 -0.159180 -0.161416 0.100975 0.019180 -0.153703 -0.027315 -0.020748 -0.184796 -0.154055 -0.160944 -0.077827 -0.223748 0.311928 0.192558 
-0.140539 0.158151 -0.025171 -0.105523 -0.077432 0.199845 0.133185 -0.119646 -0.140484 0.077528 -0.072802 -0.098241 -0.098428 -0.081264 0.125561 0.327667 -0.071347 0.240759 0.091311 0.097811 0.197019 0.212487 0.086439 0.158425 -0.009975 0.022244 -0.176387 0.123456 -0.163501 0.107937 0.206854 -0.060464 0.065934 -0.154906 0.351530 -0.092452 0.036535 0.167250 0.011914 -0.054958 -0.041899 -0.192266 0.126629 -0.167464 0.105458 -0.083995 0.151232 0.139012 -0.051373 -0.131690 
-0.112904 -0.012826 -0.016659 -0.073206 -0.083009 -0.136872 -0.008280 0.165401 -0.072761 -0.192651 -0.041918 -0.169981 -0.076932 -0.230448 0.014053 -0.130400 -0.082754 0.022493 -0.004714 0.301271 -0.043971 0.055397 0.089922 -0.022256 -0.054692 -0.246307 0.007610 -0.064343 0.327858 -0.176097 -0.034100 -0.215195 0.056804 0.025802 -0.057258 -0.128254 -0.140205 0.089778 -0.057474 0.373805 0.044299 -0.271569 0.124856 0.015724 0.128179 -0.087839 -0.188752 0.205204 0.157858 0.029007 
-0.148547 -0.123706 0.250916 0.004879 -0.091215 -0.315621 -0.029480 0.142479 0.361738 0.173480 0.005844 -0.001077 0.073554 0.007413 -0.010789 0.080508 -0.074442 0.172245 -0.024975 -0.006944 0.031727 -0.168600 0.090729 -0.014016 0.048045 0.135286 0.131539 0.094488 -0.086881 0.088220 0.070640 0.139047 -0.234331 -0.033290 0.079951 -0.334535 -0.075707 0.101612 -0.199241 0.119679 -0.126187 0.135209 0.100922 -0.283801 0.128904 -0.070958 -0.120792 -0.133494 0.094273 0.070507 
-0.146926 -0.039293 -0.002658 0.155413 0.104896 0.135270 0.100920 -0.287927 -0.078505 -0.006356 -0.102437 -0.071447 0.010041 0.242457 -0.101245 -0.174695 -0.121724 0.203579 0.123248 -0.157722 0.141163 0.031925 0.111254 0.049364 -0.006283 -0.200291 0.155030 0.106839 0.045420 0.084017 -0.221173 -0.000857 0.060521 0.135518 -0.054595 0.098562 -0.048221 -0.197269 -0.125415 0.196513 -0.395013 0.109654 -0.039206 -0.208083 -0.122853 -0.186645 -0.068529 0.206060 -0.052660 -0.008161 
-0.139525 -0.034258 -0.239957 0.064315 -0.315395 -0.016430 -0.015759 -0.026554 -0.048559 -0.010408 -0.307537 0.189933 0.007760 -0.096451 -0.074440 -0.074403 0.033917 -0.111894 -0.122302 0.131540 -0.304773 -0.032351 -0.049797 -0.073438 0.012157 -0.024890 0.010567 0.281509 -0.040270 0.030297 -0.118102 0.090687 -0.041192 0.049856 0.121847 -0.058437 0.123790 -0.062924 0.318827 -0.233510 -0.195964 0.118949 0.070320 0.029946 0.264726 -0.227407 -0.064836 0.130492 0.081038 0.070146 
-0.134514 0.328190 0.107957 -0.009988 -0.094533 0.104534 0.015981 0.067086 -0.000595 0.028763 -0.256929 -0.124024 -0.122199 0.048903 -0.017205 0.093103 0.036916 -0.137854 -0.079429 -0.110759 -0.178983 -0.085661 0.144024 -0.005018 -0.283411 0.099214 0.122123 0.330508 -0.152690 -0.045597 0.075923 0.025161 0.090997 -0.010423 -0.133547 0.256556 -0.097275 -0.153266 -0.186933 0.247630 0.094457 -0.079242 -0.053916 0.061978 0.144277 0.055274 -0.046085 -0.263623 0.067175 -0.202256 
-0.151335 0.130763 0.029592 -0.081036 0.004982 0.179037 0.002960 0.106312 0.005411 -0.094632 -0.015509 0.423572 0.001970 0.051841 -0.041111 0.121735 -0.197959 -0.014174 0.295253 -0.048805 -0.165970 -0.018614 -0.100669 0.104766 0.109929 -0.200102 0.278670 -0.112194 0.164101 0.138361 0.278979 0.019591 -0.269952 -0.198728 0.082405 -0.012635 0.034842 -0.096925 0.108138 0.113513 -0.006903 -0.049075 -0.230798 0.054416 -0.056507 0.112651 -0.146939 0.023200 0.047889 -0.056810 
-0.130325 0.314285 0.015565 0.034233 0.093665 -0.128224 0.116660 0.123624 -0.055847 -0.051776 -0.149149 0.105498 -0.049701 0.183995 0.211339 -0.129518 -0.000928 0.116585 -0.004394 -0.070160 -0.005526 0.164769 -0.073498 0.098949 0.295252 0.122995 -0.044421 0.185623 0.159193 0.185042 -0.018399 -0.092718 -0.047859 0.022927 -0.363621 -0.065800 -0.245866 0.141817 0.158102 -0.075812 0.184868 0.110147 0.297601 0.004593 -0.080321 -0.057835 0.003228 -0.027130 -0.164743 0.019364 
-0.146027 0.235668 0.150700 0.020137 0.190516 -0.190658 -0.059094 -0.156758 0.181530 -0.174633 -0.014248 -0.128854 -0.011620 0.084692 -0.022773 0.070065 -0.174457 0.182003 -0.206276 0.132141 -0.099333 0.087601 -0.023885 -0.096715 -0.217653 -0.241606 -0.064346 -0.247115 -0.166418 -0.147503 0.198324 -0.017731 -0.083321 0.140722 -0.007258 0.019653 -0.033219 -0.176085 0.362063 -0.017595 -0.026261 0.220399 0.045200 -0.017544 0.059286 0.098502 0.198664 0.002793 0.015074 -0.000484 
-0.155097 -0.089921 0.155637 -0.142537 -0.117897 0.217948 0.023250 0.006793 0.057793 -0.116635 -0.188487 -0.218894 0.211387 0.163209 -0.306633 0.164624 0.175493 0.078290 0.158808 -0.022671 -0.068364 0.174253 0.004002 -0.077433 0.184526 0.028754 0.000609 -0.057416 -0.002653 -0.110829 -0.170210 0.059616 0.030951 -0.063603 -0.154621 -0.117521 -0.170439 -0.027643 0.089541 -0.091369 0.003181 -0.231015 -0.132902 -0.030579 0.147501 0.190101 0.124160 -0.089963 -0.042451 0.371101 
-0.137884 0.110402 -0.182984 -0.147767 0.042950 0.003343 -0.044519 0.016406 0.060687 0.109794 0.128051 0.018943 -0.033726 -0.190191 -0.194184 -0.101142 0.110503 -0.016158 -0.111105 -0.045536 0.158422 -0.236649 -0.085116 0.019614 -0.090597 0.211516 0.135715 0.092162 -0.007842 0.042545 -0.087889 0.007144 -0.131380 0.115085 -0.182179 -0.187358 0.019358 -0.045626 0.334107 0.131839 -0.100863 -0.334868 -0.058990 -0.196155 -0.142064 0.176668 0.232327 0.155773 -0.096658 -0.230221 
-0.126692 -0.087059 0.143870 -0.165875 0.264161 -0.020253 -0.150209 -0.362085 0.016091 -0.040328 -0.060325 0.204827 -0.152458 0.064817 -0.064715 -0.050414 -0.046796 -0.071447 -0.113029 -0.058075 -0.083353 0.142699 -0.058043 -0.205613 0.034548 0.111947 -0.212476 0.095507 -0.064190 0.003366 -0.128281 0.197866 -0.127115 0.106518 0.245185 -0.079179 -0.209238 0.208576 -0.013815 0.147605 -0.015241 -0.234144 0.011757 0.293830 -0.129747 -0.031024 -0.171211 -0.044632 0.029063 -0.062330 
-0.134132 -0.155292 -0.271752 0.004471 -0.011625 -0.242174 0.076458 -0.137254 -0.151094 -0.024307 -0.079561 -0.084500 0.124909 0.163555 -0.207339 -0.088020 -0.004323 -0.036720 0.098377 -0.141692 -0.227083 -0.030195 -0.034207 -0.220346 0.116864 0.009073 -0.049082 -0.096918 -0.054156 0.181839 0.171606 -0.386147 0.066343 0.038077 0.120414 -0.234982 0.051095 -0.060251 -0.160682 0.101698 0.200120 0.026285 -0.056957 -0.026149 0.074839 -0.021064 0.177396 -0.141263 -0.103597 -0.257522 
-0.152179 -0.008739 -0.081795 0.038766 0.135640 0.182748 -0.129927 0.087313 -0.022837 0.059331 0.035698 0.048012 0.308148 -0.199145 0.010948 0.199502 -0.108535 0.044413 -0.088028 -0.347476 -0.006570 -0.039149 0.192208 0.074140 0.062336 -0.082283 -0.173323 0.191325 0.262994 -0.405298 -0.153278 -0.060386 -0.076323 -0.037236 0.098800 -0.166246 -0.031665 -0.086316 0.014056 0.026714 0.090289 0.234291 0.073429 0.095989 -0.076553 -0.029281 0.151253 -0.058838 0.085711 -0.118133 
-0.135550 0.088928 -0.045238 0.032834 0.308117 -0.156659 -0.043165 0.178208 0.043337 0.021809 -0.225182 0.165286 -0.337641 -0.102692 -0.105986 -0.003338 0.172369 -0.045605 0.310585 -0.035015 0.226640 -0.222136 0.155901 -0.121903 -0.033648 0.013929 -0.204227 -0.201253 0.073397 -0.069479 -0.066114 -0.046076 -0.019259 -0.083371 0.070223 0.075841 -0.147213 -0.207719 -0.094057 -0.265509 -0.099757 -0.039581 0.012495 -0.006753 0.207877 -0.086616 0.035716 -0.004750 -0.075762 0.009086 
-0.160019 0.030453 -0.118110 0.061051 0.166741 0.133756 0.245270 0.005661 0.189269 -0.256652 0.335566 -0.260200 -0.086177 -0.140901 -0.177116 -0.017940 -0.070776 0.023060 -0.213573 0.010161 -0.080218 -0.082788 -0.194930 -0.000581 0.251039 0.138255 -0.102465 0.123888 0.203937 0.093247 0.112333 -0.004950 -0.077318 -0.102584 0.121109 0.242298 0.073212 -0.114677 -0.061556 -0.035588 -0.165728 -0.046506 0.076446 0.008031 0.124532 -0.063981 -0.116443 -0.198423 -0.090899 0.075513 
-0.153071 -0.274095 0.081353 -0.092416 0.088977 0.096154 0.077993 0.040192 0.181733 -0.027171 0.123643 0.193613 0.004946 -0.101981 -0.054888 0.143283 0.147159 -0.150685 0.116742 -0.072371 -0.185867 0.121945 -0.061099 0.143540 -0.215535 -0.062170 0.077366 -0.144998 -0.189543 -0.002981 -0.173020 -0.182229 0.251104 -0.109208 -0.058239 0.079148 -0.020210 0.061767 0.190781 0.108479 -0.020089 0.056385 0.382430 -0.156713 -0.040527 -0.123960 -0.154134 -0.134599 -0.214419 -0.106051 
-0.142207 -0.072189 -0.164240 0.012314 -0.141307 -0.313227 -0.007643 -0.053035 0.068864 0.020755 0.290835 0.274775 0.001035 0.117407 -0.017430 0.211963 0.198446 0.205213 -0.042135 -0.055435 -0.211691 0.123343 0.177546 0.091778 -0.086258 0.120200 -0.072385 0.085517 0.074917 -0.071091 0.188076 0.041285 0.103610 -0.000154 -0.138534 0.168141 -0.055896 -0.119245 -0.204953 0.021424 -0.131360 -0.108563 0.031490 0.193975 -0.029732 0.092577 0.126254 0.314622 -0.045860 0.146843 
