-0.152517 -0.088421 0.204834 -0.172484 -0.177114 0.025104 -0.049370 -0.003668 0.177013 0.095829 0.057553 0.045794 0.186510 0.069590 0.312591 0.023664 -0.076391 -0.072204 0.015350 0.169889 -0.074476 0.010576 -0.247497 -0.278053 0.396098 -0.036443 0.142215 -0.106614 -0.063171 0.020697 -0.071410 0.201420 0.161388 -0.013681 -0.054297 0.107215 -0.058705 -0.105411 -0.104813 0.023677 0.219754 -0.091805 0.081741 0.014300 0.181886 -0.090053 -0.156103 -0.049836 0.213343 -0.103505 
-0.151802 0.215213 -0.178959 0.026325 -0.195576 -0.135451 -0.088434 -0.073305 0.222706 0.103248 0.228323 0.034012 -0.018268 -0.076584 -0.151252 0.052954 0.078107 -0.092655 -0.128260 0.024463 0.105476 0.098218 0.031358 0.113085 0.015040 -0.049460 0.225606 -0.126045 0.046808 0.001809 0.084425 -0.182197 -0.253549 0.128984 -0.079604 -0.132205 -0.050087 -0.212205 -0.198326 0.178972 0.024854 0.090244 -0.277053 0.241309 0.118077 -0.221327 0.020579 0.183907 0.162396 0.116231 
-0.139577 -0.240720 -0.161697 -0.231561 -0.018523 0.015351 0.221422 -0.036152 -0.009668 0.229696 -0.272530 0.025875 0.010058 0.074130 -0.144547 -0.117049 0.165913 -0.015392 0.003736 0.195788 -0.122612 0.105891 -0.028593 0.018937 -0.046019 0.144090 -0.158875 0.045051 0.027084 -0.014660 0.135925 0.099197 0.088625 0.000250 0.057752 0.123525 0.015800 -0.247901 -0.068867 0.218202 -0.085794 0.249953 -0.058098 -0.151126 -0.151672 -0.380402 0.148655 -0.124329 -0.046529 -0.083467 
-0.147811 -0.084524 -0.099995 0.158649 -0.113024 0.179483 0.036629 0.209542 -0.063754 0.257106 0.277591 0.166833 -0.035276 0.127099 0.044071 -0.013086 -0.098771 0.176471 -0.187744 -0.052837 -0.046171 0.037319 0.200030 -0.041878 -0.026045 -0.187210 0.146501 0.022772 -0.040593 -0.204209 -0.027963 0.127401 0.175770 -0.073298 0.149761 -0.052580 0.387157 0.093032 -0.016436 -0.063440 0.105640 0.141969 0.005867 0.063563 0.154321 -0.007986 0.321616 -0.101989 -0.098937 0.039205 
-0.149179 0.341391 0.064769 -0.027841 -0.065249 0.203309 0.247390 0.009571 0.126061 -0.009229 0.112821 -0.138427 0.114656 0.114698 0.041971 0.027923 -0.019659 -0.017729 0.064783 0.027631 -0.192188 -0.031662 0.040303 0.115976 0.125494 0.034033 -0.078208 0.195986 -0.035519 0.036044 0.052123 -0.236888 0.142397 -0.204931 0.012786 -0.262221 0.062021 0.147749 0.228363 0.017074 0.132847 0.005425 -0.000931 0.050417 -0.270021 -0.265777 -0.243275 -0.101999 -0.032449 0.217733 
-0.156910 -0.036647 -0.094448 0.074217 -0.054368 -0.060534 -0.077995 0.082554 -0.331050 0.134572 -0.198606 -0.043220 -0.182155 0.105278 -0.100173 0.010804 0.139545 -0.002425 -0.032065 -0.078913 0.006863 -0.141353 -0.371431 -0.149901 0.105382 0.166644 0.097052 0.145380 -0.177663 -0.148203 0.107882 0.049049 0.022600 0.126869 -0.146875 -0.297453 0.071291 0.006312 -0.083764 -0.099562 0.031221 0.063776 -0.166934 -0.102797 -0.004685 0.193067 -0.150281 -0.050899 0.091991 0.330670 
-0.156864 -0.102069 0.001172 -0.004146 -0.080434 0.012100 0.013323 0.004732 0.034547 -0.345813 -0.160145 0.078102 0.148407 -0.090189 0.058566 0.223926 0.125440 -0.190000 -0.145581 -0.014987 0.022804 -0.115166 0.083918 -0.231365 0.018686 0.091816 -0.071101 0.321725 0.351622 -0.244230 -0.194837 -0.005598 0.003984 -0.072716 -0.236509 -0.040390 0.117974 0.056703 0.070336 0.064629 -0.096084 0.104042 0.093281 0.088530 0.094024 -0.086294 0.165823 0.245016 0.027554 0.073158 
-0.154541 -0.032527 0.315800 0.270202 -0.092681 -0.207839 0.144559 0.042252 -0.078658 0.084807 -0.070506 -0.158746 0.166364 0.129512 -0.122736 -0.161950 -0.017321 0.056573 0.163680 0.182123 0.116387 -0.109049 0.125341 -0.064018 -0.003656 0.155922 0.099159 -0.112981 0.121829 -0.133731 0.045965 -0.036374 -0.123552 -0.189889 0.095156 -0.194488 -0.295760 0.074508 0.060478 0.010020 0.249994 0.150810 -0.057801 -0.026978 -0.036998 0.133545 0.230467 0.099336 0.040095 -0.196666 
-0.142407 0.109581 -0.090130 0.020306 -0.073737 -0.022792 0.050977 0.237993 0.015285 0.259197 -0.257066 0.196678 -0.092516 -0.167678 -0.126847 0.052185 -0.108039 -0.248954 0.067906 -0.009384 0.028281 0.149029 0.111006 -0.130007 0.045972 0.107447 0.044119 -0.002299 0.005995 -0.073437 -0.338069 -0.284668 0.088902 -0.129137 0.231428 0.229454 -0.037151 -0.011822 0.130428 0.058174 -0.022894 -0.159836 -0.221221 -0.029718 0.098398 0.168808 -0.202659 -0.020090 -0.101772 -0.027448 
-0.125381 0.089319 0.035043 0.003098 -0.062925 -0.021542 0.119365 -0.067933 0.291968 0.090535 0.137858 -0.136341 -0.045027 -0.122245 -0.001994 0.128823 -0.292739 0.245039 -0.165426 0.074574 0.037655 -0.245221 -0.084082 -0.055900 -0.165089 0.119553 -0.069211 0.055672 -0.290457 -0.287960 -0.173950 0.143297 0.043411 0.144471 0.044011 0.076511 -0.103550 0.039326 0.014581 0.161486 -0.310251 0.036541 -0.022164 -0.122244 -0.217488 0.099567 -0.012203 0.123208 0.113216 -0.041812 
-0.147963 0.213864 -0.068332 -0.140691 0.088711 -0.045872 0.236788 -0.073896 -0.041279 -0.101609 -0.232726 -0.044135 -0.151348 0.099905 0.002269 0.038415 -0.144313 0.081728 -0.261468 0.240079 -0.232653 0.174929 -0.017357 -0.021021 0.043312 -0.185596 0.142760 0.126244 -0.015999 0.165155 0.003220 0.063259 -0.084546 -0.093193 -0.000645 -0.003064 -0.236377 0.057683 -0.232241 0.115190 0.007674 -0.096020 0.157980 0.172526 0.063015 0.278530 0.210830 -0.017148 -0.178256 0.162527 
-0.153501 0.038496 -0.151550 0.265285 -0.044952 -0.108892 -0.012573 -0.116427 -0.120792 -0.161812 0.084847 -0.207155 0.023589 0.052359 0.061798 -0.111919 0.059498 -0.216854 0.130405 -0.222809 -0.118194 -0.208612 -0.157362 0.137018 0.222883 -0.083850 0.066391 0.052188 -0.034552 0.026933 0.041474 0.101320 0.074171 0.032360 0.286086 0.205569 0.095323 -0.134806 0.142516 0.391040 -0.021456 -0.221548 -0.005863 -0.046762 -0.023948 0.026752 0.208152 0.104731 -0.093199 0.018347 
-0.139023 -0.011819 0.084960 0.152442 0.201273 -0.000981 0.144297 0.131385 0.301273 0.046620 -0.181916 -0.123774 0.049635 -0.083505 0.215714 0.210104 0.002123 -0.031524 -0.161444 -0.033852 0.032627 -0.029406 -0.101038 0.064360 0.076796 0.027316 -0.014213 -0.189592 0.095582 0.152732 0.029734 0.084584 -0.351905 0.105717 0.034394 0.074936 0.170531 0.045493 0.042967 -0.252121 0.105113 -0.041190 -0.213940 -0.329151 -0.008233 -0.094934 0.144640 -0.026976 -0.191300 0.172280 
-0.131425 -0.017181 -0.005332 -0.050402 0.055857 -0.115213 -0.030878 -0.129194 0.064394 -0.237257 0.027119 0.374386 -0.070287 0.064611 -0.076716 0.017932 0.080566 0.116199 0.045455 0.093911 0.226888 -0.044258 0.013418 0.114905 0.208785 -0.136037 0.040134 0.236370 -0.149603 -0.342976 0.120324 -0.082901 -0.058723 0.143374 0.031605 0.164141 -0.234105 0.093652 0.109069 -0.173728 0.113894 -0.179172 -0.121458 -0.033376 -0.049169 -0.149856 0.106917 -0.295078 -0.085872 -0.035146 
-0.148589 -0.016902 -0.087052 0.287591 -0.086812 0.089953 -0.105091 -0.003684 -0.002618 0.062165 -0.030975 -0.077169 -0.005461 0.294773 0.137158 -0.028914 0.066153 -0.188730 -0.236626 0.215022 0.346192 0.187299 0.173828 0.278654 0.042352 0.181763 -0.150498 0.092560 -0.120974 0.037742 -0.048300 -0.025328 -0.103248 0.002152 -0.148266 0.146309 0.105580 -0.029075 -0.068091 0.056312 0.016654 -0.058561 0.298567 -0.053420 -0.102895 0.146730 -0.121704 -0.090785 0.164007 -0.039817 
-0.132200 0.115950 0.177008 0.057243 0.282365 0.001883 0.192856 0.005826 -0.047311 -0.012719 0.041448 -0.000468 0.043120 0.024006 -0.060569 0.310874 0.350431 0.060815 0.171348 -0.172885 0.021683 0.181328 0.359492 -0.157835 0.235129 -0.138086 -0.075052 -0.097485 -0.226593 0.016700 0.054991 0.061981 0.157049 0.047410 -0.132888 -0.023480 0.046479 -0.073664 -0.184718 0.102707 -0.148465 0.006396 -0.117705 -0.071134 -0.074900 0.140675 0.004167 0.074130 0.103744 -0.096791 
-0.143055 -0.051714 -0.162165 -0.113006 0.026171 0.061530 -0.003377 -0.194340 -0.133961 0.291123 -0.104187 -0.186761 0.038419 -0.427692 -0.010443 -0.160013 -0.115311 -0.137783 -0.095943 -0.234435 -0.084224 -0.112437 0.172477 0.120047 0.191570 -0.132309 -0.125714 -0.059142 -0.096749 -0.120562 0.013679 0.049541 -0.101452 -0.070410 -0.357168 0.034671 -0.082724 0.202432 0.045368 -0.073007 0.166879 -0.040001 0.026958 0.093193 -0.041350 -0.002909 0.097727 -0.064369 0.091072 -0.121726 
-0.149649 0.054500 0.116672 -0.080909 -0.134472 -0.264883 -0.095836 -0.075647 -0.244570 0.052193 0.125996 -0.140571 -0.040321 0.006503 0.333702 -0.031342 0.151589 -0.098775 -0.024961 0.113259 -0.307755 0.080043 0.133644 0.078078 -0.152367 0.011654 -0.034958 0.042474 -0.079327 -0.066176 0.011049 -0.261293 0.090138 0.143869 0.117011 0.145406 -0.087445 0.215872 -0.130537 -0.264537 -0.170244 0.041803 -0.012161 -0.221108 0.165994 -0.142302 0.033282 0.162034 0.034984 0.036750 
-0.139654 -0.203841 -0.179981 -0.037134 0.025860 -0.137653 -0.137475 -0.178152 0.082396 -0.131606 -0.175717 -0.136495 -0.159608 0.160085 -0.031792 0.152762 -0.099717 0.220588 -0.168360 -0.159104 -0.107154 0.205940 0.114185 -0.169672 -0.034200 0.080544 -0.143551 -0.074996 -0.181647 0.037015 -0.010822 -0.113661 -0.012224 0.022044 0.197292 -0.285563 0.057442 -0.083217 0.274790 -0.029730 0.220186 -0.194052 0.050170 0.017058 0.113229 -0.121809 -0.020991 0.129214 0.126554 -0.197738 
-0.143016 -0.082986 -0.118758 -0.004944 0.319365 -0.159038 -0.073196 0.226024 0.105207 0.080342 -0.110421 -0.120751 0.084473 -0.101298 0.215081 0.214084 -0.123207 0.001936 0.282118 -0.057764 0.056379 0.004805 -0.049606 0.049558 -0.276237 0.089676 0.203909 0.094995 0.085067 -0.069918 0.226296 -0.149637 0.155045 0.030003 0.042519 0.047265 0.028715 0.061516 -0.147723 0.076714 0.063257 -0.093582 0.150724 0.244844 -0.094041 -0.022873 0.109600 -0.208464 0.266039 0.042101 
-0.134890 0.072478 -0.005126 -0.245800 0.251557 0.210398 -0.200563 -0.052334 -0.099707 -0.120751 -0.009452 0.011616 -0.017910 0.243890 0.048618 -0.022095 -0.053434 -0.031089 -0.109180 -0.063445 -0.204051 -0.065031 0.119807 0.152494 -0.012207 -0.033836 0.177220 -0.067346 0.268275 -0.132929 -0.151639 0.065206 -0.069407 0.126652 0.132350 0.138850 -0.019125 -0.101246 0.067231 -0.021223 0.176256 0.274612 -0.224559 -0.043604 -0.256150 0.209608 -0.127372 0.024067 0.239631 -0.070758 
-0.126494 0.272779 0.080028 0.164121 -0.033661 -0.038460 0.041823 0.082821 -0.054679 -0.122431 -0.048883 0.190294 -0.118195 -0.260059 0.139197 0.033150 -0.037448 -0.276317 0.052146 0.040879 -0.131288 0.205694 -0.156918 0.118204 -0.195549 -0.115589 -0.097560 -0.108406 -0.068504 -0.232303 0.036142 0.216840 0.026437 0.087470 0.005382 -0.269229 -0.009695 -0.348789 0.103483 -0.133607 0.059012 0.112072 0.198957 0.007110 -0.077958 0.007771 -0.010464 -0.052168 -0.073413 -0.212200 
-0.144264 -0.097894 -0.190656 -0.016525 -0.258428 0.243340 0.057075 0.160948 -0.000293 -0.079870 -0.159600 0.048669 0.179264 0.009505 0.001590 -0.002440 -0.182194 0.044201 0.098311 -0.006916 0.052880 -0.041765 -0.074496 0.023097 0.244718 -0.172071 0.025594 0.015945 0.015086 0.151474 0.244414 -0.256804 -0.028658 0.195143 0.122094 -0.081641 0.016113 0.006033 -0.085243 -0.272254 -0.292986 0.072571 0.048727 0.040478 -0.182184 0.134275 0.043397 0.225862 0.016577 -0.273763 
-0.115193 -0.033278 0.148458 0.066775 0.107917 0.280286 0.167649 0.045754 -0.200573 0.147034 -0.026115 0.087727 -0.258878 -0.155185 0.018476 -0.056856 0.043824 0.070182 0.025382 0.063289 0.198852 -0.006885 0.041261 -0.013869 -0.015354 -0.163751 0.062804 0.057432 0.183776 0.166118 -0.048414 0.089399 -0.052851 0.327385 0.162440 -0.086622 -0.188496 0.126503 0.222153 0.164368 -0.025245 -0.088846 0.197390 -0.067165 0.126573 -0.225461 -0.050134 0.140337 0.290031 0.133748 
-0.130739 0.243297 -0.100152 -0.065966 0.235432 -0.087400 0.046361 0.058688 -0.142593 -0.042236 -0.054555 -0.065689 -0.071799 0.204404 0.131455 -0.124748 -0.177776 0.116971 -0.030528 -0.163208 0.274376 0.088136 -0.170843 0.076942 0.060308 0.001654 0.168629 -0.084527 0.108405 -0.117170 0.009854 0.051855 0.024695 -0.248711 -0.179932 -0.033977 0.032544 0.134856 0.002053 0.075354 -0.268263 0.067684 -0.043193 -0.119445 0.223639 -0.260239 -0.160000 0.075597 -0.129315 -0.305951 
-0.124005 -0.170605 0.196131 0.117323 0.177079 0.192454 -0.117646 -0.078183 0.187372 -0.082640 0.006011 0.024088 0.002218 -0.098636 -0.326167 -0.020826 -0.064958 -0.166564 0.052049 -0.054985 -0.162108 0.114280 -0.108766 0.321204 0.050019 0.155968 0.052675 0.270894 -0.134333 0.073552 -0.092070 0.167535 0.020581 -0.160845 0.198306 -0.129110 -0.003562 0.171185 -0.285138 -0.111395 -0.080795 0.032042 -0.064967 -0.021228 0.227981 -0.065976 -0.009838 0.049915 0.118986 -0.100935 
-0.140196 0.096335 0.028054 -0.041638 0.105094 0.046301 -0.063919 0.040804 0.091947 -0.090837 -0.266215 0.014139 -0.040341 0.118880 -0.095397 -0.194176 -0.043207 0.058671 0.264312 0.310403 -0.093860 -0.367500 0.224930 0.154517 -0.007228 0.041565 -0.060127 -0.283507 -0.135476 -0.075256 -0.075271 0.035640 0.070083 0.173268 -0.143680 -0.008756 0.255869 -0.066527 0.008482 -0.064206 -0.060000 -0.118870 0.037742 0.203377 0.257407 -0.055798 -0.026636 0.106539 -0.066760 0.128595 
-0.151394 0.011970 0.124321 0.105056 0.114387 -0.141762 0.041866 0.066243 -0.041315 0.001095 0.119776 0.172073 0.182007 0.045496 -0.171479 -0.181945 0.108353 -0.023055 -0.259000 0.001633 -0.291765 0.026460 -0.114587 -0.149219 -0.009807 0.124410 0.050439 -0.156164 0.060132 0.109824 0.031882 -0.043985 -0.172001 0.050500 -0.074810 0.020765 0.106121 0.100914 0.261517 -0.027716 -0.385435 -0.168959 0.027590 0.189021 -0.055340 0.020628 0.035472 -0.311642 0.222179 -0.111562 
-0.126310 0.012157 0.194220 0.103475 -0.218498 -0.121831 -0.198498 -0.129456 -0.074927 0.081132 -0.129119 0.221919 -0.316492 -0.008907 0.125838 0.142119 -0.047820 0.045970 0.078979 -0.007935 -0.058714 -0.187739 0.137700 -0.060312 -0.089447 0.027965 0.138319 0.126498 0.030942 0.318576 0.009248 0.172926 -0.093693 -0.067642 -0.083294 0.015234 0.171725 0.144065 -0.123079 0.080838 0.011805 -0.060607 -0.124210 0.127752 -0.344175 -0.154324 -0.088540 0.002468 -0.144236 -0.234624 
-0.135787 0.098344 -0.162115 0.274246 0.006437 0.000657 0.014693 -0.340722 0.078590 0.048179 -0.079846 0.161407 -0.002211 0.033960 -0.238758 0.096214 0.105610 0.124638 0.067933 -0.097622 -0.072189 -0.122328 -0.163625 -0.111641 -0.088269 -0.164470 0.067569 -0.254316 0.114741 -0.023544 -0.098111 -0.143601 0.063874 -0.202298 0.023840 0.214314 -0.005372 0.037496 -0.163059 -0.177434 0.072709 0.120499 0.387662 -0.177862 -0.072534 -0.082546 -0.095578 0.031395 0.105230 0.106800 
-0.140228 -0.154407 -0.022096 -0.074954 -0.106612 -0.155959 0.162583 0.126382 0.078704 -0.215627 0.087806 -0.100617 -0.385962 -0.035406 0.026023 -0.002576 0.151909 -0.013220 0.026387 0.051094 0.160460 0.032597 -0.234796 0.154774 0.055987 -0.112260 -0.244767 -0.235057 0.021593 0.146602 -0.186279 0.002792 0.213767 -0.139516 0.006704 0.088240 0.027666 0.207959 0.076879 -0.086244 0.020313 0.220999 -0.161607 0.265039 -0.073618 0.083976 0.094951 -0.039294 0.177527 0.018249 
-0.144870 -0.055495 -0.061975 -0.061068 -0.049048 0.158548 -0.078203 0.135158 -0.301053 -0.291983 0.030417 -0.158079 0.181104 -0.188509 0.040670 -0.039953 0.036353 0.142612 0.117287 0.104400 0.096225 0.013195 0.006371 -0.113229 -0.130721 -0.111072 0.133772 -0.034861 -0.308544 0.078325 -0.381955 -0.060022 -0.312250 -0.203112 0.055269 -0.023205 0.037228 -0.146003 -0.117053 0.017124 -0.019254 -0.016773 -0.034092 -0.066275 -0.097967 -0.184200 0.049996 -0.192162 0.056961 0.060240 
-0.132929 0.108466 0.279477 0.008151 0.065806 0.103650 -0.257909 -0.183037 -0.044492 0.117638 -0.109587 -0.033327 -0.007707 -0.179529 0.131291 -0.064269 0.025556 0.230188 -0.139702 0.043639 0.163862 -0.046921 -0.038081 -0.014028 0.026776 -0.085551 -0.240037 0.106921 0.091661 -0.009757 0.272120 -0.075884 0.043676 -0.360270 0.190024 0.100243 0.059101 -0.340278 0.073777 -0.085437 -0.173281 0.001732 -0.127996 0.148525 0.090552 0.092045 0.026278 0.008529 0.076658 0.147931 
-0.136829 0.076597 -0.248524 0.017960 0.073531 -0.088988 -0.309429 0.163231 -0.022349 0.104188 0.066106 0.110030 0.268193 -0.089743 -0.005596 0.032082 0.188423 0.211126 -0.094262 0.182511 -0.017208 -0.061614 -0.062050 0.148847 0.020159 -0.067940 -0.272466 -0.054439 0.253235 0.091462 -0.178413 0.137304 0.224929 0.014725 0.037497 -0.276771 -0.170794 0.112717 -0.130938 0.081724 0.038416 -0.255371 -0.079978 -0.129407 -0.102492 0.031583 -0.004913 0.033126 -0.100059 -0.063061 
-0.155577 -0.011480 0.131145 -0.108211 -0.096282 0.004109 0.032475 -0.382570 -0.149314 0.011085 -0.049225 -0.088899 0.304792 -0.070587 -0.118665 0.290213 -0.036346 -0.038975 -0.026241 0.094551 0.196888 0.017946 -0.115143 0.121714 -0.176925 -0.089121 0.070578 -0.053955 0.007248 0.129547 -0.015295 -0.078023 0.145007 0.251637 0.030579 -0.048095 0.188604 0.132773 0.143414 0.150817 0.043396 0.175255 -0.060217 0.015581 0.219168 0.157148 -0.083617 -0.250576 -0.195152 -0.100155 
-0.153117 -0.018345 0.148085 -0.267888 -0.281735 -0.151098 0.123111 0.168466 0.067971 0.125195 0.004739 -0.119831 0.008389 0.258049 -0.141849 0.085336 0.051300 0.003914 0.109423 -0.346066 0.014192 -0.131475 0.052111 0.144658 -0.150430 -0.243616 -0.191985 0.119450 0.180409 -0.074319 -0.074489 0.146128 -0.251360 -0.017637 0.063448 -0.025666 -0.022907 -0.137410 -0.114048 -0.076341 -0.070957 -0.187452 0.140438 -0.009610 0.132166 0.053741 -0.133792 -0.167880 0.039849 0.004779 
-0.126345 0.070337 0.011885 -0.196426 0.008614 -0.346766 0.155433 -0.117351 -0.067318 -0.049650 0.107579 0.021243 0.113669 -0.200239 -0.132257 -0.257882 -0.136233 0.122234 0.041460 -0.047514 0.206658 0.224491 0.105739 0.020944 0.122305 0.224182 0.133904 0.107787 0.126376 0.103677 -0.090084 0.188433 0.118604 0.106343 0.081388 0.030412 0.282308 -0.108598 -0.031158 -0.251343 0.073185 -0.079301 0.125650 -0.030655 -0.202730 0.036426 -0.030556 0.160678 0.011418 0.180374 
-0.131095 -0.018942 -0.272088 0.087497 0.090911 0.005707 0.270036 -0.148024 0.055858 -0.099016 0.035004 0.193217 0.145434 0.010668 0.292018 -0.223954 0.068499 -0.121239 -0.065374 -0.158687 0.111290 -0.237237 0.169739 -0.193925 -0.185035 0.120051 -0.133808 0.027963 -0.096527 0.150786 0.064086 0.158315 -0.021549 0.009154 0.232991 -0.076261 -0.172165 0.034155 -0.154421 -0.077864 0.025663 0.134099 -0.126387 0.166111 0.152171 0.057497 -0.240869 -0.089553 -0.027815 0.011147 
-0.137477 -0.142682 0.038016 -0.243431 0.169452 -0.010727 -0.076511 -0.012292 0.096552 0.189168 0.186534 0.119079 -0.132891 -0.046450 0.147120 0.061038 0.242905 0.022590 0.022636 -0.104283 0.028335 -0.194986 -0.027047 0.136967 0.179174 0.242930 0.173894 -0.019683 -0.096050 0.091205 -0.175150 -0.215677 -0.101555 -0.055539 0.034256 -0.182988 -0.104796 -0.157461 0.120589 0.018495 -0.088635 0.173661 0.351346 0.044783 0.002389 0.127520 0.093451 0.020592 -0.302691 -0.031800 
-0.154870 0.037737 0.222914 0.103784 0.036753 0.015092 -0.245081 0.248710 0.078964 -0.152149 -0.024778 -0.247196 -0.070367 -0.083581 -0.183292 -0.211868 -0.027321 0.031488 -0.222628 -0.196121 0.035959 0.021258 0.049166 -0.225685 0.076677 -0.005222 -0.103975 -0.026543 0.031383 -0.007894 0.036541 -0.118818 0.130223 0.294183 0.048750 0.125850 -0.105455 0.025669 -0.207319 0.092382 0.106931 0.197820 0.156870 0.105911 -0.054513 -0.148285 -0.131861 -0.146487 -0.308399 0.000669 
-0.145244 -0.286752 -0.178223 0.073093 -0.037512 -0.089237 -0.163819 0.014363 0.131991 -0.056152 0.102918 -0.216267 -0.068398 -0.075839 -0.079185 0.071844 -0.018412 -0.105928 0.083916 0.211305 -0.038969 0.076598 0.264592 -0.062968 0.034919 -0.187836 0.255892 -0.046536 0.090188 -0.017785 0.194894 0.267498 0.040738 -0.157762 -0.029086 -0.043239 -0.161867 -0.004601 0.253318 -0.082158 -0.257271 0.083939 0.019699 -0.096429 -0.015573 0.049260 -0.292761 -0.088885 -0.135949 0.180339 
-0.140005 -0.059167 0.146396 -0.303205 -0.046066 0.095906 -0.146253 0.030738 -0.062624 -0.072816 0.006455 0.244315 0.095227 0.088643 -0.054450 0.021693 -0.097712 -0.282421 -0.061072 -0.113118 0.156891 0.078218 -0.012131 -0.038064 -0.136917 0.049591 -0.078183 -0.377834 -0.165493 -0.095335 0.253125 0.070595 -0.032822 -0.159044 0.122074 -0.043390 -0.025678 0.263687 -0.032280 0.170473 -0.013488 -0.124319 0.080548 -0.058193 -0.179931 -0.013832 0.091707 0.203109 -0.060419 0.268228 
-0.158583 0.295912 -0.133955 -0.081486 0.100282 0.105711 -0.218220 -0.006352 0.010254 0.138898 0.190368 -0.099384 -0.016894 0.212560 -0.173521 0.079240 -0.097619 -0.213284 0.213373 0.034199 0.113160 0.000215 -0.068104 -0.298063 -0.117025 0.057229 -0.155274 0.170037 -0.065524 0.276629 -0.039872 0.141680 0.015527 0.054874 -0.115130 0.123492 -0.140083 -0.035292 0.187659 -0.253468 0.012496 0.068514 -0.021760 0.014691 0.046612 -0.048483 0.318080 0.029775 -0.022333 -0.035435 
-0.124232 -0.059930 0.037529 0.135593 -0.242164 0.252249 0.025419 -0.003437 -0.017886 -0.023079 -0.111057 0.013833 0.138763 0.056151 0.096946 0.027830 0.119096 0.283784 0.054543 -0.287450 -0.080777 0.243132 -0.037542 0.204610 -0.163321 0.253190 0.158518 -0.094247 -0.017086 0.010901 -0.059467 0.145799 0.157710 0.059230 -0.221373 0.193238 -0.311130 -0.073634 0.137488 -0.100295 -0.025804 -0.101690 -0.102384 0.202437 0.012223 -0.025568 0.040424 0.086461 -0.132563 0.131134 
-0.128861 -0.184783 0.026709 0.123434 0.124519 -0.051418 -0.086899 -0.162914 0.111117 0.126255 0.054152 0.113315 0.065150 0.102173 0.170637 -0.220492 -0.135593 0.106026 0.367153 -0.008537 -0.102422 0.344116 -0.145616 -0.093658 0.012674 -0.190647 -0.260992 0.101907 0.038755 -0.111021 -0.150224 -0.079890 -0.282205 0.112990 -0.101989 -0.038544 0.085023 0.119400 0.009654 0.186018 -0.046136 0.138213 -0.053652 0.091100 -0.055767 0.108264 -0.073382 0.091026 -0.133078 0.155943 
-0.141424 -0.078717 0.075741 -0.095056 0.016466 0.166080 0.051930 -0.076983 0.302145 -0.022462 0.006482 -0.078313 -0.102790 -0.006643 0.023023 -0.391802 0.251570 -0.099750 -0.055740 -0.001329 0.084740 0.007462 -0.070376 -0.118126 -0.344034 -0.209809 0.226711 0.104121 0.001201 0.022180 0.017295 -0.173881 0.184089 -0.018469 -0.203417 -0.098998 0.106745 -0.047141 -0.011352 -0.001238 0.073727 -0.269218 -0.107971 -0.220675 -0.073567 0.166121 0.058658 0.071505 -0.031908 -0.147625 
-0.138358 -0.103396 -0.068281 -0.025963 0.097536 0.238520 0.183056 -0.039765 -0.190385 0.007227 0.333014 -0.165756 -0.137458 -0.072871 -0.097792 0.159870 0.108131 0.027553 0.045462 0.220070 -0.048009 0.014902 -0.142103 -0.105783 -0.046461 0.201745 -0.092999 -0.058263 0.168490 -0.221662 0.158752 0.002780 -0.185410 -0.013019 0.053330 0.157032 0.097799 0.009654 -0.136412 -0.084286 0.131718 -0.272759 -0.006546 0.200196 -0.006867 0.028613 -0.203386 0.145922 -0.213258 -0.191175 
-0.152220 0.183495 -0.106526 -0.087747 -0.233611 0.123344 -0.063227 0.040114 0.098638 -0.224472 0.097194 0.096550 -0.176567 -0.197230 0.026953 -0.058444 -0.035594 0.212090 0.212675 -0.040648 -0.115597 0.052288 0.097331 -0.026785 0.046314 0.304245 -0.097709 -0.040496 0.142882 0.075992 0.229982 -0.020257 -0.103724 -0.023900 -0.086585 0.024635 0.062807 0.092280 -0.017573 0.213447 0.059066 0.078269 0.041572 -0.352776 0.230692 0.221440 0.075816 -0.229311 0.126247 -0.026918 
-0.136056 -0.077839 0.012947 -0.005857 0.100424 -0.185495 0.048179 0.327540 -0.058740 -0.037374 0.077951 0.188305 0.157532 -0.068697 -0.122390 0.025484 -0.002770 0.128688 -0.106412 0.033835 -0.108076 -0.103724 -0.072792 0.129532 -0.147490 -0.143066 -0.035321 0.199336 -0.243132 0.196092 0.192862 -0.021900 -0.062657 -0.096529 -0.180626 0.265585 0.022249 -0.047259 0.194615 0.099430 0.267049 0.160659 0.040542 -0.068443 0.112886 0.053988 -0.213286 0.321812 0.017404 -0.047149 
-0.139362 -0.279832 0.100483 0.122603 0.095384 -0.012046 0.138202 -0.055482 -0.180773 -0.085712 0.231307 0.129042 -0.092374 0.075246 -0.012883 0.073608 -0.469135 -0.098814 -0.049754 -0.038321 -0.036184 -0.119863 0.059790 0.062532 -0.005374 0.022542 -0.127085 -0.081963 0.136093 0.138338 -0.047694 -0.240732 0.193722 -0.007233 -0.264555 -0.083834 -0.137391 -0.317488 -0.136692 -0.000551 -0.027193 -0.118737 -0.121885 -0.162974 0.004108 -0.045821 0.045643 -0.098186 -0.017495 0.118977 
