-0.141795 0.074386 -0.307829 0.019956 -0.025107 -0.003594 -0.061997 0.055866 -0.041515 0.077971 -0.004881 0.228432 0.134538 0.043002 -0.119153 -0.101692 0.028606 0.072327 0.379211 0.067819 0.236366 0.000346 -0.004170 -0.066400 -0.102897 -0.264593 0.071766 0.037320 0.200114 -0.205351 0.104421 0.055787 0.098651 0.174811 0.001787 -0.063033 0.160752 0.284807 -0.027453 0.164198 -0.160681 -0.058501 0.125162 0.015937 -0.131545 0.002683 -0.062147 0.333631 -0.038794 0.104394 
-0.166778 -0.210097 0.041929 0.051424 -0.283782 0.159609 0.031854 0.020850 0.078432 -0.289138 0.187362 -0.104490 -0.000034 -0.162321 0.028237 -0.262300 -0.056248 -0.069307 -0.126123 -0.106336 -0.112063 0.124424 -0.093540 -0.011965 -0.061668 0.045628 -0.053692 0.010782 -0.034909 -0.142381 -0.007631 -0.118400 0.164465 0.239576 -0.100652 -0.024606 -0.090320 -0.012481 0.061075 0.022894 0.189123 0.149145 0.285724 -0.208419 -0.002245 0.104032 -0.078819 0.109958 -0.320269 0.212972 
-0.163393 0.115586 -0.033665 -0.231463 -0.121984 -0.243874 -0.023632 -0.030760 0.011200 -0.174645 -0.010538 -0.004864 -0.278846 0.151741 -0.063515 -0.033268 0.244623 -0.137858 -0.071764 0.229509 0.064176 0.009027 -0.151458 0.101629 -0.116947 0.003031 0.082895 0.085294 0.022371 0.143632 -0.090073 0.034473 0.331675 -0.102946 0.170795 0.209917 -0.215801 0.008476 -0.109227 0.127354 0.113262 -0.030925 0.060879 -0.114363 -0.257862 -0.008654 0.138695 0.001138 0.245801 0.121920 
-0.137401 0.362559 0.175469 -0.045398 0.064988 -0.030418 0.152604 -0.025483 -0.021433 -0.041210 0.133758 0.081189 -0.096151 -0.083107 -0.175391 0.106810 -0.160086 0.124829 0.061016 -0.077824 0.007147 -0.095517 0.193034 0.135979 -0.106594 -0.068246 -0.057074 -0.006195 0.242044 0.095953 0.175216 0.087041 0.082837 0.169901 -0.141082 -0.077481 -0.133191 -0.254954 0.074770 -0.114861 -0.060710 0.388356 0.078622 0.117044 -0.126041 -0.253469 -0.110117 -0.120139 0.031310 0.127481 
-0.127592 0.101505 -0.047415 0.234566 0.024549 0.232252 -0.060559 -0.246466 0.225116 -0.229281 -0.271304 -0.011504 -0.013400 0.222676 -0.077982 -0.105806 0.114508 0.001257 -0.022793 -0.205730 -0.068576 0.017655 -0.124947 0.255150 -0.048768 0.019889 0.112692 -0.135796 0.056770 0.170109 0.122961 0.150117 0.091763 0.033126 -0.026224 0.079594 0.129160 -0.220698 0.086890 0.019120 -0.010436 -0.126695 0.055426 0.125588 -0.010549 0.089289 -0.140903 0.175351 -0.003147 -0.352428 
-0.122778 -0.042596 -0.056130 -0.073167 -0.095000 -0.054102 0.062291 -0.441018 -0.025749 0.138679 0.059799 -0.207422 -0.164344 -0.014747 0.055966 -0.253273 0.068382 0.144060 0.018111 -0.142808 0.090408 -0.200900 0.054815 -0.084579 0.221240 0.088411 0.059583 0.109594 -0.099039 0.095345 -0.138574 0.027677 0.030280 0.278116 -0.255705 -0.007647 0.178175 0.016137 -0.010646 0.044121 -0.210575 -0.065171 -0.030722 -0.076969 0.162566 -0.023338 -0.018546 -0.063478 0.307065 0.168445 
-0.117796 -0.047780 0.060587 0.053765 -0.161536 -0.142273 -0.176131 -0.035281 -0.055647 -0.076201 -0.122174 -0.120660 -0.083010 0.018374 0.409893 0.297888 0.114068 -0.118325 0.182545 -0.011098 -0.076408 -0.231587 -0.049588 0.063875 -0.109975 -0.037179 0.123880 0.256789 -0.111228 -0.201133 0.078353 0.152916 -0.244567 -0.130445 -0.085541 -0.094621 -0.099860 -0.144392 -0.044880 -0.094829 -0.090483 0.152391 0.148517 -0.083053 0.082965 -0.101895 -0.078624 0.271201 0.018996 0.008993 
-0.139330 0.177531 -0.023260 0.122051 -0.151322 -0.018383 -0.170609 -0.192981 -0.095990 -0.016708 -0.023361 -0.040243 0.153530 -0.033731 0.137176 0.279197 -0.295204 0.051719 -0.019677 -0.240663 -0.170762 0.258057 -0.089207 -0.287260 -0.194906 0.039760 -0.119703 0.089597 -0.069745 0.146626 -0.036229 -0.075776 0.031734 0.053376 0.070407 -0.059085 0.118031 0.034492 -0.272377 0.214123 -0.042773 0.002373 -0.010087 0.021183 -0.299380 0.104284 0.007492 -0.128711 0.116974 -0.023541 
-0.155884 -0.149820 -0.156184 -0.299919 0.146159 -0.036968 0.070032 -0.086212 -0.003896 -0.042414 0.073410 -0.058449 0.305934 0.105623 -0.063283 0.254101 0.297226 0.256087 -0.258374 -0.066571 -0.110509 -0.088794 -0.073521 -0.096372 0.130230 0.068897 0.043907 -0.103942 -0.054090 0.025781 0.311346 -0.005054 -0.019705 -0.030369 -0.092119 -0.090034 -0.137681 0.210972 0.029402 0.093682 0.009561 -0.013571 0.153052 -0.103676 -0.110733 -0.197870 -0.168737 -0.069727 -0.061730 -0.104834 
-0.142276 0.197436 -0.026841 -0.008124 0.046686 0.077853 -0.167422 -0.013343 -0.001103 -0.011912 -0.128050 0.044949 0.219435 -0.094975 -0.036364 0.055985 0.014911 0.346009 -0.113876 -0.225024 0.119888 0.210914 0.142093 0.134987 0.092245 -0.185183 0.294862 0.034796 -0.054424 -0.143185 -0.264626 -0.066226 -0.113787 -0.194835 0.067041 0.290678 -0.125044 -0.089104 0.094533 -0.075747 0.086509 -0.042071 0.093428 -0.102384 0.116165 0.053111 0.011067 -0.020575 0.069348 0.292270 
-0.121452 -0.035209 -0.061343 0.142945 0.145457 -0.056470 0.077461 -0.101259 -0.201916 0.176623 0.056055 0.062716 0.068855 0.033651 -0.021262 -0.130903 0.118849 -0.356588 -0.036222 -0.324399 -0.065003 0.030472 -0.326640 -0.023847 0.120718 0.046544 -0.145307 -0.089150 0.090529 0.046622 -0.198180 0.056940 -0.088072 -0.183460 0.241974 -0.041835 0.004953 -0.042155 0.161399 -0.014558 -0.077193 0.047345 0.085964 0.154578 -0.074164 -0.315564 -0.025476 0.073509 -0.058345 0.271993 
-0.139633 -0.128102 -0.196905 -0.018933 -0.216281 -0.086467 0.118291 -0.072747 0.230109 -0.020819 0.053546 0.129957 0.056854 -0.236334 0.101180 -0.145364 -0.168597 0.020739 -0.166658 -0.009466 0.049468 -0.056050 0.232813 0.125822 -0.075754 -0.102360 0.082197 0.121555 -0.096679 0.320677 0.125425 -0.052847 -0.126532 -0.122015 0.105728 -0.027139 -0.095923 -0.003804 -0.144780 0.125376 -0.014479 -0.134691 -0.078353 0.261532 0.074572 -0.310550 0.236104 0.153979 -0.154178 -0.014459 
-0.131951 0.027134 -0.068090 0.273943 -0.138973 -0.077334 0.206065 0.222123 -0.182137 -0.163842 -0.198372 -0.031498 0.103653 0.063402 -0.074632 0.014682 0.025524 0.056704 -0.252180 -0.046873 0.013764 -0.076314 0.019030 0.101392 -0.020588 -0.128659 -0.132772 0.185828 -0.082482 -0.081932 -0.139592 0.057210 0.101886 0.011142 -0.109160 -0.161318 0.235744 0.289754 0.156654 -0.119892 0.207276 0.170149 0.006484 0.027977 0.052925 -0.136666 0.231917 -0.045252 0.258615 -0.169156 
-0.138072 -0.187164 -0.169899 0.050195 0.293003 -0.234120 -0.162937 0.018402 -0.212189 -0.010354 -0.020395 0.142143 -0.017849 -0.100592 0.048397 0.034045 -0.099740 0.114192 0.006160 0.165486 -0.084905 0.108191 -0.140891 -0.049745 -0.148530 -0.007457 -0.059438 -0.086825 -0.018465 0.128272 0.095460 -0.303591 0.060719 0.277399 0.076699 0.021873 -0.015757 -0.300807 0.171329 -0.018140 0.126684 -0.018425 0.032035 -0.066138 0.320594 -0.075001 0.009929 0.163094 0.235513 -0.067773 
-0.150748 0.002590 0.121631 -0.195073 -0.120659 -0.047528 0.264696 0.073662 0.073800 -0.065109 -0.266068 0.154995 0.277853 0.241429 0.226685 0.029551 -0.130252 -0.067549 0.020093 -0.077372 0.081177 -0.068534 0.052895 -0.138231 -0.005324 0.089457 -0.035643 -0.044656 0.022702 -0.146683 -0.220571 -0.017459 0.301084 0.210524 0.150736 -0.044655 -0.247320 -0.083757 -0.022062 -0.125751 -0.166481 -0.153838 -0.205602 0.020338 0.162284 -0.068830 -0.150068 -0.014071 -0.053768 -0.039328 
-0.137960 -0.002410 0.146381 0.099053 -0.097352 -0.057180 -0.118588 0.135112 0.169824 0.265314 -0.362167 -0.200715 -0.033448 -0.183283 -0.035501 -0.148312 -0.069774 -0.049570 -0.071160 0.095038 -0.055558 -0.093418 0.053601 -0.103853 0.167356 -0.143045 0.100267 -0.018538 0.057759 0.169746 0.205174 0.053741 -0.082679 0.144064 0.418542 -0.100812 -0.018515 0.132774 0.087058 -0.065077 0.095107 0.041891 0.049150 -0.170623 -0.099229 0.012049 -0.282041 -0.085050 0.099009 0.038624 
-0.131334 0.120014 0.155296 -0.274901 0.222814 0.052753 -0.176969 0.170671 0.001937 -0.059558 0.098830 -0.307517 0.036549 0.111068 0.212187 -0.169342 -0.164814 0.069576 -0.061035 -0.104965 0.195514 -0.129364 0.016020 0.082045 -0.108097 0.142611 -0.161882 0.020046 -0.119660 -0.003573 0.108785 -0.146185 -0.070654 0.033757 0.079729 0.001984 0.062992 0.113563 0.239065 -0.156923 -0.045696 -0.133532 0.066566 0.252582 -0.245172 0.118017 0.148732 0.210446 0.066495 0.038941 
-0.130839 -0.081113 0.148416 -0.113927 -0.078701 0.283849 -0.138471 0.058655 0.082720 0.013018 -0.117733 0.028612 -0.218776 0.289174 -0.196582 0.100805 -0.042475 -0.169700 -0.048926 -0.018956 -0.228373 0.083272 0.260170 -0.210636 0.147155 -0.023417 -0.047940 -0.044868 0.027755 -0.202741 0.157990 -0.260257 0.008797 -0.069289 -0.062749 0.136998 0.161787 0.003073 -0.107043 0.080056 0.046184 0.002174 -0.010597 0.106773 0.110086 -0.290675 0.070429 0.168868 0.167960 0.144109 
-0.132114 -0.116735 0.042349 -0.135372 -0.067773 0.013510 -0.235004 -0.055675 -0.046726 0.247832 -0.002940 -0.111951 0.219009 -0.020378 -0.317191 -0.096129 -0.093939 -0.036300 0.045407 -0.031086 -0.086405 -0.129258 0.026668 -0.101742 -0.236231 0.013479 0.097994 0.044071 0.037232 0.044477 -0.014499 0.147709 0.281168 -0.342871 -0.195783 -0.330168 -0.025287 -0.198956 0.126697 -0.082084 0.123279 -0.069757 -0.195689 -0.119335 0.022783 0.088475 0.116855 0.083905 -0.024735 0.027698 
-0.130692 0.170668 0.076262 -0.036737 -0.123329 -0.267757 0.020871 -0.132036 0.262521 0.242638 0.104034 0.061661 0.062112 0.141816 -0.101692 -0.088485 -0.067656 -0.027768 -0.045171 0.045301 0.145312 -0.093121 -0.089006 -0.077639 -0.119295 -0.129137 -0.315253 -0.180179 -0.263343 -0.182199 -0.014510 0.019088 -0.135743 -0.133090 -0.041784 0.137393 -0.031262 -0.009430 0.011297 0.204400 0.192908 0.167183 0.175590 0.131085 0.240134 0.149455 -0.154806 -0.026475 0.028533 -0.140882 
-0.161188 -0.029056 -0.030124 0.245700 -0.158778 0.270182 0.053377 0.109853 -0.076582 0.213532 -0.007325 -0.163224 -0.186357 0.073608 -0.141700 0.313570 0.018379 0.127051 -0.056580 0.093277 0.282896 -0.084551 -0.077641 0.149783 -0.047815 0.039589 -0.163130 -0.092141 -0.116321 -0.070780 -0.013704 -0.022062 -0.055305 0.130083 0.075860 -0.138023 -0.175459 -0.196430 0.114548 0.264373 -0.123445 -0.279642 0.022237 -0.105498 -0.031294 -0.066890 0.159239 -0.095420 -0.109198 0.076145 
-0.145642 0.104000 -0.003518 -0.050513 0.149060 -0.003351 -0.125965 -0.036471 0.061811 -0.100993 -0.053016 0.038174 -0.078258 -0.253036 0.120930 0.189051 0.169745 -0.234161 -0.191878 0.124753 0.066065 0.270258 0.261265 -0.014389 -0.034310 0.109769 -0.000591 -0.302980 -0.110698 0.004486 -0.037741 0.344161 0.117014 0.059005 -0.037344 -0.262914 0.075171 0.152290 0.099169 0.103318 -0.099125 0.028280 -0.002076 0.154640 0.204324 0.137512 0.016843 0.048800 0.018198 0.181301 
-0.158734 0.103166 0.257164 -0.197775 0.114011 0.135550 -0.028302 0.097251 -0.079422 0.145864 -0.030168 0.015198 -0.016976 0.015852 0.029426 0.010892 0.077259 0.127832 0.107250 0.125448 -0.052286 0.033344 -0.151854 0.042653 0.286776 -0.035651 0.174570 0.194228 -0.085999 0.206258 -0.302457 -0.103318 0.097105 0.062648 0.048648 -0.197805 0.100996 -0.029845 -0.097368 0.273468 0.058956 0.253308 0.124809 0.156779 0.100883 0.014642 0.091311 0.111216 -0.263409 -0.215569 
-0.139960 -0.082504 0.115661 0.041250 0.103523 -0.327577 0.133082 -0.031575 -0.056856 -0.136653 -0.167241 -0.060429 -0.194477 -0.096001 -0.099884 -0.066026 -0.141388 0.058916 0.045552 -0.034524 0.173150 0.231479 0.099545 -0.126574 0.067991 0.199140 0.018369 0.232390 0.035615 -0.165591 0.159729 -0.045534 0.107417 -0.317155 0.019682 0.078328 0.161970 -0.045523 0.228903 0.169087 -0.267438 -0.054637 0.107767 -0.092366 0.009099 -0.039437 -0.050643 -0.120865 -0.217359 -0.164684 
-0.141342 -0.163257 0.214479 0.220905 0.275397 -0.116556 -0.105293 -0.025261 0.064059 -0.181618 0.046305 -0.034299 0.139509 0.014882 -0.116684 0.040550 -0.136519 0.161086 -0.024784 0.119591 -0.010317 -0.332653 -0.014401 0.100436 -0.024261 0.132975 -0.030618 -0.150148 -0.083147 -0.057055 -0.084579 0.207373 0.062584 0.030183 0.155241 0.218248 0.249012 0.046986 -0.320180 0.074762 -0.017444 0.103609 -0.190242 -0.147308 -0.018340 -0.112621 0.043065 0.083118 -0.150386 0.192907 
-0.126334 0.073439 -0.040102 -0.278050 -0.275638 0.033348 -0.090638 0.131532 -0.079371 -0.229743 -0.031933 -0.018800 -0.152342 -0.097811 -0.212945 0.050620 -0.012114 0.157240 0.173445 -0.018798 -0.151531 -0.055499 -0.123933 0.068857 -0.195301 0.126449 -0.185581 -0.131790 0.151577 0.230016 -0.227871 -0.012119 -0.265524 -0.107053 0.067909 0.012972 0.113513 0.233579 0.050504 -0.092607 -0.144896 -0.097813 -0.029385 -0.057263 0.274981 -0.053605 -0.192745 -0.036467 -0.057086 -0.019809 
-0.137476 0.250743 -0.063050 0.229400 -0.064502 -0.070073 -0.153229 -0.038479 0.058340 -0.115987 0.184323 0.060485 -0.181084 0.048508 -0.049579 -0.090341 -0.052305 0.128270 0.103545 0.050759 -0.070495 0.107354 -0.194707 -0.051233 0.276816 -0.010461 0.095498 -0.135669 -0.339423 -0.092342 0.112614 -0.143679 0.080850 -0.091943 -0.006511 -0.185044 -0.248123 0.178194 0.045211 -0.239651 -0.121112 0.069048 -0.371422 -0.010172 -0.025639 -0.077793 -0.006648 0.065993 -0.059137 -0.048337 
-0.121955 0.021373 -0.188579 0.072536 0.105251 -0.112103 -0.191275 0.067498 0.113221 0.114936 0.101539 -0.047946 -0.108901 0.297786 0.156681 -0.017311 -0.151203 -0.034656 -0.028349 -0.150962 0.163750 0.082448 0.021479 0.273626 0.071658 0.216788 0.038032 0.043889 0.360972 -0.018746 0.064631 -0.067535 0.042598 -0.058893 -0.006423 -0.253586 -0.009792 0.133221 -0.309409 -0.061289 0.206052 -0.014755 0.099160 -0.085281 0.252351 0.004699 -0.020833 -0.221477 -0.052288 0.029530 
-0.160662 -0.111933 0.177948 0.128974 -0.081054 -0.082316 -0.048943 -0.012022 0.050719 0.011393 0.305304 -0.135440 0.195116 0.321963 0.126381 0.008096 0.037174 -0.027178 -0.060074 0.271419 -0.238743 0.170569 -0.001718 0.095627 -0.051034 -0.357983 0.061470 0.086356 0.189963 0.110085 0.031903 0.027786 -0.022309 0.022692 -0.004358 0.097607 0.079335 0.040386 0.233711 0.002330 -0.311897 -0.050227 -0.054486 0.075895 0.112918 0.081518 0.046459 -0.215231 -0.045672 0.084962 
-0.151007 -0.314221 -0.135486 -0.095511 0.094453 -0.000866 -0.012969 0.034682 -0.119987 -0.143850 -0.130568 -0.012105 -0.123177 0.046401 0.046178 -0.047216 -0.122353 0.012310 0.144690 0.067878 -0.006185 0.032757 0.026830 0.188874 0.053920 -0.187955 -0.025497 0.029459 -0.151362 -0.070427 -0.107966 0.037047 -0.080114 -0.039056 -0.173215 -0.088543 -0.005827 -0.072085 0.023035 0.161252 0.250042 -0.049463 -0.234638 0.315829 -0.241561 0.024502 -0.411144 -0.245172 0.007174 0.149748 
-0.161436 0.105240 -0.209799 0.221293 0.043992 0.032012 -0.091020 0.019531 0.188720 0.147541 0.045217 0.127670 0.032990 -0.077106 0.059832 0.062437 0.113682 0.085010 0.061020 0.283677 -0.250757 -0.133367 0.221834 -0.091160 0.128728 0.284589 -0.264669 0.235922 0.014803 0.040287 -0.217192 -0.015949 0.145892 -0.062339 -0.089612 0.133064 -0.005871 -0.030473 0.089428 -0.217290 0.061687 -0.188626 0.213901 0.117659 -0.148360 0.004685 -0.128755 -0.013385 -0.089354 0.010006 
-0.142559 -0.192058 0.104130 -0.091858 -0.005002 0.035843 0.032413 0.086582 0.447123 -0.010484 0.021967 -0.067232 0.131561 -0.166982 0.062276 0.016868 0.138665 0.106668 0.273532 0.009677 0.159789 0.368815 -0.194401 -0.002231 0.134686 0.021142 -0.258313 0.005632 0.128826 -0.029893 -0.034201 0.151881 -0.111237 0.002023 -0.086763 -0.030116 0.052253 -0.139045 -0.038799 -0.091082 0.061130 0.059603 -0.124966 -0.107360 -0.115074 -0.181013 0.183127 0.007936 0.235413 -0.072020 
-0.143418 0.145379 -0.179028 -0.027337 0.058289 -0.200703 0.313005 0.216795 0.047060 0.199504 -0.250655 -0.157886 -0.043929 0.055989 0.048301 0.042898 0.061244 -0.054382 -0.115327 -0.000960 -0.096260 0.085607 -0.040233 0.060070 -0.003382 -0.072001 -0.048089 -0.158071 -0.008591 0.174241 0.029045 -0.202260 -0.081826 -0.037987 -0.334409 0.084066 0.159691 -0.112333 -0.160515 -0.095012 -0.106919 0.069656 -0.160452 -0.163421 -0.101367 0.208390 0.010930 0.214232 -0.213878 0.192825 
-0.148105 -0.032207 0.075685 -0.054296 0.073695 0.199410 -0.032436 0.122630 -0.007712 -0.014900 0.150491 0.391543 -0.199795 -0.033460 0.025267 0.002132 0.039955 0.054520 -0.416731 -0.064262 0.189997 -0.071606 -0.209110 -0.185138 0.024922 -0.158157 -0.131822 0.340096 0.055288 0.048668 0.118960 0.160119 -0.042814 -0.070068 0.011819 -0.019055 0.106252 -0.108555 -0.117145 -0.128251 -0.086553 -0.062800 -0.148507 -0.064617 0.054152 0.203033 -0.190582 0.058708 0.029908 0.026339 
-0.152634 0.140046 0.051576 -0.057630 0.247431 0.161654 0.080923 -0.162531 -0.115330 -0.009100 -0.055179 -0.191370 0.003799 -0.278474 0.012633 -0.171852 0.151090 -0.087544 0.040281 0.069988 -0.131937 -0.001844 -0.004681 0.126706 -0.151527 -0.333108 -0.193965 0.009518 -0.059257 -0.249539 0.047376 -0.141792 0.113048 -0.081966 0.070379 -0.081427 -0.020727 0.004310 -0.374735 -0.159820 -0.106285 -0.216935 0.104206 -0.035075 0.094480 -0.086156 0.021183 -0.188065 -0.020411 -0.140325 
-0.152287 -0.129230 0.092533 -0.094173 -0.091556 -0.087620 -0.009104 -0.392031 -0.277614 -0.029638 -0.087766 0.058171 -0.008888 0.092961 -0.158465 0.184919 -0.139592 -0.107058 0.051539 0.105999 0.181869 0.104260 0.087754 0.002134 0.261835 -0.113553 -0.134047 -0.043568 0.047630 0.106884 0.037152 0.117101 -0.149282 0.124360 0.008920 0.078129 -0.049947 0.066610 -0.047063 -0.393022 0.191937 -0.081032 0.097472 0.002566 -0.069421 0.147275 0.195047 0.088163 -0.226056 -0.072818 
-0.140216 0.057362 -0.392565 -0.127162 0.059506 0.101061 -0.169724 0.189763 0.041146 -0.146621 -0.052065 -0.020875 -0.005846 0.076883 0.035855 -0.061967 0.030797 -0.160416 0.172479 -0.126896 0.026071 -0.185563 0.032130 -0.267811 0.067380 -0.110298 0.002695 -0.016620 -0.164961 0.068350 0.090728 0.155476 -0.016853 0.083623 0.075582 0.162553 0.077807 -0.188150 0.066388 -0.031491 -0.037442 0.193367 0.013827 -0.059328 0.077449 0.028428 0.301808 -0.408301 -0.185629 -0.035802 
-0.133998 0.158860 -0.029610 -0.055354 -0.066864 0.143956 0.139947 0.041878 -0.107033 0.156945 0.019069 -0.130819 0.059846 -0.256339 0.085265 0.133774 -0.225303 -0.108069 0.044395 0.083742 -0.064874 -0.015852 -0.364434 0.057899 0.087080 0.153883 0.172841 0.071279 0.097001 -0.105401 0.259850 0.190910 0.144932 0.019440 -0.134821 0.383329 0.007734 0.145665 0.061043 0.050092 0.191145 -0.113793 -0.131623 0.182575 0.196286 -0.033267 0.012664 -0.026140 0.016432 0.025547 
-0.140494 0.067665 0.139563 -0.003027 0.001945 0.033033 0.231700 0.154714 -0.150475 0.158213 0.195311 0.157731 -0.022463 0.198671 0.027528 -0.152728 0.063702 0.009497 0.173226 -0.023409 -0.074183 0.246774 0.141353 0.008871 -0.225746 0.170778 0.222629 -0.000713 -0.385648 0.089275 0.096458 0.236043 -0.134212 0.072883 0.058284 -0.003533 0.181605 -0.033440 -0.067935 -0.132253 0.177550 -0.201170 0.102458 -0.180916 -0.027640 -0.146610 -0.082527 -0.049713 0.018594 -0.010323 
-0.125847 -0.005052 -0.126612 -0.084639 -0.147378 -0.122044 -0.054143 0.051807 -0.235345 0.161555 0.098083 -0.067403 -0.120327 -0.023300 0.059934 -0.189824 0.142783 0.219743 -0.157609 -0.094744 -0.270940 0.077731 0.199067 0.050471 0.052364 0.094784 -0.080000 -0.081485 0.233140 -0.339698 -0.023798 0.231829 -0.106592 0.120828 0.203691 0.080302 -0.065883 -0.146266 -0.052960 0.109163 0.014206 0.090527 -0.240982 0.076717 -0.098017 0.102348 0.096288 0.122287 -0.045472 -0.249773 
-0.143036 0.125475 -0.088452 0.060874 0.073432 0.084918 0.237917 0.007013 -0.039161 -0.275583 -0.025953 -0.050748 0.213548 0.072204 -0.194114 -0.178161 -0.132619 -0.068722 -0.015044 0.309412 -0.072146 -0.032005 -0.053446 -0.144971 0.123292 0.225521 0.121620 0.067729 0.099154 -0.078091 0.028847 0.026514 -0.386881 -0.071513 0.038192 -0.219577 -0.156560 -0.160049 -0.137885 0.099845 -0.061963 -0.002973 0.108663 0.066173 0.041433 0.224378 0.080075 0.024958 0.237085 0.108871 
-0.131409 -0.243320 -0.041504 0.073027 -0.183683 0.195016 0.111311 0.112536 -0.233023 0.051692 0.134306 0.015820 0.106257 -0.057956 0.124455 0.017985 -0.002043 0.034438 0.162567 -0.021407 0.126601 -0.036267 0.155613 0.142023 0.166959 0.059727 -0.079938 -0.233578 -0.072179 0.171956 0.138612 -0.079240 0.252147 -0.325324 0.128669 0.107194 0.006705 -0.039719 -0.124629 -0.056430 -0.184540 0.257793 0.121264 0.027125 0.026772 0.229167 -0.110590 0.033737 0.260623 -0.056359 
-0.156037 -0.055609 0.167081 0.204911 0.214791 -0.128728 0.034408 0.264235 -0.014781 -0.091642 0.167581 -0.120583 -0.072909 -0.067006 -0.112778 0.049974 0.044167 -0.133655 0.161726 -0.338490 -0.040509 -0.083207 0.170526 -0.181668 0.082471 -0.157239 -0.004209 0.012860 0.076084 0.187927 -0.099943 0.081098 -0.030331 0.054143 -0.193550 0.121693 -0.377410 0.150307 -0.070810 0.163863 0.059310 -0.220474 0.003809 -0.013094 0.073255 0.116418 -0.006997 0.122716 0.084583 -0.160000 
-0.142013 -0.082761 -0.165506 -0.029989 0.015480 -0.023135 0.200679 -0.029039 0.200178 -0.007594 0.326287 -0.201248 -0.141564 -0.096318 -0.096221 0.287006 -0.071744 -0.116568 -0.069061 -0.005585 0.102698 -0.081583 0.004519 -0.154286 -0.074762 -0.081018 0.382316 -0.120898 0.075991 -0.155146 -0.268681 -0.144578 0.000789 0.005264 0.189931 -0.044792 0.246014 -0.089823 0.024614 -0.214996 0.056421 0.004274 0.013310 0.091346 -0.101277 0.018906 -0.112470 0.041346 0.042457 -0.205664 
-0.158325 0.054546 0.132676 0.198911 -0.068017 0.088440 -0.069542 -0.102668 -0.149975 -0.031008 -0.035168 -0.078877 0.121290 -0.027179 0.064649 -0.092214 0.439031 -0.040401 0.032415 0.094191 0.344607 -0.006954 0.091864 -0.235966 -0.247387 0.176624 0.073438 0.024294 0.162115 0.081545 0.060510 -0.281631 -0.124928 0.004924 -0.047181 0.102479 -0.012264 0.038023 -0.024466 -0.009595 0.184485 0.147876 -0.289873 0.138262 0.027319 -0.052493 -0.085885 -0.094958 -0.129229 -0.011037 
-0.120671 -0.085055 -0.066865 0.000242 0.125287 0.229566 -0.129076 -0.020523 -0.063653 0.140482 -0.080645 0.045700 -0.061666 0.032704 0.127489 -0.182203 -0.289858 -0.101048 -0.202722 0.210851 0.101145 0.068066 -0.005796 -0.050889 -0.149293 0.018386 0.101767 -0.153054 0.052336 0.023159 -0.249821 0.094473 -0.120543 -0.043563 -0.279728 0.160940 -0.205195 0.157109 0.012743 -0.004365 -0.196560 0.185969 0.078833 -0.209249 -0.159624 -0.235328 -0.037077 -0.002848 0.038060 -0.280722 
-0.148911 -0.283062 0.078615 0.050624 0.150145 0.077795 0.199548 -0.128178 0.172595 0.165409 -0.198639 0.210781 -0.248329 0.016796 0.006906 0.034098 0.044780 0.221650 0.119768 -0.122576 -0.196840 -0.055040 -0.111799 -0.045804 -0.295293 0.079303 0.117585 -0.010219 0.019109 -0.068842 0.034759 -0.036522 -0.033002 -0.008684 0.059774 -0.014595 -0.171144 0.249591 0.045672 -0.112236 -0.042504 0.157638 0.058402 0.183376 -0.003469 0.256812 0.273109 -0.131990 0.011351 0.122321 
-0.129020 -0.028084 -0.063248 -0.100150 0.076359 0.037625 -0.053339 -0.071403 0.089172 0.093194 0.059773 0.128174 0.163196 -0.078047 -0.262560 0.112900 0.030386 -0.378727 0.026919 -0.100422 -0.042370 0.024027 0.114677 0.404366 -0.027582 0.175274 -0.034064 0.329735 -0.164598 -0.065013 0.009467 -0.190249 -0.114834 0.190241 0.081753 0.078089 -0.037675 0.108984 0.090906 0.065741 -0.143825 0.162198 -0.223504 -0.184197 -0.029038 0.139922 -0.053209 -0.015159 0.067430 -0.110350 
-0.135044 -0.024197 0.239425 0.001638 -0.204222 -0.222732 -0.214082 0.170868 -0.030638 0.006805 -0.029315 0.355526 0.082919 -0.194987 -0.003749 -0.054133 0.077174 -0.115718 -0.064571 -0.053240 -0.014835 -0.180858 -0.117029 0.116627 0.123003 0.074254 0.201082 -0.264121 0.049980 -0.123997 0.022408 -0.173706 -0.078134 0.083390 -0.242423 -0.039339 0.139613 -0.097046 -0.064425 -0.017012 -0.111158 -0.210584 0.148383 0.097345 -0.189629 0.032256 0.135083 -0.238589 0.057833 -0.070874 
-0.134659 0.170526 0.066634 -0.037657 0.071129 0.127846 0.178315 -0.207027 0.013991 -0.089919 0.079399 0.223699 -0.052154 -0.030591 0.346654 0.018916 -0.067327 -0.038051 0.114221 0.013337 -0.100057 -0.212564 0.116676 0.026094 0.091769 -0.097499 -0.070450 -0.152779 0.171121 -0.000674 0.004445 -0.122306 -0.070488 -0.182945 0.050594 -0.097842 0.121686 0.055534 0.291765 0.241758 0.258098 -0.085525 -0.151747 -0.391303 -0.075407 0.058016 0.105480 0.005624 0.014108 -0.018825 
