-0.157003 0.195295 0.240379 0.045395 -0.079892 0.067816 0.147813 -0.047224 -0.135286 -0.033463 -0.150081 -0.030122 -0.136730 -0.136404 0.108026 -0.205984 -0.234861 -0.162294 0.224275 0.105892 0.023583 0.028783 -0.013282 -0.062335 -0.162110 -0.018069 -0.066401 -0.111872 -0.218496 0.113380 -0.314505 -0.077705 -0.129196 0.093833 -0.136434 -0.034140 -0.249409 0.054938 -0.004212 -0.169184 0.150027 0.164269 -0.125098 -0.027185 0.312307 -0.142477 0.070846 -0.137540 0.054754 -0.026953 
-0.141941 -0.157213 -0.094470 0.262133 -0.285914 0.102799 0.037432 0.145123 -0.178520 0.194774 -0.003048 -0.088040 -0.057584 -0.003684 -0.004229 -0.219820 0.022487 0.321169 -0.092529 0.143618 0.013606 0.025140 -0.035545 0.221965 0.029624 -0.128014 0.135704 0.148300 0.003103 -0.050204 -0.089625 0.114573 -0.154432 -0.310380 -0.027904 0.002991 -0.070899 0.057561 -0.168782 -0.030863 0.205694 -0.235266 0.013160 0.057722 -0.178738 -0.217991 0.064927 -0.120054 -0.035269 -0.093141 
-0.139736 -0.196493 -0.088034 -0.063914 -0.065394 -0.300871 -0.126333 -0.053400 0.057386 0.041324 0.016286 0.205406 0.113575 0.066039 -0.044131 0.025857 0.072530 0.074940 0.007497 0.121518 0.193277 -0.004011 -0.377834 -0.036224 0.020079 -0.080491 -0.115299 0.038440 -0.071965 -0.014642 -0.145154 0.011266 0.266131 0.238720 0.076772 0.185101 -0.066972 0.001883 -0.131006 0.127438 -0.066761 -0.106025 -0.122216 0.010918 0.110563 -0.250783 0.100810 -0.197431 0.263403 0.251882 
-0.121473 0.069150 0.037430 -0.134843 -0.107405 -0.025082 0.026319 -0.251681 -0.239775 0.103364 0.030239 0.259511 -0.021247 0.065248 -0.041478 -0.098810 0.001488 0.104680 -0.156447 0.135084 -0.073555 0.006674 0.031923 -0.011794 0.159384 -0.092212 -0.284972 -0.091250 0.384775 0.126022 -0.167755 0.094402 -0.064053 0.059606 -0.066216 -0.217057 -0.047037 -0.113616 0.255110 -0.055118 -0.220527 0.117335 0.237540 0.019131 -0.108488 -0.160663 0.092396 0.073691 -0.165696 0.082052 
-0.144251 -0.012226 -0.218255 -0.140209 -0.057503 0.049315 0.147206 0.123873 0.130759 0.212002 -0.070157 -0.154760 0.007729 -0.136830 0.154395 0.276839 -0.038731 -0.142520 -0.057058 0.093945 -0.070785 0.169135 -0.195765 -0.070356 0.300711 0.031654 -0.081526 -0.074445 0.027413 0.177757 0.027069 -0.138154 0.151999 -0.366173 -0.186497 -0.097800 0.008246 0.215011 -0.050930 0.167635 -0.024848 0.310191 -0.022843 0.018470 -0.000545 -0.069297 0.058145 -0.011914 0.069160 -0.054019 
-0.131547 0.119667 -0.005531 0.341065 0.090040 -0.053623 -0.018205 -0.223046 -0.050235 0.027249 0.042891 0.085483 0.179152 0.013050 0.104488 0.156256 0.119240 0.011917 0.138973 -0.029731 -0.015390 0.162128 0.045943 0.015241 0.048582 -0.263977 -0.053679 -0.022572 0.064856 0.127012 0.148582 -0.254161 -0.011998 -0.166947 -0.082426 0.041476 -0.007990 -0.095812 -0.005863 -0.238054 -0.157545 -0.313045 -0.013720 -0.009833 0.217387 -0.002207 0.042608 0.250599 0.298282 -0.196579 
-0.145260 -0.017056 -0.050095 0.150528 0.159725 -0.005486 0.000154 0.059344 -0.073270 -0.096585 -0.030303 0.089417 -0.126744 -0.147765 0.010416 -0.031915 -0.132745 0.104757 0.226579 0.110156 -0.297694 0.271932 -0.070507 -0.018763 0.071383 0.118423 0.066431 0.122261 0.070119 -0.127165 0.325604 0.161872 0.027648 0.126623 0.167155 -0.213963 -0.378586 0.020007 -0.062914 -0.008879 -0.228524 0.075533 -0.093334 -0.183778 -0.164506 0.011256 -0.142083 -0.089460 0.109071 0.063385 
-0.140895 -0.180844 -0.030345 0.077910 -0.230095 -0.143694 -0.076690 0.152009 0.196792 -0.182258 -0.182775 0.117965 0.220474 -0.008533 0.009962 0.047149 -0.207174 -0.008224 -0.235118 0.078579 0.010811 0.071279 -0.022461 0.119734 -0.005735 0.206610 -0.122615 -0.339321 0.123076 -0.189425 0.035041 0.073993 -0.296753 -0.022788 -0.014629 0.041074 0.167230 -0.099728 -0.089734 -0.232247 -0.060099 0.080078 -0.195755 -0.217655 0.106536 0.045240 -0.028735 0.049549 -0.037319 -0.091219 
-0.151029 0.192227 -0.114448 0.009603 -0.001183 -0.060927 -0.123853 0.150460 -0.066808 0.145606 0.102293 -0.089844 -0.314239 0.007868 0.234753 0.132230 0.040098 -0.193014 0.091560 0.076573 0.057793 0.356659 0.130787 -0.009138 -0.317336 -0.003871 -0.175566 0.003460 0.238053 -0.096072 -0.039944 0.094226 -0.044363 0.005445 0.026223 0.308121 0.179428 -0.078807 -0.085685 -0.080092 0.033965 -0.023477 0.012916 0.099998 -0.143517 0.073546 0.060667 -0.021933 -0.022408 0.262029 
-0.148302 0.042579 0.030566 0.178032 0.160351 -0.081996 -0.250910 -0.073144 -0.081510 -0.143208 -0.033187 -0.250195 -0.036978 0.167650 0.014850 0.053664 -0.079709 0.106469 -0.314835 0.135258 -0.036146 -0.111237 -0.067912 -0.116642 -0.178888 -0.037652 0.064856 -0.147108 -0.228768 0.094271 0.155879 -0.024865 0.094693 -0.220149 0.174718 -0.118375 -0.020947 -0.127621 0.123928 -0.144698 -0.071994 0.206193 -0.099365 0.373069 -0.017354 -0.128869 -0.043248 -0.019736 -0.061649 0.179654 
-0.140943 -0.016989 -0.096111 -0.238207 -0.170895 0.182127 -0.012053 -0.168395 0.071332 -0.160277 0.033131 -0.052704 0.020155 0.124019 0.075230 0.223420 -0.112090 0.155573 -0.022219 0.072783 -0.037066 0.008193 0.146942 -0.247611 -0.129996 -0.326371 -0.006451 0.228257 -0.002446 -0.065753 -0.106963 -0.038707 -0.186568 -0.000885 0.328785 -0.011300 0.140185 0.311794 0.172482 -0.010359 -0.035291 0.008475 -0.116556 -0.191420 -0.010252 -0.015208 -0.095517 -0.143481 0.116710 -0.110773 
-0.140031 0.019465 -0.099095 -0.139497 0.025771 -0.031196 -0.056412 0.151079 0.213733 0.337503 -0.190378 0.059836 0.009121 -0.108006 -0.195361 -0.063762 0.035734 0.076342 0.121235 -0.005128 0.037397 -0.023366 0.167474 0.018854 -0.071405 0.017644 -0.052774 0.009522 -0.053477 -0.361326 0.022105 -0.078359 -0.124549 0.003907 0.199814 -0.308470 -0.027119 0.022102 0.128905 0.016101 0.124724 0.024279 0.137712 0.261227 0.196100 -0.042821 0.085472 0.288097 0.227013 0.122482 
-0.140398 0.093953 0.004234 -0.091844 0.074123 -0.149071 0.201207 -0.126402 0.124460 0.096876 -0.054835 0.154737 0.004586 -0.077538 0.000540 0.046974 0.056223 0.253175 0.078503 -0.161549 -0.411159 -0.026477 -0.011510 -0.084517 0.093831 -0.160840 0.212798 -0.215160 0.132843 -0.064931 -0.022858 -0.013236 0.020000 0.150287 -0.030123 0.262723 0.053815 0.018313 -0.070960 -0.077075 0.234947 0.063006 -0.270271 0.305607 -0.069964 -0.049452 -0.099479 -0.006282 -0.197791 -0.065353 
-0.144176 -0.072462 -0.103607 -0.153316 0.293098 0.124640 -0.213013 0.031175 -0.140068 -0.048560 -0.065496 -0.086552 -0.128754 0.069383 0.095720 0.063807 -0.119903 0.229831 0.112747 -0.002957 -0.251616 -0.128813 -0.039349 -0.179966 0.131058 0.352188 -0.049188 0.102055 -0.085902 -0.048123 -0.122147 0.007158 -0.071913 0.028394 -0.321437 -0.050104 0.309009 -0.096887 0.023189 -0.043330 -0.008091 -0.285896 0.001968 -0.056241 0.098092 -0.106941 0.145321 -0.033364 0.060968 -0.001775 
-0.143690 -0.026040 -0.102343 -0.025933 -0.090435 -0.079796 -0.139788 0.358670 0.064498 -0.001977 0.050452 0.125092 -0.088351 0.378441 -0.192571 -0.093660 0.148941 -0.037265 0.010208 -0.083333 0.024735 0.059171 0.176870 -0.179697 0.033187 -0.015234 0.177170 0.208141 0.062499 0.002840 -0.149528 -0.141134 0.158311 -0.017558 -0.191388 -0.032121 -0.193464 0.075428 -0.052669 -0.246515 -0.257706 0.109907 -0.109120 0.046129 0.158967 0.114518 0.031805 -0.043713 -0.209052 -0.133366 
-0.129933 0.067296 -0.016994 -0.144636 0.000057 0.002461 -0.022654 -0.160119 0.103801 0.178491 0.290644 -0.005005 0.105883 0.232292 -0.212983 0.015036 -0.261174 -0.187928 -0.082779 -0.069036 -0.006059 0.233297 0.137752 -0.085382 0.033383 0.158763 0.141760 -0.147416 -0.236656 0.162717 0.115529 0.332894 -0.022965 0.072136 0.040456 0.072930 -0.103198 0.114704 -0.096272 -0.072449 0.092242 -0.130482 0.100044 -0.029022 -0.103727 -0.227754 0.179011 0.144886 0.039601 -0.134266 
-0.139645 -0.228169 0.203864 -0.216955 0.066095 0.117170 -0.068862 -0.143662 -0.012863 0.182719 0.090961 -0.106719 -0.210809 0.032035 0.124894 -0.282718 0.297544 -0.095640 -0.087613 -0.259536 0.050717 0.151606 -0.172192 0.190204 0.039106 0.032227 0.160269 -0.211077 -0.050960 -0.097070 0.085528 -0.176307 -0.131098 -0.033424 0.019025 0.007586 0.040056 0.141619 0.228885 -0.094276 -0.183929 -0.036819 -0.200311 -0.148279 -0.037610 -0.040503 -0.034682 -0.029968 0.052877 0.088815 
-0.156945 0.130390 0.233777 -0.241576 -0.053463 0.094626 -0.021503 0.151624 -0.045401 -0.364175 -0.146259 -0.058291 0.227173 0.034086 0.157020 -0.072523 -0.036821 0.038399 0.271568 -0.115873 0.259083 0.073237 0.059017 0.106687 0.160279 -0.003193 0.064270 -0.030222 0.163465 -0.102518 0.108826 0.275088 0.173249 -0.180090 -0.018551 0.100399 0.018782 0.073777 0.095811 0.053396 -0.099597 -0.085255 0.069272 0.264172 0.054214 -0.199480 -0.098475 -0.000062 0.006224 -0.012059 
-0.137770 0.251157 -0.258240 -0.175160 0.058591 0.100684 0.004380 -0.130166 0.028981 0.063767 0.100178 0.024886 0.227908 0.030371 0.160442 0.069580 0.207603 -0.029706 0.039485 -0.065619 0.254260 -0.177794 -0.072969 0.061565 -0.096872 0.004630 -0.125897 0.094358 -0.128672 -0.189665 0.049937 0.106576 -0.079325 0.015695 -0.213209 -0.199039 -0.193583 -0.297606 -0.042492 -0.128212 0.096895 0.096962 -0.258452 -0.033370 -0.276179 0.015970 -0.037089 -0.111204 -0.013612 -0.149031 
-0.150904 -0.055287 -0.004991 0.149125 -0.004598 -0.029275 -0.207548 -0.207007 0.218229 -0.064486 -0.088097 -0.158272 0.096877 0.068073 -0.004008 -0.133768 0.103480 -0.027671 0.271861 0.239464 0.023044 -0.133226 0.062233 0.068211 -0.209251 0.275894 0.097590 -0.041551 0.316917 0.184828 -0.143074 -0.138121 0.164409 0.050846 0.016196 -0.074806 0.003407 0.204546 0.047219 0.120683 0.122856 0.035167 -0.136900 -0.073751 -0.272801 -0.041736 0.079569 0.212866 -0.014321 -0.105395 
-0.150631 0.010070 0.044539 0.242884 0.216998 0.157488 0.242181 -0.059252 0.125769 -0.208583 -0.156905 0.028570 -0.069642 0.080058 -0.294699 0.038284 0.046576 -0.273827 -0.182014 -0.073894 0.061431 0.122911 0.061252 0.057006 0.138305 -0.013410 -0.067220 0.180130 0.033231 -0.171926 -0.103632 -0.163810 0.046610 0.110224 -0.092640 -0.058836 0.211444 0.025195 -0.067006 -0.126667 0.111930 0.038610 0.084515 0.017825 -0.220306 -0.330917 -0.180919 -0.098778 0.092020 0.094839 
-0.139950 0.063196 -0.014031 0.184029 0.108276 -0.081345 0.122218 0.217056 -0.106101 0.209615 0.082229 0.034946 0.205997 0.050541 0.326422 -0.178255 -0.072732 -0.034435 0.039209 0.056480 0.059945 -0.155507 0.095928 -0.135696 0.146435 0.075940 -0.174975 -0.018452 -0.268098 -0.089818 -0.057845 -0.189434 -0.045296 0.142627 0.211859 0.145664 0.090555 0.136026 -0.010408 0.127451 -0.238095 -0.022668 0.036518 -0.030178 -0.161870 -0.136739 -0.208641 0.172727 -0.239201 -0.071096 
-0.142454 -0.268352 0.085230 -0.067760 -0.049149 -0.020391 -0.280075 -0.107233 0.006960 -0.046585 -0.095911 -0.141554 -0.132467 0.015602 0.078871 0.120162 -0.040221 -0.229960 0.029385 0.058310 -0.076513 -0.211672 -0.130349 0.097183 0.229946 -0.127764 -0.089363 0.253318 -0.005987 -0.098094 0.120238 -0.024146 -0.202470 0.146963 -0.037335 0.320363 -0.272068 -0.024119 -0.025144 -0.108488 0.111490 0.147622 0.245346 0.125078 -0.040563 0.045346 0.007527 0.189274 -0.045313 -0.161026 
-0.127759 -0.003852 -0.113045 -0.203629 0.194563 -0.018444 0.010595 0.032685 -0.253339 0.015687 -0.095788 -0.009719 0.139094 -0.333260 -0.206308 0.058929 -0.115296 0.129518 -0.083429 -0.121261 0.146051 0.161271 -0.035201 0.303850 -0.073669 0.126559 0.093918 0.305329 -0.030118 0.295284 -0.173931 -0.092615 0.011085 0.028051 0.230695 0.155195 0.072287 -0.078081 -0.001673 -0.151876 -0.089362 0.130831 -0.114483 -0.000355 -0.006146 0.036161 0.025226 0.176344 -0.084553 -0.076175 
-0.135948 0.109397 -0.191718 0.121543 0.053547 0.394951 -0.049953 -0.025794 -0.065649 -0.157166 -0.070934 0.023165 0.124330 0.116196 -0.119413 0.015240 0.067334 0.055739 0.035956 -0.012946 -0.008929 0.112700 -0.239362 -0.078148 0.068736 -0.100549 0.195537 -0.268844 -0.109189 -0.146611 -0.338683 0.034625 -0.077854 -0.033184 0.019186 0.161243 -0.138727 -0.044037 -0.041012 0.178105 -0.046495 0.057328 0.158915 -0.085786 -0.051438 0.278760 0.059504 0.238165 -0.017502 0.225661 
-0.140258 0.162287 -0.060717 -0.249573 0.112709 0.026470 -0.183978 0.170862 0.155491 -0.149649 0.151077 -0.217012 0.036065 -0.109457 0.022395 -0.236385 -0.093099 -0.044518 -0.229679 0.029704 -0.160608 0.000212 -0.015368 0.146332 0.004385 -0.321095 -0.142332 -0.068264 0.111237 0.115969 0.002125 -0.143934 0.097294 0.126043 -0.019183 -0.197763 -0.094366 -0.006895 -0.275458 0.069174 0.126050 -0.279153 0.015012 -0.125592 0.111347 -0.004880 -0.169906 0.100753 -0.125687 0.087236 
-0.140809 -0.203885 -0.168167 -0.069502 0.050190 0.030675 0.115088 -0.234210 -0.192181 0.047399 -0.016899 0.054758 0.165132 -0.034907 -0.137044 0.069791 -0.006178 -0.386623 0.120572 0.015904 -0.105027 -0.212541 0.134702 -0.010235 -0.140014 0.078742 0.081738 0.015287 0.133004 -0.081658 0.083418 -0.045109 -0.106763 -0.285657 0.084853 0.020073 -0.093065 -0.018753 -0.161463 0.139151 -0.091406 -0.180172 -0.063701 0.015421 0.242257 -0.074821 -0.053588 -0.161334 -0.294783 0.232930 
-0.147157 0.058474 -0.026413 0.169334 0.148962 -0.103872 0.105430 -0.002397 -0.101150 -0.046330 0.371260 -0.001960 -0.017075 0.094908 -0.041691 -0.190257 -0.130482 -0.054843 -0.065650 -0.114111 -0.138604 -0.220046 -0.040272 0.186264 0.040323 -0.041204 -0.151244 0.163551 0.109418 -0.206720 -0.054251 0.263893 0.158383 -0.184739 -0.018153 0.093685 0.105117 0.150846 0.154649 0.071562 0.127958 0.245428 -0.192933 -0.114783 0.202708 0.133820 0.085912 0.153430 0.184807 0.014635 
-0.123305 0.133226 0.010906 0.127665 -0.273711 0.052950 0.049281 0.091474 0.135632 -0.016822 0.264787 -0.162762 0.162474 -0.074194 -0.010193 -0.053795 0.111805 -0.176819 0.145807 0.121742 -0.129939 0.009614 -0.225107 0.009101 0.134139 -0.012288 0.286066 0.211831 0.014151 0.134025 0.070977 0.052940 -0.222771 0.251472 0.062694 -0.147383 0.326964 -0.235966 0.112477 0.018626 -0.098577 0.073970 -0.004885 0.120492 0.139479 -0.035486 0.108599 -0.056271 -0.060764 0.101477 
-0.125121 -0.140159 -0.174630 0.095852 -0.032207 0.140931 -0.048107 -0.039350 0.207532 -0.049238 0.043137 0.206052 -0.093850 0.234884 0.145478 -0.018924 -0.236610 0.035802 0.146655 -0.205358 -0.028255 0.053513 0.213864 0.382405 0.150983 0.035811 -0.157276 -0.058148 -0.116320 0.260039 -0.038574 -0.150079 -0.015503 0.023093 0.127962 -0.037375 -0.032277 -0.178142 0.121486 0.182904 0.068126 -0.001522 -0.016073 0.198911 -0.009951 0.173262 0.008628 -0.272140 0.022336 0.047465 
-0.136496 0.317455 0.019214 -0.182862 -0.291370 -0.192083 0.018877 -0.031666 -0.193232 -0.107721 0.061571 0.057418 -0.054678 -0.030230 -0.200203 -0.119645 -0.149470 -0.028447 -0.046842 0.042099 -0.043249 -0.209508 0.033477 0.013548 0.062085 0.157820 0.103692 -0.044872 -0.033699 -0.039310 0.121376 -0.347734 -0.079442 -0.084644 -0.088140 0.106582 0.040342 0.065214 -0.111799 0.031241 -0.108714 -0.057532 0.063395 0.093624 -0.283731 0.224825 -0.034341 -0.089599 0.359376 0.077310 
-0.148407 0.083316 0.134763 0.022510 0.150131 -0.228719 0.112062 -0.068382 0.046710 -0.049443 -0.200450 -0.019570 -0.211158 0.139832 0.118651 -0.076687 -0.055707 0.061171 -0.132517 -0.170179 0.281977 0.010279 0.045922 -0.219091 0.129728 -0.067595 0.159526 0.132473 0.155716 0.071892 0.083106 -0.003724 -0.263322 -0.046567 0.090077 -0.077644 -0.012814 -0.205372 -0.227547 0.386177 0.037197 0.048793 -0.124774 -0.126241 0.027368 0.009700 0.266813 0.101176 -0.018673 -0.019424 
-0.147051 -0.216449 0.124498 -0.060311 0.219985 0.074605 0.173620 0.146140 0.105580 0.021417 0.233668 0.132460 -0.209459 -0.142406 -0.037421 0.199552 -0.209563 -0.027919 -0.018299 0.365652 0.199655 -0.159098 0.060199 0.111659 -0.132916 -0.196614 0.268058 -0.152027 0.022088 -0.060249 -0.080360 0.032373 0.023360 0.051238 -0.196325 -0.016188 0.008263 -0.130079 0.105088 0.123035 -0.216785 -0.090308 -0.042750 0.090823 -0.079695 0.036688 -0.040396 0.060331 0.061109 -0.166771 
-0.152734 0.068941 0.183847 0.045043 -0.198958 -0.185168 -0.059129 0.020362 0.090809 0.067583 -0.211114 0.077334 -0.035623 0.063352 -0.089537 0.200782 -0.008957 0.017512 0.080650 -0.230020 -0.190767 -0.021773 -0.069019 0.179869 -0.293362 -0.135653 -0.052358 0.153893 -0.278988 0.118526 -0.003937 0.158302 -0.040105 -0.074522 -0.308782 -0.068307 0.066431 0.042063 0.086067 0.233942 -0.153616 -0.036445 -0.001906 -0.157968 -0.110441 -0.060396 -0.198623 0.202041 -0.119141 0.154973 
-0.141797 0.026961 -0.192624 0.135537 -0.054792 -0.056160 -0.029655 0.039841 0.009309 -0.234723 0.219528 -0.199383 -0.206477 -0.293287 -0.293767 0.119222 0.301002 0.203146 0.084137 -0.128059 0.143103 -0.088673 0.217080 -0.029432 0.072319 0.046709 -0.224253 -0.226785 -0.076741 0.072625 0.092416 0.025511 -0.171301 0.092924 -0.056294 0.127133 -0.099621 0.103935 0.063182 0.153565 -0.087363 0.063740 0.004782 -0.040699 0.100177 -0.193204 0.053165 -0.055408 -0.080097 -0.054315 
-0.134619 0.016088 0.202807 0.045882 0.000632 0.002129 -0.218612 -0.201673 -0.068058 0.162297 -0.097287 -0.055129 0.028240 -0.113938 -0.206121 -0.016507 -0.069231 0.038018 0.174661 0.176075 0.142926 0.082543 0.156498 0.037838 0.258390 -0.230382 -0.080699 -0.052969 -0.201333 -0.167522 0.124441 0.028984 0.248744 0.011335 -0.024827 -0.081298 0.287429 0.039552 -0.129359 -0.046952 0.014768 0.063426 -0.080987 -0.130636 -0.043735 0.276503 0.190198 -0.165471 -0.269197 0.017459 
-0.120887 -0.211663 -0.070113 0.023005 0.092624 0.090136 0.137475 -0.134648 0.237006 -0.110304 0.035851 0.111801 0.081068 -0.194540 0.136666 -0.298351 -0.017908 0.107836 -0.010660 -0.146729 0.037453 -0.046766 -0.063175 -0.142827 -0.278177 -0.059755 -0.099793 0.087244 -0.044721 0.108218 0.118297 0.098688 -0.058506 -0.011602 -0.161067 -0.024182 0.126645 0.234474 -0.281961 -0.157856 -0.216669 0.118103 0.265264 0.199443 -0.065165 0.163944 0.192153 -0.034285 0.004755 0.061889 
-0.149731 0.010601 0.210813 0.165259 -0.005130 0.140550 -0.142195 -0.026851 0.156624 0.253331 -0.046763 -0.149947 0.265685 -0.251945 -0.055277 -0.054576 -0.073136 0.009464 -0.309661 -0.103140 -0.009447 0.060618 0.152870 -0.251757 0.013408 0.115228 -0.051313 0.146487 0.149882 0.006280 -0.086707 0.073338 0.019968 0.045932 -0.149961 0.191351 -0.203936 -0.080420 0.236216 0.172017 -0.051389 -0.123358 -0.077997 0.076876 0.012518 0.181514 -0.117162 -0.226665 0.111608 0.022663 
-0.127736 0.022839 0.219733 -0.027593 0.035040 0.089132 0.072490 0.136394 0.025458 0.105413 -0.138260 -0.072782 -0.029279 0.027588 0.063590 0.166528 0.321770 -0.071404 -0.045900 -0.011364 -0.178789 -0.331288 0.207211 0.107768 0.118556 0.018974 -0.028604 -0.106303 -0.013633 0.210170 -0.203810 0.300407 0.046527 0.007369 0.274520 -0.045757 -0.003835 -0.032873 -0.300079 -0.170175 -0.163877 -0.003116 -0.002234 -0.066323 -0.047617 0.086059 0.053366 -0.069156 0.266989 0.045575 
-0.144229 -0.180739 0.228248 0.097365 -0.155272 0.016469 0.012679 0.010297 -0.223461 -0.059908 0.285229 0.076549 0.028898 -0.051252 0.140101 0.355457 -0.024119 0.074834 -0.045982 -0.184532 0.186510 0.020827 -0.025546 -0.091292 0.078753 0.170902 0.014887 0.014619 0.060706 0.004920 -0.059660 -0.068262 0.005430 0.145719 -0.026278 -0.329648 -0.069228 0.222144 -0.128659 -0.087316 0.258991 -0.079755 -0.072788 0.138953 0.000490 0.168996 -0.094172 0.173452 -0.074065 0.236260 
-0.136775 -0.157230 0.087689 -0.017586 -0.264016 0.332409 -0.038397 0.041923 -0.133136 0.057375 0.051121 0.070890 -0.155369 -0.022968 -0.151686 -0.097412 -0.036469 -0.037695 0.079748 -0.194092 -0.043941 -0.028696 -0.145691 -0.260391 -0.181441 0.020426 -0.186277 -0.072782 0.055707 0.008898 0.113993 -0.055307 0.271554 -0.027248 0.163320 0.003337 0.150272 -0.349481 -0.170304 0.124854 0.026842 0.091977 -0.049451 0.007880 0.002244 -0.085066 -0.144059 0.139650 0.069988 -0.305975 
-0.129555 0.055457 0.234358 -0.061967 0.128862 -0.159132 -0.199454 0.020857 0.120025 -0.198601 0.196270 0.395503 0.000461 -0.192581 0.035770 -0.021713 0.292061 -0.092531 -0.045167 0.141387 -0.133268 0.166645 -0.058086 -0.075804 -0.004647 0.129351 -0.020133 0.076478 -0.179350 -0.021305 -0.174857 -0.018242 -0.082512 -0.342543 0.159189 -0.031707 0.016460 -0.043459 0.031489 0.107583 0.197534 -0.018681 0.164813 -0.003662 -0.028991 0.033714 -0.009990 -0.111431 -0.087808 -0.201387 
-0.154081 -0.072428 -0.028960 0.018090 0.161244 -0.103814 -0.135343 0.068341 -0.332262 0.112821 -0.025281 -0.026033 0.232742 0.152160 0.049057 0.033158 0.108116 0.038322 -0.030519 -0.034918 -0.022197 0.084257 0.092575 0.108375 -0.190418 -0.069698 0.193364 -0.146326 0.086293 0.021904 0.089779 -0.016501 -0.073253 0.218210 -0.133311 -0.073425 0.122816 0.068684 -0.084680 0.197638 0.144807 0.298141 0.323728 -0.069039 0.139991 0.003943 -0.173851 -0.256865 0.167613 -0.199768 
-0.148903 -0.143391 0.137332 -0.109609 0.106455 0.052543 0.194082 0.262750 0.053303 0.028304 0.045943 0.046661 0.158801 0.116398 -0.108927 -0.043453 0.048404 0.151823 0.161106 0.127700 0.053012 -0.084803 0.036257 -0.161007 -0.014755 -0.060130 -0.065329 0.001672 0.009782 0.257884 0.278743 -0.116905 -0.041297 -0.122805 -0.038542 0.189644 -0.048741 -0.157783 0.194844 -0.186149 0.313142 0.072918 0.079689 -0.303639 -0.088429 0.021305 0.003465 0.008917 0.009433 0.331182 
-0.133306 -0.175405 -0.069061 -0.136628 -0.077157 -0.179194 0.380667 -0.207156 -0.031605 -0.089554 -0.065931 -0.258557 -0.056666 0.174522 -0.027020 -0.138287 0.211530 0.071653 -0.035960 0.292247 -0.002135 0.247059 0.067758 -0.018838 0.032088 0.143329 -0.140892 0.062838 -0.172334 0.022716 -0.042672 0.134321 0.048804 0.048467 -0.052658 -0.009583 0.012878 -0.116185 0.003821 0.060402 0.028015 -0.101703 -0.001876 0.127918 0.136101 0.295256 -0.298912 0.130549 0.028214 -0.071248 
-0.151523 -0.066990 -0.211602 0.005384 -0.231804 0.010627 0.058453 -0.019472 -0.099002 -0.172981 -0.146092 0.137362 -0.038503 -0.220043 0.311960 -0.038991 0.106961 -0.111257 -0.257242 -0.015778 -0.097319 -0.026019 0.310115 -0.009722 -0.021741 -0.010224 0.254253 0.023410 -0.166348 -0.072682 0.108973 -0.011035 0.364981 0.139446 -0.047453 0.027826 -0.015576 -0.097955 0.192279 0.003271 0.112284 -0.023204 0.067397 -0.164404 0.011652 -0.073637 0.248336 0.120764 0.006247 0.070601 
-0.136268 0.107336 0.225461 -0.019035 -0.037232 -0.022420 0.276545 -0.033541 0.136390 0.008806 0.099030 -0.246312 0.056939 0.132943 0.024160 0.219238 -0.043831 0.212103 -0.043217 -0.076617 -0.107720 0.017220 -0.135071 0.190002 -0.198829 0.167441 -0.058962 0.019768 0.045172 -0.279294 -0.010859 -0.241268 0.186219 0.019391 0.118384 0.031145 -0.148649 -0.088830 -0.011742 -0.008293 -0.098645 -0.043162 0.279599 -0.107847 0.065636 -0.009516 0.308752 -0.150251 -0.183831 -0.109878 
-0.129429 0.294206 -0.091393 0.068164 -0.040754 0.137044 -0.062962 -0.201258 0.212293 0.175817 -0.024646 0.181740 -0.269641 -0.007825 0.076597 0.020813 -0.021455 0.163655 -0.084337 0.095592 0.236143 -0.176018 -0.107173 0.066876 0.060216 0.212028 0.180862 0.058206 0.063248 0.070247 0.129918 0.079132 0.097612 -0.025933 0.041828 0.105812 0.051051 0.071302 -0.057280 -0.124315 0.031878 0.021071 0.204033 -0.161080 0.307350 -0.000807 -0.375822 -0.018120 -0.100790 0.048382 
-0.155695 0.157055 -0.036994 0.048026 0.076643 0.151324 0.102726 0.192511 -0.139343 -0.009998 -0.257077 0.174047 -0.058095 0.104031 -0.111591 0.042816 0.112073 -0.149108 -0.156044 0.092606 0.018721 -0.066543 -0.280532 0.032645 -0.099796 0.017858 -0.166660 -0.034614 0.025181 0.131225 0.280893 0.077136 -0.038125 0.178139 0.075076 -0.012566 0.014626 0.298404 0.202956 0.072911 0.096310 -0.273146 -0.116440 0.138837 0.028370 0.194061 0.211380 -0.073226 -0.112625 -0.199435 
-0.156832 -0.074505 -0.212239 0.082096 0.020508 -0.360517 0.049712 0.044572 0.010759 0.016204 -0.077410 -0.179273 -0.089259 -0.118860 -0.029957 -0.024048 -0.147806 -0.158736 0.152845 -0.289480 0.108984 -0.106143 -0.201239 -0.175064 0.043953 -0.107201 0.091935 -0.149250 0.062791 0.033861 -0.187326 0.126004 0.091575 -0.074112 0.141595 -0.154311 0.029523 -0.062335 0.245069 -0.209566 0.071739 -0.196512 0.244573 -0.105520 -0.141721 0.147083 -0.107398 -0.152057 -0.032071 -0.117669 
