-0.136532 0.188412 0.260407 0.112824 0.017890 -0.179000 0.090284 -0.001481 0.016398 0.103268 -0.024512 0.181557 0.163316 -0.099032 -0.115899 0.016305 0.024983 0.127085 -0.171017 0.350447 0.043509 -0.032840 0.091149 -0.026125 -0.291858 -0.041715 0.164234 -0.027941 0.215026 0.201067 -0.149956 0.295562 0.017679 -0.007003 -0.015349 -0.008220 -0.284758 0.106434 -0.092230 -0.076971 0.000853 0.154570 0.173180 0.076982 -0.219913 -0.088286 0.077975 -0.053540 -0.075384 -0.006578 
-0.106057 0.112452 0.018098 -0.120628 0.061410 0.021454 0.193915 -0.062200 -0.149997 -0.084911 0.019314 0.041062 -0.115648 -0.071287 -0.080655 0.091816 -0.111212 0.005855 -0.160534 -0.145680 -0.333458 -0.082958 -0.124273 0.110117 0.028209 0.104596 -0.057979 -0.130186 0.201578 0.070843 -0.194605 0.005551 -0.005772 0.051605 0.104610 0.341996 0.119755 0.112190 0.239466 -0.394253 0.162873 0.145861 -0.055129 -0.227806 0.065020 0.096216 -0.094639 0.037588 -0.024383 0.179518 
-0.155485 0.191205 -0.056942 0.142734 -0.171153 0.167981 0.091910 0.279104 0.100505 0.019686 -0.032901 0.136126 0.015059 0.059991 0.166064 -0.002295 -0.071695 0.167014 -0.185690 0.105478 0.216524 -0.118824 -0.336108 0.106204 0.190119 0.122717 0.140431 -0.089086 -0.074164 0.010866 0.036749 -0.062073 -0.032448 0.093988 -0.051189 -0.151091 0.080789 -0.067159 -0.256855 -0.146918 -0.090891 0.170530 -0.155820 -0.061368 0.065957 -0.006940 -0.374938 -0.057977 -0.055580 -0.077219 
-0.137342 -0.257963 0.031212 -0.109868 -0.156528 0.268372 -0.100206 0.093342 -0.099284 0.038350 0.070485 -0.036057 0.052855 0.182566 -0.007873 -0.026153 -0.033680 0.116098 0.211397 0.294810 -0.182441 -0.272408 -0.168118 0.153438 -0.076768 -0.184561 -0.112988 0.101212 0.234011 0.117320 -0.081910 -0.182121 0.055868 -0.107337 0.059440 0.181550 0.005122 0.043134 -0.001993 0.118168 -0.109471 -0.077289 -0.037648 0.070329 -0.161966 -0.164223 -0.098023 -0.095058 0.302766 -0.009809 
-0.142270 -0.029635 -0.285149 -0.012361 -0.024403 -0.025279 0.131062 -0.160741 0.038836 0.020959 -0.034578 0.262972 -0.054173 0.268605 -0.356357 0.225233 0.153017 -0.003620 0.037095 0.085942 0.090273 -0.101050 0.134489 -0.028776 0.147518 -0.073664 -0.091475 0.162240 -0.028245 -0.220172 0.124813 0.210176 0.108572 -0.286354 0.130071 -0.189881 -0.016758 0.145122 0.067014 -0.077212 0.012388 0.207063 0.018595 -0.062485 0.148435 -0.039546 -0.109451 0.007136 0.155373 0.045824 
-0.135562 -0.054931 0.048728 -0.205787 0.213356 0.097823 0.065515 -0.008251 -0.094605 -0.058650 -0.134046 -0.032431 -0.111997 -0.240504 0.038722 0.127089 -0.240451 -0.026313 -0.096638 0.137905 -0.114214 0.048416 0.146365 -0.314751 0.089644 -0.232553 0.053496 0.117619 0.163596 -0.097343 -0.062898 -0.048539 -0.129449 -0.036392 -0.303096 -0.200047 0.266142 0.127855 -0.286073 0.057232 0.141607 0.088165 -0.180628 -0.063067 0.012507 -0.078237 0.036328 -0.049103 0.065652 -0.099346 
-0.126463 0.171497 -0.009695 0.040579 0.160143 0.024689 0.372033 -0.134322 0.079749 0.020058 -0.197124 -0.092163 0.006579 0.018771 0.196161 0.125172 0.027060 0.260726 0.136397 -0.011567 -0.143815 -0.050126 0.090576 0.085712 0.104022 0.068209 0.052808 -0.052886 -0.051818 -0.021831 0.039092 -0.145750 0.190189 -0.224331 -0.083949 0.000886 0.170563 -0.065317 0.148596 0.269896 -0.139607 0.005473 0.271823 -0.076524 -0.309346 0.167240 -0.043759 -0.104323 -0.155621 -0.080836 
-0.141132 0.031010 -0.066558 0.221464 -0.130808 -0.135394 0.089588 0.108422 -0.046606 -0.072976 0.046698 0.153075 -0.275677 -0.081581 -0.074978 -0.070612 -0.187811 -0.443616 0.034528 0.184659 0.023188 0.102782 0.078726 0.275155 -0.016858 -0.033160 0.203613 0.075120 -0.099976 0.085389 0.062081 -0.200162 0.123595 -0.074959 0.031788 0.054363 0.209747 0.175267 -0.057489 0.017327 -0.123244 -0.043971 -0.033013 0.127279 -0.040211 0.101907 0.182503 -0.178886 -0.057186 0.236262 
-0.128256 -0.046220 -0.102920 0.092248 0.004330 -0.200297 -0.105253 -0.199418 0.255557 0.134288 0.020915 -0.011286 0.123591 -0.048358 0.162247 -0.034539 0.270078 -0.324984 -0.035303 0.018812 -0.117832 -0.018052 -0.088210 -0.006233 0.078933 0.184321 -0.021867 -0.013353 0.197842 0.067480 -0.301561 0.066171 0.106947 -0.217896 -0.214153 -0.038058 0.127067 -0.016699 -0.017108 0.037365 0.015982 -0.248546 -0.084581 -0.061873 0.098717 -0.294541 -0.218438 -0.018143 -0.123890 0.054632 
-0.148292 -0.023900 -0.042264 -0.178606 0.055466 -0.134659 -0.184070 0.226302 0.163857 0.108834 -0.087337 0.185706 0.052458 -0.143484 0.210847 0.230578 -0.096243 0.002289 -0.112740 -0.080000 0.059914 -0.340079 0.096912 0.102723 0.072128 0.029922 -0.077283 -0.057134 -0.170694 0.052955 0.110469 0.093603 -0.287929 -0.197502 -0.109173 0.031624 -0.004203 -0.136437 0.204369 -0.131796 -0.165992 -0.068377 -0.080192 -0.014070 -0.124069 -0.060071 0.309974 0.014961 0.139307 0.117051 
-0.143935 0.208422 -0.027556 0.071320 0.107913 0.109262 0.187696 0.067639 0.003667 -0.096778 0.190628 -0.108054 0.037175 0.230720 0.219861 -0.056013 0.234257 -0.260045 -0.048495 -0.080335 -0.037142 -0.242818 0.197640 -0.027537 -0.406927 -0.103822 -0.218750 -0.037432 -0.095274 -0.111782 -0.049301 0.029196 0.022824 0.192021 -0.090901 0.011582 0.148740 -0.008717 -0.031050 -0.094789 -0.132837 0.168121 -0.030989 0.064077 0.117454 -0.027976 0.102348 -0.121238 0.081214 -0.214291 
-0.133713 0.050175 -0.102201 0.355229 0.088161 -0.032132 -0.006067 -0.046933 -0.070805 0.052811 -0.115380 -0.145299 0.180882 0.087801 -0.288330 0.059386 0.050506 0.076920 -0.069033 -0.052859 -0.125993 0.158393 -0.107822 0.068061 -0.232801 -0.040241 0.112894 -0.105357 -0.110752 0.003521 0.133283 -0.133525 -0.318639 -0.221593 -0.063482 0.126235 0.026333 -0.303728 -0.085065 0.052127 0.267952 -0.014145 -0.157682 -0.091122 0.035967 -0.054052 0.058730 -0.226767 0.154554 0.013956 
-0.148989 -0.024841 -0.134579 0.106749 -0.165862 0.318959 -0.035458 0.033003 0.275496 -0.053328 -0.123311 -0.218426 -0.054754 -0.022722 -0.128970 0.183664 -0.068688 -0.061319 -0.102581 -0.085619 -0.027208 -0.106964 -0.020474 -0.160252 0.013525 -0.083995 0.012434 -0.037169 -0.229426 0.274190 -0.032962 0.109348 -0.053646 -0.053007 -0.123372 0.255476 -0.091218 0.313028 -0.106700 0.047193 0.080960 -0.121015 0.315941 0.123145 0.163712 0.067917 0.005121 0.136699 -0.090103 -0.076010 
-0.152159 0.061487 -0.156129 -0.111896 -0.035373 0.042999 0.029942 -0.084701 -0.112984 0.071840 0.088311 0.091202 0.150672 -0.032677 0.023961 0.003464 0.073944 0.249661 0.210967 -0.259461 -0.092242 0.267131 0.088550 0.109006 -0.047280 0.169221 -0.092951 -0.051045 -0.071156 0.198388 0.207287 0.095345 0.013094 0.041347 -0.095470 0.029169 -0.008832 0.427613 -0.172901 -0.058488 -0.114083 -0.042737 -0.359777 0.145600 -0.132321 -0.160422 0.042545 -0.058958 -0.080694 -0.013145 
-0.145456 0.151696 -0.003974 -0.116847 -0.067724 -0.092639 -0.086195 0.201819 -0.098175 -0.054618 -0.093263 -0.014708 -0.093444 0.110351 -0.108741 0.161184 -0.009813 0.070679 0.084793 -0.168505 -0.048189 0.013068 -0.079751 -0.095000 -0.283243 0.222838 0.218462 0.320040 0.188552 -0.105150 0.016612 -0.176393 -0.019122 -0.004881 -0.179505 0.058361 -0.029559 -0.100013 0.079851 0.178849 -0.218461 0.155655 0.049647 0.111378 0.211700 -0.175521 -0.003267 0.298230 -0.167932 0.138343 
-0.144072 -0.181576 -0.145221 -0.078068 0.193539 0.098018 0.064897 0.027044 -0.112600 0.124177 -0.203857 0.028886 -0.267853 -0.168451 0.126941 0.101945 0.242449 0.015108 0.126586 0.139841 0.341537 0.252783 -0.187177 -0.081589 -0.183642 -0.109046 -0.168991 -0.030257 0.090589 0.119616 0.132594 0.091653 -0.090971 0.117269 0.102154 0.120161 0.113145 -0.118725 0.094042 -0.127037 -0.069545 -0.059583 0.189719 -0.007579 0.089068 -0.112424 -0.063904 -0.179152 -0.143220 0.095231 
-0.167425 -0.075984 -0.021458 0.113769 -0.064814 0.068543 -0.175713 -0.196470 -0.011368 0.030701 -0.011741 0.010072 -0.194193 -0.129285 0.276235 0.002221 0.074117 0.025705 0.226650 -0.031581 -0.198989 -0.058103 0.249432 -0.064410 -0.023398 0.012000 0.172194 0.236035 -0.282300 -0.031193 -0.040057 -0.137060 0.042552 0.077015 0.054401 0.005115 -0.313956 -0.159692 -0.184918 -0.293952 0.119439 0.161920 0.079816 -0.134608 -0.116240 -0.089489 -0.150563 -0.021037 0.031751 0.146238 
-0.130595 0.262058 -0.105259 0.004707 0.172560 -0.099912 -0.374969 -0.164053 0.015785 -0.070164 -0.066960 0.083441 -0.082219 0.026141 -0.097448 -0.085953 0.000526 0.046622 0.032495 0.172152 -0.034956 -0.134669 -0.057969 -0.189702 -0.133887 0.181319 -0.107620 0.013947 -0.107511 0.069452 -0.116836 -0.161865 -0.307191 0.173858 0.219483 -0.169015 0.081635 0.266991 0.111381 0.171075 -0.093181 -0.113198 -0.009891 -0.108118 -0.072831 0.231266 -0.156437 -0.080254 0.024504 -0.005238 
-0.119633 -0.035310 -0.082107 -0.044819 0.026804 -0.138435 -0.228604 0.218863 -0.053607 -0.054370 -0.282362 -0.016978 -0.130127 0.196310 -0.171380 -0.137464 0.005132 -0.007904 0.019563 0.012332 -0.116285 0.042525 0.248932 0.015080 0.024196 0.089594 0.135218 -0.305344 0.172561 -0.097713 0.181114 0.048218 0.194234 0.115688 -0.137002 0.040155 0.037378 -0.047963 -0.102211 -0.279839 -0.097023 -0.276425 0.160698 -0.111223 -0.084973 0.014452 -0.082698 0.041625 0.117478 -0.274887 
-0.164990 0.133677 0.121536 -0.203735 0.261053 0.197842 0.061218 0.021499 0.032044 0.126240 -0.046136 -0.201012 -0.045423 -0.011754 -0.229235 -0.237228 -0.202725 -0.078191 0.043151 -0.170665 0.242122 -0.160863 0.250827 0.205842 -0.050235 0.021598 -0.098563 -0.010512 0.032533 0.082148 -0.097260 -0.026798 -0.007234 -0.228770 0.276352 -0.100146 -0.085870 -0.150426 -0.197875 -0.017188 0.011481 -0.124162 -0.087118 0.034655 0.031675 -0.087691 -0.145140 0.065243 -0.202926 0.100241 
-0.149081 0.045881 0.130089 -0.003299 0.246473 -0.165903 -0.050366 0.110288 0.416200 -0.120636 0.152453 -0.005224 0.105986 -0.121019 -0.063407 -0.093803 0.081398 0.182312 -0.100980 -0.116586 -0.115371 0.018101 -0.113930 0.079358 0.009176 -0.360687 0.102594 0.350436 -0.001246 -0.125911 0.262159 -0.005731 0.114804 0.142293 0.132831 0.078029 0.130605 0.077098 0.062984 -0.097926 0.054174 -0.185635 0.023494 0.077095 0.006615 -0.043180 -0.136715 -0.043138 -0.009207 0.034229 
-0.132089 0.104874 -0.113081 -0.184072 0.023584 0.163632 -0.173873 -0.117961 0.084447 -0.183850 0.064041 0.128116 0.114184 0.139622 -0.026756 -0.095750 0.128201 -0.103497 0.055226 0.085226 0.189943 0.047004 -0.082339 -0.235385 0.039187 -0.280868 0.210245 -0.125406 0.019965 0.110052 0.010545 -0.162118 0.177292 -0.135312 -0.070810 0.175384 -0.098294 -0.129309 0.143163 -0.072415 0.010505 0.100307 -0.298660 -0.131664 -0.160081 0.153803 0.169548 0.107341 -0.288218 -0.073423 
-0.144945 0.062641 -0.198378 0.002351 -0.222118 -0.076418 0.299463 0.007687 0.056003 0.117148 -0.067470 -0.109393 0.164849 0.070463 0.051916 -0.038532 0.000178 0.075074 -0.038519 0.206289 0.013521 0.247345 0.295924 -0.090797 0.109208 -0.143071 0.019244 0.071435 -0.012907 -0.028807 -0.235796 -0.053170 -0.250338 0.191683 0.124554 0.090845 0.064925 -0.137371 0.112650 -0.089947 -0.123163 -0.202380 -0.139399 0.161768 -0.033372 0.077967 -0.081900 0.331055 0.122444 0.098425 
-0.146545 0.175104 0.176736 0.068694 -0.055401 0.082645 0.050670 0.094907 0.082797 -0.185026 -0.044512 -0.060641 -0.123611 -0.298006 -0.117401 -0.103491 0.102711 -0.150188 0.258169 0.080802 -0.186855 0.108195 -0.218514 -0.068274 -0.011860 0.047325 -0.302835 -0.042137 -0.018471 -0.052073 0.123563 0.273945 0.039710 -0.137772 -0.148155 -0.098936 -0.121716 -0.180468 -0.005051 0.004942 -0.094089 0.028458 -0.142092 0.095559 -0.101964 0.258966 -0.093242 0.214413 0.203177 0.091840 
-0.148086 -0.044920 0.001231 -0.088324 0.058529 -0.214662 -0.026420 -0.200333 0.197683 -0.204616 0.090221 -0.023472 -0.145633 0.146645 0.184494 0.147119 -0.134599 0.181677 0.096089 0.183097 0.143944 0.048629 0.083221 0.375080 -0.051611 -0.020201 -0.130762 -0.098985 0.138079 -0.039920 -0.001021 0.012319 -0.033958 0.100642 -0.213636 0.122325 -0.236703 -0.020684 -0.158816 0.156346 0.133580 -0.036774 -0.087160 -0.080549 0.323975 0.236202 0.020375 0.019773 0.006494 0.040442 
-0.162968 -0.095597 -0.114114 0.012405 -0.014273 -0.374579 0.006915 0.144051 -0.136330 -0.096993 -0.191114 -0.155868 0.081928 -0.185311 -0.118036 0.010092 0.084387 0.034638 0.055373 0.043291 0.114957 -0.117367 -0.063826 0.126923 0.089318 0.027874 -0.246957 0.159492 -0.167732 0.258807 -0.141931 -0.180273 0.228817 0.094193 0.046473 -0.059742 0.045390 -0.028063 0.040282 -0.017728 0.266936 0.203358 -0.059994 0.048323 -0.021704 -0.056977 0.097909 0.152412 -0.027879 -0.339037 
-0.155332 -0.093585 -0.026798 0.096154 -0.194581 0.092487 -0.101721 -0.113234 -0.052986 -0.407023 0.084565 0.091983 0.160904 -0.173197 0.085538 -0.298763 -0.057234 0.092047 -0.116624 -0.087490 0.262270 0.076848 0.190261 -0.000246 -0.008659 0.215772 -0.066662 0.193068 0.143593 -0.040222 0.042841 0.141943 -0.117826 -0.183543 0.052190 0.233349 0.253538 -0.051117 -0.038024 0.067916 -0.027147 0.103758 0.191023 -0.165571 -0.058624 -0.024225 -0.007338 0.016964 0.101123 -0.082774 
-0.150941 0.044494 0.313506 0.023147 -0.055596 0.078842 -0.243775 -0.129826 -0.171425 0.142111 0.120245 -0.017562 -0.062039 -0.177952 -0.118345 0.178449 -0.038417 0.080073 -0.135650 0.124913 0.046068 0.092037 0.178946 0.017526 0.102534 0.033084 -0.006579 -0.076204 -0.232843 -0.186942 -0.073560 0.012886 0.156060 -0.036140 -0.059844 0.213428 0.043646 -0.080457 0.284741 0.038279 -0.140000 0.002532 -0.142786 0.253038 0.197406 -0.033682 -0.203855 -0.183652 -0.049982 -0.245921 
-0.146703 -0.037477 0.083263 0.152211 0.113529 0.010445 0.086542 0.193406 -0.258332 0.131893 -0.069783 0.089366 -0.007270 -0.097083 0.002617 -0.200250 0.393694 0.042904 -0.125638 -0.222383 0.121541 -0.137302 0.103769 -0.068040 0.265493 -0.081518 0.036750 0.064563 0.142667 0.009338 -0.071134 -0.144490 -0.004776 0.018760 -0.147104 0.109461 -0.284090 0.172759 -0.012248 0.188495 -0.050483 -0.082299 -0.046603 -0.085841 0.154772 0.254045 0.024571 -0.097102 0.152798 0.146345 
-0.130429 -0.154603 0.121008 0.042798 -0.027884 0.046572 -0.000564 0.256198 0.135718 0.135620 -0.037279 0.176675 0.043309 0.047902 0.111665 0.348628 -0.088161 -0.247947 0.001805 -0.198052 -0.027276 0.220015 0.085717 -0.041466 -0.154081 0.058965 0.007470 0.077060 0.082698 0.037388 -0.042767 0.103690 0.093596 0.067033 0.338110 0.064404 -0.061392 -0.012235 -0.020185 0.277983 0.080251 -0.003792 -0.179064 -0.278927 -0.126729 0.170861 -0.128804 0.011709 0.049923 -0.227139 
-0.140872 0.069945 0.353083 -0.012470 0.108251 0.097442 -0.008512 -0.009015 0.045261 0.032780 0.071619 0.138755 0.164958 0.099619 0.009775 0.131896 0.139405 0.066372 0.345769 0.054322 0.086513 0.003577 -0.028211 -0.123030 0.132871 0.231725 0.174421 -0.087992 -0.042601 0.103798 -0.081333 -0.052681 0.080809 0.032409 0.146122 -0.020966 0.324374 -0.037740 -0.157517 -0.124909 0.174052 -0.092970 0.118463 0.083316 0.245212 0.058055 0.285636 0.101075 0.216172 0.085404 
-0.121283 -0.002261 0.329726 -0.006330 -0.182717 0.023728 0.073338 -0.053807 0.170401 0.032086 -0.374268 0.043794 -0.023650 0.265603 0.083613 -0.311922 -0.205460 -0.017844 0.103328 -0.122530 0.036280 0.200209 -0.064533 -0.011117 -0.008659 -0.071964 -0.073364 0.124085 -0.067476 0.075487 -0.069465 -0.019227 -0.068327 -0.023902 -0.140723 -0.172597 -0.085469 0.139772 0.357260 -0.114477 0.036984 0.051081 -0.017204 -0.114438 0.148722 -0.124253 0.078823 -0.198886 0.063864 -0.065389 
-0.142778 -0.086644 0.162721 0.043236 -0.192187 -0.135229 -0.219657 -0.049640 -0.007215 0.153356 0.169604 -0.396757 -0.080276 0.074152 -0.065723 0.124749 0.169384 0.006353 0.083862 -0.168283 0.025704 0.072532 -0.041642 0.155829 0.142981 -0.222316 0.069103 -0.027808 0.173160 0.024393 -0.079755 0.084665 -0.251615 -0.055043 0.041116 -0.181493 0.180238 0.069232 -0.082047 -0.129047 -0.236811 0.257585 0.086773 -0.115687 -0.109122 0.198404 0.072832 -0.000998 -0.131028 -0.044492 
-0.139453 0.187635 0.144547 -0.167877 -0.142298 -0.073995 0.057046 -0.096694 -0.203361 -0.113238 -0.052264 -0.027093 0.102272 0.009833 0.189802 0.068754 0.106975 -0.331375 0.050387 0.016249 0.007247 -0.089426 -0.000704 0.077499 0.163460 -0.062498 0.111325 -0.149418 0.113760 -0.051780 0.396494 -0.067543 -0.282492 0.020955 0.129881 -0.000388 -0.116893 0.107361 0.092182 0.119822 0.303215 -0.002273 0.123873 0.186525 -0.048128 -0.160792 -0.195474 0.073911 -0.029021 -0.090663 
-0.130452 0.201330 0.030502 -0.123420 -0.283411 -0.015983 0.051104 -0.215745 0.139887 0.021506 -0.077132 0.097986 -0.252902 0.013232 -0.174678 0.068783 0.067412 0.014772 -0.147455 -0.193808 0.062341 -0.030080 -0.168049 -0.065607 0.136185 0.027212 -0.187885 0.011389 0.078483 -0.234677 -0.128524 -0.077735 0.041180 0.239428 0.080295 0.122212 -0.049728 -0.160864 -0.248422 0.103995 0.026956 -0.123655 0.016669 0.070628 -0.255536 -0.168764 0.296079 -0.189283 0.036828 -0.021993 
-0.134167 -0.030755 -0.027538 -0.072517 -0.187609 0.012813 0.167770 0.172104 -0.056246 0.002801 0.477249 -0.031491 -0.066200 0.051523 -0.164614 0.051765 -0.048888 0.043307 0.071672 0.048105 0.006463 -0.070332 0.103155 -0.179117 0.032982 0.179447 -0.052764 0.176354 0.049919 0.183767 0.107439 0.012878 -0.079075 0.072261 -0.220161 -0.209773 -0.052066 -0.172243 0.189119 -0.070330 0.224546 -0.282258 0.071799 -0.121770 -0.056433 0.093518 -0.024195 -0.247481 -0.190129 -0.039557 
-0.141978 -0.171438 0.111455 -0.106084 0.299779 -0.146532 0.114128 -0.036948 -0.053687 -0.120808 0.063423 -0.365829 0.032329 0.294511 0.014451 0.014910 -0.075735 -0.157509 -0.185036 0.148590 0.067972 0.086837 -0.161111 -0.186652 0.213073 0.291375 0.055736 0.127392 -0.191333 0.041368 0.095935 0.115367 0.029084 0.042822 0.029632 0.181471 -0.160087 0.041177 -0.073208 -0.007876 -0.207464 0.072657 -0.056475 -0.039327 -0.154164 -0.083856 0.013287 -0.079171 0.124465 0.110408 
-0.125929 -0.085170 -0.093904 0.177035 0.134564 -0.165528 0.055985 -0.001697 0.009081 0.290404 0.110838 0.186856 0.212197 -0.029168 -0.060127 -0.165977 -0.359744 -0.111941 0.358510 -0.033406 -0.046006 -0.101443 -0.126578 -0.178222 0.145859 -0.041106 -0.159449 -0.043564 0.054334 -0.239241 0.027022 -0.013525 -0.141203 0.075022 -0.048554 0.265169 -0.068108 -0.009540 -0.099116 -0.031854 -0.090982 0.134895 0.146940 0.037879 0.060861 0.039522 0.007207 0.000438 -0.210125 -0.153213 
-0.153962 -0.153264 -0.032041 0.060816 0.049209 -0.043719 0.074700 -0.139659 -0.235578 -0.218724 -0.005297 0.057077 0.062807 -0.012599 -0.076562 0.081051 -0.146651 -0.019354 0.180426 -0.273653 0.211735 -0.178102 -0.163120 0.077025 -0.111755 -0.189943 0.292246 -0.112912 -0.170593 -0.076966 -0.271386 0.294533 0.038322 0.213993 -0.151221 -0.124345 0.052290 -0.022926 0.109597 0.089987 -0.010765 -0.187182 -0.013994 0.018140 -0.160099 -0.042518 -0.149548 0.041056 0.096792 0.097192 
-0.136806 -0.119444 -0.046427 0.056531 -0.207434 -0.096971 0.105041 -0.058392 -0.033802 0.102456 -0.081346 -0.199057 -0.183236 -0.089379 0.143831 -0.219110 -0.010921 0.177872 0.008538 0.103994 -0.131477 -0.303849 -0.060544 -0.176855 -0.099281 0.054757 0.227390 -0.073338 0.019113 -0.101073 0.175802 0.295879 0.085153 -0.040779 0.303406 -0.000501 0.058048 0.021331 0.035966 0.134428 0.036044 -0.084159 -0.283047 -0.073095 0.221672 0.012651 0.220998 0.004467 -0.146590 -0.053229 
-0.159061 -0.281267 0.105284 -0.089366 -0.074901 -0.177015 -0.045856 0.262914 0.049991 -0.121942 0.063533 0.126581 -0.070528 0.188574 0.035349 -0.132495 0.074224 0.150934 -0.105825 -0.057007 -0.117106 0.082067 0.088161 -0.197793 -0.062487 -0.055806 -0.177450 -0.359933 -0.183128 -0.094204 -0.118706 -0.052610 -0.001149 -0.119025 0.043498 -0.029669 0.107432 0.013810 -0.061884 0.149025 0.193312 0.172030 0.070553 0.207434 -0.092949 -0.019679 -0.138114 -0.023272 -0.184947 0.318808 
-0.147209 -0.197728 -0.067660 0.323504 0.121288 0.120851 -0.008553 -0.109305 0.055313 -0.329591 -0.033737 0.029731 0.068008 -0.036085 0.034189 0.156128 -0.120420 0.024499 -0.094495 -0.121585 -0.135646 -0.002397 0.054404 -0.089506 0.135002 0.036879 -0.051990 -0.133572 0.321589 0.145267 0.032865 -0.143842 0.023411 0.084091 0.207715 -0.300376 -0.184028 -0.134070 0.109158 -0.084382 -0.205677 0.016703 -0.041336 0.305946 0.106775 -0.046294 0.112430 -0.093030 -0.063111 -0.016822 
-0.141896 -0.295222 0.095208 -0.062015 -0.025175 -0.033569 0.210164 -0.262356 0.154791 0.208756 0.195720 0.054689 -0.095191 -0.177568 -0.095933 -0.074198 0.002375 -0.014755 -0.188227 -0.059293 0.135209 -0.012682 -0.100312 -0.039789 -0.279520 0.108895 0.061987 -0.196723 -0.029456 -0.020987 0.174575 -0.384497 0.014482 -0.039842 -0.078183 -0.124970 -0.031555 0.104448 0.046667 -0.070978 -0.082497 0.010820 0.049480 -0.061283 -0.050657 0.029753 -0.044584 0.301464 0.225424 -0.128769 
-0.147164 0.114193 -0.017715 0.393362 0.097065 0.195243 -0.201648 0.058988 -0.078147 0.181550 0.066864 -0.174539 -0.042827 0.106677 0.128502 0.053064 -0.130032 0.055158 -0.082699 0.082734 0.180131 0.039181 0.004734 0.029607 0.020763 0.031651 -0.194530 -0.007390 0.124890 -0.246618 0.085989 0.001544 0.180826 0.076461 -0.081849 -0.072821 0.039213 0.181190 0.188051 -0.007799 0.275877 -0.041423 -0.027320 -0.073126 -0.226858 -0.134294 0.148569 0.280709 -0.033027 0.211307 
-0.122638 0.174294 -0.092282 -0.035775 0.020632 -0.085722 -0.137835 -0.193291 -0.168292 0.256901 0.108403 0.126460 -0.093439 0.151520 0.108772 -0.136443 -0.185489 -0.001595 -0.205509 -0.137738 -0.126664 0.055844 -0.029168 -0.059600 0.075901 -0.196750 -0.060821 0.027960 -0.002947 0.449735 0.176041 0.153396 0.189632 0.072103 -0.032286 -0.044983 0.129897 -0.267344 -0.041905 0.194262 -0.012801 0.096876 0.133468 0.049041 0.099440 0.039368 -0.051965 0.116288 0.194148 0.065885 
-0.135209 -0.218883 -0.063684 -0.080003 0.204732 0.249011 -0.026536 -0.040403 -0.051768 0.093883 -0.025413 0.204759 -0.114053 0.145704 0.027561 -0.183423 0.144509 -0.038254 -0.171598 0.058009 -0.204526 0.079434 -0.131851 0.305640 0.036784 0.165755 0.125897 0.217036 -0.053723 -0.111241 -0.117316 0.164486 -0.199136 0.017903 -0.056201 -0.078583 0.003032 -0.065633 0.019710 -0.001210 0.161220 -0.003419 0.041364 0.277957 -0.095859 0.196983 0.148407 0.140542 -0.163173 -0.238836 
-0.107851 0.123332 0.033491 -0.009214 -0.038494 -0.114045 0.017297 0.039470 -0.345266 -0.117152 0.108960 0.068275 0.043372 0.052196 0.213934 0.091767 -0.074874 0.059695 -0.127113 -0.009972 -0.072368 0.162506 -0.230136 -0.042868 -0.080439 -0.170454 -0.141813 0.062337 -0.145446 -0.131508 -0.120051 -0.078323 0.046424 -0.373126 0.154943 -0.112317 -0.157307 0.072635 -0.165062 -0.170731 -0.115248 -0.375507 0.155137 -0.113515 0.118587 0.015767 0.100040 0.102085 -0.073761 -0.145312 
-0.154781 0.047275 -0.287688 -0.304061 -0.106943 0.028540 -0.123329 0.033946 0.022450 0.146185 -0.054902 -0.218528 0.325128 -0.147791 0.099697 -0.026639 -0.117695 -0.067288 -0.052224 -0.049499 0.057838 0.096329 -0.097031 -0.013203 -0.139201 0.105651 0.096303 -0.003919 0.101027 -0.206362 -0.060831 -0.013014 0.230263 -0.030238 0.026655 -0.124888 -0.083759 0.033300 0.037966 -0.077484 0.128517 0.096007 0.139474 0.206098 0.047113 0.311214 0.022964 -0.305792 0.175438 0.139675 
-0.147232 0.140871 -0.211344 -0.101560 0.117745 0.099397 0.014653 0.215946 0.103239 -0.045522 0.278629 -0.042680 -0.103769 -0.177240 -0.050453 -0.133140 0.020447 0.026691 0.085811 0.065687 -0.117354 0.231854 -0.011519 0.122633 0.159897 -0.029783 0.165233 -0.238809 -0.079622 -0.040259 -0.177983 0.032982 -0.049328 0.049762 0.103958 -0.089364 -0.160978 0.025645 0.151670 0.231014 -0.043564 0.142817 0.161267 -0.227514 0.119066 -0.358255 0.156772 0.005093 0.163077 -0.104001 
-0.135427 -0.139676 0.110766 -0.109161 -0.119944 0.170449 -0.020089 -0.082143 -0.093011 -0.004715 -0.150552 0.046811 0.400161 -0.085988 -0.165336 0.024663 0.065061 -0.099988 -0.132052 0.169075 -0.195467 -0.019965 0.036393 0.173309 0.000550 -0.028821 -0.144022 -0.021146 -0.168335 -0.062491 0.157370 -0.020340 0.074915 0.304223 -0.043978 -0.136531 0.039183 -0.068769 -0.075012 0.110404 -0.164232 -0.026507 0.089284 -0.348806 0.131016 -0.020452 0.096429 0.051820 -0.254939 0.232425 
