-0.143030 -0.067883 -0.130277 0.018411 0.136565 -0.090024 -0.018606 0.062536 0.159053 -0.228985 0.233613 0.075488 0.169549 0.314478 -0.181834 -0.046179 0.163833 0.035708 -0.200560 0.045404 -0.088150 0.033985 0.037302 -0.236720 0.030765 0.039036 -0.165804 -0.171160 -0.273038 -0.084928 0.123487 0.069683 -0.106493 0.018418 0.173824 -0.101479 0.160335 -0.162562 -0.037586 -0.108569 0.096532 -0.076800 -0.059295 0.132114 0.039196 0.074023 0.255446 -0.250280 0.174838 -0.093259 
-0.137506 -0.056594 0.091741 0.093305 -0.083443 -0.389361 0.118072 0.176817 0.165161 -0.119287 -0.105375 0.074919 0.017761 -0.010509 -0.167400 -0.021310 -0.222278 0.040620 -0.173243 0.052045 -0.155865 -0.022095 0.028353 -0.186043 -0.223918 -0.150892 -0.045458 -0.117592 0.183582 0.135602 0.035112 -0.004725 0.065621 -0.014844 0.249188 0.086741 -0.121542 0.273523 -0.007468 0.103222 0.073031 0.291054 -0.102730 0.049688 -0.050845 0.160769 -0.060949 0.100405 -0.248219 0.048913 
-0.120793 0.098033 -0.038655 0.083385 0.297638 0.139881 0.117664 -0.149395 -0.053422 0.216207 -0.025469 -0.103053 -0.204037 -0.287601 -0.010695 -0.170720 -0.037562 0.235731 0.057695 0.205581 -0.044302 0.023371 -0.217799 0.049472 -0.076372 0.180655 0.055219 -0.203199 -0.174509 -0.123027 -0.101661 0.196571 0.069413 0.017910 0.138876 0.145974 -0.078574 -0.036277 -0.035396 -0.047390 0.187155 0.082996 -0.093279 0.106498 -0.204991 0.280212 0.177247 0.061078 0.031405 0.029483 
-0.145586 -0.059733 0.202803 0.029919 -0.000091 -0.063967 0.080848 -0.002916 0.258780 -0.079939 -0.133818 0.205032 0.036291 -0.276832 -0.116713 0.101060 0.036115 -0.128110 -0.146799 0.166072 0.027187 0.017856 -0.359760 -0.046153 0.093998 0.167359 -0.299736 0.183098 0.138982 -0.149410 -0.012465 -0.038652 0.022427 0.073045 -0.247205 0.115768 0.165869 -0.152567 0.149033 -0.154136 0.033574 -0.081987 -0.116255 0.089828 0.023259 0.001937 -0.240038 0.059159 0.116041 -0.053411 
-0.148009 -0.068729 -0.032721 0.175644 0.083802 0.187365 -0.025908 0.318046 0.076512 -0.070175 0.121160 0.154632 -0.131989 0.174162 -0.119894 -0.292445 0.059681 -0.138749 0.007653 0.032637 -0.107832 0.194305 0.017217 0.223335 -0.041615 0.167004 -0.108448 0.103635 -0.046632 0.080597 -0.107748 0.128489 -0.204480 -0.044299 -0.041173 -0.159326 -0.346728 -0.054236 0.025874 0.066319 -0.257226 0.003007 0.110217 -0.027939 -0.067124 0.106524 -0.157908 0.260541 0.019382 0.028908 
-0.140310 -0.134758 -0.125636 0.154637 0.045895 -0.028959 -0.222798 -0.031139 0.124183 0.087314 -0.236334 0.012191 0.037123 0.206773 0.213716 0.254809 -0.162012 0.028914 0.103689 0.162918 0.085477 0.043992 0.091189 0.287899 0.166294 0.004476 -0.089434 0.026515 -0.068979 0.001240 0.080007 0.206680 -0.082148 0.272169 0.307139 0.101931 0.048003 0.109845 -0.108066 0.021639 -0.023269 -0.080005 -0.224926 -0.040022 -0.152213 -0.061711 -0.251798 -0.092907 0.050091 -0.085594 
-0.136876 0.041984 -0.350529 -0.118081 0.118809 -0.086449 0.066574 0.106321 -0.130366 0.106623 0.129637 0.016261 -0.004352 -0.007816 -0.009395 -0.030479 -0.175195 -0.034149 0.026649 -0.136132 -0.142441 -0.059394 0.022673 -0.120464 -0.196326 0.307241 0.132755 0.076425 0.348080 0.074732 -0.011455 0.103148 0.135190 0.255924 -0.058925 0.005422 -0.171153 -0.114464 0.122984 -0.069031 -0.006040 0.088789 -0.117342 0.052669 -0.006471 -0.258429 -0.088999 -0.276690 0.214160 -0.061431 
-0.158315 0.012286 -0.078929 -0.237808 -0.202745 0.145854 0.033442 0.068917 -0.022782 -0.072257 0.309374 -0.176880 0.081838 0.080842 0.126078 0.058266 -0.075439 0.005803 -0.302712 -0.036887 -0.039728 -0.102079 -0.110396 0.232753 0.031418 -0.086606 -0.048690 0.182027 0.197562 -0.141957 -0.243838 0.084689 -0.030887 0.196539 -0.035464 0.084615 0.151228 0.123622 -0.087723 -0.052834 0.001348 0.073087 0.068539 -0.063475 -0.166739 0.208603 0.213978 0.118061 -0.111983 -0.278066 
-0.149060 -0.027125 0.126138 0.066349 0.063760 0.008804 -0.085251 -0.144231 -0.202651 0.058415 0.080435 -0.117460 -0.157637 0.342245 0.128897 0.100004 -0.097798 -0.198982 0.099723 -0.090599 0.044717 0.139753 -0.147147 -0.159815 0.101025 0.060867 -0.039216 -0.254558 -0.020644 -0.051245 0.047400 -0.251178 0.009950 0.027735 -0.190728 0.002883 0.035276 -0.047859 0.285524 0.239432 -0.016804 0.260107 -0.028068 0.120248 -0.060673 0.233608 -0.153036 -0.041523 -0.069929 -0.235351 
-0.113980 -0.003501 0.193442 0.057445 0.011619 0.043493 0.289506 0.052106 0.043022 0.251546 0.085745 -0.114399 0.015561 -0.028501 0.032272 0.041504 -0.054534 0.033895 -0.178243 -0.087679 0.018092 0.298338 0.185029 0.111360 0.281988 -0.130970 -0.040204 0.057083 0.022504 0.095428 -0.083928 -0.028864 0.082038 0.018969 0.179923 0.245655 -0.107845 -0.015216 0.271256 0.013361 -0.207040 -0.085636 -0.066627 0.288178 0.281484 -0.084346 0.208054 -0.067621 0.067801 0.088512 
-0.150580 -0.158712 -0.063034 -0.326292 0.142804 0.022154 0.096197 -0.110885 0.044016 -0.005618 -0.247877 -0.060268 -0.050570 0.064254 -0.047583 -0.194884 -0.205935 -0.142358 0.134231 0.100959 -0.065027 0.120610 -0.153804 0.083483 -0.112780 -0.327368 -0.068236 0.079632 -0.073080 -0.174582 0.104732 -0.024625 0.221010 -0.157717 0.102432 -0.281122 -0.053106 0.132668 0.194211 -0.195339 -0.107107 -0.072085 0.091845 -0.052886 -0.032193 -0.150760 0.092010 -0.040269 0.020307 -0.212175 
-0.150430 0.252335 0.098253 -0.062490 -0.047161 0.198484 -0.101670 -0.071258 0.142795 -0.032243 0.030511 -0.004368 0.200000 -0.100125 -0.107556 0.076718 -0.080341 0.070344 0.201174 -0.012080 -0.016985 -0.077339 0.060701 -0.041236 0.046067 -0.016292 0.093541 -0.088764 0.035622 0.133326 0.012989 -0.156464 0.082986 0.128178 0.158138 -0.266350 0.027042 -0.225466 -0.228189 -0.141975 -0.185421 0.126510 0.004844 0.464818 -0.061125 -0.094521 -0.076161 0.260954 -0.085760 -0.153012 
-0.122847 -0.181871 -0.167924 0.141201 0.087261 0.007381 0.288181 0.105034 0.030967 0.001974 -0.181444 -0.167349 -0.131437 0.240985 0.031763 0.046689 0.202851 0.122219 -0.020220 0.149169 0.196388 -0.264883 0.019271 -0.056776 0.127536 -0.035838 0.165988 0.199759 0.150732 0.115659 0.237423 -0.141018 0.119137 0.005167 -0.122567 -0.022197 0.051592 -0.133947 -0.013398 -0.215949 -0.187430 0.073862 0.061200 0.036985 -0.188303 0.199459 0.069763 0.009341 -0.057276 0.216236 
-0.156318 0.103761 0.035755 0.058674 -0.320410 -0.012963 0.172663 -0.034011 -0.009810 -0.052152 0.095546 -0.016783 -0.218564 0.062543 -0.088960 0.007421 -0.121088 -0.011399 0.102587 0.011080 -0.253577 -0.121279 -0.031128 0.330093 -0.162867 -0.001367 0.009884 0.053745 -0.295423 0.114783 0.222910 0.221725 0.023714 0.008128 -0.102796 0.072539 0.270116 -0.211717 0.132299 0.042211 0.100560 0.053852 0.114204 0.099381 0.059382 -0.145474 -0.071863 -0.146302 -0.236249 0.121143 
-0.143288 -0.125592 -0.128874 0.108514 -0.090443 0.022108 -0.010970 0.079115 0.136900 -0.021616 -0.100487 -0.001879 0.030238 -0.359830 0.136833 -0.049172 0.194892 -0.095973 0.103662 -0.011663 -0.167279 -0.001130 0.247328 0.038738 0.085590 -0.055854 0.150644 0.155699 0.102703 -0.103837 0.290641 0.034142 -0.023145 -0.166741 -0.008538 -0.016188 0.020206 -0.077083 0.003133 0.387780 0.119512 0.117540 0.037812 0.075553 0.027092 0.154394 0.111577 -0.033101 0.185539 -0.364905 
-0.117219 0.071781 -0.107319 0.137410 -0.003843 -0.066720 -0.269432 0.040576 -0.007527 0.009197 -0.008270 -0.255774 -0.064684 0.148487 -0.049985 -0.112421 0.266747 0.118277 -0.002110 0.111102 -0.223242 0.126667 -0.220875 -0.072750 0.050229 -0.113285 0.111748 0.272291 -0.069312 -0.273028 -0.070281 -0.152985 0.100535 0.155006 -0.034520 0.047176 -0.001744 0.162983 -0.091635 0.106083 0.131000 0.167164 -0.055556 0.118651 0.205373 -0.300982 -0.026784 0.157468 0.023500 0.181662 
-0.135751 0.063943 -0.074160 0.018705 0.176946 -0.364213 -0.083648 0.023379 0.128418 -0.142413 0.221842 -0.060980 0.125372 -0.047354 0.209485 -0.132846 -0.215247 0.110638 0.055808 -0.316002 0.304645 0.129046 -0.044374 0.236439 -0.028783 -0.020133 -0.027761 -0.006880 -0.028539 -0.019532 0.239392 -0.089607 0.026291 -0.116153 -0.135437 0.082408 0.027838 -0.059035 0.019652 -0.011429 0.135201 -0.046253 0.038606 0.048544 -0.167907 -0.078241 0.062533 0.281358 0.139545 0.168071 
-0.146536 -0.081512 0.066039 0.264678 -0.099284 -0.035479 0.067072 -0.019149 -0.219225 0.040987 0.037496 -0.035688 0.020926 -0.033776 0.222383 0.078083 0.074486 -0.019699 -0.187644 0.174725 0.267471 0.183473 0.254792 -0.144681 -0.367530 0.062163 -0.120591 -0.011566 0.026783 -0.287970 -0.123989 0.133556 0.208485 -0.098325 0.102903 -0.110015 0.082028 -0.188217 -0.075034 -0.027464 -0.029785 0.025651 0.223196 0.011115 -0.044562 -0.198769 -0.092594 0.066687 -0.079065 -0.046012 
-0.123533 0.016896 -0.121363 -0.025165 -0.215104 0.174261 -0.078900 -0.060300 0.301079 0.230175 -0.051419 0.176657 0.144753 0.171662 0.082256 -0.048055 0.074807 0.287001 -0.069887 -0.214970 -0.053307 0.078473 0.057234 -0.020498 0.068833 0.017068 0.076240 -0.152504 0.007551 -0.160777 0.059906 0.051795 0.209158 -0.177327 -0.153201 0.099897 -0.242039 -0.059623 0.038726 -0.277854 0.178544 0.034326 0.008705 -0.147746 0.156470 0.115108 -0.197737 -0.022514 -0.201217 -0.072876 
-0.137354 -0.286204 0.072036 0.100252 -0.006314 0.049152 -0.113443 -0.188254 -0.210651 0.084097 0.088750 -0.158394 -0.043716 0.077836 -0.283953 -0.113753 -0.241373 -0.194070 -0.025331 -0.106260 -0.025671 -0.094425 -0.021986 -0.067545 0.094206 -0.192316 -0.020460 0.103936 0.141596 0.105271 -0.014241 0.110297 0.084450 -0.203287 0.025651 0.163089 -0.046536 -0.223284 -0.405466 -0.037093 0.181102 -0.158664 -0.037547 0.014645 0.122242 0.108762 -0.140352 0.047422 0.148070 0.021314 
-0.145460 -0.093806 -0.061718 -0.294119 -0.016945 -0.002167 0.132340 -0.055861 0.102356 -0.205051 -0.125669 -0.142639 0.001231 0.010885 0.134731 0.013456 0.033093 -0.058626 0.298615 0.028820 0.046259 0.236835 0.142640 -0.160246 0.140755 0.131504 -0.225666 0.142372 0.038887 0.105426 -0.256671 0.050848 -0.118546 -0.014479 -0.079659 -0.030024 -0.137415 -0.164911 -0.113138 0.096932 0.302713 0.018252 -0.089655 0.035160 -0.050677 -0.044470 0.131754 -0.076168 -0.338140 0.174447 
-0.150673 -0.137608 0.014521 -0.116649 -0.085533 -0.185117 -0.286542 -0.253220 -0.131945 0.170959 0.063191 0.252194 0.110979 0.009227 0.036949 0.202838 0.126006 0.062828 -0.095874 0.168153 -0.043391 -0.011218 -0.163814 0.034032 -0.008669 0.029642 0.090309 0.136266 0.045225 0.176693 0.001616 0.083633 -0.146031 -0.181366 -0.031789 -0.042287 -0.235554 0.128602 0.104177 0.009986 0.022730 -0.064738 0.320057 0.335332 -0.178574 0.017217 0.115301 -0.113370 -0.009438 0.119792 
-0.154308 0.081456 0.144029 0.086720 0.086374 0.287581 -0.030216 -0.063744 0.315995 0.140150 -0.016247 -0.131318 0.211478 0.080800 0.213349 -0.232366 -0.073474 -0.054150 0.019871 -0.121148 0.045404 -0.102341 -0.147418 -0.284176 -0.176447 0.116966 0.020016 0.200507 0.014641 0.243267 -0.038318 0.076743 -0.016698 -0.036604 0.158109 -0.004189 0.273055 0.180858 0.091902 0.179419 0.008587 -0.073958 0.210409 -0.084035 0.015022 0.031453 -0.065717 -0.102143 0.053991 0.132241 
-0.145174 0.124758 0.027730 -0.197333 0.131059 0.296789 -0.034565 0.046458 -0.289734 -0.091885 -0.131068 0.146942 -0.016263 0.081406 -0.165934 -0.119466 0.177509 0.007113 -0.188552 0.034417 0.329533 -0.012615 0.135761 0.149689 -0.122605 0.028583 0.016774 0.061295 0.118728 0.125331 0.219547 -0.064619 -0.114272 -0.011377 0.125262 0.071407 0.074554 0.131894 0.168206 -0.001083 0.380375 0.017766 -0.156999 0.110012 0.124186 -0.061223 -0.087202 0.107473 -0.076349 -0.063989 
-0.150862 0.274437 -0.155939 -0.110078 0.106877 0.044085 0.019553 0.057606 0.008509 0.155518 0.161590 -0.017296 -0.148097 -0.193138 0.052056 0.396138 -0.032829 -0.205217 -0.089875 -0.034275 -0.027738 0.013157 0.084122 -0.093146 -0.021498 -0.167683 -0.185455 0.186866 -0.230208 0.012481 0.127282 -0.144023 -0.025036 0.061795 0.114635 -0.175513 -0.145664 0.014308 -0.046679 -0.112799 0.135678 0.120615 0.125256 -0.174796 0.114676 0.242616 -0.162699 -0.002401 0.118073 0.213101 
-0.157134 0.301787 -0.004025 -0.003306 -0.095376 -0.207209 0.005306 -0.143521 -0.092246 0.022594 -0.195362 -0.223593 -0.028158 -0.011992 0.050976 -0.028227 0.127552 -0.074809 -0.252181 0.029049 -0.169582 0.345342 -0.006553 -0.141349 0.007465 0.061048 0.187135 -0.026234 -0.043181 0.339365 0.133726 0.122725 -0.097480 0.008945 -0.133564 -0.048522 0.051774 -0.020897 -0.063988 -0.139765 -0.098569 -0.251298 -0.140999 -0.200525 -0.090585 0.010613 0.010807 0.176088 -0.007830 -0.192973 
-0.139864 0.048755 0.170879 0.017108 0.272297 -0.156950 -0.073039 0.194960 0.026597 0.044001 0.109773 -0.224274 0.065928 -0.092621 -0.074504 0.040005 0.177892 0.096286 0.073885 -0.030146 -0.007387 -0.123359 0.147683 0.102134 -0.007136 -0.221460 0.140811 0.038829 -0.055756 0.039055 -0.360686 0.072127 -0.160655 -0.305194 -0.109703 -0.052604 0.112295 0.008012 0.141104 -0.181247 0.021752 0.092420 -0.147180 0.001173 -0.137271 -0.036570 -0.295623 -0.247819 -0.039069 -0.125840 
-0.139830 -0.244123 -0.128084 -0.092764 0.076946 0.027128 -0.209346 0.110200 0.000056 0.021100 0.016421 0.158771 -0.084195 -0.170480 0.151036 -0.103180 -0.255564 0.104166 -0.182976 0.225028 0.165079 -0.040480 0.076241 -0.090158 0.082706 -0.043759 0.080868 -0.068583 -0.261038 0.273253 -0.113717 0.069506 0.102443 0.065136 -0.347860 -0.119393 0.160968 0.053971 -0.069094 0.046826 -0.108523 0.173468 -0.090701 -0.002257 0.329571 -0.018492 0.077598 0.040089 -0.036219 -0.014504 
-0.132507 0.163689 0.091023 -0.060640 -0.151056 -0.240640 0.162839 -0.032398 0.004988 0.272728 -0.060063 0.009435 -0.005599 0.049129 -0.354365 -0.170754 0.009799 0.073821 0.173305 -0.017489 0.347826 0.039726 0.070380 -0.038190 0.221324 0.055749 -0.062247 -0.000033 0.007565 -0.115428 0.026159 0.203374 -0.165905 0.189807 -0.112110 -0.092792 0.048663 0.189868 -0.159042 0.032280 -0.007645 0.213861 0.284907 -0.083825 0.050473 -0.009634 0.000012 -0.082697 0.141653 -0.104121 
-0.139830 -0.172509 -0.185523 -0.090339 -0.039782 0.030074 0.091249 -0.407529 -0.059261 -0.011447 0.093864 0.027020 -0.027230 -0.087937 -0.070749 -0.034827 0.045078 0.210302 -0.105909 -0.080142 -0.164479 -0.125530 0.124827 -0.068682 0.215599 0.033241 -0.123901 -0.087987 0.078383 -0.042518 -0.043682 0.012089 -0.197088 -0.121896 0.181707 -0.114153 0.176283 -0.044575 0.241587 0.104089 -0.154499 0.182052 -0.091465 -0.223525 -0.079420 -0.173147 -0.144665 0.283649 0.080033 0.184965 
-0.110999 0.012472 0.088006 0.258539 -0.083258 -0.021648 -0.200618 -0.106294 -0.086336 -0.005475 0.100396 0.031050 0.191821 -0.141506 -0.020863 -0.181293 0.081268 -0.461751 0.074667 -0.024553 0.006770 -0.103062 0.135124 0.085271 0.195823 0.102595 0.031419 -0.031225 0.032969 -0.066063 0.039763 0.091676 0.214688 0.115321 0.008425 -0.175585 -0.003214 0.164937 0.170998 -0.262097 0.037729 0.093611 -0.202131 -0.098060 -0.065891 0.062793 0.224844 -0.055419 -0.175783 0.219010 
-0.149839 -0.024091 0.062557 0.010754 0.055042 -0.031156 0.185413 -0.420572 0.263049 -0.219014 0.082381 0.149547 -0.116267 0.051320 -0.032396 -0.018292 0.141745 -0.076839 -0.061732 0.046925 0.059341 0.072714 0.138773 0.231363 -0.180363 -0.121468 0.320334 -0.113051 0.059532 0.014314 -0.241101 -0.176557 0.112939 0.255182 -0.088097 -0.086756 -0.052724 0.053735 -0.099037 0.144448 0.060918 -0.116569 0.007918 -0.038480 0.050158 0.101248 -0.108523 -0.123671 0.166902 0.091962 
-0.143045 0.176515 -0.104204 0.232235 0.124019 0.174212 -0.074966 -0.123387 -0.055189 -0.135705 0.060988 0.062891 -0.100632 -0.172239 -0.100134 -0.077114 0.054544 0.182742 -0.070379 -0.122568 0.039237 -0.065420 0.024962 -0.111460 0.063783 -0.271674 -0.366604 0.005924 0.021808 0.069961 0.111102 -0.036069 0.112382 0.100669 -0.196017 0.114148 -0.162935 0.130344 -0.078747 0.168748 -0.171273 -0.162339 0.029482 -0.023940 -0.239421 -0.168101 0.016762 -0.261766 -0.225455 -0.103936 
-0.136606 0.003450 -0.262612 0.001428 -0.247358 -0.218233 0.043582 0.154842 -0.085548 0.126911 0.034355 0.170869 -0.151980 -0.010810 -0.016720 -0.082934 0.182473 -0.024801 0.197370 -0.115696 0.119408 -0.175060 -0.065605 -0.075500 0.065730 0.033836 -0.063042 0.020562 -0.189675 0.145968 -0.311061 -0.178369 0.271332 -0.008769 0.221146 0.017343 0.102448 0.047630 0.121079 0.071887 0.068893 -0.360870 -0.038811 0.050483 -0.033851 0.083801 -0.055896 0.157682 0.002126 -0.161037 
-0.153278 0.020347 0.260596 -0.072069 -0.077929 -0.091929 -0.051751 -0.021750 0.066200 0.033861 0.392011 -0.097751 -0.148915 -0.013491 0.084423 -0.087728 -0.063333 0.176352 0.139708 0.387373 0.034236 -0.126219 0.028254 0.009580 0.004189 0.249721 -0.013996 0.065320 0.112418 -0.033206 0.224267 -0.286814 -0.062826 -0.123553 0.129967 -0.018260 -0.151883 0.041055 -0.071095 -0.018575 -0.070782 -0.173390 -0.138171 -0.237081 0.166267 -0.052752 0.021717 -0.099709 -0.098865 -0.126397 
-0.126035 -0.000451 -0.139619 0.069202 0.377479 -0.105330 -0.033942 -0.050239 0.110698 0.248037 -0.099157 0.168186 0.018523 0.017143 -0.161569 0.099513 -0.060857 -0.236590 -0.037491 -0.064924 -0.077091 -0.074441 0.076684 0.059834 -0.047245 0.115077 0.137846 0.011163 -0.003747 -0.123058 -0.074390 -0.233737 -0.203905 -0.004314 0.019525 0.238222 0.143169 -0.126848 -0.088434 0.017806 -0.063053 -0.050544 0.193683 -0.141401 0.092735 -0.146177 0.209935 0.100464 -0.391514 -0.113829 
-0.138072 -0.198248 0.270863 0.020052 -0.043612 0.120771 0.226521 0.110249 -0.038113 0.203297 -0.006122 0.054224 0.259537 0.063649 -0.079730 0.197174 0.057128 0.010547 -0.055642 -0.075214 -0.018550 -0.100105 -0.112404 0.032231 -0.066326 0.024657 0.034415 0.013171 -0.291800 0.123571 0.021231 -0.123404 0.101306 0.045355 -0.110481 -0.080179 -0.208101 -0.027513 -0.095672 0.179669 0.160636 0.112573 -0.199969 -0.238170 -0.265608 -0.290989 0.168774 0.095445 0.135009 -0.064752 
-0.149797 0.146900 -0.122277 -0.133179 0.074087 0.051451 0.177452 0.080979 -0.011824 -0.126288 0.131278 -0.071607 0.267545 0.044757 0.035507 0.129100 0.058496 -0.228360 0.142917 0.304091 0.044294 -0.209082 -0.047328 -0.134362 0.095186 -0.136371 0.126338 -0.298337 -0.010105 -0.110336 0.064513 0.298203 0.038583 -0.064131 -0.117790 0.260837 -0.153649 0.100045 0.065703 0.156884 -0.076412 -0.166913 0.065973 0.004294 0.104623 -0.090724 -0.128661 0.211138 0.003156 0.079229 
-0.140422 -0.045466 0.157220 0.104616 0.133417 -0.053821 0.139094 0.107454 -0.316381 -0.062459 -0.141928 0.075185 0.208132 -0.005964 0.260825 -0.151528 -0.048906 0.172052 0.086647 0.055087 -0.388010 -0.084432 0.115260 0.072369 0.139957 -0.033092 -0.148126 -0.151397 0.066805 0.055968 -0.036191 -0.194898 -0.064324 0.224307 -0.070628 -0.046482 0.047706 0.047924 -0.028299 -0.167744 0.216608 -0.119879 0.332488 -0.035456 0.101362 0.048184 -0.078246 0.026547 0.089473 0.003415 
-0.125865 -0.146100 -0.000211 -0.067315 0.026757 0.006511 0.249765 0.046438 -0.200808 0.005122 0.147218 0.273778 0.031332 -0.119383 0.241068 -0.066701 0.212729 -0.063091 0.113799 -0.230802 0.013697 0.198284 -0.333488 -0.021335 -0.002969 -0.079727 0.131693 -0.020997 -0.004312 -0.056046 0.137443 0.038132 -0.142283 -0.035773 0.138870 0.016110 0.134927 0.119688 -0.346788 -0.081676 -0.209926 0.096554 -0.168866 0.041110 0.087853 0.000142 -0.136445 -0.152428 -0.162953 0.060629 
-0.147957 -0.025659 0.034109 0.029899 0.089378 0.061089 -0.060405 -0.058209 -0.162846 -0.178201 0.004496 0.071874 0.162792 0.048859 -0.248407 0.324114 -0.001828 0.239873 0.361202 -0.065596 -0.088409 0.205253 0.121245 0.006726 -0.211268 0.150574 -0.045420 0.199881 0.001280 0.015187 -0.014061 0.070600 0.212307 -0.079712 -0.107447 0.135931 0.168494 0.191851 0.038397 -0.027847 -0.205389 -0.004068 -0.054503 -0.125726 0.141445 0.244591 0.139328 0.095438 0.086359 0.010235 
-0.137831 -0.287644 -0.010873 -0.199571 -0.117956 0.137577 -0.115611 0.169507 0.105302 -0.004580 -0.047061 -0.303197 -0.161903 -0.177186 -0.138659 0.074076 0.097364 -0.113058 -0.074603 -0.121505 -0.058061 0.080286 0.134709 0.042362 -0.041768 0.276058 -0.036876 -0.350610 -0.054228 -0.015652 0.085562 -0.175053 0.036602 -0.028154 -0.046291 0.143150 0.095021 0.308245 -0.131000 -0.108178 -0.057117 -0.081612 0.176516 0.116995 -0.151749 -0.097183 -0.091393 -0.068645 0.072860 0.129523 
-0.146004 -0.076813 -0.008761 0.162159 -0.163605 0.157477 -0.079764 0.162386 -0.068990 -0.309816 0.008084 0.029087 -0.025250 -0.178549 -0.156735 0.096947 -0.237672 0.107019 0.041324 -0.000308 0.154794 0.205244 -0.169573 -0.174214 0.187094 -0.081337 0.423425 0.005090 -0.035946 -0.046574 -0.054876 -0.069150 -0.144328 0.101950 0.189634 0.045177 -0.052156 -0.128542 0.213800 -0.085994 0.098593 -0.048754 0.207427 -0.215612 -0.095477 -0.057714 0.013417 -0.102871 -0.022032 0.007922 
-0.152121 0.072828 -0.086104 -0.191033 -0.170519 -0.053725 -0.186814 0.088664 -0.133220 0.116402 -0.200385 -0.113553 0.356745 -0.086308 -0.095745 -0.189948 0.043739 0.032295 -0.045775 0.101195 0.067994 0.030520 -0.076977 0.172456 -0.184893 -0.101289 -0.091486 -0.112360 -0.003699 -0.061557 -0.024707 -0.210132 -0.036782 0.074840 0.037379 0.072585 -0.007964 -0.345022 0.024204 0.221774 -0.241656 0.001527 -0.082704 -0.126923 0.013354 0.223257 -0.022146 -0.211218 0.007671 0.243038 
-0.136507 -0.086229 -0.143770 0.287946 -0.067131 -0.002138 0.068057 -0.058920 0.015033 -0.056118 -0.143124 -0.289410 0.025965 -0.077453 -0.006275 0.203937 0.013162 0.065017 0.005652 -0.200981 0.139213 -0.193922 -0.253946 0.135587 -0.173730 0.053516 -0.107440 -0.171865 0.086695 0.009765 -0.054888 0.050501 -0.272197 -0.018783 -0.033908 -0.316097 -0.175926 0.084709 0.055351 -0.017428 0.022986 -0.117978 -0.067855 0.064346 0.403506 0.003686 0.137923 0.009361 -0.052605 -0.070157 
-0.156918 0.143492 0.126433 -0.029707 0.038137 0.055814 -0.182495 0.232523 0.092087 0.114578 -0.018419 0.166663 -0.293843 0.095111 0.039071 0.166126 0.121770 0.015511 0.090718 0.014979 -0.049984 0.073133 -0.134215 0.070745 0.057084 -0.178897 -0.073677 -0.304382 0.431179 0.090054 -0.038137 0.137433 0.124395 -0.104897 0.031379 -0.146786 0.203131 -0.137309 -0.048946 0.085096 0.075197 -0.002898 0.015780 -0.172957 -0.005635 -0.110436 0.257091 0.007436 0.114550 0.153484 
-0.142075 0.039638 0.279296 -0.177199 0.075315 -0.130165 -0.171075 -0.067008 -0.027037 -0.304672 -0.209560 -0.016517 -0.181588 0.005187 0.165962 -0.019728 0.191233 -0.026953 -0.064584 -0.239586 0.045959 -0.285421 -0.036826 0.002716 0.034539 0.112008 -0.016713 0.036301 -0.155148 0.032399 -0.048678 0.154705 0.126279 0.057489 0.199496 0.241439 -0.235455 -0.156998 -0.013690 -0.069903 -0.180614 0.220235 0.144497 -0.112436 0.148090 -0.039804 0.065980 -0.000432 0.093606 -0.097146 
-0.138017 0.333746 -0.047533 0.039935 -0.022089 0.024092 0.118657 0.048452 -0.111134 -0.170646 -0.220652 0.100276 0.012762 0.103854 0.026164 0.042463 -0.273643 -0.013369 -0.225962 -0.019309 -0.043684 -0.082746 -0.010837 0.104118 0.259634 0.278782 0.092285 0.055947 -0.043251 -0.198065 -0.133578 -0.101720 0.113042 -0.421519 -0.006995 -0.150835 0.023907 0.137071 -0.198117 0.164571 -0.046695 -0.022623 -0.064609 0.077163 -0.034196 -0.013104 -0.005227 -0.179590 0.072813 0.107703 
-0.153677 0.127167 -0.048619 0.110765 -0.282829 0.115776 -0.003231 -0.053272 0.025485 0.011722 -0.103238 0.158378 -0.125279 0.079209 0.161654 -0.086006 -0.107834 -0.111857 0.163860 0.058653 0.007870 -0.090643 0.134909 -0.144683 -0.228020 -0.177829 -0.057717 -0.011932 -0.035463 -0.058278 -0.119701 -0.162100 -0.366548 -0.105638 -0.128542 0.290248 -0.027354 0.071483 -0.015447 -0.270977 -0.056614 0.109272 -0.175997 0.078519 -0.080154 -0.076695 0.206660 0.025292 0.297618 0.028153 
-0.130005 -0.060666 0.271183 -0.167783 0.024485 -0.024265 -0.080102 0.111029 -0.037615 0.104892 -0.077585 0.068587 -0.166303 0.018542 0.024141 0.010158 -0.107071 0.110895 -0.037996 -0.229325 -0.065151 -0.156219 0.183396 -0.219190 -0.074159 -0.059027 0.155920 0.090204 -0.042473 -0.386888 0.090549 0.166959 -0.136851 0.219723 -0.111258 -0.179305 -0.010671 -0.015940 0.067865 0.123978 -0.055857 -0.368038 -0.179317 0.133939 -0.071240 0.127977 0.017042 0.099213 -0.094065 0.166949 
