-0.140855 0.274088 0.080760 -0.218820 -0.011547 -0.222043 0.123144 0.202865 -0.049194 0.035442 0.058444 0.030398 0.090293 0.093085 -0.122496 -0.050337 -0.093701 -0.104819 -0.136661 -0.082698 -0.042945 -0.057497 0.009874 -0.211897 -0.004128 0.059458 -0.212204 -0.072845 0.091068 0.123011 -0.117769 0.006161 0.265237 0.005039 0.120579 0.106687 0.087964 0.044054 0.206001 0.124393 0.220644 0.163277 0.199627 -0.086949 0.179415 0.289270 -0.042322 -0.269137 -0.053449 -0.190425 
-0.159943 0.071020 -0.047202 -0.151337 -0.019836 -0.374906 -0.099642 0.008137 0.128059 0.279455 0.037192 0.080913 -0.128421 -0.071398 0.129158 -0.171533 0.104744 -0.074608 0.019427 -0.048120 -0.149667 -0.289945 0.051431 -0.213200 0.158699 0.011224 0.112366 0.014986 0.098911 0.092776 -0.052789 0.107282 -0.060795 -0.270968 -0.017245 -0.207624 -0.108833 -0.074356 0.144537 -0.134645 -0.242895 -0.054567 -0.316074 0.083815 -0.076761 -0.067954 0.065440 -0.011066 -0.132393 -0.016417 
-0.133239 0.115987 0.078966 -0.126395 -0.131046 0.162251 0.049008 0.144081 -0.035870 -0.253094 -0.036241 0.048889 -0.117168 -0.087231 -0.138737 -0.381702 0.104696 0.177803 0.206578 0.171203 0.147215 -0.075363 -0.000517 -0.049445 -0.031586 -0.037139 0.082662 0.042289 -0.006927 -0.051175 0.012289 -0.142026 -0.148388 0.158310 0.175924 -0.183350 -0.197731 -0.329563 0.181726 -0.126190 0.284528 -0.048765 -0.049138 -0.036432 -0.172058 0.100896 -0.060821 -0.043513 0.032766 0.066474 
-0.132093 0.001899 -0.072575 -0.088071 -0.151962 0.001305 0.262958 -0.013383 -0.255048 0.100028 -0.086350 0.063943 -0.034873 -0.147150 -0.218752 0.380301 0.092932 0.027380 -0.045536 -0.292642 0.018506 0.101831 -0.149574 -0.026908 0.056387 -0.239895 0.125747 -0.070617 0.081907 -0.033618 0.114195 -0.100137 0.055634 -0.089619 0.022460 0.093061 0.028331 -0.149856 -0.075986 -0.280435 -0.061522 0.144575 -0.129262 0.185062 -0.143507 0.244635 -0.191704 0.048567 0.050089 0.078360 
-0.139912 -0.222552 0.026034 -0.239725 -0.088302 0.104358 0.216166 -0.247275 -0.024281 0.108665 -0.121760 0.100734 -0.323335 0.169840 0.115925 0.095385 -0.168777 -0.131030 -0.149625 0.067851 -0.071409 -0.119145 0.129398 -0.139493 -0.160627 -0.048283 -0.079290 0.157796 -0.178524 0.072961 -0.043029 -0.117464 0.016331 0.132748 -0.100533 -0.041839 -0.078132 -0.186345 -0.099877 0.145351 0.111728 0.048015 -0.155946 0.029870 0.147451 -0.006222 0.219038 -0.000340 0.313516 -0.053455 
-0.133864 -0.201010 0.106129 -0.202537 -0.051057 0.212441 0.171969 0.016184 0.192733 -0.045928 -0.205672 -0.089085 0.213204 -0.280922 -0.062481 0.054682 0.087572 -0.253533 0.114636 -0.025439 0.050147 -0.008594 -0.020131 -0.036016 -0.110999 -0.057894 -0.103572 0.042252 0.056093 0.034886 -0.159362 0.193902 0.035779 -0.110244 -0.099066 -0.216142 0.289042 -0.126455 -0.189138 -0.130634 0.027056 -0.189466 0.077403 -0.206746 -0.013781 -0.124750 0.033963 -0.125193 -0.218988 -0.131336 
-0.132672 -0.121849 0.052465 -0.022044 -0.161471 -0.194521 0.098312 0.047631 0.201224 -0.005028 0.005247 0.114673 0.160951 0.067433 -0.149387 0.020500 -0.166913 0.452225 0.105858 -0.034257 0.036292 -0.107136 -0.086600 -0.008367 0.017573 0.059447 0.094621 -0.014054 -0.156322 -0.211241 -0.242393 -0.169669 0.003836 -0.079777 -0.019521 0.276715 0.154459 -0.020219 -0.026223 -0.074212 -0.081674 -0.110543 0.049749 0.105447 0.048806 -0.240869 0.169704 -0.293889 0.103533 0.119628 
-0.143660 -0.085261 0.186640 -0.034483 0.153035 -0.222786 -0.190063 0.109186 -0.045712 -0.112516 -0.264481 -0.032740 -0.073331 -0.009281 -0.055699 0.222888 0.063678 0.272705 0.171725 -0.011044 -0.186008 0.066097 0.195553 0.043057 0.161846 0.162891 -0.202577 0.120426 0.075686 -0.011981 0.103922 -0.177472 -0.068001 -0.012110 -0.026893 -0.239143 -0.028087 -0.064237 -0.164654 0.001593 -0.023736 -0.075193 0.030277 -0.024784 0.362849 0.048571 -0.278092 0.068232 0.055786 -0.076411 
-0.129684 -0.083114 0.050672 0.256841 0.393246 0.027604 0.008929 -0.133106 0.008739 -0.090106 0.102692 -0.125707 -0.084972 -0.252091 -0.104754 -0.041023 0.028328 -0.036262 -0.193166 0.132196 0.243325 -0.264266 -0.079120 -0.103886 0.214150 0.134446 0.046835 0.104538 -0.156461 -0.007055 0.020379 -0.198564 0.074807 0.035207 0.027416 0.074193 0.228224 0.066701 -0.109993 -0.022512 0.108168 0.020354 -0.249372 0.160952 -0.036813 0.106011 -0.061049 -0.110469 -0.058853 -0.240227 
-0.131694 -0.104782 0.322774 0.012800 -0.150984 -0.097823 0.140731 -0.021395 0.263553 -0.175384 -0.098487 -0.184054 0.101134 0.158061 0.065593 0.070759 0.265893 -0.090316 -0.209478 -0.024484 -0.010925 -0.060839 -0.154370 -0.142639 0.054804 0.102944 0.212830 0.002376 0.011042 -0.038510 0.194863 0.112803 -0.022242 -0.045556 0.001855 0.039371 -0.074420 0.201758 0.188499 -0.087897 0.236437 0.161978 0.038351 -0.017488 0.027054 -0.248236 -0.152814 0.197810 0.201558 0.029104 
-0.152080 0.009356 -0.174180 -0.146040 0.119899 0.188051 -0.178461 0.004525 0.007979 0.022163 -0.177810 0.080547 0.004634 -0.154166 0.042434 -0.112709 -0.063923 0.319831 -0.228041 -0.194493 0.094754 0.150374 -0.116946 0.020725 0.018476 -0.101706 0.120586 0.140010 0.323086 -0.110646 -0.113194 0.042788 0.135785 -0.177088 -0.104961 -0.033831 -0.007803 0.009240 0.066920 0.406451 0.169476 0.132607 -0.118285 -0.022995 -0.034032 -0.184249 -0.030136 0.096163 0.022153 -0.100938 
-0.126684 0.121152 -0.165167 0.035796 0.139715 -0.026527 -0.003561 0.046562 -0.182227 -0.058441 -0.042878 0.075412 0.026260 -0.027439 -0.147386 -0.047426 0.152060 -0.314049 0.246915 -0.094603 -0.094248 0.082662 -0.090590 -0.082192 -0.024440 0.228223 0.367478 0.124236 -0.073753 0.192680 -0.022012 -0.149322 0.118284 0.008267 0.242588 0.040653 -0.028596 -0.119771 -0.195411 0.170532 -0.124445 0.143200 0.129260 -0.057440 0.082574 -0.337974 0.048056 -0.055586 0.119057 0.065475 
-0.131822 0.137021 0.073754 -0.241973 -0.017589 0.032662 -0.103302 -0.238836 -0.059113 -0.122055 -0.110162 -0.076618 0.185434 0.295820 -0.051379 0.091796 -0.103817 -0.019214 0.008603 0.305802 0.125285 0.098231 0.037349 -0.174691 0.173594 0.188221 0.207645 -0.117863 0.146207 -0.051228 -0.072442 0.171637 0.077778 -0.016772 -0.003965 0.195764 -0.148576 -0.060474 -0.259789 0.091312 -0.110491 -0.266344 -0.102011 0.012439 -0.156220 0.204761 -0.038926 0.077506 -0.059844 -0.027604 
-0.128649 -0.066106 0.045534 0.157940 -0.196881 0.111738 0.173174 -0.048588 0.205203 0.102694 0.079725 -0.106092 -0.201524 0.026727 -0.235667 -0.127557 -0.030684 -0.125738 0.299608 -0.051064 -0.000716 -0.179711 -0.062580 0.229857 0.264440 -0.035949 -0.076670 0.130441 0.171890 0.115848 -0.007389 0.016200 0.194707 -0.035960 -0.114438 0.147667 0.024306 0.021165 0.086991 0.325227 -0.047491 -0.155465 0.005830 0.020607 0.101750 0.137749 -0.142126 0.165120 -0.002738 0.239427 
-0.153743 0.048239 0.028086 0.198763 0.052307 -0.213252 0.236513 0.082954 0.097558 0.034112 -0.053338 0.090981 -0.031334 0.040568 0.081948 -0.115796 -0.060459 0.131203 0.038079 -0.064525 0.274765 0.076102 0.207680 -0.089970 -0.119737 -0.242429 0.192056 0.304917 -0.003048 0.251588 0.077411 0.121020 -0.230496 -0.063860 -0.071850 0.049389 -0.082242 0.116891 -0.240687 0.038721 -0.019693 -0.037071 0.326745 0.067003 -0.096141 0.146588 0.017802 0.079209 -0.038617 -0.189082 
-0.138291 -0.167497 0.160200 -0.055713 0.148100 0.221627 -0.080640 0.403143 -0.109779 0.021485 0.119130 -0.071367 0.115930 -0.048966 -0.010492 -0.031626 0.007414 -0.116951 -0.048530 0.004075 -0.069760 -0.165690 0.179087 0.044832 -0.136951 -0.023160 0.055528 0.015615 -0.168370 -0.255970 -0.048055 0.199208 0.158697 -0.169978 -0.073443 -0.012621 -0.315807 0.015673 -0.101942 0.059721 -0.043655 0.049352 0.097423 0.416049 0.050587 0.081305 -0.029518 -0.052908 0.028549 0.141727 
-0.146976 -0.194344 -0.280248 0.016692 -0.319916 0.050789 -0.165389 0.140316 -0.009995 0.089370 -0.011324 -0.175480 0.081573 -0.044962 -0.040792 0.038744 -0.078752 -0.035326 -0.059621 0.044137 -0.075724 -0.165957 0.110888 -0.233223 -0.132002 0.102733 0.058456 0.212388 0.161278 -0.194841 0.299784 -0.097192 -0.236558 0.213803 0.075444 0.163538 0.059329 0.099079 -0.065761 0.090323 -0.029545 0.132303 -0.046536 -0.141496 0.048631 0.080093 -0.002351 -0.073549 -0.291292 0.082124 
-0.150112 0.338473 -0.039770 0.109981 0.092921 0.329898 0.120915 -0.019615 -0.023015 0.146822 -0.034115 0.204354 0.034304 0.179710 -0.044559 0.153134 0.021584 0.033179 0.004997 0.098064 0.081090 -0.152607 -0.034115 0.151128 0.004732 -0.077987 -0.037229 0.113744 0.020550 -0.087688 0.048658 0.209703 -0.197905 -0.137967 0.262774 0.090752 -0.071342 0.061636 0.055719 -0.183316 0.040614 -0.055618 -0.169984 -0.067537 0.442603 -0.137163 0.034000 -0.012988 -0.102311 -0.084190 
-0.146773 -0.181435 -0.132111 0.123970 0.163684 -0.026939 -0.193514 -0.046730 -0.075025 -0.228425 0.148893 -0.070418 0.265291 0.222269 -0.064621 0.053334 -0.181686 -0.045399 0.147212 -0.061408 -0.089185 -0.161905 -0.230236 -0.187172 0.120317 -0.422727 0.105661 -0.045381 0.003754 0.001757 -0.067563 0.017690 -0.081863 -0.002718 -0.043154 -0.233724 0.077206 -0.086052 0.114969 -0.021841 0.025594 0.036151 0.070258 -0.094278 0.157127 0.167235 0.201338 0.166623 0.113196 0.000702 
-0.155048 0.052553 0.026395 0.015900 -0.045571 -0.086467 -0.068697 -0.037491 0.045195 0.264228 0.338122 0.042143 -0.098204 0.102517 -0.267117 0.160697 -0.060904 0.056963 -0.073771 0.200460 0.012169 0.174473 0.061038 0.049905 0.117390 0.006919 0.035032 0.122677 0.105016 -0.084926 0.076219 0.105427 0.242846 0.253418 -0.021105 -0.338221 0.073504 -0.051044 -0.089924 -0.141557 0.212988 0.059970 0.175189 0.138507 -0.107174 -0.251451 0.136902 0.077947 -0.154137 0.018210 
-0.156741 0.097493 -0.048679 0.094307 -0.077068 0.023607 -0.013629 0.005376 -0.008507 -0.297784 -0.005327 0.232971 -0.033195 -0.024467 0.188950 0.042219 0.050830 -0.066752 -0.007146 0.350466 -0.311213 0.200949 -0.262665 -0.074401 -0.167921 -0.030291 -0.117552 0.316729 0.045658 0.058535 0.066544 -0.174763 0.148785 -0.210790 -0.175554 0.077569 0.078147 0.087724 0.123577 -0.081125 -0.011166 -0.118680 0.018184 0.228514 -0.038205 0.059797 0.046528 -0.018578 -0.149711 0.067275 
-0.127500 -0.105501 -0.064992 -0.049035 0.042131 -0.087293 -0.022328 -0.238916 0.032760 -0.174691 -0.024754 -0.055910 -0.149604 -0.196921 -0.032826 -0.388509 0.052417 0.075896 -0.199374 -0.032886 -0.226464 0.175280 0.096438 0.065195 0.098209 -0.219444 0.021383 -0.026960 0.003441 -0.074323 0.104785 0.252161 0.225961 0.107833 0.204911 0.176599 -0.049518 0.082031 -0.174625 -0.253941 -0.085961 -0.020908 0.048677 -0.122213 0.241725 0.071601 0.093667 -0.088319 0.043853 0.138965 
-0.156091 -0.009741 -0.175326 -0.090907 0.120962 -0.030581 0.151029 -0.062014 -0.081707 0.178963 -0.202233 -0.355822 0.171249 -0.119324 -0.045636 0.027092 -0.171989 0.173198 -0.097413 0.187915 0.001997 0.001239 -0.008120 0.188525 -0.120260 0.047019 0.157352 -0.108919 -0.260446 0.274943 0.219841 -0.101736 0.139924 -0.029863 -0.075080 -0.059874 -0.134885 -0.051865 0.350839 -0.012157 -0.064145 -0.134182 0.102272 -0.027414 0.083021 -0.034895 0.029839 0.073286 -0.153623 0.034837 
-0.141127 -0.004903 -0.004196 -0.183652 0.178753 0.155348 -0.133214 -0.072484 -0.006768 0.066126 0.247335 -0.131855 -0.167476 -0.020172 -0.204693 0.023403 -0.150912 0.122572 0.118007 0.063314 -0.052020 0.107911 -0.003206 -0.198339 -0.211740 0.073288 -0.115842 0.057550 -0.050080 0.209497 0.052723 0.234998 -0.222965 -0.189519 0.049031 0.026158 0.213016 0.196290 0.087366 -0.059059 -0.058450 0.021242 -0.005937 -0.065660 -0.168289 -0.037015 -0.264892 -0.101678 0.316016 0.174799 
-0.137208 -0.223729 0.053977 0.146193 -0.120102 -0.060882 -0.196822 -0.064671 -0.286169 0.162321 -0.061689 0.139463 0.102065 0.114438 0.112848 -0.010549 0.092884 -0.079246 -0.101853 0.156716 0.186977 0.021072 0.012351 0.135587 0.288776 -0.105028 -0.136625 0.150827 -0.184863 0.059690 0.005604 0.031801 0.031376 -0.229081 -0.054854 0.053353 -0.101286 -0.118029 0.031379 -0.002866 0.080744 0.126169 0.090439 -0.338645 -0.163718 -0.046527 -0.159356 -0.305916 0.013089 0.146998 
-0.148273 0.027316 -0.010944 -0.099103 0.344968 -0.108390 -0.010178 -0.130655 0.088935 0.104103 0.248114 -0.009302 0.097772 0.059591 0.160813 0.001135 0.145150 -0.112100 0.091263 -0.177575 0.063055 0.043669 0.113104 0.088493 -0.218954 -0.005070 0.038354 -0.088306 0.210059 -0.034500 0.041563 -0.270704 -0.061990 -0.005975 -0.254220 0.195596 -0.091271 -0.062806 -0.080903 -0.118143 0.363414 -0.146842 -0.070322 -0.120885 0.073804 0.017276 -0.008408 -0.061173 -0.083219 0.305380 
-0.157134 -0.122799 0.089397 0.052452 0.104517 0.023248 -0.134824 0.208675 0.048267 -0.037493 -0.241769 0.050550 -0.204467 0.125767 -0.049906 -0.044953 -0.135500 -0.234373 -0.140868 0.128299 0.034108 0.180957 0.144645 0.204134 0.058885 -0.025233 0.202292 -0.200145 0.212055 0.129785 -0.195948 0.003848 -0.257068 0.147879 -0.106711 0.158019 0.261453 -0.125521 0.228390 -0.130545 -0.100256 0.158129 0.005615 0.173765 0.065970 -0.028594 -0.008296 -0.065380 -0.059514 0.045324 
-0.124133 0.019255 0.088672 -0.176132 -0.112848 0.129265 -0.285583 -0.092626 -0.041733 -0.093470 -0.087194 -0.004382 -0.345698 0.109805 0.150224 0.051696 -0.158556 -0.064920 0.049615 -0.324736 0.273672 -0.115593 -0.215764 0.070257 -0.016537 0.062009 0.104918 -0.034335 -0.076572 0.016323 0.014441 -0.158293 0.100416 0.005217 0.066290 -0.173748 -0.072659 0.357692 -0.007998 -0.161566 -0.046109 -0.122555 0.217189 0.032444 0.019362 0.031987 0.029671 -0.129571 -0.191946 0.027709 
-0.096441 0.155766 0.050943 0.219379 -0.005823 0.011413 -0.066321 0.007999 0.260484 0.038649 0.089897 -0.130281 -0.174473 0.015855 -0.140998 0.095627 -0.007087 -0.142062 -0.217859 0.050709 -0.018574 0.082804 0.071804 0.022845 -0.220837 -0.117446 0.102022 -0.024361 0.042855 -0.354621 -0.033782 -0.262148 0.074206 -0.194257 0.052996 -0.078399 -0.105750 -0.158632 0.078298 0.032353 -0.284795 -0.142830 0.117338 -0.317630 -0.076098 0.071834 -0.079252 -0.059640 0.182224 -0.192154 
-0.135870 0.269908 -0.075783 0.002562 -0.043142 -0.015965 0.141305 0.216926 -0.164641 -0.201783 0.074208 -0.134669 -0.041427 -0.031710 0.130456 -0.113102 -0.351379 -0.104759 -0.255397 -0.157401 0.058818 -0.051270 0.044392 -0.065028 0.229719 0.103198 -0.259923 -0.003238 -0.062074 -0.071474 0.057567 -0.050118 -0.097214 -0.112847 -0.097880 0.043765 0.108395 -0.179724 -0.152191 -0.108397 -0.026068 -0.112470 0.067571 -0.070081 -0.051893 -0.258473 0.001414 0.296088 0.027795 0.184111 
-0.125314 -0.058030 -0.085642 0.001742 -0.057464 -0.099669 0.010705 -0.156523 -0.179459 0.098299 -0.120743 0.064638 0.102819 0.337720 -0.216904 -0.412951 0.167624 -0.055024 0.018789 -0.049059 0.106696 0.061359 0.061434 0.028032 -0.286946 0.031242 -0.145433 -0.051595 -0.188996 -0.220920 -0.075618 -0.103013 0.056391 -0.083706 -0.049073 -0.100175 0.249038 0.131025 -0.017879 -0.038530 -0.067884 0.064736 -0.090746 0.094888 0.033812 -0.004498 -0.185191 0.298513 -0.108885 -0.072476 
-0.133304 0.044364 -0.182549 0.189554 -0.012419 -0.200267 0.160040 -0.029360 0.049262 -0.111357 -0.044272 -0.077643 -0.206766 -0.062344 0.162794 0.136849 -0.032143 0.104085 0.038726 0.173799 0.068604 -0.083296 -0.171564 0.124687 -0.209126 0.244492 0.049244 -0.158215 -0.015718 -0.109809 -0.275563 0.248740 -0.003277 -0.098679 0.011495 -0.202131 0.004754 -0.042139 -0.174253 0.057038 0.084252 0.333314 -0.009336 -0.134022 0.049550 0.211301 -0.012997 0.027178 -0.082090 0.266761 
-0.146173 -0.241509 -0.171217 0.172102 0.072750 -0.033902 0.166167 0.266732 0.110131 -0.069987 -0.021734 -0.043212 -0.005944 0.232215 0.012997 0.027065 0.065425 0.003431 -0.066943 -0.029923 0.211946 0.240285 -0.086818 -0.129772 -0.034378 -0.059243 -0.290817 -0.214545 0.130993 0.157937 0.106942 -0.027202 0.097222 0.058252 0.271484 -0.158985 -0.164008 0.084655 -0.051563 0.112418 -0.090400 -0.197000 -0.276763 0.081183 -0.055786 -0.112861 0.054346 -0.188800 0.005591 0.099144 
-0.133341 0.264185 -0.088468 0.109848 -0.241601 0.151847 0.001911 -0.018537 -0.021171 0.073803 -0.040364 -0.364777 0.219205 0.018334 0.227775 -0.078213 0.029224 -0.001700 0.122865 0.013608 -0.030786 0.103934 0.257979 0.122386 0.127694 -0.020190 0.054544 0.066633 0.102522 0.060978 -0.138232 -0.164072 0.062809 -0.019102 -0.052353 -0.199855 0.113791 0.233634 -0.081748 -0.141603 0.045657 0.123301 -0.160985 0.124927 -0.001761 0.081234 0.112040 -0.198325 0.332662 -0.027534 
-0.155275 0.074681 0.169245 0.081726 0.194415 0.032653 0.136772 -0.061755 -0.009979 0.196766 -0.102586 -0.126272 0.067819 0.049802 0.105205 -0.159608 -0.186574 -0.004989 0.154099 -0.068716 -0.180339 0.056094 -0.392695 -0.027273 -0.002004 -0.002579 -0.170553 0.097298 0.058816 -0.150745 -0.066672 0.042106 -0.066099 0.381708 -0.184948 0.048390 -0.266596 -0.015056 -0.039616 -0.097107 -0.200196 0.187516 -0.014455 -0.028079 -0.136082 -0.088838 -0.170221 -0.130390 -0.044029 -0.142568 
-0.157811 0.012247 0.074328 0.160851 -0.105573 0.066800 0.025165 -0.104260 -0.135930 -0.176301 0.182125 0.078770 0.135761 0.052898 -0.046125 0.088533 0.098030 0.122785 -0.343390 -0.255696 -0.263129 -0.128195 0.128478 0.124349 -0.120034 0.078174 0.098343 0.112460 -0.044600 0.255410 -0.346924 0.058223 -0.077251 0.262277 0.031244 -0.116569 -0.040144 0.014976 0.049846 0.078309 -0.064734 -0.229952 -0.094317 -0.054984 -0.099698 0.000214 -0.191866 -0.037255 -0.127969 0.060005 
-0.138217 0.118707 -0.101589 -0.229394 0.090321 -0.069762 -0.087661 0.073782 0.329622 -0.072463 -0.037536 0.197978 0.192051 0.115191 -0.007569 -0.014707 0.006371 -0.075393 -0.103903 -0.100720 -0.055740 -0.090184 -0.131331 0.460795 0.024695 0.086194 -0.039000 0.093423 -0.164082 -0.007745 0.363609 0.075886 -0.079839 0.093263 0.047183 -0.093748 0.162836 -0.084204 -0.110118 0.106300 -0.070565 0.058031 -0.063460 0.027123 -0.211855 0.211673 0.068192 -0.071854 0.162238 0.000639 
-0.131265 0.055888 -0.146413 -0.128344 0.253612 0.099322 0.105616 0.184590 -0.026609 -0.002487 -0.136135 0.072647 -0.122955 0.086122 0.182365 0.166856 0.306568 0.135173 0.104166 0.123251 -0.023464 -0.252330 0.203256 -0.080761 0.102033 -0.157043 -0.037993 -0.015209 -0.025187 -0.112528 -0.094897 -0.024836 0.224860 0.252622 -0.009553 0.109580 0.168816 0.203517 0.110078 -0.029494 -0.159832 -0.001307 0.132528 -0.213328 -0.261616 -0.042591 0.029156 0.158345 0.041861 0.090612 
-0.126035 -0.204338 0.053117 -0.076712 -0.058841 0.019244 0.196043 0.229588 -0.227271 -0.129321 0.311532 -0.009640 -0.178439 0.114727 0.045999 -0.038379 -0.043786 0.079365 0.178893 -0.022246 -0.182826 0.120696 0.012816 0.228468 0.059339 0.110345 0.196103 -0.130731 -0.035525 -0.029516 0.129284 0.041531 0.012948 -0.143723 -0.141904 0.073852 0.017517 0.122044 -0.023809 -0.002352 0.048703 0.016200 -0.216590 -0.274634 -0.058438 -0.009647 0.116528 0.000021 -0.091260 -0.423211 
-0.142584 0.060422 0.256751 -0.086143 0.001963 -0.086137 0.007926 -0.015436 -0.067084 0.154572 0.098901 -0.214482 -0.054223 -0.065613 0.307097 0.067705 0.116241 -0.017531 0.075987 -0.061634 -0.009839 0.323693 -0.077916 -0.024056 0.079375 -0.151011 0.049552 0.079618 -0.278967 -0.208374 -0.061023 0.035568 -0.172033 0.061124 0.325211 0.031146 0.251836 -0.105872 0.119434 0.320815 0.018660 -0.127680 -0.045645 0.092809 0.038993 0.075006 0.064522 0.051512 -0.155026 0.091472 
-0.143181 -0.047398 -0.267089 -0.116172 0.007264 -0.121107 0.176572 -0.292781 -0.094504 -0.269986 0.129346 0.045702 0.030293 -0.162006 -0.062968 0.112807 0.105812 -0.154946 0.082777 -0.044575 0.191417 0.083268 0.171093 0.066411 0.140171 0.125067 -0.150541 0.034252 0.068325 -0.263175 -0.014804 0.102119 -0.227129 0.049592 -0.122425 -0.058763 -0.169647 0.091107 0.329607 0.107734 -0.137288 0.006657 0.166977 0.167383 0.035121 -0.073044 0.043140 -0.146601 0.060872 -0.114319 
-0.119979 -0.136251 -0.221626 0.243622 -0.029183 -0.052898 -0.044432 -0.000996 -0.056778 0.205861 -0.157348 0.191690 0.012300 -0.103039 0.197849 -0.014971 -0.197319 -0.114540 0.111483 -0.057183 -0.165198 -0.044266 -0.003978 -0.012667 -0.020495 0.169384 0.079115 -0.144160 0.037559 -0.156290 0.024935 0.160934 0.063758 0.060405 0.179827 0.034239 0.077165 -0.007313 0.087398 -0.081211 0.333084 -0.384713 0.130503 0.093881 -0.113161 0.040416 -0.192630 0.045146 0.247297 -0.170336 
-0.143724 0.008786 0.059670 0.050592 -0.064625 -0.054972 -0.166938 -0.133268 0.223201 -0.216245 0.043226 0.051639 0.097954 -0.091850 0.107144 0.157091 -0.293240 -0.055538 0.263148 -0.072342 0.067972 0.004846 0.308864 0.053689 -0.135184 -0.143875 -0.123515 -0.016766 -0.123894 0.088341 -0.012173 -0.001072 0.244070 0.002465 0.222949 0.179012 -0.103274 -0.087803 0.088287 -0.046528 0.015357 0.285574 -0.209772 0.023270 -0.124905 -0.157810 -0.147433 0.160114 -0.154729 -0.113607 
-0.138863 0.113519 0.133214 0.064822 -0.036406 0.146669 0.125236 -0.217209 -0.002656 -0.009370 0.006722 0.188197 0.017233 -0.057614 0.055116 -0.071082 -0.042133 0.053515 -0.004083 0.117553 -0.224001 -0.141611 0.099071 -0.079337 0.070450 -0.195810 0.029320 -0.517493 0.028316 0.001669 0.245908 -0.150979 -0.139463 -0.085208 -0.014507 -0.156923 0.079513 0.083117 -0.171189 0.288453 -0.003647 0.109235 0.163763 0.096114 -0.045371 -0.138687 -0.133140 -0.168327 -0.131183 0.047109 
-0.142301 0.165435 -0.131778 0.155099 -0.036397 0.022216 -0.235989 -0.013770 0.080763 -0.007379 -0.226371 -0.213044 -0.187218 0.049490 -0.282388 0.092526 0.237036 0.010202 0.037608 -0.153796 -0.211738 0.025543 -0.002427 -0.044414 0.038724 -0.032518 -0.210206 -0.145297 -0.247195 0.060127 -0.070671 0.097732 -0.156695 -0.075947 -0.148059 0.197853 -0.152768 -0.018079 -0.068287 0.046732 0.269229 -0.019752 0.033263 0.067231 -0.188625 -0.027820 0.294832 -0.014167 -0.098163 -0.121616 
-0.145526 -0.102127 0.256653 0.233789 0.065988 0.242041 0.003411 -0.158532 -0.051574 0.070170 -0.005879 0.088532 0.076481 0.025191 0.083991 -0.052402 0.077135 0.176278 0.025735 -0.216335 0.023899 0.027873 0.102221 -0.120867 -0.041882 0.386074 -0.116086 -0.029185 0.183026 0.041609 0.174337 0.032307 0.082831 -0.106482 0.076987 0.007689 0.082118 -0.220510 0.163049 -0.075956 -0.176982 0.129855 0.138106 -0.016364 -0.081098 0.178613 0.396009 0.092465 -0.000688 0.045384 
-0.162643 0.074088 0.112299 0.064950 -0.060314 0.047096 -0.049866 0.133942 0.108897 0.113299 -0.027406 0.365945 0.124814 -0.320419 -0.144257 0.011301 -0.091853 -0.096386 0.000057 0.014515 0.089319 0.259036 0.017508 -0.177889 0.103402 0.090229 0.050991 -0.123397 -0.267031 -0.009800 -0.051391 -0.049058 -0.039260 0.154469 -0.212602 -0.080365 -0.127066 0.309030 0.041655 0.022555 -0.022411 -0.011736 -0.188386 -0.229240 0.109800 0.153179 0.113068 0.176281 0.076302 0.153275 
-0.149891 0.142802 -0.038561 0.067018 -0.226797 -0.004167 -0.240335 0.066650 -0.055091 -0.017716 0.173396 -0.006182 -0.044925 -0.078919 0.171051 0.008374 0.241642 0.103110 0.034559 0.013199 0.260316 -0.062001 -0.121895 -0.078802 -0.172077 -0.049300 -0.007386 -0.184309 -0.056302 0.119933 0.165048 0.207405 0.142529 0.226304 -0.322145 0.105383 0.125281 -0.263594 -0.032476 0.042157 -0.159781 -0.073029 -0.018141 0.057852 0.262333 -0.080162 -0.117321 -0.052623 0.155885 -0.156505 
-0.163048 -0.010461 0.270245 -0.045736 -0.069983 -0.245168 -0.115082 0.005246 -0.297021 0.043623 -0.017659 -0.033008 0.067190 -0.257672 -0.098709 0.028200 0.015246 -0.064090 -0.026745 0.194280 0.073912 -0.210323 -0.140371 0.262104 -0.228814 -0.108457 -0.177469 -0.064731 0.289170 0.062552 -0.046747 -0.070676 -0.100973 0.034034 0.185916 0.100804 -0.051033 0.189609 -0.087205 0.070261 -0.025982 -0.062682 -0.010557 -0.014387 -0.099477 -0.088767 0.265400 0.182207 0.190570 -0.041050 
-0.155457 -0.191426 -0.210808 -0.185442 -0.083910 0.184685 -0.046697 0.017488 0.232322 0.152405 0.263948 0.021190 0.064756 -0.050996 0.146244 -0.043619 0.159453 0.058620 -0.097529 0.117368 -0.025831 0.067524 -0.144089 0.046389 0.159847 0.093975 -0.127916 -0.119994 -0.029834 0.177992 -0.257962 -0.237247 -0.151189 -0.050438 0.183505 0.105539 -0.147406 -0.041089 -0.134938 -0.112740 -0.048824 0.113359 0.255846 0.065519 0.077861 0.076762 -0.108214 0.261130 0.005097 -0.192546 
