-0.129747 0.004058 -0.061812 0.289669 -0.023096 -0.037755 -0.042481 -0.231065 0.038199 -0.125808 0.148612 -0.195115 0.065098 -0.069984 -0.005872 0.141274 -0.006369 0.066977 0.271889 0.091155 -0.016737 0.161451 -0.117814 -0.047802 0.301761 -0.077708 -0.105280 -0.089491 -0.096492 0.089661 0.062327 0.008017 0.288346 -0.241326 0.054258 0.111321 0.031177 0.045696 -0.108861 0.138060 0.023918 0.239761 0.027469 0.352463 -0.020384 0.264489 -0.004709 -0.117982 -0.012254 -0.082108 
-0.138335 0.062988 0.160603 -0.226611 0.088867 -0.181463 0.164341 0.067451 -0.169880 0.143399 0.177246 0.020756 0.192279 0.060279 -0.102817 0.029097 -0.078121 0.065750 -0.082444 0.217026 0.141206 0.066515 -0.056186 0.118576 -0.031099 -0.033140 -0.158116 -0.037063 -0.083145 0.160046 -0.126991 -0.108348 0.348170 0.164123 0.051626 -0.282858 0.120385 0.218192 0.008696 -0.225816 -0.039371 -0.012715 0.079480 -0.003980 -0.046630 0.042046 0.178403 -0.153738 -0.217852 0.201062 
-0.147330 -0.166812 -0.096134 -0.017302 0.169351 0.018833 0.081568 -0.043033 -0.019672 0.213635 0.282192 0.058960 0.119787 -0.215703 -0.040754 0.186297 0.052200 0.047822 -0.020746 -0.043869 -0.253527 -0.151212 0.181136 0.156338 0.047754 0.104212 0.021174 0.077513 0.028209 0.118979 0.082250 -0.121468 -0.191984 -0.014865 -0.266523 0.084964 -0.178317 0.169564 0.106738 0.193805 -0.023069 0.086476 0.010114 0.129224 0.115130 -0.139785 0.073757 0.187632 -0.379673 -0.044056 
-0.144701 0.065387 -0.005719 0.245254 -0.129360 -0.029332 -0.169371 -0.005345 0.163465 0.056241 0.165250 -0.106543 0.126621 0.035178 -0.440543 -0.198592 0.127345 -0.204764 0.039245 0.201873 -0.102304 -0.070524 0.121587 -0.071953 -0.079633 -0.117124 0.204366 0.007793 -0.161025 0.055586 0.155275 0.049071 -0.129020 -0.115205 0.104844 -0.189196 -0.140042 0.041883 0.035082 -0.273886 0.084417 -0.138841 0.076979 -0.107157 0.034943 0.007485 -0.216941 -0.088246 -0.124532 -0.077073 
-0.142124 -0.116000 0.220103 0.092002 -0.156312 0.075302 -0.179920 -0.172824 -0.064436 -0.013914 0.098649 -0.008324 -0.190369 0.319478 -0.103973 0.173742 -0.015993 0.197773 0.021530 0.177109 0.220102 0.115266 0.042527 -0.171263 -0.129678 0.173765 0.116611 0.149662 -0.216088 0.013902 -0.018889 0.117339 0.103187 0.317916 -0.083762 0.213358 0.023744 -0.121633 -0.067674 0.164579 0.050557 -0.033145 0.103195 -0.021981 0.062926 -0.206485 -0.016294 0.130701 -0.159261 -0.013241 
-0.123567 0.049727 -0.151291 0.053346 0.144066 0.305223 -0.083657 0.318700 0.010118 0.053341 -0.031116 -0.215655 0.093336 0.005948 -0.064607 0.073452 -0.066761 0.164016 -0.178171 0.075822 0.170820 0.027025 0.217299 0.295306 -0.126653 -0.180732 -0.014680 0.086107 -0.105114 0.086636 0.076677 -0.003124 0.057089 -0.006413 -0.077715 -0.095495 0.202223 -0.117233 -0.091202 0.205017 0.156846 0.087272 -0.356506 0.005394 -0.152842 -0.015166 -0.167289 -0.060642 0.076028 -0.086663 
-0.137408 0.203596 -0.094747 -0.102384 -0.121064 -0.177171 0.060750 -0.116431 -0.017719 -0.033727 -0.073156 0.142393 0.260021 -0.190002 -0.081340 -0.047709 -0.132030 0.091796 -0.026957 -0.027849 0.114499 -0.106783 0.000235 -0.199844 -0.048187 0.042120 0.062016 -0.007934 -0.013541 0.081174 0.178987 -0.041158 0.030308 0.149996 0.100485 0.185294 0.009211 0.090226 -0.057435 -0.048078 0.230029 -0.188731 -0.198528 0.091880 -0.326525 0.154172 0.080826 0.434416 0.055457 -0.173574 
-0.153221 -0.140332 -0.007639 -0.132777 -0.238247 0.323128 -0.015564 -0.074128 -0.189000 0.198047 0.175955 0.358442 0.063980 0.030448 -0.017537 -0.113167 0.151417 0.032041 0.058514 -0.043149 0.061443 -0.108566 -0.060656 -0.085022 -0.136068 -0.176422 0.045536 -0.095813 0.213066 0.013467 0.005506 -0.042482 0.039463 -0.057648 -0.024881 0.049601 0.262103 -0.070369 0.013177 -0.205623 0.018651 0.197683 -0.046413 0.263886 0.230537 0.024294 -0.197883 0.053078 0.148262 0.052168 
-0.143620 0.239582 -0.103031 -0.158630 0.012300 0.235192 0.144824 0.000671 0.171845 0.025863 0.088265 0.001256 -0.226013 0.001559 -0.121441 -0.094457 -0.264350 -0.050535 0.031328 0.264581 -0.051965 -0.280358 0.029709 -0.094436 0.219804 0.130556 -0.078328 0.232380 0.007682 -0.049110 0.014825 0.081071 0.071866 0.062188 -0.101376 0.046475 -0.049856 0.000533 0.051457 -0.035926 0.059761 0.295819 0.005093 -0.265391 0.189440 0.208996 0.165413 0.022899 0.175152 -0.012908 
-0.131996 -0.188703 -0.024217 -0.015952 0.026230 0.069875 -0.057990 -0.048911 -0.015714 -0.010480 0.049369 0.296959 -0.164445 -0.165795 0.245346 0.195785 0.006470 -0.035779 -0.264201 -0.055058 -0.075216 0.170783 -0.210907 0.034749 0.083609 -0.018295 0.148407 0.246109 -0.295208 0.144280 -0.016036 0.261184 0.014814 -0.061926 0.106213 -0.151841 -0.130860 0.155885 -0.094282 -0.204553 0.125469 -0.098290 -0.184190 -0.034500 0.094234 0.044682 0.051388 -0.112327 0.083601 -0.213422 
-0.132589 -0.206741 0.024007 -0.206237 -0.006107 0.012174 0.111020 -0.007466 -0.188863 -0.032874 -0.138910 -0.325126 -0.128355 -0.301248 -0.174635 0.292153 -0.121490 -0.014954 0.108072 -0.161674 0.187387 -0.185571 0.142777 -0.220152 0.044263 -0.067924 0.099697 -0.081317 0.080828 -0.104095 -0.082457 0.217145 -0.180543 -0.020916 0.059730 -0.100453 0.090923 -0.139697 -0.209246 -0.179529 0.026393 0.011438 0.040541 0.022615 0.008020 0.049139 0.050740 -0.120402 -0.199242 -0.028376 
-0.134702 -0.075922 0.134731 -0.077100 0.045044 -0.144236 -0.192510 0.243644 0.140966 0.006445 -0.030984 0.061634 0.033924 0.155548 0.182408 -0.049157 0.045954 0.085273 0.246217 -0.023677 0.114489 -0.092693 0.027622 0.011513 0.207902 -0.066183 -0.195836 -0.265095 -0.249558 -0.258312 0.129356 0.111322 -0.047950 0.042082 -0.117350 -0.147733 -0.104541 -0.065453 0.156116 -0.245979 -0.033799 0.207673 -0.169651 0.063257 -0.003519 -0.170058 0.101044 0.182187 -0.045749 -0.219709 
-0.144949 -0.086983 0.004818 0.174044 0.059663 0.102246 0.283224 0.301404 -0.138996 -0.200414 -0.038349 0.087279 -0.122312 -0.184444 -0.118841 -0.093128 -0.250314 0.212459 -0.023434 0.129135 0.048990 0.130073 -0.051347 0.008387 -0.144574 -0.057780 0.150882 -0.292498 -0.213515 0.085344 0.035623 -0.200983 -0.076243 -0.091803 0.130114 0.206898 -0.148818 -0.055718 0.165622 -0.046300 -0.170487 -0.023227 0.152814 0.028445 0.148335 -0.063144 0.124565 0.027846 0.122082 -0.042267 
-0.135793 -0.120382 -0.179956 -0.083455 0.121737 0.071117 0.066128 0.158638 -0.047661 -0.078020 0.035320 -0.166968 0.149252 0.177478 0.289730 -0.057449 0.176427 -0.036226 -0.058408 0.353673 -0.061316 -0.279828 -0.181532 -0.136528 0.231294 0.166868 0.094641 -0.076028 0.030070 0.026008 -0.221450 -0.056326 -0.033570 -0.029641 0.079903 0.208657 0.137199 -0.088984 0.074806 -0.026526 0.123193 -0.314089 -0.010393 0.054123 -0.016198 -0.053707 -0.095572 -0.120490 -0.106124 -0.124258 
-0.127923 0.197342 -0.088716 0.306892 0.113818 0.074145 -0.029611 -0.138410 -0.048471 -0.020086 -0.179986 0.197510 -0.036185 0.005334 0.078383 -0.031541 -0.140089 -0.153819 -0.105624 -0.046632 0.263681 -0.148336 -0.088936 0.094436 0.136830 0.118322 0.003834 -0.007953 0.012695 -0.211256 0.224138 -0.305563 -0.036799 0.138586 -0.031824 -0.240410 0.068033 -0.094214 -0.233217 0.025569 -0.095510 -0.176252 0.006610 0.139901 0.269776 0.032800 -0.000409 -0.060348 -0.223130 -0.018434 
-0.106795 -0.015957 -0.173411 -0.065028 0.117067 0.149889 0.059435 0.115727 0.048121 -0.020261 -0.142220 0.064155 -0.001782 0.168081 -0.055983 -0.023938 0.030119 -0.155978 0.313769 -0.110895 0.111540 0.091145 0.174741 -0.032892 -0.053745 0.015846 -0.310412 -0.008246 0.004074 0.151453 0.097291 0.289457 -0.017063 0.012462 0.297423 0.096849 -0.032763 0.317904 0.026301 0.147757 0.069787 -0.269193 -0.072595 0.078892 0.299798 -0.035552 0.039249 0.025628 -0.038400 0.176647 
-0.147468 -0.082225 0.289472 0.226263 0.078117 0.134776 0.046988 0.046997 0.105775 0.145144 0.085013 -0.041954 0.133430 -0.114834 0.078909 -0.009187 0.097656 0.057577 -0.052938 -0.143336 0.096502 -0.021321 -0.007965 -0.085581 0.094598 -0.021133 -0.180969 0.217259 -0.201624 -0.272877 0.056132 -0.139602 -0.212864 -0.144744 0.010269 0.238530 0.224889 0.172898 -0.071045 -0.115295 0.157811 -0.061102 0.152806 -0.133330 -0.152266 -0.014293 0.115756 -0.033175 0.141169 0.314908 
-0.140959 0.016514 0.243965 0.036814 -0.068702 -0.186366 0.149716 0.235990 -0.093154 -0.238509 0.145732 -0.053043 0.079786 0.144701 -0.047506 0.141804 -0.013269 0.062312 -0.061888 -0.210209 -0.066614 -0.189941 -0.180164 -0.150736 0.057030 -0.161488 -0.093598 0.071057 0.052663 0.129386 0.154464 0.078467 -0.027780 0.092439 -0.360301 -0.125394 -0.115821 -0.023284 0.042843 0.174271 -0.010702 -0.223360 -0.015495 0.014098 0.170509 0.199538 -0.222336 -0.036185 0.211271 0.077252 
-0.142063 0.181405 -0.090579 0.122827 0.178560 -0.255326 0.092695 -0.125003 0.154093 -0.067079 0.280109 -0.077404 -0.075083 -0.191478 0.166962 0.008430 0.096516 -0.146475 -0.174487 -0.011767 0.208840 -0.019486 0.180125 -0.123447 -0.189014 -0.120234 -0.036773 0.046061 0.068127 -0.080238 -0.041574 0.149529 -0.013378 0.267249 0.074163 0.157084 0.141485 0.063442 0.237548 -0.041785 -0.271480 0.089710 -0.051026 0.108675 0.048965 -0.138235 -0.099666 -0.172433 0.134427 -0.134626 
-0.172024 -0.131783 0.049199 0.102597 -0.017380 0.162723 0.100651 -0.076550 -0.077956 0.000590 0.092386 0.141756 0.003507 0.213147 0.193700 0.154655 -0.092244 -0.279697 0.282689 -0.121540 0.026363 -0.059476 0.034391 0.073804 -0.127635 -0.077260 0.057005 -0.153850 0.104244 0.115184 0.115860 -0.164343 -0.057638 0.185623 0.054613 0.056751 -0.115980 0.019042 0.076184 0.041017 0.043146 0.091320 -0.002023 -0.333533 -0.370867 0.164432 0.038497 -0.265168 -0.044290 -0.156950 
-0.140653 0.207779 0.016210 -0.028387 0.113984 0.169057 -0.189506 0.066644 -0.052146 0.040998 -0.142280 -0.107100 0.101613 -0.037552 0.126272 0.260027 0.240278 0.030798 -0.134954 0.070355 0.024554 0.152343 -0.026648 -0.306994 -0.117281 0.304552 0.024953 -0.191986 0.081207 0.132445 0.140169 -0.035175 -0.132932 -0.035279 0.046082 -0.313503 0.031063 0.141244 0.144148 0.080374 0.010782 0.200761 0.274786 -0.056648 0.023549 0.091778 0.007407 0.115763 0.148680 -0.043226 
-0.130434 -0.245154 -0.209107 0.131388 0.198736 -0.238889 -0.046513 0.072329 0.105580 0.039932 0.019425 -0.086794 0.108360 0.112284 -0.023830 0.104173 -0.094823 -0.006109 0.259769 0.062605 -0.045165 0.131261 -0.225486 0.071104 -0.060741 -0.010256 0.131663 0.223755 0.102576 0.063779 -0.168493 -0.118251 -0.219433 0.180447 0.127813 -0.096956 0.144059 -0.065226 -0.161746 -0.121900 -0.175822 0.129499 -0.079557 -0.106331 0.111869 0.116552 -0.041476 0.329699 0.162351 0.130715 
-0.142328 -0.167092 -0.233739 -0.173595 0.192221 -0.216226 -0.209946 0.037627 -0.094241 -0.121665 -0.021895 0.090278 -0.142336 0.204620 0.118046 -0.056831 -0.054978 0.065963 -0.158812 0.082867 -0.044998 -0.027954 0.311716 -0.198232 0.009512 -0.263586 0.153708 0.023292 0.090150 -0.163926 0.189108 -0.157581 0.163182 -0.141761 -0.030143 0.054637 -0.155940 0.208382 -0.256655 0.019405 0.033633 0.067410 0.177133 -0.013683 -0.063518 -0.011988 -0.037593 -0.023542 0.072587 0.157895 
-0.135250 0.162442 -0.089432 -0.064664 -0.276204 0.039988 -0.042279 0.132282 -0.058355 0.178683 0.073697 -0.294247 -0.156941 -0.000369 0.151277 -0.111423 0.070652 -0.160266 0.094218 -0.068351 -0.244144 -0.073903 -0.052201 0.163800 -0.123720 0.025865 0.121384 -0.110070 -0.188242 0.041592 0.064465 0.023180 -0.024210 0.211985 -0.115847 0.016928 0.040037 0.129375 -0.353093 0.004079 -0.133146 -0.096406 0.116277 0.234843 -0.051034 -0.084601 0.278329 -0.017981 0.222747 0.005786 
-0.149446 0.014071 -0.072479 -0.257112 -0.043491 0.072531 -0.064096 0.099760 -0.130535 -0.152172 -0.052524 -0.066631 -0.114491 -0.269762 0.023386 -0.122992 0.305299 -0.074268 0.158746 -0.043749 -0.039838 0.162722 -0.140363 0.045757 0.124149 -0.109456 0.063259 0.329082 -0.090158 -0.072009 0.304180 -0.124645 0.146329 0.176921 0.125694 0.001419 -0.005001 -0.235658 0.273048 0.071876 -0.094030 -0.004087 0.058053 -0.041325 -0.095353 0.040371 -0.070152 0.038359 -0.182421 0.176239 
-0.134259 0.000957 0.124395 -0.167097 0.018206 -0.121316 0.286548 0.063374 0.261021 0.175787 0.214476 0.031212 -0.258016 0.157534 0.100053 0.019980 -0.090253 -0.142351 -0.043967 0.080393 0.040905 0.083887 -0.073503 -0.027561 -0.242575 0.135942 -0.017629 0.032060 0.029381 -0.086293 0.185412 0.043977 -0.044275 -0.413712 0.136004 -0.136371 0.044005 -0.270057 -0.049474 0.151124 -0.019894 -0.079292 -0.012188 0.183859 -0.161346 0.078563 -0.033058 0.132444 -0.110405 0.024643 
-0.159572 -0.008013 0.355503 -0.067698 0.098532 -0.067180 0.014203 -0.190375 -0.171734 -0.117142 -0.289579 -0.064271 0.085158 0.060053 0.088370 -0.359781 -0.015470 -0.141914 0.051882 0.045293 -0.011281 -0.072679 0.125365 -0.135553 -0.052916 0.010303 0.039451 0.253593 -0.119050 0.345396 -0.075994 -0.111944 -0.174306 -0.178546 -0.040540 -0.044376 0.024734 0.002511 -0.030925 0.100059 -0.129559 0.203568 -0.223485 0.115182 0.023012 -0.107693 0.093967 -0.076088 0.015624 -0.049679 
-0.128375 -0.086320 -0.267656 -0.075012 -0.231516 -0.026310 0.120621 -0.239421 0.024082 -0.260051 0.000854 -0.070091 0.034702 0.000180 0.095419 -0.085647 0.067486 0.125664 -0.186783 -0.034573 0.052234 -0.143618 -0.106894 0.152483 -0.120044 0.161354 -0.340546 -0.159480 -0.233304 0.116889 0.065261 0.060435 -0.134025 -0.044934 0.027385 0.007903 -0.075341 0.003656 -0.184248 -0.069036 -0.108954 0.202456 0.024995 -0.218584 -0.051847 -0.051696 -0.291899 0.041280 -0.101952 0.201077 
-0.130294 -0.110297 0.088627 0.197295 -0.186791 0.047618 0.076990 0.021166 -0.092773 0.161380 -0.236693 -0.100765 0.062722 0.082731 0.074356 0.070975 -0.242380 -0.205687 -0.299336 0.153877 -0.129414 0.156880 0.097657 0.081230 0.317952 -0.046889 -0.067670 -0.000221 0.270295 0.097532 0.217603 0.244965 0.030678 0.065404 0.021447 0.101709 -0.010888 -0.045607 0.122546 -0.182508 -0.175306 0.024587 0.034763 0.072742 -0.130780 -0.129461 -0.078558 0.158834 0.003301 0.138131 
-0.142316 0.001723 0.197575 0.110303 -0.104219 -0.146566 -0.073145 0.214142 0.213248 -0.029093 -0.102040 0.096000 -0.160646 -0.124089 0.026912 -0.024489 0.160829 0.002182 -0.101062 -0.089722 -0.083153 -0.183319 0.014472 0.092571 0.037062 -0.202129 -0.142641 -0.023918 0.175787 0.263200 -0.093695 -0.054933 0.179129 -0.004503 0.231790 0.063438 0.221018 -0.045996 -0.199326 0.125671 0.093680 0.081627 0.247560 -0.217900 0.129150 -0.059412 0.047182 0.162929 -0.164905 -0.266892 
-0.140953 -0.143088 0.090697 -0.026240 0.000757 -0.119923 -0.287812 -0.033692 -0.245060 -0.220885 0.151220 0.039756 -0.086816 -0.062705 -0.113692 -0.155259 -0.133100 -0.035800 0.007869 0.002758 -0.053097 -0.009688 0.049323 0.291178 0.016530 0.303390 0.065585 -0.114613 0.080673 -0.163179 0.077326 0.183899 -0.011976 -0.161026 -0.044659 -0.003404 0.423246 0.197711 0.155128 0.118384 -0.112493 -0.123919 -0.036298 -0.157611 -0.017247 0.166936 0.030983 0.039479 0.050007 -0.083497 
-0.150585 0.128615 0.079250 -0.049093 0.062191 0.075450 -0.296494 -0.009028 0.085549 0.059236 0.147640 -0.043241 -0.228121 -0.018333 -0.083666 0.054824 0.066268 -0.147723 -0.172057 -0.164976 0.033207 0.074057 0.036622 -0.120454 0.172934 -0.001839 0.008933 -0.320095 -0.019395 0.175089 -0.250096 -0.198052 0.026047 -0.045918 -0.006623 0.160181 -0.126019 -0.102836 -0.007049 -0.044866 -0.161407 -0.113778 -0.383374 -0.100118 -0.001681 0.149941 0.036482 0.114101 -0.057355 0.306282 
-0.141084 0.090230 0.193026 -0.208536 0.206042 -0.094837 0.198458 -0.290084 0.053863 0.107573 -0.157788 0.064465 -0.197469 -0.017492 -0.133593 0.106959 0.100358 0.135194 0.105269 0.131353 -0.272361 0.139078 0.110509 0.179860 0.199011 -0.023771 -0.020814 -0.216838 -0.070092 -0.044440 0.059762 -0.133932 -0.139038 0.182824 0.056560 -0.000078 0.111707 -0.005414 -0.066845 0.011242 0.156965 -0.109164 -0.023057 -0.001649 0.028139 -0.086723 -0.328431 -0.078539 0.240420 -0.055016 
-0.149754 0.201114 -0.103075 0.173910 0.141081 -0.035357 0.209052 -0.005431 -0.269128 0.156889 0.026669 -0.029996 -0.066156 0.048696 0.183002 -0.243358 0.170134 0.132344 0.135390 -0.186243 0.108363 0.216656 0.252629 0.077078 0.055098 0.093520 0.039966 0.062479 0.026959 0.063743 -0.187295 0.169590 0.103551 -0.124766 -0.244849 0.006895 -0.092166 -0.157468 -0.067237 -0.207641 0.050084 -0.100815 0.168225 -0.163016 0.004352 0.173966 -0.111549 0.168199 -0.044803 -0.107873 
-0.136107 0.137638 0.182639 -0.070830 0.047358 0.063072 0.038922 -0.217287 -0.013995 -0.004697 -0.098181 -0.251868 0.283399 0.042141 0.145795 0.160700 0.042045 0.035434 -0.010174 0.017899 -0.128381 -0.039687 -0.111323 0.161776 -0.280054 -0.146639 0.158655 -0.049879 0.076552 -0.278360 0.111568 0.053360 0.252979 -0.170800 0.083512 0.169043 -0.140332 -0.014248 -0.017021 -0.050422 -0.052429 -0.044014 -0.171165 -0.243387 0.338448 -0.014832 0.101752 0.094299 -0.036671 -0.020329 
-0.143944 0.068851 0.075882 -0.003625 -0.361270 -0.080735 -0.056313 0.041717 0.092894 -0.235484 -0.042846 -0.041808 -0.068113 -0.138142 0.267544 0.063250 -0.100785 -0.104549 0.064135 0.213318 0.090772 0.150131 0.174669 0.202309 -0.105031 -0.052771 0.014203 0.035365 0.119413 -0.108302 -0.287948 -0.146604 -0.177819 0.023008 -0.099661 -0.071725 -0.116800 0.108216 0.150294 -0.020973 0.398217 0.006480 0.009219 0.149253 0.125575 0.111887 -0.053388 0.047515 -0.064084 0.164856 
-0.142445 0.003169 -0.211916 -0.103115 -0.149539 -0.200445 0.041084 0.095188 -0.097059 0.173201 -0.116522 -0.061261 0.063269 0.043936 -0.170291 0.106688 -0.167943 -0.366802 -0.030508 -0.247087 0.034908 0.179181 -0.128722 -0.113178 0.017369 0.123769 -0.059521 0.035126 -0.183040 -0.094372 -0.113040 -0.238813 0.180277 -0.163121 -0.147261 0.118412 0.098583 0.044602 0.118866 0.060463 0.150308 0.102165 0.017690 -0.116325 0.119663 -0.270493 -0.172703 -0.049492 0.069259 -0.178923 
-0.137727 0.168542 -0.055292 0.062111 0.042334 0.139161 0.242664 0.034501 0.103484 -0.205138 -0.141791 0.196490 -0.020625 0.045642 -0.131126 -0.017697 0.145143 -0.101079 0.013907 0.082291 -0.071247 0.144471 -0.223509 -0.114299 0.024781 -0.240898 0.202434 -0.113049 0.013065 -0.179259 -0.192557 0.228947 -0.052856 -0.020415 -0.281140 -0.058919 0.175281 0.252815 -0.097703 0.148604 -0.094180 0.101014 -0.065861 -0.056203 -0.204794 -0.118947 0.027288 0.103583 -0.242525 0.081201 
-0.128001 -0.178460 0.096736 0.029408 0.160556 0.081100 -0.094986 0.097148 0.173939 -0.070725 -0.263948 0.071655 -0.080293 -0.184475 -0.165336 0.075481 0.138945 -0.099558 0.093668 0.139180 0.004515 -0.075924 -0.064756 0.066343 -0.284351 0.266513 -0.213080 0.102107 0.157393 -0.030769 -0.053086 -0.043670 0.269213 -0.006133 -0.283678 0.140162 -0.191895 0.053692 -0.108302 -0.236831 -0.140151 -0.090190 0.005977 0.156104 -0.171886 0.060116 -0.125131 -0.061692 0.084649 -0.071642 
-0.172143 -0.011302 0.102290 -0.203700 0.160924 0.238229 -0.204863 -0.105106 0.053778 0.068207 0.058861 -0.039017 0.192917 -0.029576 -0.007044 -0.201101 -0.301898 -0.054879 -0.088435 -0.127197 0.016819 0.018408 -0.131062 0.067492 0.024496 -0.175150 -0.094220 0.006465 -0.066166 -0.144412 -0.314515 0.102272 -0.051180 0.093980 0.128498 -0.050169 -0.225343 -0.008308 -0.000129 0.209321 -0.111969 -0.066658 0.350682 0.124501 -0.101177 0.080682 -0.208637 0.108283 0.020828 -0.152143 
-0.146089 0.116583 -0.096625 0.150519 -0.020506 -0.170494 -0.082020 -0.079267 -0.353790 0.157475 -0.041840 0.143083 -0.097507 -0.034353 -0.143670 0.182309 0.197690 -0.037362 0.050808 0.204794 0.165337 -0.290295 -0.125816 0.172979 0.023519 -0.127040 -0.114553 0.049527 0.027077 -0.062928 -0.161706 0.114604 -0.065246 -0.180601 0.127152 -0.075142 -0.230459 -0.112072 0.090525 0.210368 0.019271 -0.021625 0.007472 -0.021786 -0.150379 -0.183331 0.147209 0.040992 0.252158 0.117820 
-0.145346 -0.285899 -0.087566 0.067662 -0.012664 -0.070738 0.047649 -0.095569 -0.043501 0.158789 -0.041539 -0.176347 -0.095379 0.034638 -0.152833 -0.335228 0.161815 0.087902 -0.240083 0.035022 -0.014126 0.243317 -0.190800 -0.102974 -0.085455 -0.064832 -0.246576 -0.093333 0.218929 -0.151580 0.051844 -0.016648 -0.125441 0.176965 -0.060428 -0.027830 -0.119653 -0.019139 0.023096 0.124386 0.216174 0.025702 -0.149946 -0.024916 0.075100 0.163870 0.287404 -0.118370 -0.037300 -0.158500 
-0.145598 0.033742 -0.080935 -0.055123 -0.104638 -0.150297 -0.034072 -0.013971 0.250310 0.259104 -0.345232 -0.013465 -0.084953 0.200318 -0.048436 0.015683 0.032582 0.294752 -0.063475 -0.195957 0.164786 -0.168270 -0.102846 0.184256 0.022625 0.003922 0.298791 0.051203 -0.042121 0.081473 -0.013034 0.045184 -0.069702 -0.050111 -0.004991 0.148974 0.018820 0.168739 0.290163 -0.005055 -0.104473 0.051874 0.080190 0.118581 -0.017258 0.262245 -0.016608 -0.205802 -0.094306 0.057853 
-0.142430 0.080503 0.000422 0.074760 -0.170985 -0.154864 -0.055247 0.233353 -0.057492 0.172148 -0.097728 0.290197 0.244379 -0.125942 0.061715 0.014985 -0.045316 0.111177 0.032982 0.076012 -0.323102 0.059638 0.196233 -0.189102 -0.071987 0.174069 -0.056450 -0.002854 -0.103721 -0.212903 -0.123109 0.134511 -0.014902 0.099191 0.136445 0.058838 -0.026219 -0.195371 -0.143529 0.192805 -0.155758 0.079547 -0.123626 -0.047948 0.032469 0.190646 -0.071382 -0.282733 -0.101482 0.097024 
-0.145329 0.065518 -0.030038 -0.049427 -0.325384 0.122573 0.023437 -0.001539 0.073432 0.005630 0.105698 -0.066261 -0.038392 0.000517 0.014881 0.023332 -0.031610 0.355299 0.138420 -0.007721 0.064577 0.125405 0.041995 -0.102991 0.155897 0.025329 -0.083436 0.188537 0.283278 -0.059115 -0.055496 -0.223190 -0.041686 -0.144830 0.086531 -0.170033 -0.084558 0.224611 -0.048925 0.004139 -0.345585 -0.213184 -0.146543 -0.124517 -0.078155 -0.240983 -0.031835 -0.082584 0.035636 -0.222463 
-0.126316 -0.085004 -0.067062 -0.224245 -0.059539 -0.044188 -0.013802 -0.069792 0.301855 -0.115110 0.044692 0.165878 0.364376 -0.061472 -0.078204 0.009816 0.109378 -0.082236 -0.013307 0.038025 0.262728 0.201142 0.111495 0.144976 0.174545 0.041722 0.134708 -0.070708 0.083698 0.143386 0.070823 0.087931 -0.061323 -0.054080 -0.198752 0.051726 -0.014016 -0.302623 -0.135206 0.085102 -0.042413 -0.089938 0.164448 -0.083238 0.074413 -0.097144 0.284680 -0.170306 0.199765 0.030628 
-0.139848 -0.210400 -0.171682 0.159848 -0.013492 0.059222 -0.013951 -0.260895 0.207136 0.065523 -0.129041 -0.012446 -0.033728 -0.132275 0.141383 -0.047541 -0.162461 0.112663 0.098720 -0.050986 -0.209100 -0.140363 0.106170 -0.187160 -0.127764 -0.099571 -0.031492 -0.088826 -0.120277 0.079583 -0.080718 0.000872 0.271391 -0.007975 -0.153899 -0.327502 0.184527 -0.154240 0.278316 0.069699 0.035877 -0.244720 0.030670 -0.069693 -0.041330 -0.110392 0.121001 0.044124 0.085313 0.176538 
-0.150909 0.209406 0.028062 0.044650 0.181796 -0.069232 -0.195268 0.062033 0.024093 0.012924 0.103098 -0.000739 -0.037280 -0.130994 0.060507 -0.172772 -0.260290 0.182999 0.143738 -0.126338 -0.047444 0.023712 -0.312824 -0.016022 -0.046299 0.139513 0.100267 -0.049681 0.293709 0.141415 0.116471 0.161478 -0.012700 0.003246 -0.000576 0.052147 -0.073986 -0.051995 -0.055829 -0.073171 0.297336 0.101503 -0.031882 -0.006386 -0.050331 -0.374857 -0.075737 -0.224755 -0.080300 0.208458 
-0.146103 -0.134897 0.071943 0.116880 -0.009413 0.068063 0.237570 0.043355 0.068929 -0.217639 0.066647 -0.033209 0.066829 0.129832 -0.145851 -0.071475 0.162134 -0.007562 -0.123930 -0.309833 -0.063584 -0.109297 0.155638 0.088166 0.120677 0.322309 0.240287 0.006722 0.067880 -0.167539 -0.147261 -0.018656 0.244522 0.119240 0.291424 -0.196864 -0.155674 0.011541 0.013882 0.035840 0.132407 0.177306 -0.077900 0.161850 -0.063480 -0.114602 0.042756 0.053642 0.145159 0.094222 
-0.148974 0.242559 -0.143455 -0.030333 0.057167 0.058553 -0.107209 -0.060746 -0.054526 -0.300165 0.003278 0.070453 0.005050 0.303991 -0.160196 0.200517 -0.033951 0.086275 -0.107386 -0.176124 -0.332036 0.067583 0.055253 0.051550 -0.110292 -0.064052 -0.239511 0.160693 0.024804 -0.009043 -0.073802 -0.054822 -0.168692 -0.062053 0.031117 0.067355 0.134711 -0.231841 0.108020 -0.279631 0.031412 -0.034930 0.099769 0.180561 -0.071110 -0.012495 0.264406 -0.070518 -0.077351 -0.092463 
