0.8829772881043886 0.20579542743952456 
0.8815067673278029 0.20154710204671744 
0.9100558343315893 0.19867009645079836 
0.8669956972102153 0.14275286246924826 
0.8214940356451876 0.15035912902441198 
0.9127651974458464 0.1789503598957496 
0.9110079305855757 0.13804557247191812 
0.9157126012547628 0.185087934544678 
0.8862265688697003 0.15197998980880828 
0.827514769552131 0.21395605210857 
0.8589960227721896 0.2239305853324514 
0.8854625612574473 0.19838549702846264 
0.8423689261174045 0.229776162338057 
0.8981740776747177 0.23249007914438727 
0.8622948372768457 0.15682790666323188 
0.9034658383684367 0.21437147047581956 
0.846182712826657 0.19562843350177178 
0.8837425208613674 0.23389173605452732 
0.8718595199692131 0.16422792384559434 
0.8312442432091784 0.14676453537814507 
0.400449346643508 0.7379538156226482 
0.3430560929674576 0.7398853176792844 
0.33848260287835236 0.7854377794492187 
0.3244858372248339 0.8024179632519272 
0.32177631741719015 0.7189419533798608 
0.35034664365698187 0.7961013352246822 
0.35880104870429036 0.7907609982390043 
0.36842646380293537 0.7899091272169748 
0.34734778570448355 0.7830131965052047 
0.3526619688098473 0.730762973161118 
0.379703991216836 0.7518300664440386 
0.36388119536588087 0.8009023371742646 
0.34467854067872744 0.7278406449083195 
0.41413425768201967 0.8132529148800471 
0.41120542800072973 0.7597445370252682 
0.3706199610330771 0.758436135409106 
0.32330980215194394 0.7972043175724735 
0.37029999088981097 0.7962303120472087 
0.31995042458333617 0.8135481258810678 
0.4148909189603928 0.8029210851637647 
0.012147719788093925 0.3274807210544964 
0.07830099193080722 0.3321361873748785 
0.037705590719261196 0.26468701884712575 
0.010235901457694818 0.25531533267359563 
0.09092190041788116 0.2915262584752409 
0.04425497694052668 0.29615764873538464 
0.06069755444134585 0.2803850063785206 
0.01958436383895948 0.23857904044910594 
0.01 0.2520919726785673 
0.05330348078616356 0.24436499526130787 
0.01971413728957857 0.3063666603946965 
0.08945942336504047 0.28459154106580786 
0.017608105568399743 0.29966356722601006 
0.09488105874085356 0.28489839004573186 
0.07041961750981665 0.2852693044205916 
0.051704205133426606 0.3276251097717844 
0.09601907932739144 0.33449640229771344 
0.034003504401538875 0.33513023955800647 
0.09572741438498965 0.3231619495543156 
0.01 0.24592634903979885 
0.7171820632139475 0.6322453636321914 
0.7925360092649807 0.5986624453268786 
0.7019229263209332 0.5798810535612812 
0.7821792971449619 0.6242598449071601 
0.7402297392775714 0.5613296437784084 
0.7788965933331281 0.6377303029057585 
0.7652324017659948 0.5744381259148023 
0.7746312880596748 0.6561771385928559 
0.760865354944894 0.6391219307673626 
0.7673734005051077 0.6152125410549926 
0.7018643278545087 0.5787489152837716 
0.7316588320659687 0.6335621377472995 
0.7414842594393889 0.576659197502134 
0.76732442533441 0.6484726175937469 
0.7558684846413795 0.6001622758466446 
0.7883005508190857 0.5801641239450263 
0.6996296323657294 0.6431340641707174 
0.7642777813752334 0.6291231065122241 
0.7989895824670349 0.6472870433206087 
0.7730805310131974 0.6580299990961562 
0.5192254847174702 0.40074803023869987 
0.5283131368836884 0.4574007935332976 
0.49849686018644135 0.4518275665113493 
0.4976317876758466 0.47379722772852706 
0.4708117022708758 0.4545944016131578 
0.4883085769936501 0.4394928392700128 
0.4628249780089034 0.4974419008298503 
0.48100311953242747 0.4755050007206841 
0.5118706342127408 0.4337121296456571 
0.4623812839188846 0.46282361443307457 
0.4784655967472889 0.4388747633228668 
0.48392550592883526 0.43540905963977444 
0.4819162418101078 0.46918947116393606 
0.4796890237408409 0.430975029782362 
0.46247019192716166 0.4851540631155936 
0.46816219725555364 0.4666787066440218 
0.5392193170557275 0.47095590934895565 
0.4465093782626609 0.4635503034742007 
0.4481931481247184 0.446339024993801 
0.4835978016908402 0.4625309163123541 
0.6054753674642763 0.9605841219331376 
0.6372460461437702 0.99 
0.6239391156755779 0.9434690428032227 
0.611186822022912 0.99 
0.625625331917814 0.99 
0.6700420639195235 0.99 
0.6098654438714292 0.938442923342216 
0.6151605605546168 0.9488808531142862 
0.624479532238634 0.9710081938123569 
0.6407894863169694 0.9265766379599536 
0.6225934586024278 0.99 
0.6654948543440897 0.99 
0.6273094269190166 0.9361708881361841 
0.6731932150856703 0.9343869979671485 
0.6216483640847832 0.99 
0.5892155977979743 0.9606985197329495 
0.6330352783175666 0.9660216336572468 
0.6414359619020782 0.99 
0.6073602087032153 0.99 
0.6634733215697503 0.9877695784680727 
0.24736124872542745 0.5588279379894069 
0.2961610303629577 0.5928937694592654 
0.29491631318290873 0.5013727492074218 
0.21344397665828296 0.5236829368245258 
0.2972321292259747 0.5852263871524815 
0.21590840289413635 0.4999569452325505 
0.3077168148138973 0.5895802559070277 
0.24992885454753525 0.5310167089264111 
0.28471696090785625 0.5238413885688173 
0.2575725456552774 0.5111037468390884 
0.27142001831150436 0.5414778091429693 
0.28062669990488776 0.5292575223535516 
0.23230313284317866 0.5919089606297356 
0.2889667873808912 0.5870211501264335 
0.24127392997131686 0.5111229532612257 
0.26019954059057854 0.5889595102997552 
0.3110466417279896 0.5808770609433632 
0.301729077587905 0.5232724631968116 
0.28827193132527856 0.5746294835279332 
0.28069686195146376 0.5718152009568889 
0.3413013036531848 0.21546373549242398 
0.4172804406464067 0.15099725070880593 
0.3895955216810295 0.14090668851619112 
0.3437226203634688 0.17813047634710963 
0.40665577768496486 0.15348968261047127 
0.39753011400628263 0.17709265121694517 
0.4300205436006351 0.203900320632999 
0.4154681488221094 0.18751356628677657 
0.38168725831097233 0.21434312222987162 
0.3566647469574467 0.1850847234848723 
0.3508937226024208 0.12617692426433486 
0.3609679579637451 0.1588216599003348 
0.36138685158724787 0.17627093396242083 
0.348298218424953 0.1651686652613088 
0.38863163571375425 0.12627889508499174 
0.38134387548483106 0.21441207644588844 
0.3650277045932792 0.17924654477258917 
0.43201803013729706 0.17522601677492222 
0.3589649877263792 0.1949829508608336 
0.36249133396539757 0.17941229289168997 
0.9021799778866253 0.44395759874597185 
0.9288187115232531 0.46745369687727456 
0.8724717449804772 0.46679038792361266 
0.9295638870532185 0.4634739951718929 
0.8746095140360026 0.5286346372348061 
0.9488070717334254 0.501520723728221 
0.8622863471821747 0.5056687140978552 
0.8750164133995395 0.4934949535123139 
0.9265051474468936 0.4515419752839334 
0.9069171409348973 0.5256916487909173 
0.9356441907095041 0.5333070580806616 
0.947479544744639 0.5291060084032317 
0.8981062095187927 0.5347642647700518 
0.898994917994485 0.451089727136023 
0.88287278428446 0.4967171136245702 
0.8788908297527583 0.5009113549440714 
0.8889051950564364 0.5389946805683624 
0.9061712008956503 0.44938393804948856 
0.93118906980761 0.44417330379514763 
0.893149694334329 0.4656531759307088 
0.07776649537025196 0.9197926971231571 
0.06095770109433429 0.8763636260052882 
0.0377183917738325 0.8745920853969904 
0.10804853052737566 0.8819578990816112 
0.01 0.9345603778205572 
0.07813765729641262 0.8856099941115646 
0.0498685300467566 0.8946554232448668 
0.08446031553835583 0.9360414443866034 
0.08726344270728541 0.9348848264691365 
0.09868349713771445 0.9092212232171855 
0.045782224018404725 0.9282905115791336 
0.09690998484341641 0.9488891019175965 
0.06495501726391203 0.8699014847889971 
0.09833850924362585 0.9587699575403348 
0.0669186193106854 0.901191767477629 
0.08761642551857722 0.9059264855519493 
0.05273360510837179 0.8896712597045342 
0.052910757027534026 0.8758326846368613 
0.018754357101502056 0.8898996549889828 
0.022913720590004245 0.8916848210045889 
0.6452291683867462 0.8232644686961297 
0.6287969167988696 0.8525754486681512 
0.7010435582181226 0.8305821648261712 
0.6730732028700822 0.8957068702005626 
0.6718489697288732 0.8757780418195554 
0.6682651584448207 0.8677703948646232 
0.7061957602491616 0.862063473542361 
0.6140033072136425 0.8195228051616997 
0.6415141820621195 0.8841233163843343 
0.6114252204118596 0.8283762782259606 
0.6870195744323293 0.8753878358953349 
0.6777383205665887 0.8045879263798337 
0.6652577296882309 0.8992110046312908 
0.6427295900283021 0.8074858899214192 
0.6848983193333328 0.8901713969218248 
0.692650361571532 0.8604800961032916 
0.6963512536276859 0.8114303790604903 
0.6646399841879832 0.856559501862189 
0.6945615386463987 0.8091343362943301 
0.6750720298138342 0.8852784996293642 
0.7565985039198428 0.955861225834823 
0.7763070008114867 0.9427292806681946 
0.828503957155504 0.9247628841990664 
0.8304232083083797 0.9114902852278927 
0.770131467925771 0.9522965139303157 
0.8331670305890087 0.9595884498916851 
0.8041353784521938 0.9521204979001983 
0.773542973122584 0.9591261660399969 
0.7475326266619224 0.9337384706998374 
0.7910098256083415 0.979868791474886 
0.7611318502299158 0.9076149427051055 
0.758419266005918 0.9491976642488789 
0.7412630495567892 0.9880680922018319 
0.8232751722436801 0.9513892296119715 
0.8381599862812821 0.99 
0.7833888516472949 0.9806197887716843 
0.7788597635472749 0.978537622125432 
0.7533851975377555 0.9841224798789285 
0.8099778429322446 0.9521880194205959 
0.8224422735201788 0.9262815073184884 
0.712320466607705 0.19858286340383144 
0.7387180266730611 0.22321534655205635 
0.7493123293084044 0.19521062732806344 
0.7077588568636068 0.18270667516104452 
0.6674643351680225 0.2145094700737742 
0.6917308056954569 0.18866536042734988 
0.6911553015162002 0.26686383547450726 
0.6863340893401102 0.19411026157168318 
0.7174785855711727 0.21702369695389268 
0.7566899124174089 0.18987269766258796 
0.7068077131265944 0.25987927807900707 
0.7157437603356867 0.23946150602046082 
0.6637886605840313 0.2674679620384119 
0.7216153480396765 0.22159753208539645 
0.6963819943567388 0.2642616762853336 
0.6582901677756199 0.25970177853508103 
0.7163680684232683 0.24788559519109257 
0.7231107855089187 0.25688796167489 
0.740188745904237 0.21272653952504358 
0.7507461532258456 0.23060059905784064 
0.5896666823868644 0.7119123964017694 
0.5350008257064435 0.6942333244778234 
0.5597973217969486 0.7198957450588885 
0.5493474100377789 0.70731491056077 
0.5867951208603442 0.7475331906312246 
0.5923649480888834 0.7142529081863743 
0.58946750774708 0.7355884694079506 
0.5325006156891949 0.7500312711163015 
0.5206205374938817 0.6986348830267312 
0.5862973198864551 0.7626299742857662 
0.5965879084900588 0.7147495580586654 
0.5183304198115668 0.7689818139596949 
0.5277391230714058 0.775392276728254 
0.5441861005809833 0.779064533184556 
0.6002596129572596 0.6955099128251542 
0.539773212314546 0.7260001733074561 
0.6041624966762571 0.7448200466359973 
0.5774798276317684 0.707048996818906 
0.5406260945968684 0.7006161066823046 
0.5595462435917778 0.6993145265563062 
0.6249823547712177 0.032472806199170784 
0.6789050052679781 0.06199565856838709 
0.6786905411360723 0.03400170996600111 
0.7098200959434661 0.10960920981704729 
0.6379165298132414 0.06349401345028503 
0.6762160328155119 0.09782227162711017 
0.6294223738455028 0.05123332089873324 
0.6255866722889318 0.05047744470120914 
0.7053951678936002 0.10973311943059047 
0.6898214976248024 0.02399545346669739 
0.6596764988358693 0.04672120139136207 
0.6966727139544757 0.08539490476806842 
0.7086405497108128 0.12144730898230305 
0.6974747691215086 0.11820349133075046 
0.6398553392365199 0.0728259853168985 
0.6676626406600868 0.07365670306009667 
0.6435043727247468 0.07659343821989248 
0.6600787818969952 0.12098183333060207 
0.6880823474354342 0.0466543544476231 
0.6958628042911018 0.1098647671613691 
0.08682757314692782 0.07310857241276654 
0.12191405086862904 0.030676944465383382 
0.13523724593626824 0.03791153238307672 
0.10042598724131714 0.033939206613731766 
0.052429395604590784 0.023241936288824882 
0.05924606570776489 0.05612487235882485 
0.12190807843039311 0.01 
0.053854752411051796 0.027291959478818448 
0.127105122568677 0.08843611991127866 
0.06992691301920353 0.027812287126250643 
0.10200747874291229 0.05715141231174435 
0.06511458342539886 0.06369750349273506 
0.0424616334717222 0.0413842176129033 
0.10028642958257888 0.06316126160595752 
0.07465868161780856 0.01 
0.11455027881915024 0.07913366108285261 
0.12839395144593502 0.08804432163923263 
0.0900029286036507 0.06949538859310125 
0.052780365799568636 0.026832503329548382 
0.1206557210124501 0.051906556750092314 
0.39603882144736774 0.9382483148569908 
0.4379517026269178 0.9717258335330144 
0.44856234088889135 0.9515008104855935 
0.4014899833701103 0.9290751048317765 
0.43752509418406593 0.9351824410996262 
0.39799850281972043 0.99 
0.43982850407546387 0.9452409044290628 
0.4633759120167109 0.9702311563122192 
0.44976835935584114 0.9312525525294806 
0.4491761743066632 0.9772154746767647 
0.4424930775158583 0.9491406012860419 
0.48076130531179423 0.99 
0.4416038796638473 0.9181822199952326 
0.43293264422143146 0.9277358159856729 
0.3846281341160282 0.99 
0.45815140834844775 0.9329629076833204 
0.4662876808213655 0.9125948918050203 
0.4638401423446193 0.9289380744623741 
0.4388965482603016 0.9218769127754504 
0.41907275914486 0.9737898949163125 
0.0770792933214148 0.7455839612790219 
0.07399709850159893 0.7651406564656288 
0.04433844639024101 0.7162173150482328 
0.038341672042052154 0.7483789938950027 
0.04015553882370397 0.7505963375220897 
0.039639627582744794 0.7671736043963274 
0.07512616216826319 0.7837494319864284 
0.09831233672133534 0.7697611984892246 
0.06268626624575746 0.6962219070680948 
0.05249685206329248 0.7554589258997448 
0.03407192499270742 0.7518303258841976 
0.11577381315870744 0.7739645636286057 
0.08566689945267068 0.741909688531708 
0.10848770842312849 0.7010515066641001 
0.1204023385567693 0.7009759328171882 
0.0851043519311835 0.7093872520011343 
0.05926534764753274 0.7045970350490977 
0.03008454629526873 0.7781975624326535 
0.1072921260111506 0.7342585352240072 
0.06423960626704162 0.700442283730047 
0.9558610432120053 0.3142178942980063 
0.9831334397251613 0.2790944719608987 
0.9136312920683826 0.27548346551214703 
0.9399094320175856 0.32562396575810865 
0.9650820427293315 0.2940318021050716 
0.99 0.28097357828347086 
0.99 0.24068674940221071 
0.9643551525122039 0.2730220759524969 
0.9589473575117775 0.2814480913951506 
0.9238416175569039 0.23592736643638196 
0.99 0.25622340526360343 
0.99 0.2850886187877162 
0.9296877002972049 0.2730766976962697 
0.967753224173607 0.2459952740127553 
0.99 0.290023168367808 
0.918823409019131 0.2615950674659642 
0.9862501402234461 0.2751178881716048 
0.9734127944463483 0.27177025986528197 
0.99 0.2592219110352843 
0.9351742811385232 0.2653800273585561 
0.7893117285868008 0.7290642805493521 
0.845827171679461 0.7190253072138088 
0.8220977814216517 0.7012742161565175 
0.8452006782121092 0.770941703771012 
0.8311307685693379 0.7486754279680272 
0.799001941085572 0.790463243338277 
0.8140706398274445 0.7605644299913706 
0.816926865391618 0.6923049711159966 
0.8288184912720995 0.6932368078163929 
0.845471710239814 0.7029132591434526 
0.8555238366514002 0.751040864703832 
0.8108751623968696 0.6980728262157103 
0.8140157735137498 0.790307597812276 
0.7634602857913872 0.7247563297142627 
0.818827545029002 0.7726869032670582 
0.8577196808965979 0.7485944570376226 
0.7942690490356107 0.7816725197941755 
0.8299973873993737 0.7682219545752712 
0.8135896487376161 0.7288455040233629 
0.7688774837602625 0.7593714653121668 
0.15622193717640814 0.8169893030489779 
0.21548345530832358 0.8556123350684108 
0.14429640862416537 0.7731121476995757 
0.2174603608794401 0.821147401766408 
0.12533376947904343 0.8601173333075066 
0.19711301398787506 0.8475538917683054 
0.17018755618297138 0.793804658498812 
0.18347986778569642 0.7686734884717764 
0.21503017482942222 0.7811818522601636 
0.20954569929144182 0.7685709366202778 
0.20388931359296408 0.83301870064922 
0.22404503391212544 0.8077768014797593 
0.19983606601256615 0.7946783904021009 
0.16151836652026047 0.8328809564335844 
0.14578194631083993 0.83467473401115 
0.19995422479884004 0.8479549195801185 
0.2149658133628803 0.8657134217104061 
0.18322822743454478 0.8115514430032857 
0.15395038663954314 0.8614239926796474 
0.12945087469491742 0.8106709202133889 
0.288360194060083 0.2830802505645334 
0.21472186870575072 0.23555037000225643 
0.24512316318626812 0.21909446364592017 
0.22456995102877977 0.28119700502359024 
0.22429395544713132 0.20536476086999034 
0.22173133004169068 0.27162752287648173 
0.25121238148653285 0.2218694744611797 
0.20351341555613908 0.2825993662642273 
0.22100340468110952 0.270526066092202 
0.23374056253390257 0.261075197790215 
0.2670884938444188 0.2873165131585297 
0.2696634308094163 0.28358472943094326 
0.2603535954003453 0.25231911084469966 
0.20410494721537728 0.23176631664529534 
0.20136722672395613 0.2608486276731083 
0.21694292186194258 0.24166483113198026 
0.24172503591213207 0.2851999314124878 
0.22349407111023425 0.23640082435040893 
0.24447456457628022 0.28178522472709405 
0.2770851539943734 0.23236172214376585 
0.3920908359545371 0.573892524892539 
0.35231751456809746 0.6145347830068837 
0.380410770351488 0.5376894735410915 
0.35772841739172767 0.5454343567801768 
0.4180287496646002 0.535098359229348 
0.42468279588933855 0.540626243151367 
0.3569244717265875 0.5749533643421838 
0.3959889592063709 0.542863283475457 
0.3525267746682049 0.5486006195133907 
0.40968833619498135 0.6164174438182352 
0.3724346382308195 0.6042079620355535 
0.3801835394482743 0.5587337333454951 
0.42556992248802317 0.6014363096072165 
0.32897863368460856 0.6014386344218732 
0.3794118548865119 0.5565304015165502 
0.3600692443088881 0.5534937098424444 
0.3601951578025184 0.5783870330124173 
0.41954106798378415 0.5467922055967885 
0.33508452529541444 0.5435457079784034 
0.361787421118567 0.5918900219883875 
0.020071897487835975 0.4915948227731076 
0.05715645924912403 0.434866241590199 
0.09746768535548771 0.44251174962238515 
0.018421776940500637 0.42761743940205454 
0.08515136629728935 0.4873382277662805 
0.01 0.43847520274151697 
0.05128315314704081 0.4189705361092389 
0.02721854722513356 0.46100645139837204 
0.0844868383368792 0.42300129422877264 
0.07508069501773493 0.41931257848391373 
0.08724382146876312 0.46498184465426873 
0.032004305900025704 0.45100474141782165 
0.09323266234983478 0.43701361255825477 
0.062085837892194816 0.47860975217833934 
0.01 0.4554968685508905 
0.013710981827900967 0.44807214449874383 
0.0897515762183171 0.49820372849959643 
0.048737836150990047 0.4456507147304358 
0.09828844250952662 0.5147668446829683 
0.02858056647529582 0.44272516804370166 
0.9629472589322378 0.05098088779283966 
0.9778199097284167 0.031265009665775764 
0.99 0.044616659117267886 
0.99 0.11702436050987444 
0.9228924652178582 0.0852606917536318 
0.99 0.03692882443604488 
0.9257609152647847 0.12140471898520887 
0.9109908156531156 0.0819042344490207 
0.9874570651311337 0.049146341317745715 
0.9302957882782427 0.055592886602005585 
0.9132185623876472 0.10824409204805577 
0.99 0.11487120886256624 
0.9659873714018533 0.05704121666490322 
0.971067279329932 0.10801545315312694 
0.99 0.11839569645624878 
0.9182098179060935 0.07625838272063605 
0.99 0.12335314631613578 
0.9545346456669882 0.08968599184677054 
0.99 0.11392001017374424 
0.9194652010785695 0.06494671272284462 
0.5263707689196147 0.5853222171412681 
0.5050686358757802 0.6385756491735289 
0.5304005019718335 0.566673425582966 
0.5699580144210045 0.5587077313223117 
0.5357952876637414 0.6147894629406401 
0.5434318001061569 0.5919476512404227 
0.5519306327415787 0.5570268083551978 
0.5241602440999504 0.6393088247797392 
0.5695179874798058 0.5782144510051866 
0.4853170728418154 0.6026803092493255 
0.5637528631445706 0.5503652164530533 
0.48936005361617513 0.583743844905366 
0.5344243813984666 0.5738224616448026 
0.48126919794947665 0.5515083206340037 
0.5274214679264905 0.6161323470196743 
0.5753883648393244 0.6383161068377319 
0.5714514349357401 0.5966683710753133 
0.5355162268489804 0.6327680345558164 
0.5568496989741208 0.6265684851676432 
0.5145589397716523 0.5963587946356897 
0.99 0.9657937732926578 
0.9362063178925304 0.9660949248855755 
0.9054053199008141 0.9838487767288125 
0.9357025170737375 0.9365456001822378 
0.9376966882197034 0.9211918543848369 
0.9776090856316545 0.918588795730164 
0.9103774779763978 0.9875383914899509 
0.9833863234344742 0.959379893018546 
0.9131882202459995 0.99 
0.99 0.9345925112144436 
0.9543139646192439 0.9655798361517158 
0.9536452761843366 0.9306301807449234 
0.9264324961252555 0.9256858499227454 
0.99 0.9693610505985224 
0.9827878635057876 0.975496916635162 
0.9377812467894681 0.9175522274001292 
0.9269797279749652 0.9544874271963629 
0.9741183295481322 0.9597779432500515 
0.9283912048571874 0.95529676531274 
0.99 0.9325600506985529 
0.5410319016057556 0.2119541717158037 
0.5484787763937305 0.1950554497464912 
0.5793855805992836 0.17580291077799512 
0.5881076515097333 0.23260994243974653 
0.6160285802194518 0.18769006263572208 
0.6145215558253442 0.23097581477400733 
0.5547766071903423 0.20685488307827088 
0.6221071070444315 0.1990387590061244 
0.627536006854935 0.20266621592896814 
0.5703940898983287 0.23967418401543022 
0.5581772540878043 0.17770811627184974 
0.6144092323518157 0.20933045195255118 
0.5620795057248569 0.2481522852118939 
0.5494318965259501 0.16723415083035595 
0.6127230313992534 0.16421378731786648 
0.5333865438195429 0.16985701694851663 
0.5835967095083076 0.25428641191964807 
0.5627190628266535 0.2099823037392981 
0.5706922754807465 0.18887602126120784 
0.6299619391968845 0.2032156224336899 
0.7066171112909957 0.322559958669981 
0.6681058026904969 0.40704705243978834 
0.6791487592303269 0.33722244987614547 
0.6555465194299682 0.3490902554744075 
0.6330620767046714 0.37481713032348546 
0.6286699325852431 0.361214638771261 
0.6390465484211619 0.4124656277897971 
0.6590796087891081 0.392751454841389 
0.6497087922105529 0.41869732775906043 
0.7053168505570975 0.331791658747962 
0.6316367998652774 0.4043236544359733 
0.6524867248528987 0.3310899267383712 
0.6948761707874662 0.3307127697227854 
0.6844991781959825 0.40949525853800967 
0.6599946742255092 0.3460998879305236 
0.6478106041452426 0.36259219089956235 
0.6640187294791431 0.4138504715159602 
0.7010744232435383 0.4064507173779485 
0.6581193907273617 0.3464251182494073 
0.6813347602893709 0.3547408999630305 
0.3672941594372866 0.09405430679396945 
0.42013741122753634 0.0617091499087781 
0.355034510731928 0.09024471058002943 
0.3500731351811636 0.09201952637413865 
0.4176931191199299 0.0384776121065144 
0.42359705632087225 0.0699034094120849 
0.3478013288511381 0.0317338396028918 
0.3676012665198217 0.060382468722798746 
0.44089926934649704 0.02973587662046582 
0.35716401445188156 0.037840419381931154 
0.4224755250171741 0.08269030544907716 
0.4285318287136941 0.027147861653989545 
0.4221207081196018 0.09031713207002845 
0.4124423200965463 0.0617456762203739 
0.3729076807440893 0.06433099080442407 
0.4099284536750056 0.08254663441494774 
0.3593656043543482 0.014466855984869752 
0.3683464880787155 0.06557786066958922 
0.3599830969717718 0.01648617258464342 
0.41239608746871925 0.0609300171426824 
0.1196325269986935 0.5679735214924534 
0.1239217466607347 0.5790380008001633 
0.0632323888854743 0.6195702797268785 
0.11137658520038311 0.6272002788531674 
0.0916855018742898 0.6512734395503837 
0.08049223413559539 0.570637503984601 
0.11922522446846015 0.6461448024292072 
0.11488508923422688 0.6322739237128442 
0.06015264105646523 0.6568214476172509 
0.029637217850141048 0.578800539727717 
0.05925835856510685 0.5840584691776417 
0.11144075766909589 0.6560227992067627 
0.037561754257409395 0.6199142011393768 
0.07579971298481486 0.5939236919148202 
0.11913455151613149 0.5970621851989597 
0.0362998544142731 0.604671827643443 
0.09435150162405617 0.5954855099269672 
0.09605708524617204 0.6028322765656349 
0.10930673256484803 0.5859286950048131 
0.02982989180687101 0.603239755416468 
0.9544631229671624 0.716074491857067 
0.8925590369237342 0.6780806728271476 
0.8843518644488849 0.7161207088366879 
0.8802106177712815 0.6610788879858327 
0.9470197753425502 0.6648642810802112 
0.9090673710204207 0.6309888209997057 
0.8929889966063838 0.6879983374967029 
0.8742566314598603 0.6860630366304948 
0.9542147645540829 0.6526196314563372 
0.950426595238709 0.7239071038484864 
0.8832656559788334 0.6612816471260696 
0.8855197490166048 0.7193057725121321 
0.8723359996921598 0.669745396150021 
0.9282625481114882 0.677258699058561 
0.8919848201571162 0.6446686386904709 
0.9514295077637206 0.675248684059278 
0.9218994097414557 0.6833506796789494 
0.8691969151638383 0.6360783361652402 
0.903622199201289 0.6741915007782205 
0.9306015839458281 0.6968998568868713 
0.5019386615490798 0.8828647662666215 
0.5399398548492653 0.8858110547497018 
0.5004084024731397 0.818500160288902 
0.5301299404456373 0.8633334997448512 
0.5087627196077118 0.8722035760659941 
0.5242954501597428 0.9057927039430695 
0.4569770649384554 0.8924030117700797 
0.5017592936463966 0.8397601042319153 
0.46045723436384023 0.8923307592694077 
0.5084796675324924 0.8931671530234899 
0.47115518172291404 0.8529482357732174 
0.4698198973710164 0.8268442291886531 
0.459961311571558 0.8314006498349653 
0.5426221672093227 0.8834145631659516 
0.5119485919268059 0.8347436824400012 
0.5166836747350186 0.837560651671183 
0.45523285324369933 0.9164504716994113 
0.5487423594875835 0.91568558935278 
0.4769147812755851 0.9106178806331768 
0.46334187770729024 0.9117782372910572 
0.10264991410056254 0.9171076218187987 
0.12192292370825614 0.9401861832357188 
0.15759796688455902 0.9019465557259841 
0.12814934104622172 0.9682252140758538 
0.10697595542213738 0.931164493637954 
0.189273781497515 0.8918895586432025 
0.09974884330323672 0.9158779332152895 
0.17189538763151013 0.9727366659895792 
0.15854503012124085 0.9471843166916195 
0.13681013607177195 0.9536473299803742 
0.14204973290822376 0.9651131569799665 
0.1901549127922322 0.9208880690896937 
0.09932523945815475 0.9012640078350175 
0.1335898874610616 0.9086396579848428 
0.10456267796201626 0.9155759440549021 
0.19235794800108358 0.8872068095387848 
0.13858447819612596 0.9323002466251924 
0.19265894845596385 0.9223700490207715 
0.1363415282592474 0.9437279618446104 
0.14811440160725153 0.9160443319391677 
0.37385045037800335 0.4504078548191811 
0.39801624939148883 0.43752487571489596 
0.33594809283030175 0.4653665765862382 
0.30274544901691214 0.4572524255986835 
0.3433861946462958 0.4793843857834479 
0.37104625323567964 0.4425177494254928 
0.35773155756200997 0.46212611645185037 
0.32062592128656653 0.41628463605887844 
0.31109656826858434 0.4240064000969916 
0.3227212434350989 0.4062895239137887 
0.3346592426725992 0.45540068178245174 
0.3330452460860268 0.4038354186032982 
0.38278015666306286 0.4197103240249694 
0.36985447335595234 0.38963630325859494 
0.3338717953362855 0.45631478834828404 
0.35267922300704063 0.4486849472913453 
0.3311776334286903 0.4161749476456959 
0.3104208156289152 0.4110102050924881 
0.39259696727668936 0.48945507741514876 
0.3614010439602212 0.39785714292733293 
0.1289494804868619 0.4899295536927837 
0.2078689902786457 0.5143593981771505 
0.20741959668259893 0.4893317812361758 
0.16510619333053378 0.4376791893025225 
0.21902625202614118 0.4583321273992506 
0.21307467988608741 0.5005399903115244 
0.1726879263989606 0.46781857034676483 
0.17078000778003205 0.4235167619163394 
0.2115707132069286 0.5129533683483214 
0.18750951241442904 0.5114087342458012 
0.16312688956837582 0.430085461332259 
0.14043989028083212 0.49627408940686396 
0.19381339982514567 0.41708641110282474 
0.19421791034224703 0.49845784232451446 
0.1471073498722627 0.4333409409296152 
0.21431384508372564 0.4920122483383191 
0.2212100454555797 0.43212805822412137 
0.17224339218922996 0.5050006292422291 
0.17265056224069006 0.4866678172249451 
0.1697125430409206 0.4395750878620384 
0.2161027939364219 0.01 
0.2898029482052116 0.06587315535056808 
0.21607968251131743 0.07761487055727044 
0.25126163025418513 0.02541833049363288 
0.2274961945677794 0.08268453551503685 
0.25312313450308904 0.022479167264529205 
0.31210083032304914 0.07198148507860881 
0.2932856741392188 0.01 
0.2356984734725574 0.015263107429026354 
0.22845587031837827 0.01 
0.2649498068400461 0.02024115363057264 
0.26599062968368603 0.01 
0.2973209396116647 0.04375991527152806 
0.2605069080185814 0.058358253436782165 
0.22865691159116988 0.03150821342861412 
0.27969994929230685 0.01 
0.2923242563855217 0.01 
0.26599170853814214 0.07867182198974107 
0.25778181957777613 0.01 
0.2567410596470346 0.06241293258900678 
0.7166276349129356 0.4934764769993352 
0.6804925064147639 0.48100445231454997 
0.71803005816731 0.48946892920106605 
0.711638672219108 0.5317127724987006 
0.6475924502072484 0.5257448979808325 
0.72840791812167 0.4636867282339376 
0.6683247015404107 0.5253031364208196 
0.6915867748074758 0.5350055190177005 
0.7298428216926256 0.4510070926178504 
0.6444692765789234 0.5279419602780736 
0.7300585412118683 0.4467234621791114 
0.7032816958516306 0.5253127448095466 
0.7234636044506744 0.4830337981383108 
0.7239645222284464 0.46263811842780017 
0.6922055494827501 0.4977052684167177 
0.7209234392618653 0.46156374441912407 
0.7322827374558659 0.531701118406566 
0.7178628719808716 0.5217035375836464 
0.6954693340504424 0.4552742830865899 
0.6536679197463537 0.4454375175842995 
0.7776028815733987 0.06494620187529171 
0.818601369954617 0.07957306184330576 
0.7927505080906931 0.08333594305291034 
0.7850576184879294 0.04126866012772441 
0.8072812217014821 0.09602840071812772 
0.773307474255803 0.07112873107736664 
0.7574286650108224 0.06509138668098059 
0.8247245502861275 0.021827515733543246 
0.7504814641143356 0.08004826233368845 
0.7762141250583011 0.09523978955667001 
0.7821745151092236 0.054932817695606526 
0.7868464819854805 0.06351893644963093 
0.7655612872187028 0.08075536635986005 
0.8058891691196373 0.032742409642087994 
0.806363369995989 0.09123020473505655 
0.8278742554172616 0.0918189609053918 
0.8441645470657162 0.09869839845486676 
0.7870619309374809 0.0638086036539554 
0.8190857508184238 0.09011454653396708 
0.7587503509713786 0.03705683429445411 
0.19874330901728668 0.16260713192566031 
0.26518623832465593 0.11115150474284052 
0.19768235543192306 0.17916752330108476 
0.21813319379403878 0.10076031749025843 
0.250633592071097 0.11421389376543055 
0.2360361440930565 0.10429745124966215 
0.2045232457648024 0.17292377975501855 
0.2572858415659134 0.10944681981695116 
0.22042283828194853 0.11118979368394151 
0.20331417769412816 0.1613473001887211 
0.20671621667906476 0.16730765911629186 
0.2375857927980233 0.11258521138916475 
0.171321221819082 0.10941902609922911 
0.26254248031736777 0.16218209992884286 
0.22699669040919251 0.13540894103010487 
0.21236949833648108 0.09520229124255311 
0.23937839323597557 0.15451475932647077 
0.2402664053521803 0.1321779750482885 
0.24133846474762277 0.11877672482412231 
0.16810576894818718 0.10152758196798344 
0.5217199351726303 0.3623867918600431 
0.4999716300446131 0.3469483232828276 
0.4961231661990062 0.3498091010397787 
0.4591578007873989 0.34699821504875794 
0.47846488325296094 0.31676521706865907 
0.4537661255264512 0.33138342133242904 
0.4555977938839325 0.34995156547443496 
0.5210374969769248 0.3591182367333874 
0.5243589455970449 0.30338075021636374 
0.49232784437192 0.3580338716497484 
0.5200492123908409 0.3674096424392558 
0.5382166273587287 0.2995871967834003 
0.5142621546328773 0.35561344771754616 
0.5093560315412381 0.2754908259922623 
0.5522460858219196 0.3087641068278612 
0.4843102853921223 0.32907808997025184 
0.510888094168339 0.35912837048920765 
0.483893689009864 0.33537049490729454 
0.4640038825879632 0.3378450451673192 
0.5331954928077793 0.28973120309832545 
0.19816044802710733 0.6814287784255377 
0.21499989776871037 0.7244430737566143 
0.18923833066799234 0.7153076125591046 
0.24509603597238963 0.7127156714208801 
0.23848422897858879 0.6722931729067895 
0.22897576335029657 0.6402747394122765 
0.19296111523591705 0.6518850587246721 
0.25533639033384725 0.693506273961163 
0.211330145883773 0.7046474676633817 
0.17948184627546898 0.7203289076367516 
0.24531857048226102 0.6334044217506435 
0.2133536219727687 0.6450297269011678 
0.19153855926403823 0.6862600951984618 
0.19576139732901382 0.6581443202690807 
0.22687363521653442 0.6917485041289024 
0.2427095378602549 0.7155461496273748 
0.25267982400284505 0.7272134883753466 
0.2155539662128618 0.6527589900992093 
0.18933241075336762 0.7285268263374675 
0.20082780556667237 0.6895159233141731 
0.8193359265111354 0.2970238510858197 
0.8609020214665887 0.3353970520959805 
0.8772769958254816 0.31010008419409385 
0.8092895527036564 0.3517413653404265 
0.9005340433347423 0.2900645738055279 
0.829644864250819 0.2798536753178444 
0.8791938093614968 0.3349395893000603 
0.8329076207405616 0.3056401402552603 
0.8892056496899986 0.2811204076953061 
0.8580752287805227 0.31825639519337656 
0.8863604027916108 0.3386337752828121 
0.8537710139556107 0.33665860307159395 
0.904256098713645 0.35466482092540186 
0.8994938289998298 0.312063845921977 
0.8703025819521587 0.3517321939480861 
0.8904098948811372 0.31683108546547867 
0.9027681668294792 0.3432627938807826 
0.8665100283449535 0.26132369733369376 
0.8247332413067094 0.32438711891544975 
0.8803340479143695 0.31651066261854766 
0.06011351950124261 0.20556139869359857 
0.025983607456282143 0.13281256438350297 
0.0915474338188236 0.14738242576237065 
0.03462195280195514 0.1860812065684213 
0.0867538745836949 0.1624654869172737 
0.016933058714880565 0.13219829294880914 
0.09518150938432905 0.19537255404984746 
0.05475383799947253 0.15356896062095246 
0.05977468687702372 0.14420036752959614 
0.06669387217514428 0.1774231871874025 
0.08857081136421979 0.16772863019431072 
0.04261763258948995 0.21006932417613744 
0.06473899265335671 0.1699744079860476 
0.03080927313188224 0.1701766633524997 
0.09990744170937146 0.1761877228167561 
0.018918034648461063 0.13648269484748002 
0.025150475223316135 0.14523303769360454 
0.0209625379570485 0.19865450508103621 
0.01 0.13831668386759266 
0.07440214796023112 0.1300756348565268 
0.5393797186321164 0.12676510341627611 
0.47755506388585706 0.10278011827323115 
0.5501613362565682 0.12527036197553465 
0.5320551789634351 0.12766713275346825 
0.5480281979220102 0.05965497921757312 
0.5243931296939164 0.09251235518105042 
0.5328059201253829 0.10294290602498271 
0.5443763945571222 0.09230168380968501 
0.5749274546315342 0.12149538056296692 
0.48056235513992485 0.09513969986947834 
0.5226325385352987 0.07755284486361075 
0.5642759153890854 0.13787947289798674 
0.556297498623239 0.13314409972635965 
0.49363283729880275 0.06670124065364849 
0.5563563641654411 0.09280550588778003 
0.49807549199910145 0.1256755832769848 
0.48622015330325646 0.13698131590204699 
0.5509068546183327 0.06736744979384962 
0.5654213375083427 0.07178237078113055 
0.5088533928980086 0.12300617111066608 
0.12227294228762092 0.3797027298022989 
0.20380345504960992 0.368954544978684 
0.1779385376699235 0.36741274607517327 
0.1985192852450488 0.3691327913080046 
0.15465890480820044 0.38470804541746456 
0.14413041681532127 0.3319087972347863 
0.1612322310982848 0.29600597625774927 
0.12034165828468191 0.3748834059488473 
0.14266396153203265 0.35109230155022936 
0.19219213935143475 0.33005075051588756 
0.12220669574203658 0.3461289602194215 
0.17650056238130166 0.3399915788668862 
0.20419334543779383 0.3264585292079164 
0.1256317952266865 0.37710699078984933 
0.20644466416451057 0.3100491820262221 
0.13879329192188403 0.3843883488152175 
0.18425208419130953 0.3357990110705519 
0.13244766079545933 0.3370967440168022 
0.1941860842382374 0.37241825576541404 
0.1925482342097633 0.32553022817015187 
0.2559951120581955 0.3666178099598085 
0.27568285785973984 0.3099633551372096 
0.2781374627132173 0.3428384088970636 
0.3321496254178381 0.38421969743794837 
0.3287905429205433 0.339644088455091 
0.34424212745127947 0.35981822733461977 
0.3102912485373196 0.34115936816837983 
0.29554034155228776 0.323061252687993 
0.33178330926014243 0.3043609425399357 
0.33685293282060425 0.37738120274530645 
0.26515045869600723 0.39361540393423744 
0.2870056183438793 0.32138369288844404 
0.3352708592683659 0.3083553247128506 
0.28060600578363626 0.39142831767215486 
0.35266213902976373 0.3789857623695013 
0.34073030518900294 0.34654288774588043 
0.26815949325562083 0.3315883865693357 
0.29295323197994794 0.37560217044660615 
0.25996083242257373 0.39504666866659877 
0.30759904620574763 0.29820494050545254 
0.8005992608914997 0.8929578379142163 
0.7964553402898563 0.910343813918155 
0.8183930675986788 0.8416941940128922 
0.8246541478694798 0.8235029246664263 
0.8409918257020419 0.9076719000571157 
0.861576199313673 0.818094910934574 
0.8058381415036245 0.9119343480102746 
0.8093701676649199 0.8382091516139685 
0.8606671912621232 0.815360634816873 
0.8169775054459822 0.8440733609592521 
0.8000060652072993 0.8668101156226103 
0.8690241745644306 0.8712630359505991 
0.7962060538593454 0.8810705555740583 
0.8351681836101392 0.8249257008346474 
0.8150799079710139 0.8491577792402955 
0.8825378736955184 0.8566157399552374 
0.8006334742454566 0.8970528093754647 
0.7934240752349482 0.8739785898253586 
0.8029506908331412 0.8555168069147577 
0.8115225543082437 0.9052762096616493 
0.9632186640420132 0.8213519028710923 
0.9672785072758294 0.7542278693681261 
0.9606838930994361 0.8389584604550497 
0.9504148171695269 0.8488777146737476 
0.9074204369657106 0.7856828747697688 
0.9228944387666854 0.7786848535218293 
0.9368563741427244 0.7882218934690407 
0.9256335701628573 0.758098742637626 
0.9311177754201828 0.7809453693838168 
0.9489105902790126 0.8345525245942946 
0.9646924577955278 0.8422665077374581 
0.9503981042053639 0.761462094265848 
0.9135842133138696 0.7602122979871744 
0.9604231564417843 0.7739008050405857 
0.9350458333876208 0.775808774602812 
0.9868257298301039 0.7642808781104884 
0.9541962427482056 0.8518171578779912 
0.9483478945678435 0.8507994708080755 
0.9297213159400219 0.7595767805854793 
0.961439239955348 0.7942136128300606 
0.2909258999922939 0.9841504901580737 
0.2572311267146025 0.9757348936050887 
0.2785284233313546 0.9035982950073764 
0.3231689560194258 0.9468025216696986 
0.2714980373166735 0.9217897574680768 
0.26392327726326775 0.8939502893353407 
0.2367665003935187 0.983334297534226 
0.24443017980441872 0.9868224089943728 
0.31419811493089334 0.89944267168052 
0.30877102520988375 0.9214737868980144 
0.29441549330887634 0.9705295183439069 
0.2438977035659314 0.9116080321813331 
0.23891301321618616 0.9164499033765094 
0.2515340333133466 0.9699903945426321 
0.32016384935537523 0.8986940396673652 
0.27022294460749463 0.954562084237946 
0.32992536731112326 0.938752960177399 
0.2710511692991753 0.91466049179297 
0.23510093007536662 0.9748251382448032 
0.2748278111575356 0.9227223469390177 
