0.8698760201387655 0.18511169727472626 
0.8733040753055814 0.1826070070122191 
0.8711204587741104 0.18569158510139253 
0.869632256794384 0.18120226750924107 
0.8672120056938128 0.18791353965448263 
0.8688882813884368 0.184636486662485 
0.869572518610582 0.1814421987679313 
0.8730240141367182 0.18129204171184446 
0.8713891599715607 0.18174231720464132 
0.8645275238750872 0.1843679247834481 
0.8650733111602606 0.18928735705780167 
0.8656164432448888 0.18562770551978214 
0.8662122466240454 0.18744950136366187 
0.8674117402629986 0.18866024048209226 
0.8725427150560141 0.18491603247381938 
0.869198010610223 0.18169065068025506 
0.8688186260226234 0.18430817513197104 
0.8656774931164863 0.1819140776544901 
0.865257831710799 0.18068507431559952 
0.8731390027808469 0.18963714355332204 
0.36877996019643605 0.7678686279272685 
0.37152657653133103 0.7636714555747205 
0.36463738248550587 0.7627191089953874 
0.3657247646673653 0.7671928474989339 
0.36657942294248036 0.7657689326682688 
0.37268370811337037 0.7693303865186969 
0.37176368611942234 0.7654369636344956 
0.36275895559446947 0.7696980344804077 
0.3687706095485774 0.7656677522903786 
0.3679430488782559 0.7664633334583172 
0.3676377800496555 0.7631311488671534 
0.36367965636705585 0.7620010269697287 
0.3682688338509811 0.7638804765132987 
0.36531452530058817 0.768071947295056 
0.3703673306214808 0.7684639077415483 
0.3699238303276418 0.7685949464132167 
0.36601403037286573 0.7686783368953998 
0.3669733456205653 0.7686658238716396 
0.36733822761747803 0.7621950114021456 
0.3636322441922399 0.7602224471742473 
0.04785046007608816 0.29213491751131215 
0.05625137856078036 0.2885073906877515 
0.052344970040200244 0.2894040682045531 
0.053128811314392316 0.28464307799586785 
0.05010775591492529 0.28688227315997294 
0.04982099942603203 0.28873629074195745 
0.054865661077774776 0.2911679335831316 
0.04973804106049603 0.29172504487292894 
0.04812183928475008 0.28545807956871216 
0.05377195693632778 0.2877093700873438 
0.05220756928553613 0.2882616996526197 
0.05015404778919429 0.2890511594872953 
0.055213466492262935 0.29068013453142993 
0.05020917942738173 0.2876676626312328 
0.049977573331890866 0.29012248321570594 
0.05482721922359426 0.285202081205966 
0.04876299039138545 0.2895212566823665 
0.05655880834661585 0.2841289623530567 
0.05355549422940717 0.289384982923743 
0.052393823167670654 0.2831994847436904 
0.7477282289088233 0.607124421479358 
0.7464528918303932 0.6129933935949973 
0.7441889568112433 0.6086734702306974 
0.7497323761890444 0.6085683386899775 
0.7480173126320604 0.606092952754745 
0.7531261861446281 0.613414302095854 
0.7514970402559101 0.6090689436131159 
0.7448774749163946 0.6088716505965783 
0.7504771185662366 0.608575091861378 
0.7500267857415209 0.6153301755707985 
0.7496033303098922 0.6148964794789454 
0.7489532046170828 0.6146817189343668 
0.7522807058795687 0.6139951001405689 
0.7537839521965842 0.6157463609674262 
0.7529870729164989 0.6146944309902284 
0.7516048658459613 0.614771493699419 
0.746108040486731 0.613525407232573 
0.7510843281201052 0.6143914107999466 
0.74965921812141 0.6153740190536385 
0.750010295917128 0.6137379704264183 
0.4925005362403549 0.4441548095055019 
0.4880693461577914 0.44468003242203824 
0.49346828040262847 0.44774005252675514 
0.4955415515858364 0.4488563622462969 
0.4885410265884975 0.45052114977813135 
0.4874324519867425 0.4511919360880898 
0.48938978545225 0.44584311547256955 
0.4956960967537353 0.45066392088716795 
0.4944151081808502 0.4488615661860741 
0.4908387066575885 0.4510008503004798 
0.49503895127566416 0.4513315528622938 
0.4899590819270767 0.4507981744137126 
0.49349134411855994 0.4439868605363957 
0.4939001368597436 0.44358677310243655 
0.4902597008284942 0.45117741809016854 
0.4953732108937521 0.44843500703728756 
0.48712783488362926 0.44834271174855517 
0.4934598790961225 0.4449990216052416 
0.49074984234837193 0.44624413792662737 
0.49035489651982106 0.4427606166311469 
0.6329834229340128 0.9639731815850017 
0.6302057878485573 0.9626084751200206 
0.6369914928381223 0.9623259035503866 
0.6370620815226298 0.9637339909982517 
0.6360192666442628 0.9648824543384894 
0.6336784376013761 0.9643458231758874 
0.6350692859905169 0.9698126777177501 
0.6337538798200884 0.9685972935291879 
0.632469393278573 0.9693493296841278 
0.6299399904839622 0.968741187671746 
0.6324604875124731 0.9662492245840598 
0.6310259480878196 0.9698468555431468 
0.6293923016230224 0.9694846642915091 
0.6306376636379134 0.9625973309776585 
0.6364054995621655 0.9696362172129802 
0.6309360368519447 0.960929414593154 
0.6358043591167507 0.9646452007955602 
0.6321593401139567 0.9645021157755732 
0.6288570408330184 0.9610043373597138 
0.6302019422044378 0.9673094548078526 
0.2571825062728094 0.548614034841766 
0.2620065270559626 0.5539614614559443 
0.26304028728747925 0.547458210629928 
0.2586851127527185 0.54848556923059 
0.2624566148282102 0.5526532508554166 
0.26134797931822457 0.5535060535371624 
0.2637836486289729 0.5541104743565508 
0.25813159896891186 0.5477630850422711 
0.26614945815518665 0.547329111768648 
0.26179382127078504 0.5474316580766446 
0.2629357567730666 0.5517058417032268 
0.26099854185017685 0.5491925437001342 
0.2566463173064201 0.5453666676280995 
0.2567160116876826 0.5462959310673444 
0.25734522047695346 0.5526400546853605 
0.2611834744268276 0.5522872154898367 
0.26531592172203716 0.5480052492698602 
0.2628623718962063 0.5546242540993276 
0.2622760554970654 0.5545247881442094 
0.2637800470075828 0.5464000517443777 
0.3827918679559607 0.17727531134633062 
0.3833280849496665 0.1724011141900062 
0.38683710885961753 0.17965321470403575 
0.37927649532498375 0.17989332468782032 
0.3865654983603228 0.1758706772339532 
0.3810557599074555 0.17456092512753432 
0.3814664750722456 0.1707635719034439 
0.3815438183140672 0.17066241096951876 
0.3824443217328419 0.1716016970235501 
0.38259774836225524 0.1766983917743467 
0.3857577541109825 0.1753072119218713 
0.3809908514701398 0.17147476900848288 
0.3875546464860933 0.17449825847999312 
0.3790639764014236 0.17548247427668306 
0.3866777115393621 0.174829648602644 
0.3867382504316831 0.17373001938986152 
0.3828754667361684 0.17795374868650363 
0.38169245177717326 0.1795652195851217 
0.384126211781217 0.1788368918414966 
0.381980788990748 0.16992829852635283 
0.9019437753806862 0.49416733540254465 
0.8974327891860333 0.492468354141892 
0.8969994555619281 0.4908211825686899 
0.898684083560189 0.49462438988824625 
0.903598183150782 0.4939118888725439 
0.9045838904856408 0.4908402243555356 
0.8957923341934119 0.4865915504919623 
0.899965122563357 0.4930108317258203 
0.9038527649580715 0.4922436688563736 
0.8960739294903132 0.4869115229420153 
0.896539979483796 0.4945603604753832 
0.8970832308925941 0.4960110615910882 
0.9009218659162728 0.48655911722722217 
0.9011316272222372 0.49107901088461586 
0.9033911818680995 0.4916196399910917 
0.8954802678834888 0.488967059955334 
0.9043340360312385 0.4952073083338982 
0.896291409304008 0.49578095422222057 
0.9017984601731424 0.48677726023500034 
0.8958347414702699 0.48752930975413417 
0.06266786105717201 0.9081786177326214 
0.05801503886937122 0.9090454678861737 
0.06063232883563238 0.9084148558904003 
0.058807821335503725 0.9082353640215037 
0.05726770909650439 0.9102743274820811 
0.05984750283113854 0.9138482918842392 
0.0544442810457502 0.9053401419426559 
0.06192063559286703 0.9129620219630197 
0.05463118033036629 0.9083578492267292 
0.058386744653172014 0.9069066981156593 
0.053692860049950615 0.9107048648645473 
0.056040807654524044 0.9103280006965311 
0.06251222373989816 0.906713683178912 
0.06088599796652106 0.9137010962599782 
0.06260894622174254 0.9046664616560655 
0.0633647416284507 0.9133742177797176 
0.058534586948309465 0.9131767142132425 
0.05406571589500396 0.9050832458938978 
0.061602545956695676 0.9122530706896691 
0.06239088971049333 0.9101396775660313 
0.662258790964313 0.8540584565350215 
0.6574460616463018 0.8588056844252026 
0.654053142793205 0.8513585959891589 
0.6606628398034344 0.8513055346877898 
0.6531620920577939 0.8551391302323733 
0.6547020253191014 0.8518557315068889 
0.6568550955096462 0.8570229738517144 
0.6614877244118115 0.8537461581804907 
0.6539913911323477 0.8580575282804188 
0.658470174618873 0.8517464389230547 
0.6611936012624304 0.8495666942499556 
0.6531865602712579 0.8547310165288087 
0.6547130749721317 0.857034113288795 
0.6612259699159627 0.8584908146274752 
0.6565654687197572 0.8554198424413896 
0.6554824922643916 0.8569983028873159 
0.6612968176783333 0.858100105369202 
0.6563729525001395 0.8537268368895499 
0.6608476061318408 0.8535818203756923 
0.6541330056228359 0.8500268224967306 
0.7946980272710389 0.9464836930811976 
0.7960461184451406 0.9423665492252736 
0.78785918040397 0.9398588675201577 
0.7896071277745571 0.9426565702932787 
0.7914106957022781 0.9451345166999843 
0.7913505083730749 0.9457321625285262 
0.7929852436946588 0.9394986618722455 
0.7927240043491302 0.939562402544854 
0.7954620479378178 0.9401830035278124 
0.79081773995746 0.9466781646256907 
0.7905707278223941 0.9432864227321504 
0.7953187951419373 0.938527273669553 
0.7949055365051199 0.9410785618611772 
0.7924264825131117 0.9403585424009143 
0.7912038223682113 0.9422152224377327 
0.7909365416940145 0.9430056274304335 
0.7945611169058705 0.9411457496927316 
0.7945627807861582 0.9393437859539585 
0.7960238798702396 0.944778335974492 
0.790162038319429 0.942626754374452 
0.703985411320943 0.22828690927125087 
0.7121569132833158 0.23576338661223986 
0.7104346411374829 0.23046368444794443 
0.705099237982896 0.22801084841509822 
0.7072484824321398 0.2307358271792578 
0.7111810786612534 0.22867024346280942 
0.7032906250031212 0.2264840841552988 
0.7104143931383621 0.23611124799159788 
0.709533417375674 0.23001958949223397 
0.7031167349287082 0.2344386932418286 
0.7104443889960794 0.23494638144397062 
0.712491358953711 0.2322079905543044 
0.7037618053149617 0.226569444834605 
0.7090772096179976 0.23108853496349277 
0.708791264473716 0.23400690276459618 
0.7056818104929278 0.23296831503476909 
0.711155512544589 0.22969997750138224 
0.7036960531082699 0.22719949507224144 
0.7040883843047193 0.23077799241901986 
0.7049289912188096 0.23571597949765177 
0.555806805125132 0.733824227896731 
0.5574207559048784 0.7410296437823969 
0.5534364042598388 0.7334499030611481 
0.5551276085677639 0.7341516826612886 
0.5544776223826989 0.7339311454986097 
0.5615705561109051 0.7413214345997573 
0.5582065217335014 0.7395459436656074 
0.5562651626759029 0.7428552443886669 
0.5555203765232476 0.741012184939672 
0.5568842040844225 0.7350631561076095 
0.5589861414688223 0.7414646286934778 
0.5553163090776385 0.7338634370693563 
0.558040239232586 0.739321956747981 
0.5606395995678041 0.7336268300846305 
0.5571735247846581 0.7337263641804606 
0.5533192037406824 0.7373954397674367 
0.5556231432972606 0.7386989686382918 
0.5530898207985206 0.742321055315314 
0.5541790621012458 0.7409289802177527 
0.5586265255223043 0.7394352252649248 
0.667069122385121 0.06965912824491502 
0.658858148306505 0.07484755588933681 
0.663604890891169 0.07622658265798692 
0.6591691221008248 0.0769323424541857 
0.6618570301039488 0.07640779912051503 
0.664522337481769 0.07704864689952964 
0.6619809916316901 0.06846388251027669 
0.6593827313085543 0.07306308750843211 
0.6600901710314205 0.07534969613945938 
0.6629461788941632 0.07385873019254313 
0.6612410441873465 0.07598745805368434 
0.6645526344593704 0.0703027408601328 
0.6593907939882137 0.06880899107732424 
0.6663776427273775 0.06924165634803536 
0.6602942685566879 0.07734116388332873 
0.6583537205555712 0.06859507121565446 
0.6613194230369531 0.06986098845784734 
0.6632003877485472 0.07758337896506251 
0.6584388156124658 0.076116480217676 
0.6592277576694013 0.06976993111436733 
0.08717100952245639 0.04808359701474864 
0.09033891171760917 0.04568661203964479 
0.08682074333352596 0.05113480082660931 
0.08752687424012447 0.045911119929952095 
0.0854676570507708 0.04686382371547888 
0.08509874349704565 0.05285599437165847 
0.09163572790988563 0.043744167202713194 
0.09137173354051827 0.0431499279515433 
0.08319665042847167 0.04404164767233623 
0.09088523388245191 0.05053242591573936 
0.08416999452438982 0.04749201538966381 
0.08845072617722442 0.046907674753358636 
0.0837437125787961 0.04533500070698681 
0.08873646467723305 0.04696608068225627 
0.08319731651326259 0.050669545521596915 
0.08442358498123825 0.04860894817976734 
0.0869156663951479 0.047780992315716315 
0.09211906872973612 0.04593010507215843 
0.08451973989293575 0.0458069951610427 
0.08831480358125778 0.052001771795741614 
0.43668349204608475 0.9573879867718115 
0.4385737708084401 0.9598086370827911 
0.43602644841377547 0.9549967946097045 
0.43885523329103315 0.9570783358084685 
0.4304593102573391 0.9573124974348118 
0.4353117834132194 0.9542337423699807 
0.43405756125182954 0.9581906945499246 
0.4377063506412986 0.9582610700333432 
0.43446256664634697 0.9571628638739967 
0.43752748236506783 0.9567061822687376 
0.4306924461279171 0.9557529136163712 
0.43418521899127127 0.9603863112844471 
0.4351896554577448 0.9577145264367557 
0.4304172433288885 0.9571285987947443 
0.4371755785099296 0.9598319472807294 
0.436250166689807 0.9534907229273477 
0.4317169146774805 0.9566311675464688 
0.4385658979640696 0.9551043427465173 
0.4343019132930717 0.9605603277149801 
0.4308898541650233 0.9559735715148927 
0.07118586625306339 0.7380974961739294 
0.07732740856268168 0.7427906281397034 
0.06819889382151945 0.7413648518059425 
0.06975024087327936 0.7376848593824568 
0.0772738997875508 0.7375275768841892 
0.07479094018115154 0.7384165962734454 
0.07002389045446417 0.7400582698019977 
0.06792534286209838 0.7408677170309567 
0.07455933516310759 0.7359143518829644 
0.07210495469419301 0.7373813462816592 
0.07532305660999374 0.7378382748221479 
0.06794406728798386 0.7416862339349928 
0.07353265894530828 0.7362502656560964 
0.06872666424409107 0.7342271732146932 
0.07259043989877191 0.7344839798676762 
0.07728426433445598 0.7361204735190938 
0.06911684738022525 0.7370967232702333 
0.07544041353410566 0.7423908984780834 
0.0681442697287255 0.7422544757790802 
0.0730280530139576 0.7415029730967415 
0.9671874798575287 0.27528364066424554 
0.9631188069572025 0.2828512474195883 
0.9604532786428756 0.27701348164779527 
0.959256045089163 0.28294287540307267 
0.9586935004118077 0.2808805613161746 
0.9599407388291281 0.28116074906766686 
0.9638600124300757 0.277165875750103 
0.9648671012998108 0.2835693767826674 
0.9663299545876699 0.27932273718309947 
0.9652034112754317 0.27618477154732035 
0.9648934590336594 0.28109828252081337 
0.9665546289801014 0.27401873576673164 
0.9643601924034629 0.2773075844079397 
0.9668435440267206 0.2789427682857627 
0.9601718709223799 0.28100353364236524 
0.9634065952878023 0.27642148178185616 
0.9582479115000707 0.274974937041569 
0.9608467572744208 0.2830050304327472 
0.9633468761331666 0.28328882375801934 
0.9585131721535168 0.27917624968949295 
0.8091021645640685 0.7413130454608421 
0.8059195941551148 0.7382671789216289 
0.8104182710687605 0.7439642885402238 
0.8071896385696982 0.7367924589105824 
0.8070066152429822 0.7437925803373713 
0.8084663463386956 0.7436737024801898 
0.809032987345627 0.7409483974178827 
0.8150312553537835 0.7425436608612305 
0.8101931875824305 0.744309008179872 
0.8152046547688799 0.7372991776072602 
0.8108759573116923 0.7444761791580485 
0.810828753577865 0.7361978076279628 
0.8058297544731718 0.7442187444357697 
0.8124921417055958 0.7413969397959143 
0.8145850197284551 0.7417113520909409 
0.814506594045193 0.7382273280748173 
0.8072098339935831 0.7424027606369569 
0.8078225792200183 0.7381077717997898 
0.8120538764680553 0.7374067867164456 
0.8116475845099339 0.7392271136336156 
0.17393748495582007 0.8134331988856562 
0.17930724096731698 0.8195058682551648 
0.17003983045659485 0.8152059737572508 
0.17503177895357397 0.822002005796627 
0.17312523812223735 0.8191186028522753 
0.17282343026324803 0.8133031774572693 
0.17427363423811715 0.8173481404633537 
0.17089162818625522 0.8184657036581198 
0.17668793778003428 0.8221940922651929 
0.1778782484590245 0.8176329105921711 
0.1729969568128794 0.8156768569966686 
0.17865474650816943 0.8168882431661054 
0.1707821886737828 0.8164756429723756 
0.1711215257396804 0.8206431651377046 
0.17763612805872672 0.8210660701731343 
0.17903340733810494 0.8189615027829643 
0.17489644485335776 0.8162373136060105 
0.1728909802654633 0.8175514424643056 
0.17025144346179713 0.8209240527823057 
0.1779544048232268 0.813330788102412 
0.242700393523026 0.25011381670807675 
0.24326032290390162 0.25313769709886813 
0.2496847313615883 0.2544895215984092 
0.2497316147169371 0.25110087232807343 
0.2407683860435689 0.2453585963258319 
0.24417756793348858 0.2485112840391916 
0.2480328802102322 0.2525143376243854 
0.24320923401308206 0.24709591818962873 
0.2442284789713308 0.24843170617474708 
0.24100292705437099 0.25190460426497285 
0.24831261906669838 0.25105057460066815 
0.2500729836181621 0.24909675081999172 
0.24197027113996383 0.25115190029923173 
0.2428283028042517 0.253251256806696 
0.24346775416980768 0.2458096794706838 
0.24195298910081456 0.25114580325463526 
0.2501720062139358 0.2476947668867681 
0.24383827933550023 0.25194288261310593 
0.2480951421572783 0.24985516247197773 
0.24839420163890888 0.251267284170199 
0.3739698592818226 0.5816575063417858 
0.3744456562233174 0.5821025250103363 
0.3770254273362403 0.587517776568634 
0.37600583135628746 0.5829082770596398 
0.37499408854817856 0.5824340574874012 
0.3730358281678082 0.5876517936234461 
0.3743531015582947 0.5781402381724721 
0.37785956877921545 0.5858851516896703 
0.3775074567446497 0.581648582867396 
0.374364021433012 0.586293512477442 
0.37999843469225886 0.5856843453670594 
0.3796193650003412 0.5844567001537623 
0.3759668392009924 0.5873588837940629 
0.37462947178015693 0.5790753919322713 
0.3796495213452804 0.5788805980899479 
0.3761205226152152 0.5868749951883352 
0.37610827258333396 0.5789652096018671 
0.37449083526511395 0.584882315502471 
0.3801237674811956 0.5876347307558053 
0.3803637774106885 0.5836245997077009 
0.05596975888597948 0.4670048737015705 
0.051809695699171224 0.46619313042488647 
0.05602680798135857 0.4626008150645192 
0.05290490514025598 0.46182339353690244 
0.04669798004728341 0.46256033524190593 
0.04899418829210889 0.46508909197161125 
0.05003912696838864 0.46848364499666484 
0.05362880548811509 0.4677222764128985 
0.050614599440205396 0.46721487180219606 
0.04966754502948479 0.46134866813318093 
0.05234606103957546 0.46408758258508565 
0.054776189525649804 0.465231634370406 
0.05351910726586397 0.4612374616717355 
0.049717369249715086 0.4623452225178263 
0.047545780698238144 0.4615429660635405 
0.052323454525832126 0.46543860983522684 
0.051565464812844214 0.4701865311625586 
0.05009779760330238 0.4629663153225404 
0.04698333766964095 0.46732435129135663 
0.049260699637413946 0.4686881327932844 
0.9572741211685263 0.08074959478455902 
0.9601158229602106 0.07999982520098511 
0.9534343902584528 0.07513812943973598 
0.957291733732385 0.07824604354390868 
0.9572459829265754 0.07463046666390807 
0.9572689066116239 0.07371120794133856 
0.9611672525146128 0.08254090171839461 
0.953938964959148 0.07893602019854029 
0.9572588199894927 0.08352645891200224 
0.9548598082097913 0.07749407256597643 
0.9607800700851455 0.07382670185437708 
0.9555635726442914 0.07366305889253294 
0.9546771445036355 0.07698620457310909 
0.9552130305308122 0.07840027615429748 
0.9588570776719114 0.08229254469292492 
0.956667646230505 0.08226322520313945 
0.9517492112167589 0.07849818681813213 
0.957782870115394 0.0824445379252922 
0.9535833860292438 0.07443754505275949 
0.9524278585620833 0.07964393804174905 
0.5224218897850718 0.6008466302476463 
0.5257528414946889 0.5988216048225902 
0.5254031796930697 0.5984151467551999 
0.5289619669134993 0.5969087946071776 
0.5220045554031056 0.5997115176169255 
0.5275869093822834 0.5970450609478625 
0.5285341538364315 0.5993600137313624 
0.5221501549675901 0.600071760996521 
0.5244087780313315 0.5943897033338424 
0.5218965582284261 0.6010450766381131 
0.5301660973504736 0.6008970931653412 
0.5286334848745609 0.5973314689715273 
0.5312682111031582 0.5976819082090944 
0.5301287118903395 0.6010631098521733 
0.5268262385016202 0.5970928452222847 
0.5311424647946604 0.5944835356815568 
0.5221353636147599 0.5950634351299191 
0.5312352505115945 0.6016240417473424 
0.5269938688769521 0.5993348278989753 
0.528667462354805 0.6015452645514854 
0.9529588936754744 0.948717689861873 
0.9512212974489671 0.9512269083310808 
0.9551822472364032 0.9445703797212281 
0.9574976495265944 0.9442421894317733 
0.9525201310831232 0.9486123143604535 
0.9537629751611598 0.9489531830707688 
0.9575838081862132 0.9450746309465771 
0.9593484102886963 0.9521348798109571 
0.9514808875464352 0.9534546587171299 
0.9522976314631364 0.9463017363771953 
0.9526723418633471 0.9488737191521017 
0.9542060477276784 0.9509097378657282 
0.9596457314790433 0.9521194089781371 
0.9533194272813168 0.9528759535438419 
0.9532973437085415 0.9532548292113622 
0.9525015479093919 0.9508817598395863 
0.9531379340618805 0.9528613778781616 
0.9553966274272141 0.9473989848529589 
0.9582842457062904 0.9470949951266103 
0.9512458169264878 0.9509575113140554 
0.5822184082934425 0.21397895919514617 
0.5784437685504142 0.21315353808738538 
0.5789756988480415 0.21208081188601366 
0.5850145886305241 0.2093332979867418 
0.5839306982917241 0.20697796269939797 
0.5785386667519893 0.21120693695290138 
0.5837416014646513 0.2150405062224591 
0.5811508385490528 0.21429552326931803 
0.579951371869897 0.21368970713035013 
0.5837646407277381 0.20653423239592827 
0.5810346356486867 0.21273634376113962 
0.5835362042475387 0.2164571299156267 
0.5770853005532368 0.21092568439296028 
0.5844234202133611 0.21475991459588484 
0.5774957020051457 0.20804043302067252 
0.579286735295643 0.20898242858737806 
0.5815894204057881 0.20859319076477592 
0.5781755526026673 0.2140798454344668 
0.586220474284101 0.21166916796692892 
0.578711790474175 0.2140332925257433 
0.6702333284735632 0.3674213732617719 
0.6765553945248328 0.3683314063064442 
0.670748458931609 0.37180491158662227 
0.6716721432934394 0.3663153948689598 
0.6734360639172028 0.3742592344874584 
0.6703053099970178 0.37284128493998103 
0.6764905537819779 0.3733441580404911 
0.6729604729656854 0.3731989878528967 
0.6693453238489865 0.37368769189361256 
0.6738207092858566 0.3679364817228549 
0.6770061323398442 0.37273881180875307 
0.6773393213202928 0.3676679664802937 
0.6699802202964188 0.36876362820140857 
0.6735457602116497 0.36717402463965715 
0.6695198626647678 0.3727720013402114 
0.6778187255043717 0.3743703153744469 
0.6711381037632536 0.37257502923644814 
0.6702822541845661 0.3710863121932894 
0.6777169786709243 0.37199697701255535 
0.6723894100320497 0.3715412876098506 
0.39429058622395036 0.04349020569948428 
0.3970069949413552 0.04957426223508911 
0.4002092966650615 0.05006672453028877 
0.3940723110157505 0.044675416677804045 
0.39209908661609305 0.04458907094299368 
0.3992469066044003 0.04878223854163616 
0.3967735049862454 0.043684043873011495 
0.3917954523372516 0.04464293627573966 
0.40121407951547366 0.04716848198501164 
0.39265965204092906 0.049575502841612995 
0.39891242141864475 0.0453366446364989 
0.39164102246193344 0.048493298904412674 
0.39900302624650663 0.046721337390799825 
0.39521188211970937 0.0437821898326408 
0.3924257053927648 0.04739125328017588 
0.3954117355728097 0.040952623898409535 
0.39630733909147825 0.0471189489952217 
0.3959660231018987 0.04435950914510421 
0.400288018448505 0.043935621054180946 
0.39467736003731413 0.04821340907883176 
0.07111882485790405 0.6045517369159675 
0.07489520688492851 0.6130253829981126 
0.07638673959211241 0.6104803892971343 
0.07691359730205082 0.6051015759271492 
0.07185287350746329 0.6038772857801095 
0.0726302838896592 0.6112921928363837 
0.07386902736434425 0.6088110187201305 
0.07113305109342194 0.6128156390903611 
0.07026314611471485 0.610402759108121 
0.0750699774750426 0.6099272141028343 
0.07326076121893668 0.606273139452252 
0.07699534157306559 0.6087466586687473 
0.07721670314653918 0.6090724928250328 
0.0747676027498095 0.6134481503051015 
0.07603516579847806 0.6121709571123014 
0.07009617471879036 0.6080049578105767 
0.07776334627277451 0.6130649026986869 
0.07214262618665387 0.6096708874772566 
0.07276739866193889 0.6082944715391009 
0.07289533908491987 0.6098265162665926 
0.9225596862854974 0.6713063787197622 
0.918362588710083 0.6785841721090948 
0.9176948159912627 0.6709271874543351 
0.9147454696546519 0.6794545113005169 
0.9167680620835161 0.6774669398965377 
0.922685703023134 0.6728620746072338 
0.9223200856278827 0.6785880618135993 
0.9146671172969508 0.6777827463030939 
0.9164284117532805 0.673808299381697 
0.917009728420316 0.6758121931263258 
0.9161965601563676 0.6762369306748495 
0.920446218330312 0.6792408842831903 
0.9189262605012701 0.674743786046934 
0.9159179765129024 0.6718729967118934 
0.9220965341787332 0.6767705076435053 
0.915214568599018 0.6726388809787692 
0.9164648847120538 0.6775106111924644 
0.9193539261143366 0.6784299196981144 
0.9194070546310837 0.6791412486402194 
0.9212460159181612 0.6745804431659563 
0.49794910428355404 0.8620908851511908 
0.4982121800436074 0.869797533766707 
0.5077103603453165 0.8713611705452465 
0.5014012307020773 0.8632203197367864 
0.5064773486716029 0.8623083608297363 
0.5074712985985965 0.8625962506229284 
0.5035054865443914 0.8624547047493587 
0.5019346536676532 0.8701901607857775 
0.501005317943342 0.870949487702292 
0.5062200045840833 0.8618007902209325 
0.49790476048925386 0.87067431369369 
0.5008074839149192 0.870612820255714 
0.49911898828243745 0.8645448410325117 
0.5048761863181588 0.8695167221977698 
0.5047178458197459 0.8698836827289727 
0.5056553031542431 0.8658188023439236 
0.5057148813819865 0.868085025744948 
0.504988817238832 0.8645942181422709 
0.506321716702352 0.8712419061408939 
0.5008624796878073 0.8665904011559894 
0.1480371163033175 0.9383637212874782 
0.15052789324839147 0.9401134007442847 
0.15161592320917008 0.9412266429745574 
0.1499945888371878 0.9375633384806353 
0.15289507788334797 0.9367288021469886 
0.14788447791236597 0.9370677404359115 
0.15293721482908737 0.9407624045616185 
0.1466108445605381 0.9402312317416913 
0.14676800563375214 0.936137350024301 
0.15078077380457097 0.9355521557976838 
0.14767789462734768 0.9363822230576627 
0.14461893408170684 0.9398755787048898 
0.1524661899018875 0.9359185210584622 
0.15313260162182643 0.934714850749879 
0.14391288430742963 0.9344436482035501 
0.15351474848673333 0.9373581659111686 
0.1529690188822446 0.9379167275299326 
0.14618740279669312 0.939195325324075 
0.1445899363138828 0.9371642000717805 
0.15261236079832108 0.9393721847066 
0.3492205907661203 0.4442069284711851 
0.34649249548165734 0.4406862569437015 
0.3449290345189086 0.4368419630759584 
0.3473241680014517 0.44112300377216185 
0.3491419229982783 0.44088994957430566 
0.3528041417946569 0.43660734521000494 
0.3448364580530288 0.4396527221832323 
0.34961833834063877 0.4358880376882744 
0.3450607042344214 0.43969560241539135 
0.35256775526304035 0.4399542386225977 
0.3498183240569639 0.44238774404201325 
0.3489216664488894 0.439611968197675 
0.34635945635864934 0.44435864153240223 
0.35272701293893344 0.4413072753135909 
0.3500313688109594 0.4356712637920627 
0.34622497397650387 0.4390855342086431 
0.3452885122328831 0.43702072398958797 
0.3478041137762543 0.4390298780868182 
0.3525081387927261 0.4400517405983089 
0.3499786588001432 0.44143908041881313 
0.1802876580461887 0.46777428210065214 
0.1796398282935219 0.4665328618927634 
0.1796270802799317 0.46682285697568454 
0.17537913171328198 0.4646897462410102 
0.17961207587131023 0.4659190208504031 
0.18121352656030948 0.4676463111285224 
0.17978921718886545 0.46374229120130095 
0.17973470835147343 0.46921351340833595 
0.18238161318837592 0.4670841316930686 
0.1766784233709897 0.462040880625211 
0.17363205442393542 0.4660287991967552 
0.18249872377863735 0.46816631929495783 
0.18139859477176368 0.4607643823137564 
0.1821072358758317 0.4675764382834037 
0.17958473610423456 0.46939022567874944 
0.18148835927386567 0.46772964391988536 
0.18315488764414392 0.4608674324181091 
0.17452410532128193 0.466669394061711 
0.17823085147522327 0.4609881107676079 
0.17703875758594534 0.4676666530267494 
0.2604749110336651 0.035664784757913626 
0.2617410173381991 0.038583016356103034 
0.26360498019396333 0.04122145182805505 
0.26219126645400026 0.042516055114876536 
0.2582971835339443 0.04127604978103632 
0.26236544316123483 0.04316048801948012 
0.2625562233506455 0.040997873532869565 
0.25804295019419327 0.033961881584505846 
0.26508795635963783 0.0370669839300788 
0.2629320466932365 0.03952631009609529 
0.2642226634281474 0.0365744704521957 
0.2651989326722734 0.03723026023638725 
0.26383017017265287 0.042320225964317525 
0.25863004733027145 0.038840866801416664 
0.26319402108246753 0.034728715727561865 
0.2658690664769622 0.03759134805589588 
0.2674432622305068 0.03978921706856094 
0.2601731412013336 0.042372479700651895 
0.2602689041674375 0.036815994623064494 
0.2663600510361077 0.03411474242493949 
0.6785666315864755 0.4904397069714431 
0.6798226715701907 0.4955201259179359 
0.6805987199459983 0.4904220745893439 
0.6784663467118429 0.4879075459576104 
0.6870104198280714 0.4894201355892256 
0.6783046771237556 0.49604143997891265 
0.6816172756974033 0.49352298532459865 
0.6805648706185156 0.49687499508739996 
0.687444301909723 0.48867628050071893 
0.6821668131197189 0.496899624473441 
0.6844123113402903 0.49119462327080354 
0.6775386184712622 0.4951160691604716 
0.6836738688090659 0.49450088203973913 
0.6844989959843178 0.496826249038403 
0.687177734601382 0.49597861471464305 
0.6872487765398492 0.49003733702345326 
0.6775980556437534 0.49422741987714036 
0.6832811227192997 0.4932995395765812 
0.6851461340610914 0.49419486268723906 
0.6779433789001877 0.49033446522768154 
0.8019700681319245 0.06554923379134138 
0.796661251321625 0.06505654573895914 
0.8037457729279744 0.06957172790321112 
0.8039656281060676 0.07063680965653958 
0.7973949904821185 0.06420186235683766 
0.8014148061985167 0.07113652582911256 
0.7991426842116288 0.0714981242194315 
0.7989508705443039 0.07091157251113597 
0.8007322050072319 0.06715105801757565 
0.8018801745150654 0.06434356176626549 
0.8000137070591107 0.06629384028838196 
0.7975412925079595 0.0729862197157936 
0.7956266327228838 0.0723674668824525 
0.7975007037085691 0.06632316086435001 
0.8042376046881132 0.07337900864720259 
0.8027672088305416 0.06816117966452681 
0.7980343157691927 0.07063787390865998 
0.8024866846012625 0.07237522365852517 
0.7989346208437588 0.07062669360530567 
0.8024396700395597 0.07011438727377867 
0.21880359141186076 0.13956580915337988 
0.21197741728043398 0.1373206623206442 
0.21986551076917532 0.14477523497392636 
0.21292243589848864 0.13872046609221234 
0.21994027428614255 0.1398853116992493 
0.21459904853979458 0.14691517786677252 
0.21489043286350148 0.13993895532871803 
0.21343399272656316 0.14146751504512595 
0.21569690965663196 0.1426650836991046 
0.2132690436597155 0.1410227232397014 
0.21660920866315217 0.14422889809544104 
0.2171649479259018 0.14111723142939647 
0.2127846096679586 0.13720815465364458 
0.21143411284635824 0.13833711775836544 
0.21732403110032075 0.14305734909776313 
0.21416297395512188 0.1451820514120311 
0.21905171857559597 0.14221911482401844 
0.2123312432330441 0.14183168340215332 
0.21767639699380453 0.14244142281625805 
0.21076035446288127 0.13751726216479662 
0.5027148743577762 0.3295553387509553 
0.5001193797278466 0.3206951063800332 
0.5052318198544009 0.3250872962990086 
0.5044949730578305 0.3229039719896706 
0.5009844031872036 0.3199642951423901 
0.5015124382026213 0.326437327631243 
0.5045790279898734 0.3201318556982889 
0.5039923222544094 0.32536685236445123 
0.506949802122307 0.32942453028807955 
0.5003707876085948 0.3208020875588458 
0.5000079737178531 0.321908956705924 
0.499617308253361 0.3254638108568868 
0.5029166073990998 0.32717302074027277 
0.4986446386697583 0.32797354096718606 
0.5008655565166369 0.324635002263128 
0.49957320936950095 0.3211931595942583 
0.5009802257913732 0.32967102738404797 
0.5038270612768477 0.3245093557746754 
0.5038555115691175 0.32488708202649136 
0.49823231540878954 0.3252272066046431 
0.21567140822448858 0.6764444930325523 
0.21141035776293118 0.6797782885702279 
0.21439159055778378 0.6820824347111424 
0.20909949283170953 0.6811552640305834 
0.21522790749021992 0.6757803064807786 
0.21054199972062834 0.6824463901766731 
0.20698846639374732 0.6772585564016768 
0.21333960718570033 0.6798529846378002 
0.21479713915495982 0.6750769984614625 
0.2087630141125729 0.6759646594725341 
0.20908040759314148 0.6748020379932144 
0.2125184130424278 0.6832209052144572 
0.20717734733642665 0.6825849736159297 
0.21577951628316172 0.6751929848448543 
0.21669817729520152 0.678405138931098 
0.21088094674977043 0.6778466605175545 
0.2123218496422779 0.6835783729263152 
0.20829261755876277 0.6776177990950216 
0.21174715676428565 0.6808229482035222 
0.2108179513213635 0.6790241475097235 
0.858313567201805 0.3149689445778476 
0.8598060358436328 0.3069399286864332 
0.8617730076585419 0.3063734654533005 
0.8596311374118676 0.3089038417053257 
0.8589617149347749 0.3137494280589337 
0.8626527694495264 0.3092661674797473 
0.863420604266185 0.3147111715708756 
0.8562035649272218 0.30625574145400236 
0.8577234763018173 0.3063780067842039 
0.8551820785226628 0.31389228737733765 
0.8608820938314803 0.311628649838718 
0.861317890613286 0.31349786413669717 
0.8590247493078557 0.30748658020877306 
0.8616431355944615 0.3147750184313156 
0.8569898990126449 0.308241038629785 
0.855760793333244 0.31349713387083866 
0.8553491300660996 0.3118389913541967 
0.8593718886713777 0.30951571915130993 
0.8625016038475102 0.30917960105638864 
0.8577454407932227 0.31305990088864555 
0.053053458304289126 0.1597243161628552 
0.056689540914119554 0.16513057699167122 
0.05197355454534876 0.15822480664658975 
0.057455626687091095 0.16713205586314675 
0.05767897722290363 0.1625160165674141 
0.05845661007012477 0.162470696991198 
0.059525586052333115 0.1632007034115467 
0.05797803998959758 0.16708630885367728 
0.059119251560244765 0.16705972909593372 
0.053595564341617496 0.1618020672344733 
0.059899242879770255 0.16243839801542462 
0.05993439808328924 0.16222734416764434 
0.052128597798731476 0.1572030286662936 
0.057154297551794055 0.1609621563583933 
0.056716497697285845 0.16518048289187406 
0.061504025306958005 0.16116507979689637 
0.05497799227067912 0.16189597249224075 
0.052990190265496145 0.1630671164475677 
0.05609492241285773 0.1602139499269187 
0.05354308667823811 0.16424968735244203 
0.5233836221411976 0.09431854164240348 
0.5266785087897591 0.09377685946816776 
0.5230265990860254 0.09394688190170249 
0.5247765991676107 0.08788213605694936 
0.525029475629494 0.09224917797530162 
0.5287373525109806 0.09183692366919419 
0.525546141965588 0.09406725082843267 
0.530890752473585 0.09483910551101399 
0.5244027887319898 0.0889856524777844 
0.5248255945182386 0.0876013194510611 
0.5298800764671069 0.09525814945319606 
0.5234075412334964 0.09471570056366886 
0.5270572801456344 0.09234233386423207 
0.5261627269406538 0.09173349086323253 
0.5277184747874845 0.08943318663675413 
0.524359491692386 0.09108411949514214 
0.5277119825457214 0.0951071271103737 
0.5239782381359732 0.09333466136368049 
0.526028467451508 0.09030949626581594 
0.5295288567152242 0.09344033329724762 
0.15297509660784742 0.34056112332006444 
0.1528206208339974 0.3480375841070728 
0.1554287922821185 0.34648057906293506 
0.16206306307989263 0.34461632144370496 
0.15933632192164218 0.34117548355967725 
0.15363883474875129 0.3417027056212984 
0.16135482301702372 0.34850088221139813 
0.15383142142505063 0.34899627593511884 
0.15360768564699104 0.3438496498493459 
0.153392335322495 0.34382466777470616 
0.15978176831511307 0.3451759132395889 
0.15796548911283428 0.34022135050644714 
0.1600868981840229 0.3406764921422316 
0.15888508749683106 0.34108535034068144 
0.15325332943805828 0.3488486475042976 
0.15857555434488643 0.34350778752734473 
0.15264614828313328 0.3417610744149756 
0.15351636998161863 0.33944159807882535 
0.15494139458779127 0.34624613375032254 
0.15863970003254124 0.34924115640395437 
0.30910183689191667 0.34221471813025683 
0.3099378532978244 0.34878146750223243 
0.30683722839007754 0.34479906967627966 
0.30890696832546494 0.34719694494116715 
0.30037006057721743 0.34351862381338033 
0.3028283368893569 0.34439905313020946 
0.30572044359713035 0.3416799013439027 
0.3096945490861721 0.3455734794180816 
0.303653222058726 0.35077396597765087 
0.3099405415758355 0.3417664774254761 
0.3007196961181483 0.34907067652554513 
0.30958949995068974 0.3455963763277995 
0.3017640212085397 0.3471909183165075 
0.3017195821335376 0.34985614301152507 
0.30488881242018634 0.3498178115210264 
0.3008848133222309 0.351136969967803 
0.3060215381414532 0.3516390030923403 
0.30928808225209214 0.34746378944566714 
0.3010226172841363 0.3482095982666569 
0.3012794072865964 0.3489621643822725 
0.8399659667311183 0.8604158427166865 
0.8368670157037812 0.8609776949059669 
0.8360873005467256 0.8683465137701373 
0.8391477478061788 0.8635638859118362 
0.8430193800404024 0.8669821519292161 
0.8416388889443674 0.8612860344192957 
0.8422608907565797 0.8597233134747051 
0.8358132799288663 0.8646322997393447 
0.8388467535228596 0.8612592289899335 
0.8431883774122202 0.8654633328298158 
0.8401585579997931 0.8625569674888681 
0.8454400738287717 0.8633169159097474 
0.8403688529685158 0.8670530941692997 
0.8428671638369991 0.8669117683748357 
0.8425960199787744 0.8633753414033357 
0.8437497148870126 0.8612455477652515 
0.8357306248178268 0.8683716855105468 
0.8434237552059601 0.8660512290738005 
0.8387390903945272 0.8600328808729204 
0.8389103367430721 0.8629637115104187 
0.9594716027549749 0.8060817095215822 
0.9543083226076932 0.8024668522604754 
0.9604700135749258 0.7987339194366496 
0.9535218107689711 0.807782757067791 
0.9552431849316362 0.8031376317357928 
0.9518699849761159 0.8084410705897155 
0.952191810162605 0.8081224672028813 
0.9539217343662112 0.8019460676696559 
0.9579544880409115 0.8029368485189325 
0.9579230894385288 0.8056981383822415 
0.9517163330152383 0.8031240578146439 
0.9566967170943053 0.8081921918291196 
0.9544550330446062 0.7985787739358977 
0.9558373378311543 0.8018500483442306 
0.9567719609158001 0.8007287926857314 
0.9594106998671491 0.8077725427030888 
0.9537980697265848 0.8022734148623617 
0.9576747030798313 0.8067735679730841 
0.9536909055277604 0.8068472878749468 
0.9541561038913667 0.8039041917322048 
0.2795953411616674 0.9452121017527133 
0.28602734729053836 0.9448448397613856 
0.28185049006150775 0.9449850510343274 
0.28420464140728174 0.9386870086392085 
0.2868727345798999 0.9414876364616884 
0.2844467476356736 0.9455400435072183 
0.2769413887699806 0.9447853083418185 
0.27908084285830526 0.939667332446646 
0.2830275837749885 0.946796467085831 
0.286170872542119 0.9435766807661096 
0.2832144833399508 0.9461692611870689 
0.2832119158635091 0.9412595473509477 
0.28180631718389004 0.9396559208953966 
0.2848633082828767 0.9480163276790492 
0.282031692044233 0.9443402628687638 
0.28528946023167084 0.9388441575438746 
0.2861504850461873 0.9402300600274252 
0.2810097291370507 0.9389753683862168 
0.2804435957105112 0.9410029705561161 
0.2860887808456091 0.9395334075544698 
