0.8691201189710147 0.18554335224286445 
0.8691201189710147 0.18554335224286445 
0.8691201189710147 0.18554335224286445 
0.8691201189710147 0.18554335224286445 
0.8691201189710147 0.18554335224286445 
0.8691201189710147 0.18554335224286445 
0.8691201189710147 0.18554335224286445 
0.8691201189710147 0.18554335224286445 
0.8691201189710147 0.18554335224286445 
0.8691201189710147 0.18554335224286445 
0.8691201189710147 0.18554335224286445 
0.8691201189710147 0.18554335224286445 
0.8691201189710147 0.18554335224286445 
0.8691201189710147 0.18554335224286445 
0.8691201189710147 0.18554335224286445 
0.8691201189710147 0.18554335224286445 
0.8691201189710147 0.18554335224286445 
0.8691201189710147 0.18554335224286445 
0.8691201189710147 0.18554335224286445 
0.8691201189710147 0.18554335224286445 
0.367725363349931 0.7650130664811636 
0.367725363349931 0.7650130664811636 
0.367725363349931 0.7650130664811636 
0.367725363349931 0.7650130664811636 
0.367725363349931 0.7650130664811636 
0.367725363349931 0.7650130664811636 
0.367725363349931 0.7650130664811636 
0.367725363349931 0.7650130664811636 
0.367725363349931 0.7650130664811636 
0.367725363349931 0.7650130664811636 
0.367725363349931 0.7650130664811636 
0.367725363349931 0.7650130664811636 
0.367725363349931 0.7650130664811636 
0.367725363349931 0.7650130664811636 
0.367725363349931 0.7650130664811636 
0.367725363349931 0.7650130664811636 
0.367725363349931 0.7650130664811636 
0.367725363349931 0.7650130664811636 
0.367725363349931 0.7650130664811636 
0.367725363349931 0.7650130664811636 
0.05180372363603741 0.28762669094675075 
0.05180372363603741 0.28762669094675075 
0.05180372363603741 0.28762669094675075 
0.05180372363603741 0.28762669094675075 
0.05180372363603741 0.28762669094675075 
0.05180372363603741 0.28762669094675075 
0.05180372363603741 0.28762669094675075 
0.05180372363603741 0.28762669094675075 
0.05180372363603741 0.28762669094675075 
0.05180372363603741 0.28762669094675075 
0.05180372363603741 0.28762669094675075 
0.05180372363603741 0.28762669094675075 
0.05180372363603741 0.28762669094675075 
0.05180372363603741 0.28762669094675075 
0.05180372363603741 0.28762669094675075 
0.05180372363603741 0.28762669094675075 
0.05180372363603741 0.28762669094675075 
0.05180372363603741 0.28762669094675075 
0.05180372363603741 0.28762669094675075 
0.05180372363603741 0.28762669094675075 
0.7490681611124081 0.6108689344444003 
0.7490681611124081 0.6108689344444003 
0.7490681611124081 0.6108689344444003 
0.7490681611124081 0.6108689344444003 
0.7490681611124081 0.6108689344444003 
0.7490681611124081 0.6108689344444003 
0.7490681611124081 0.6108689344444003 
0.7490681611124081 0.6108689344444003 
0.7490681611124081 0.6108689344444003 
0.7490681611124081 0.6108689344444003 
0.7490681611124081 0.6108689344444003 
0.7490681611124081 0.6108689344444003 
0.7490681611124081 0.6108689344444003 
0.7490681611124081 0.6108689344444003 
0.7490681611124081 0.6108689344444003 
0.7490681611124081 0.6108689344444003 
0.7490681611124081 0.6108689344444003 
0.7490681611124081 0.6108689344444003 
0.7490681611124081 0.6108689344444003 
0.7490681611124081 0.6108689344444003 
0.4919872109672295 0.4474464863692217 
0.4919872109672295 0.4474464863692217 
0.4919872109672295 0.4474464863692217 
0.4919872109672295 0.4474464863692217 
0.4919872109672295 0.4474464863692217 
0.4919872109672295 0.4474464863692217 
0.4919872109672295 0.4474464863692217 
0.4919872109672295 0.4474464863692217 
0.4919872109672295 0.4474464863692217 
0.4919872109672295 0.4474464863692217 
0.4919872109672295 0.4474464863692217 
0.4919872109672295 0.4474464863692217 
0.4919872109672295 0.4474464863692217 
0.4919872109672295 0.4474464863692217 
0.4919872109672295 0.4474464863692217 
0.4919872109672295 0.4474464863692217 
0.4919872109672295 0.4474464863692217 
0.4919872109672295 0.4474464863692217 
0.4919872109672295 0.4474464863692217 
0.4919872109672295 0.4474464863692217 
0.6329896684635765 0.9651520542393857 
0.6329896684635765 0.9651520542393857 
0.6329896684635765 0.9651520542393857 
0.6329896684635765 0.9651520542393857 
0.6329896684635765 0.9651520542393857 
0.6329896684635765 0.9651520542393857 
0.6329896684635765 0.9651520542393857 
0.6329896684635765 0.9651520542393857 
0.6329896684635765 0.9651520542393857 
0.6329896684635765 0.9651520542393857 
0.6329896684635765 0.9651520542393857 
0.6329896684635765 0.9651520542393857 
0.6329896684635765 0.9651520542393857 
0.6329896684635765 0.9651520542393857 
0.6329896684635765 0.9651520542393857 
0.6329896684635765 0.9651520542393857 
0.6329896684635765 0.9651520542393857 
0.6329896684635765 0.9651520542393857 
0.6329896684635765 0.9651520542393857 
0.6329896684635765 0.9651520542393857 
0.2611970912176267 0.5498573195694766 
0.2611970912176267 0.5498573195694766 
0.2611970912176267 0.5498573195694766 
0.2611970912176267 0.5498573195694766 
0.2611970912176267 0.5498573195694766 
0.2611970912176267 0.5498573195694766 
0.2611970912176267 0.5498573195694766 
0.2611970912176267 0.5498573195694766 
0.2611970912176267 0.5498573195694766 
0.2611970912176267 0.5498573195694766 
0.2611970912176267 0.5498573195694766 
0.2611970912176267 0.5498573195694766 
0.2611970912176267 0.5498573195694766 
0.2611970912176267 0.5498573195694766 
0.2611970912176267 0.5498573195694766 
0.2611970912176267 0.5498573195694766 
0.2611970912176267 0.5498573195694766 
0.2611970912176267 0.5498573195694766 
0.2611970912176267 0.5498573195694766 
0.2611970912176267 0.5498573195694766 
0.3836344516528129 0.17491442192736073 
0.3836344516528129 0.17491442192736073 
0.3836344516528129 0.17491442192736073 
0.3836344516528129 0.17491442192736073 
0.3836344516528129 0.17491442192736073 
0.3836344516528129 0.17491442192736073 
0.3836344516528129 0.17491442192736073 
0.3836344516528129 0.17491442192736073 
0.3836344516528129 0.17491442192736073 
0.3836344516528129 0.17491442192736073 
0.3836344516528129 0.17491442192736073 
0.3836344516528129 0.17491442192736073 
0.3836344516528129 0.17491442192736073 
0.3836344516528129 0.17491442192736073 
0.3836344516528129 0.17491442192736073 
0.3836344516528129 0.17491442192736073 
0.3836344516528129 0.17491442192736073 
0.3836344516528129 0.17491442192736073 
0.3836344516528129 0.17491442192736073 
0.3836344516528129 0.17491442192736073 
0.8997000704850115 0.4913484264729699 
0.8997000704850115 0.4913484264729699 
0.8997000704850115 0.4913484264729699 
0.8997000704850115 0.4913484264729699 
0.8997000704850115 0.4913484264729699 
0.8997000704850115 0.4913484264729699 
0.8997000704850115 0.4913484264729699 
0.8997000704850115 0.4913484264729699 
0.8997000704850115 0.4913484264729699 
0.8997000704850115 0.4913484264729699 
0.8997000704850115 0.4913484264729699 
0.8997000704850115 0.4913484264729699 
0.8997000704850115 0.4913484264729699 
0.8997000704850115 0.4913484264729699 
0.8997000704850115 0.4913484264729699 
0.8997000704850115 0.4913484264729699 
0.8997000704850115 0.4913484264729699 
0.8997000704850115 0.4913484264729699 
0.8997000704850115 0.4913484264729699 
0.8997000704850115 0.4913484264729699 
0.05860553607244423 0.9092192977156982 
0.05860553607244423 0.9092192977156982 
0.05860553607244423 0.9092192977156982 
0.05860553607244423 0.9092192977156982 
0.05860553607244423 0.9092192977156982 
0.05860553607244423 0.9092192977156982 
0.05860553607244423 0.9092192977156982 
0.05860553607244423 0.9092192977156982 
0.05860553607244423 0.9092192977156982 
0.05860553607244423 0.9092192977156982 
0.05860553607244423 0.9092192977156982 
0.05860553607244423 0.9092192977156982 
0.05860553607244423 0.9092192977156982 
0.05860553607244423 0.9092192977156982 
0.05860553607244423 0.9092192977156982 
0.05860553607244423 0.9092192977156982 
0.05860553607244423 0.9092192977156982 
0.05860553607244423 0.9092192977156982 
0.05860553607244423 0.9092192977156982 
0.05860553607244423 0.9092192977156982 
0.6576694313238336 0.8539537752889446 
0.6576694313238336 0.8539537752889446 
0.6576694313238336 0.8539537752889446 
0.6576694313238336 0.8539537752889446 
0.6576694313238336 0.8539537752889446 
0.6576694313238336 0.8539537752889446 
0.6576694313238336 0.8539537752889446 
0.6576694313238336 0.8539537752889446 
0.6576694313238336 0.8539537752889446 
0.6576694313238336 0.8539537752889446 
0.6576694313238336 0.8539537752889446 
0.6576694313238336 0.8539537752889446 
0.6576694313238336 0.8539537752889446 
0.6576694313238336 0.8539537752889446 
0.6576694313238336 0.8539537752889446 
0.6576694313238336 0.8539537752889446 
0.6576694313238336 0.8539537752889446 
0.6576694313238336 0.8539537752889446 
0.6576694313238336 0.8539537752889446 
0.6576694313238336 0.8539537752889446 
0.7911069631292367 0.9425857966887061 
0.7911069631292367 0.9425857966887061 
0.7911069631292367 0.9425857966887061 
0.7911069631292367 0.9425857966887061 
0.7911069631292367 0.9425857966887061 
0.7911069631292367 0.9425857966887061 
0.7911069631292367 0.9425857966887061 
0.7911069631292367 0.9425857966887061 
0.7911069631292367 0.9425857966887061 
0.7911069631292367 0.9425857966887061 
0.7911069631292367 0.9425857966887061 
0.7911069631292367 0.9425857966887061 
0.7911069631292367 0.9425857966887061 
0.7911069631292367 0.9425857966887061 
0.7911069631292367 0.9425857966887061 
0.7911069631292367 0.9425857966887061 
0.7911069631292367 0.9425857966887061 
0.7911069631292367 0.9425857966887061 
0.7911069631292367 0.9425857966887061 
0.7911069631292367 0.9425857966887061 
0.7077985959794784 0.23127860979883913 
0.7077985959794784 0.23127860979883913 
0.7077985959794784 0.23127860979883913 
0.7077985959794784 0.23127860979883913 
0.7077985959794784 0.23127860979883913 
0.7077985959794784 0.23127860979883913 
0.7077985959794784 0.23127860979883913 
0.7077985959794784 0.23127860979883913 
0.7077985959794784 0.23127860979883913 
0.7077985959794784 0.23127860979883913 
0.7077985959794784 0.23127860979883913 
0.7077985959794784 0.23127860979883913 
0.7077985959794784 0.23127860979883913 
0.7077985959794784 0.23127860979883913 
0.7077985959794784 0.23127860979883913 
0.7077985959794784 0.23127860979883913 
0.7077985959794784 0.23127860979883913 
0.7077985959794784 0.23127860979883913 
0.7077985959794784 0.23127860979883913 
0.7077985959794784 0.23127860979883913 
0.557107650890021 0.7378572900927594 
0.557107650890021 0.7378572900927594 
0.557107650890021 0.7378572900927594 
0.557107650890021 0.7378572900927594 
0.557107650890021 0.7378572900927594 
0.557107650890021 0.7378572900927594 
0.557107650890021 0.7378572900927594 
0.557107650890021 0.7378572900927594 
0.557107650890021 0.7378572900927594 
0.557107650890021 0.7378572900927594 
0.557107650890021 0.7378572900927594 
0.557107650890021 0.7378572900927594 
0.557107650890021 0.7378572900927594 
0.557107650890021 0.7378572900927594 
0.557107650890021 0.7378572900927594 
0.557107650890021 0.7378572900927594 
0.557107650890021 0.7378572900927594 
0.557107650890021 0.7378572900927594 
0.557107650890021 0.7378572900927594 
0.557107650890021 0.7378572900927594 
0.6627147348638331 0.07336961471217229 
0.6627147348638331 0.07336961471217229 
0.6627147348638331 0.07336961471217229 
0.6627147348638331 0.07336961471217229 
0.6627147348638331 0.07336961471217229 
0.6627147348638331 0.07336961471217229 
0.6627147348638331 0.07336961471217229 
0.6627147348638331 0.07336961471217229 
0.6627147348638331 0.07336961471217229 
0.6627147348638331 0.07336961471217229 
0.6627147348638331 0.07336961471217229 
0.6627147348638331 0.07336961471217229 
0.6627147348638331 0.07336961471217229 
0.6627147348638331 0.07336961471217229 
0.6627147348638331 0.07336961471217229 
0.6627147348638331 0.07336961471217229 
0.6627147348638331 0.07336961471217229 
0.6627147348638331 0.07336961471217229 
0.6627147348638331 0.07336961471217229 
0.6627147348638331 0.07336961471217229 
0.0879379711247707 0.04807422745545631 
0.0879379711247707 0.04807422745545631 
0.0879379711247707 0.04807422745545631 
0.0879379711247707 0.04807422745545631 
0.0879379711247707 0.04807422745545631 
0.0879379711247707 0.04807422745545631 
0.0879379711247707 0.04807422745545631 
0.0879379711247707 0.04807422745545631 
0.0879379711247707 0.04807422745545631 
0.0879379711247707 0.04807422745545631 
0.0879379711247707 0.04807422745545631 
0.0879379711247707 0.04807422745545631 
0.0879379711247707 0.04807422745545631 
0.0879379711247707 0.04807422745545631 
0.0879379711247707 0.04807422745545631 
0.0879379711247707 0.04807422745545631 
0.0879379711247707 0.04807422745545631 
0.0879379711247707 0.04807422745545631 
0.0879379711247707 0.04807422745545631 
0.0879379711247707 0.04807422745545631 
0.43431614526498036 0.9581675037723513 
0.43431614526498036 0.9581675037723513 
0.43431614526498036 0.9581675037723513 
0.43431614526498036 0.9581675037723513 
0.43431614526498036 0.9581675037723513 
0.43431614526498036 0.9581675037723513 
0.43431614526498036 0.9581675037723513 
0.43431614526498036 0.9581675037723513 
0.43431614526498036 0.9581675037723513 
0.43431614526498036 0.9581675037723513 
0.43431614526498036 0.9581675037723513 
0.43431614526498036 0.9581675037723513 
0.43431614526498036 0.9581675037723513 
0.43431614526498036 0.9581675037723513 
0.43431614526498036 0.9581675037723513 
0.43431614526498036 0.9581675037723513 
0.43431614526498036 0.9581675037723513 
0.43431614526498036 0.9581675037723513 
0.43431614526498036 0.9581675037723513 
0.43431614526498036 0.9581675037723513 
0.07289144297740091 0.738000023310194 
0.07289144297740091 0.738000023310194 
0.07289144297740091 0.738000023310194 
0.07289144297740091 0.738000023310194 
0.07289144297740091 0.738000023310194 
0.07289144297740091 0.738000023310194 
0.07289144297740091 0.738000023310194 
0.07289144297740091 0.738000023310194 
0.07289144297740091 0.738000023310194 
0.07289144297740091 0.738000023310194 
0.07289144297740091 0.738000023310194 
0.07289144297740091 0.738000023310194 
0.07289144297740091 0.738000023310194 
0.07289144297740091 0.738000023310194 
0.07289144297740091 0.738000023310194 
0.07289144297740091 0.738000023310194 
0.07289144297740091 0.738000023310194 
0.07289144297740091 0.738000023310194 
0.07289144297740091 0.738000023310194 
0.07289144297740091 0.738000023310194 
0.9627776077282886 0.27869842495800423 
0.9627776077282886 0.27869842495800423 
0.9627776077282886 0.27869842495800423 
0.9627776077282886 0.27869842495800423 
0.9627776077282886 0.27869842495800423 
0.9627776077282886 0.27869842495800423 
0.9627776077282886 0.27869842495800423 
0.9627776077282886 0.27869842495800423 
0.9627776077282886 0.27869842495800423 
0.9627776077282886 0.27869842495800423 
0.9627776077282886 0.27869842495800423 
0.9627776077282886 0.27869842495800423 
0.9627776077282886 0.27869842495800423 
0.9627776077282886 0.27869842495800423 
0.9627776077282886 0.27869842495800423 
0.9627776077282886 0.27869842495800423 
0.9627776077282886 0.27869842495800423 
0.9627776077282886 0.27869842495800423 
0.9627776077282886 0.27869842495800423 
0.9627776077282886 0.27869842495800423 
0.810750388393852 0.7407843107247202 
0.810750388393852 0.7407843107247202 
0.810750388393852 0.7407843107247202 
0.810750388393852 0.7407843107247202 
0.810750388393852 0.7407843107247202 
0.810750388393852 0.7407843107247202 
0.810750388393852 0.7407843107247202 
0.810750388393852 0.7407843107247202 
0.810750388393852 0.7407843107247202 
0.810750388393852 0.7407843107247202 
0.810750388393852 0.7407843107247202 
0.810750388393852 0.7407843107247202 
0.810750388393852 0.7407843107247202 
0.810750388393852 0.7407843107247202 
0.810750388393852 0.7407843107247202 
0.810750388393852 0.7407843107247202 
0.810750388393852 0.7407843107247202 
0.810750388393852 0.7407843107247202 
0.810750388393852 0.7407843107247202 
0.810750388393852 0.7407843107247202 
0.17439811901545382 0.8177751049496411 
0.17439811901545382 0.8177751049496411 
0.17439811901545382 0.8177751049496411 
0.17439811901545382 0.8177751049496411 
0.17439811901545382 0.8177751049496411 
0.17439811901545382 0.8177751049496411 
0.17439811901545382 0.8177751049496411 
0.17439811901545382 0.8177751049496411 
0.17439811901545382 0.8177751049496411 
0.17439811901545382 0.8177751049496411 
0.17439811901545382 0.8177751049496411 
0.17439811901545382 0.8177751049496411 
0.17439811901545382 0.8177751049496411 
0.17439811901545382 0.8177751049496411 
0.17439811901545382 0.8177751049496411 
0.17439811901545382 0.8177751049496411 
0.17439811901545382 0.8177751049496411 
0.17439811901545382 0.8177751049496411 
0.17439811901545382 0.8177751049496411 
0.17439811901545382 0.8177751049496411 
0.245591693832864 0.2498066203164515 
0.245591693832864 0.2498066203164515 
0.245591693832864 0.2498066203164515 
0.245591693832864 0.2498066203164515 
0.245591693832864 0.2498066203164515 
0.245591693832864 0.2498066203164515 
0.245591693832864 0.2498066203164515 
0.245591693832864 0.2498066203164515 
0.245591693832864 0.2498066203164515 
0.245591693832864 0.2498066203164515 
0.245591693832864 0.2498066203164515 
0.245591693832864 0.2498066203164515 
0.245591693832864 0.2498066203164515 
0.245591693832864 0.2498066203164515 
0.245591693832864 0.2498066203164515 
0.245591693832864 0.2498066203164515 
0.245591693832864 0.2498066203164515 
0.245591693832864 0.2498066203164515 
0.245591693832864 0.2498066203164515 
0.245591693832864 0.2498066203164515 
0.3769383696131547 0.5827928646522661 
0.3769383696131547 0.5827928646522661 
0.3769383696131547 0.5827928646522661 
0.3769383696131547 0.5827928646522661 
0.3769383696131547 0.5827928646522661 
0.3769383696131547 0.5827928646522661 
0.3769383696131547 0.5827928646522661 
0.3769383696131547 0.5827928646522661 
0.3769383696131547 0.5827928646522661 
0.3769383696131547 0.5827928646522661 
0.3769383696131547 0.5827928646522661 
0.3769383696131547 0.5827928646522661 
0.3769383696131547 0.5827928646522661 
0.3769383696131547 0.5827928646522661 
0.3769383696131547 0.5827928646522661 
0.3769383696131547 0.5827928646522661 
0.3769383696131547 0.5827928646522661 
0.3769383696131547 0.5827928646522661 
0.3769383696131547 0.5827928646522661 
0.3769383696131547 0.5827928646522661 
0.0512531036846271 0.46537401659627486 
0.0512531036846271 0.46537401659627486 
0.0512531036846271 0.46537401659627486 
0.0512531036846271 0.46537401659627486 
0.0512531036846271 0.46537401659627486 
0.0512531036846271 0.46537401659627486 
0.0512531036846271 0.46537401659627486 
0.0512531036846271 0.46537401659627486 
0.0512531036846271 0.46537401659627486 
0.0512531036846271 0.46537401659627486 
0.0512531036846271 0.46537401659627486 
0.0512531036846271 0.46537401659627486 
0.0512531036846271 0.46537401659627486 
0.0512531036846271 0.46537401659627486 
0.0512531036846271 0.46537401659627486 
0.0512531036846271 0.46537401659627486 
0.0512531036846271 0.46537401659627486 
0.0512531036846271 0.46537401659627486 
0.0512531036846271 0.46537401659627486 
0.0512531036846271 0.46537401659627486 
0.9565437595172386 0.07858577190415578 
0.9565437595172386 0.07858577190415578 
0.9565437595172386 0.07858577190415578 
0.9565437595172386 0.07858577190415578 
0.9565437595172386 0.07858577190415578 
0.9565437595172386 0.07858577190415578 
0.9565437595172386 0.07858577190415578 
0.9565437595172386 0.07858577190415578 
0.9565437595172386 0.07858577190415578 
0.9565437595172386 0.07858577190415578 
0.9565437595172386 0.07858577190415578 
0.9565437595172386 0.07858577190415578 
0.9565437595172386 0.07858577190415578 
0.9565437595172386 0.07858577190415578 
0.9565437595172386 0.07858577190415578 
0.9565437595172386 0.07858577190415578 
0.9565437595172386 0.07858577190415578 
0.9565437595172386 0.07858577190415578 
0.9565437595172386 0.07858577190415578 
0.9565437595172386 0.07858577190415578 
0.5266200429207744 0.5968743716951121 
0.5266200429207744 0.5968743716951121 
0.5266200429207744 0.5968743716951121 
0.5266200429207744 0.5968743716951121 
0.5266200429207744 0.5968743716951121 
0.5266200429207744 0.5968743716951121 
0.5266200429207744 0.5968743716951121 
0.5266200429207744 0.5968743716951121 
0.5266200429207744 0.5968743716951121 
0.5266200429207744 0.5968743716951121 
0.5266200429207744 0.5968743716951121 
0.5266200429207744 0.5968743716951121 
0.5266200429207744 0.5968743716951121 
0.5266200429207744 0.5968743716951121 
0.5266200429207744 0.5968743716951121 
0.5266200429207744 0.5968743716951121 
0.5266200429207744 0.5968743716951121 
0.5266200429207744 0.5968743716951121 
0.5266200429207744 0.5968743716951121 
0.5266200429207744 0.5968743716951121 
0.955296753444299 0.9490308164067064 
0.955296753444299 0.9490308164067064 
0.955296753444299 0.9490308164067064 
0.955296753444299 0.9490308164067064 
0.955296753444299 0.9490308164067064 
0.955296753444299 0.9490308164067064 
0.955296753444299 0.9490308164067064 
0.955296753444299 0.9490308164067064 
0.955296753444299 0.9490308164067064 
0.955296753444299 0.9490308164067064 
0.955296753444299 0.9490308164067064 
0.955296753444299 0.9490308164067064 
0.955296753444299 0.9490308164067064 
0.955296753444299 0.9490308164067064 
0.955296753444299 0.9490308164067064 
0.955296753444299 0.9490308164067064 
0.955296753444299 0.9490308164067064 
0.955296753444299 0.9490308164067064 
0.955296753444299 0.9490308164067064 
0.955296753444299 0.9490308164067064 
0.581709669057265 0.21146671137953593 
0.581709669057265 0.21146671137953593 
0.581709669057265 0.21146671137953593 
0.581709669057265 0.21146671137953593 
0.581709669057265 0.21146671137953593 
0.581709669057265 0.21146671137953593 
0.581709669057265 0.21146671137953593 
0.581709669057265 0.21146671137953593 
0.581709669057265 0.21146671137953593 
0.581709669057265 0.21146671137953593 
0.581709669057265 0.21146671137953593 
0.581709669057265 0.21146671137953593 
0.581709669057265 0.21146671137953593 
0.581709669057265 0.21146671137953593 
0.581709669057265 0.21146671137953593 
0.581709669057265 0.21146671137953593 
0.581709669057265 0.21146671137953593 
0.581709669057265 0.21146671137953593 
0.581709669057265 0.21146671137953593 
0.581709669057265 0.21146671137953593 
0.6732911263423097 0.3695927018727433 
0.6732911263423097 0.3695927018727433 
0.6732911263423097 0.3695927018727433 
0.6732911263423097 0.3695927018727433 
0.6732911263423097 0.3695927018727433 
0.6732911263423097 0.3695927018727433 
0.6732911263423097 0.3695927018727433 
0.6732911263423097 0.3695927018727433 
0.6732911263423097 0.3695927018727433 
0.6732911263423097 0.3695927018727433 
0.6732911263423097 0.3695927018727433 
0.6732911263423097 0.3695927018727433 
0.6732911263423097 0.3695927018727433 
0.6732911263423097 0.3695927018727433 
0.6732911263423097 0.3695927018727433 
0.6732911263423097 0.3695927018727433 
0.6732911263423097 0.3695927018727433 
0.6732911263423097 0.3695927018727433 
0.6732911263423097 0.3695927018727433 
0.6732911263423097 0.3695927018727433 
0.3965215992778854 0.04522514485843021 
0.3965215992778854 0.04522514485843021 
0.3965215992778854 0.04522514485843021 
0.3965215992778854 0.04522514485843021 
0.3965215992778854 0.04522514485843021 
0.3965215992778854 0.04522514485843021 
0.3965215992778854 0.04522514485843021 
0.3965215992778854 0.04522514485843021 
0.3965215992778854 0.04522514485843021 
0.3965215992778854 0.04522514485843021 
0.3965215992778854 0.04522514485843021 
0.3965215992778854 0.04522514485843021 
0.3965215992778854 0.04522514485843021 
0.3965215992778854 0.04522514485843021 
0.3965215992778854 0.04522514485843021 
0.3965215992778854 0.04522514485843021 
0.3965215992778854 0.04522514485843021 
0.3965215992778854 0.04522514485843021 
0.3965215992778854 0.04522514485843021 
0.3965215992778854 0.04522514485843021 
0.07412274431835969 0.6086617951066178 
0.07412274431835969 0.6086617951066178 
0.07412274431835969 0.6086617951066178 
0.07412274431835969 0.6086617951066178 
0.07412274431835969 0.6086617951066178 
0.07412274431835969 0.6086617951066178 
0.07412274431835969 0.6086617951066178 
0.07412274431835969 0.6086617951066178 
0.07412274431835969 0.6086617951066178 
0.07412274431835969 0.6086617951066178 
0.07412274431835969 0.6086617951066178 
0.07412274431835969 0.6086617951066178 
0.07412274431835969 0.6086617951066178 
0.07412274431835969 0.6086617951066178 
0.07412274431835969 0.6086617951066178 
0.07412274431835969 0.6086617951066178 
0.07412274431835969 0.6086617951066178 
0.07412274431835969 0.6086617951066178 
0.07412274431835969 0.6086617951066178 
0.07412274431835969 0.6086617951066178 
0.9187123903042903 0.6753655612308009 
0.9187123903042903 0.6753655612308009 
0.9187123903042903 0.6753655612308009 
0.9187123903042903 0.6753655612308009 
0.9187123903042903 0.6753655612308009 
0.9187123903042903 0.6753655612308009 
0.9187123903042903 0.6753655612308009 
0.9187123903042903 0.6753655612308009 
0.9187123903042903 0.6753655612308009 
0.9187123903042903 0.6753655612308009 
0.9187123903042903 0.6753655612308009 
0.9187123903042903 0.6753655612308009 
0.9187123903042903 0.6753655612308009 
0.9187123903042903 0.6753655612308009 
0.9187123903042903 0.6753655612308009 
0.9187123903042903 0.6753655612308009 
0.9187123903042903 0.6753655612308009 
0.9187123903042903 0.6753655612308009 
0.9187123903042903 0.6753655612308009 
0.9187123903042903 0.6753655612308009 
0.5027311577737288 0.8664933516741953 
0.5027311577737288 0.8664933516741953 
0.5027311577737288 0.8664933516741953 
0.5027311577737288 0.8664933516741953 
0.5027311577737288 0.8664933516741953 
0.5027311577737288 0.8664933516741953 
0.5027311577737288 0.8664933516741953 
0.5027311577737288 0.8664933516741953 
0.5027311577737288 0.8664933516741953 
0.5027311577737288 0.8664933516741953 
0.5027311577737288 0.8664933516741953 
0.5027311577737288 0.8664933516741953 
0.5027311577737288 0.8664933516741953 
0.5027311577737288 0.8664933516741953 
0.5027311577737288 0.8664933516741953 
0.5027311577737288 0.8664933516741953 
0.5027311577737288 0.8664933516741953 
0.5027311577737288 0.8664933516741953 
0.5027311577737288 0.8664933516741953 
0.5027311577737288 0.8664933516741953 
0.1486737717558526 0.9363078461758869 
0.1486737717558526 0.9363078461758869 
0.1486737717558526 0.9363078461758869 
0.1486737717558526 0.9363078461758869 
0.1486737717558526 0.9363078461758869 
0.1486737717558526 0.9363078461758869 
0.1486737717558526 0.9363078461758869 
0.1486737717558526 0.9363078461758869 
0.1486737717558526 0.9363078461758869 
0.1486737717558526 0.9363078461758869 
0.1486737717558526 0.9363078461758869 
0.1486737717558526 0.9363078461758869 
0.1486737717558526 0.9363078461758869 
0.1486737717558526 0.9363078461758869 
0.1486737717558526 0.9363078461758869 
0.1486737717558526 0.9363078461758869 
0.1486737717558526 0.9363078461758869 
0.1486737717558526 0.9363078461758869 
0.1486737717558526 0.9363078461758869 
0.1486737717558526 0.9363078461758869 
0.34898949331406803 0.4394800896885246 
0.34898949331406803 0.4394800896885246 
0.34898949331406803 0.4394800896885246 
0.34898949331406803 0.4394800896885246 
0.34898949331406803 0.4394800896885246 
0.34898949331406803 0.4394800896885246 
0.34898949331406803 0.4394800896885246 
0.34898949331406803 0.4394800896885246 
0.34898949331406803 0.4394800896885246 
0.34898949331406803 0.4394800896885246 
0.34898949331406803 0.4394800896885246 
0.34898949331406803 0.4394800896885246 
0.34898949331406803 0.4394800896885246 
0.34898949331406803 0.4394800896885246 
0.34898949331406803 0.4394800896885246 
0.34898949331406803 0.4394800896885246 
0.34898949331406803 0.4394800896885246 
0.34898949331406803 0.4394800896885246 
0.34898949331406803 0.4394800896885246 
0.34898949331406803 0.4394800896885246 
0.17843977644016712 0.46526015345686356 
0.17843977644016712 0.46526015345686356 
0.17843977644016712 0.46526015345686356 
0.17843977644016712 0.46526015345686356 
0.17843977644016712 0.46526015345686356 
0.17843977644016712 0.46526015345686356 
0.17843977644016712 0.46526015345686356 
0.17843977644016712 0.46526015345686356 
0.17843977644016712 0.46526015345686356 
0.17843977644016712 0.46526015345686356 
0.17843977644016712 0.46526015345686356 
0.17843977644016712 0.46526015345686356 
0.17843977644016712 0.46526015345686356 
0.17843977644016712 0.46526015345686356 
0.17843977644016712 0.46526015345686356 
0.17843977644016712 0.46526015345686356 
0.17843977644016712 0.46526015345686356 
0.17843977644016712 0.46526015345686356 
0.17843977644016712 0.46526015345686356 
0.17843977644016712 0.46526015345686356 
0.26303972188944424 0.03827474067276182 
0.26303972188944424 0.03827474067276182 
0.26303972188944424 0.03827474067276182 
0.26303972188944424 0.03827474067276182 
0.26303972188944424 0.03827474067276182 
0.26303972188944424 0.03827474067276182 
0.26303972188944424 0.03827474067276182 
0.26303972188944424 0.03827474067276182 
0.26303972188944424 0.03827474067276182 
0.26303972188944424 0.03827474067276182 
0.26303972188944424 0.03827474067276182 
0.26303972188944424 0.03827474067276182 
0.26303972188944424 0.03827474067276182 
0.26303972188944424 0.03827474067276182 
0.26303972188944424 0.03827474067276182 
0.26303972188944424 0.03827474067276182 
0.26303972188944424 0.03827474067276182 
0.26303972188944424 0.03827474067276182 
0.26303972188944424 0.03827474067276182 
0.26303972188944424 0.03827474067276182 
0.6824812648957549 0.49235946690741317 
0.6824812648957549 0.49235946690741317 
0.6824812648957549 0.49235946690741317 
0.6824812648957549 0.49235946690741317 
0.6824812648957549 0.49235946690741317 
0.6824812648957549 0.49235946690741317 
0.6824812648957549 0.49235946690741317 
0.6824812648957549 0.49235946690741317 
0.6824812648957549 0.49235946690741317 
0.6824812648957549 0.49235946690741317 
0.6824812648957549 0.49235946690741317 
0.6824812648957549 0.49235946690741317 
0.6824812648957549 0.49235946690741317 
0.6824812648957549 0.49235946690741317 
0.6824812648957549 0.49235946690741317 
0.6824812648957549 0.49235946690741317 
0.6824812648957549 0.49235946690741317 
0.6824812648957549 0.49235946690741317 
0.6824812648957549 0.49235946690741317 
0.6824812648957549 0.49235946690741317 
0.8000089973305237 0.06872107968650787 
0.8000089973305237 0.06872107968650787 
0.8000089973305237 0.06872107968650787 
0.8000089973305237 0.06872107968650787 
0.8000089973305237 0.06872107968650787 
0.8000089973305237 0.06872107968650787 
0.8000089973305237 0.06872107968650787 
0.8000089973305237 0.06872107968650787 
0.8000089973305237 0.06872107968650787 
0.8000089973305237 0.06872107968650787 
0.8000089973305237 0.06872107968650787 
0.8000089973305237 0.06872107968650787 
0.8000089973305237 0.06872107968650787 
0.8000089973305237 0.06872107968650787 
0.8000089973305237 0.06872107968650787 
0.8000089973305237 0.06872107968650787 
0.8000089973305237 0.06872107968650787 
0.8000089973305237 0.06872107968650787 
0.8000089973305237 0.06872107968650787 
0.8000089973305237 0.06872107968650787 
0.21556630152807932 0.14191749213873417 
0.21556630152807932 0.14191749213873417 
0.21556630152807932 0.14191749213873417 
0.21556630152807932 0.14191749213873417 
0.21556630152807932 0.14191749213873417 
0.21556630152807932 0.14191749213873417 
0.21556630152807932 0.14191749213873417 
0.21556630152807932 0.14191749213873417 
0.21556630152807932 0.14191749213873417 
0.21556630152807932 0.14191749213873417 
0.21556630152807932 0.14191749213873417 
0.21556630152807932 0.14191749213873417 
0.21556630152807932 0.14191749213873417 
0.21556630152807932 0.14191749213873417 
0.21556630152807932 0.14191749213873417 
0.21556630152807932 0.14191749213873417 
0.21556630152807932 0.14191749213873417 
0.21556630152807932 0.14191749213873417 
0.21556630152807932 0.14191749213873417 
0.21556630152807932 0.14191749213873417 
0.5029960569936153 0.3247500821995915 
0.5029960569936153 0.3247500821995915 
0.5029960569936153 0.3247500821995915 
0.5029960569936153 0.3247500821995915 
0.5029960569936153 0.3247500821995915 
0.5029960569936153 0.3247500821995915 
0.5029960569936153 0.3247500821995915 
0.5029960569936153 0.3247500821995915 
0.5029960569936153 0.3247500821995915 
0.5029960569936153 0.3247500821995915 
0.5029960569936153 0.3247500821995915 
0.5029960569936153 0.3247500821995915 
0.5029960569936153 0.3247500821995915 
0.5029960569936153 0.3247500821995915 
0.5029960569936153 0.3247500821995915 
0.5029960569936153 0.3247500821995915 
0.5029960569936153 0.3247500821995915 
0.5029960569936153 0.3247500821995915 
0.5029960569936153 0.3247500821995915 
0.5029960569936153 0.3247500821995915 
0.2117367773205845 0.678651123794576 
0.2117367773205845 0.678651123794576 
0.2117367773205845 0.678651123794576 
0.2117367773205845 0.678651123794576 
0.2117367773205845 0.678651123794576 
0.2117367773205845 0.678651123794576 
0.2117367773205845 0.678651123794576 
0.2117367773205845 0.678651123794576 
0.2117367773205845 0.678651123794576 
0.2117367773205845 0.678651123794576 
0.2117367773205845 0.678651123794576 
0.2117367773205845 0.678651123794576 
0.2117367773205845 0.678651123794576 
0.2117367773205845 0.678651123794576 
0.2117367773205845 0.678651123794576 
0.2117367773205845 0.678651123794576 
0.2117367773205845 0.678651123794576 
0.2117367773205845 0.678651123794576 
0.2117367773205845 0.678651123794576 
0.2117367773205845 0.678651123794576 
0.859077054577609 0.31090290090068384 
0.859077054577609 0.31090290090068384 
0.859077054577609 0.31090290090068384 
0.859077054577609 0.31090290090068384 
0.859077054577609 0.31090290090068384 
0.859077054577609 0.31090290090068384 
0.859077054577609 0.31090290090068384 
0.859077054577609 0.31090290090068384 
0.859077054577609 0.31090290090068384 
0.859077054577609 0.31090290090068384 
0.859077054577609 0.31090290090068384 
0.859077054577609 0.31090290090068384 
0.859077054577609 0.31090290090068384 
0.859077054577609 0.31090290090068384 
0.859077054577609 0.31090290090068384 
0.859077054577609 0.31090290090068384 
0.859077054577609 0.31090290090068384 
0.859077054577609 0.31090290090068384 
0.859077054577609 0.31090290090068384 
0.859077054577609 0.31090290090068384 
0.05651470364713834 0.16215292242227447 
0.05651470364713834 0.16215292242227447 
0.05651470364713834 0.16215292242227447 
0.05651470364713834 0.16215292242227447 
0.05651470364713834 0.16215292242227447 
0.05651470364713834 0.16215292242227447 
0.05651470364713834 0.16215292242227447 
0.05651470364713834 0.16215292242227447 
0.05651470364713834 0.16215292242227447 
0.05651470364713834 0.16215292242227447 
0.05651470364713834 0.16215292242227447 
0.05651470364713834 0.16215292242227447 
0.05651470364713834 0.16215292242227447 
0.05651470364713834 0.16215292242227447 
0.05651470364713834 0.16215292242227447 
0.05651470364713834 0.16215292242227447 
0.05651470364713834 0.16215292242227447 
0.05651470364713834 0.16215292242227447 
0.05651470364713834 0.16215292242227447 
0.05651470364713834 0.16215292242227447 
0.526830706966948 0.091637319408995 
0.526830706966948 0.091637319408995 
0.526830706966948 0.091637319408995 
0.526830706966948 0.091637319408995 
0.526830706966948 0.091637319408995 
0.526830706966948 0.091637319408995 
0.526830706966948 0.091637319408995 
0.526830706966948 0.091637319408995 
0.526830706966948 0.091637319408995 
0.526830706966948 0.091637319408995 
0.526830706966948 0.091637319408995 
0.526830706966948 0.091637319408995 
0.526830706966948 0.091637319408995 
0.526830706966948 0.091637319408995 
0.526830706966948 0.091637319408995 
0.526830706966948 0.091637319408995 
0.526830706966948 0.091637319408995 
0.526830706966948 0.091637319408995 
0.526830706966948 0.091637319408995 
0.526830706966948 0.091637319408995 
0.15739772760962634 0.34443091956465005 
0.15739772760962634 0.34443091956465005 
0.15739772760962634 0.34443091956465005 
0.15739772760962634 0.34443091956465005 
0.15739772760962634 0.34443091956465005 
0.15739772760962634 0.34443091956465005 
0.15739772760962634 0.34443091956465005 
0.15739772760962634 0.34443091956465005 
0.15739772760962634 0.34443091956465005 
0.15739772760962634 0.34443091956465005 
0.15739772760962634 0.34443091956465005 
0.15739772760962634 0.34443091956465005 
0.15739772760962634 0.34443091956465005 
0.15739772760962634 0.34443091956465005 
0.15739772760962634 0.34443091956465005 
0.15739772760962634 0.34443091956465005 
0.15739772760962634 0.34443091956465005 
0.15739772760962634 0.34443091956465005 
0.15739772760962634 0.34443091956465005 
0.15739772760962634 0.34443091956465005 
0.3050760107584972 0.3466564998411388 
0.3050760107584972 0.3466564998411388 
0.3050760107584972 0.3466564998411388 
0.3050760107584972 0.3466564998411388 
0.3050760107584972 0.3466564998411388 
0.3050760107584972 0.3466564998411388 
0.3050760107584972 0.3466564998411388 
0.3050760107584972 0.3466564998411388 
0.3050760107584972 0.3466564998411388 
0.3050760107584972 0.3466564998411388 
0.3050760107584972 0.3466564998411388 
0.3050760107584972 0.3466564998411388 
0.3050760107584972 0.3466564998411388 
0.3050760107584972 0.3466564998411388 
0.3050760107584972 0.3466564998411388 
0.3050760107584972 0.3466564998411388 
0.3050760107584972 0.3466564998411388 
0.3050760107584972 0.3466564998411388 
0.3050760107584972 0.3466564998411388 
0.3050760107584972 0.3466564998411388 
0.8406400717911431 0.8634748544154274 
0.8406400717911431 0.8634748544154274 
0.8406400717911431 0.8634748544154274 
0.8406400717911431 0.8634748544154274 
0.8406400717911431 0.8634748544154274 
0.8406400717911431 0.8634748544154274 
0.8406400717911431 0.8634748544154274 
0.8406400717911431 0.8634748544154274 
0.8406400717911431 0.8634748544154274 
0.8406400717911431 0.8634748544154274 
0.8406400717911431 0.8634748544154274 
0.8406400717911431 0.8634748544154274 
0.8406400717911431 0.8634748544154274 
0.8406400717911431 0.8634748544154274 
0.8406400717911431 0.8634748544154274 
0.8406400717911431 0.8634748544154274 
0.8406400717911431 0.8634748544154274 
0.8406400717911431 0.8634748544154274 
0.8406400717911431 0.8634748544154274 
0.8406400717911431 0.8634748544154274 
0.9555109811651493 0.8034802209547525 
0.9555109811651493 0.8034802209547525 
0.9555109811651493 0.8034802209547525 
0.9555109811651493 0.8034802209547525 
0.9555109811651493 0.8034802209547525 
0.9555109811651493 0.8034802209547525 
0.9555109811651493 0.8034802209547525 
0.9555109811651493 0.8034802209547525 
0.9555109811651493 0.8034802209547525 
0.9555109811651493 0.8034802209547525 
0.9555109811651493 0.8034802209547525 
0.9555109811651493 0.8034802209547525 
0.9555109811651493 0.8034802209547525 
0.9555109811651493 0.8034802209547525 
0.9555109811651493 0.8034802209547525 
0.9555109811651493 0.8034802209547525 
0.9555109811651493 0.8034802209547525 
0.9555109811651493 0.8034802209547525 
0.9555109811651493 0.8034802209547525 
0.9555109811651493 0.8034802209547525 
0.28193577381208107 0.94350860085336 
0.28193577381208107 0.94350860085336 
0.28193577381208107 0.94350860085336 
0.28193577381208107 0.94350860085336 
0.28193577381208107 0.94350860085336 
0.28193577381208107 0.94350860085336 
0.28193577381208107 0.94350860085336 
0.28193577381208107 0.94350860085336 
0.28193577381208107 0.94350860085336 
0.28193577381208107 0.94350860085336 
0.28193577381208107 0.94350860085336 
0.28193577381208107 0.94350860085336 
0.28193577381208107 0.94350860085336 
0.28193577381208107 0.94350860085336 
0.28193577381208107 0.94350860085336 
0.28193577381208107 0.94350860085336 
0.28193577381208107 0.94350860085336 
0.28193577381208107 0.94350860085336 
0.28193577381208107 0.94350860085336 
0.28193577381208107 0.94350860085336 
