-0.147407 0.199288 0.063428 -0.074631 0.039669 0.003160 -0.144768 0.013426 -0.112261 -0.035165 -0.117665 -0.284943 0.170545 -0.310326 0.000817 -0.079414 -0.009604 -0.070496 0.026882 -0.111088 -0.158547 -0.053203 0.048055 0.096449 -0.163699 0.159183 -0.277390 -0.142380 0.219808 0.083267 -0.156637 0.232682 -0.054501 0.066886 0.194026 0.038006 -0.192369 0.226167 -0.104601 -0.096132 -0.033374 -0.117092 0.129546 0.138562 -0.137930 -0.159347 0.050189 -0.153194 0.102830 -0.195007 
-0.148848 0.185465 -0.061561 -0.117044 0.031449 0.210794 0.185974 -0.239757 0.207472 -0.238096 -0.067650 -0.046549 -0.172554 -0.023266 -0.157875 0.089181 -0.083257 0.123302 0.085791 0.000949 -0.142212 0.024209 -0.102401 0.002006 -0.033097 -0.044209 0.015653 0.097907 -0.234362 0.090313 0.258238 0.098311 0.143232 -0.158753 -0.076914 -0.126036 0.093137 0.006106 0.201187 0.068765 0.122407 -0.076319 0.129217 -0.117829 -0.137691 -0.108473 0.308879 -0.259343 0.091192 -0.176499 
-0.148185 -0.012308 -0.128652 0.103613 -0.016786 -0.135584 -0.079948 -0.165431 -0.184595 -0.049770 0.095070 -0.288435 -0.079149 -0.103716 -0.238890 -0.109188 -0.094811 0.027425 -0.135269 -0.192638 0.023344 -0.109417 0.102096 -0.191089 0.205993 0.173630 0.108479 -0.168361 -0.137749 0.051086 0.113389 -0.108864 -0.309576 -0.164228 0.145885 -0.233643 0.226912 0.071962 -0.230092 0.098549 0.004779 -0.058678 0.062504 -0.121772 0.105138 0.086334 0.073651 0.122375 0.035199 0.139431 
-0.139819 -0.115195 0.153448 -0.237812 -0.176240 0.161026 -0.181891 0.007361 -0.086469 -0.016239 0.079447 0.168247 -0.024512 0.177974 0.047269 0.146603 0.213664 -0.019416 -0.264699 -0.152172 0.009306 0.136475 0.001582 0.071636 0.254659 0.046472 0.000801 -0.102191 -0.054107 0.234352 -0.018507 0.192400 -0.314243 0.030885 -0.029070 0.060478 0.060758 -0.071756 0.086726 0.142337 -0.219130 0.160611 -0.019008 -0.132541 -0.247385 -0.095773 -0.071034 -0.033877 0.012389 -0.231388 
-0.145022 -0.229620 0.148978 0.047612 0.142496 -0.303842 -0.185577 -0.050634 0.247637 0.018712 -0.013987 -0.031587 -0.056440 0.052417 -0.122579 -0.131989 0.097299 -0.021488 0.329256 -0.204058 0.273966 0.154045 -0.021080 0.070843 0.141198 -0.026137 -0.182091 0.057782 -0.039545 -0.148498 0.126548 0.088135 -0.069705 0.039332 0.019079 0.124970 -0.029689 0.009028 0.147337 0.193433 0.063938 -0.195782 0.106643 0.006988 0.135110 0.143779 -0.185232 -0.168104 0.174724 -0.117578 
-0.156125 -0.064154 0.331338 0.007404 -0.013759 0.074228 0.255879 -0.017939 -0.257271 -0.101272 0.193128 -0.187194 -0.028227 -0.131922 0.142362 0.129315 -0.081494 0.061009 0.163400 -0.157191 0.125433 0.148109 -0.166615 0.167723 0.223971 -0.143602 -0.200756 -0.017788 0.081328 0.114877 0.082841 -0.057335 0.064714 -0.099703 -0.171391 0.077240 -0.018717 -0.042525 -0.137375 -0.225073 -0.052997 -0.166200 -0.202323 -0.046527 0.067659 0.071103 0.122610 0.026980 -0.253461 0.071951 
-0.141352 -0.142018 -0.033999 0.014539 -0.194756 -0.256323 0.059600 0.195779 -0.017017 0.149634 0.090981 -0.104605 0.286551 -0.161564 0.228970 0.107550 -0.152803 0.106089 0.012027 0.056015 -0.055760 -0.086797 -0.110597 0.121332 0.003588 0.226149 0.091131 0.050331 -0.096340 0.098254 0.115394 -0.056496 0.312485 -0.153981 0.104754 0.022703 0.290003 -0.000881 0.205222 0.121334 -0.165699 0.050796 0.179909 0.044240 -0.008936 0.069298 -0.061486 0.119734 -0.000062 -0.254552 
-0.148579 -0.048480 0.113976 0.250404 0.028578 -0.006246 0.087692 0.296086 -0.215688 0.238977 0.121356 0.101942 -0.075196 0.076042 -0.245061 0.131658 0.157335 0.013657 -0.017905 -0.030178 0.054061 -0.130551 -0.103156 -0.143117 0.067473 -0.031620 -0.034162 0.249807 -0.085854 0.094505 -0.104372 0.221644 0.204886 0.052709 0.179625 -0.261157 -0.153354 0.267234 0.000417 0.146878 0.111162 0.061014 0.018763 -0.023875 -0.116732 0.044183 0.057637 -0.191618 -0.119488 0.121491 
-0.130838 -0.012029 0.045989 0.084988 -0.005073 0.074324 0.008398 -0.076141 0.162566 0.275302 0.181901 0.139975 -0.050863 -0.121930 -0.027601 -0.185252 -0.304110 -0.032944 -0.089519 -0.096931 0.089599 0.029552 -0.125370 0.191887 0.122105 0.058862 -0.037692 -0.127637 -0.099992 -0.094871 -0.161329 -0.036077 0.087222 -0.160618 0.291073 0.128131 -0.129205 -0.309097 -0.027643 -0.084268 0.082100 0.273074 -0.081108 -0.012897 -0.104950 -0.165772 0.133250 -0.111021 0.237237 0.179326 
-0.141043 -0.089014 -0.098479 -0.262790 0.153780 0.137785 -0.041683 0.115772 -0.122034 0.063928 -0.170712 0.080980 -0.124148 0.030929 0.079474 -0.071142 -0.073794 0.016217 0.046036 0.073717 0.051121 0.014718 0.013511 0.249498 0.027419 0.184415 0.364305 -0.160779 -0.300298 -0.130143 0.041365 0.242320 0.130255 -0.024265 0.021247 0.033509 -0.183935 0.248439 -0.117186 -0.187017 -0.023642 -0.211514 -0.128559 -0.152201 0.023435 0.214052 -0.070363 0.092134 0.074877 0.005946 
-0.123495 -0.061769 0.203193 -0.139402 -0.234449 0.025930 -0.166462 -0.170576 -0.067065 0.122526 0.235434 -0.054944 0.101958 0.107072 -0.086416 -0.139712 -0.174601 0.117561 0.053583 -0.037147 0.235598 -0.009168 0.169040 -0.190400 -0.222728 -0.018969 0.195967 0.175741 -0.015059 -0.204699 -0.150860 -0.058779 0.050071 0.145140 -0.155186 0.150428 -0.047363 0.130700 -0.021331 -0.067303 0.109780 -0.035150 0.174953 -0.180071 -0.078759 -0.178131 0.220918 0.129824 -0.146592 -0.168506 
-0.135977 0.360431 0.026718 -0.026393 0.183365 0.047177 -0.079721 -0.003032 0.112134 0.216817 -0.084739 -0.054030 0.063536 -0.070857 -0.098704 0.118999 0.251542 0.153858 -0.019654 -0.075213 0.016123 0.140098 -0.236570 -0.040878 0.148334 -0.118257 0.279234 -0.017330 -0.015890 -0.073736 -0.177432 -0.230328 -0.033827 0.082255 0.089969 0.220054 0.225917 0.222912 0.035216 -0.024064 -0.094435 0.074600 -0.158467 0.187346 0.225575 -0.007909 0.153281 -0.039330 -0.024484 -0.109908 
-0.134334 0.182976 -0.075833 0.111281 -0.220179 -0.159171 -0.025396 -0.036959 -0.023162 -0.030435 -0.063599 0.151287 0.000494 -0.046133 0.072017 -0.152788 0.194758 0.101289 -0.022680 -0.033666 0.065787 0.039871 0.011233 -0.111049 -0.228813 -0.223013 -0.121962 -0.334473 -0.098878 0.071714 -0.051279 0.373923 0.061008 -0.091276 0.113564 0.037258 0.060191 -0.142730 0.133191 -0.138593 0.115446 0.123340 0.003749 -0.211008 0.294479 0.172586 0.067577 0.065909 -0.229332 -0.051725 
-0.139322 -0.024724 -0.266920 -0.169207 0.236532 0.044541 0.060715 0.121752 0.025052 -0.109220 0.396098 -0.171238 0.267534 0.090828 -0.088136 0.096111 0.131752 0.000881 -0.104434 0.088392 -0.042869 -0.101318 0.081766 0.185651 0.042858 -0.024261 0.001808 -0.073374 -0.144463 0.098046 -0.154505 0.063014 0.009621 0.188915 -0.080323 0.179222 -0.053835 -0.213911 0.043825 0.102469 0.121083 -0.147053 0.226272 -0.020079 0.230928 -0.103157 0.016373 -0.094783 -0.076395 0.224076 
-0.135104 0.007831 0.015407 0.202754 0.072733 0.136092 -0.064966 -0.252502 0.091351 0.095834 0.085809 0.114166 0.171404 0.218843 -0.123085 -0.031431 -0.246700 -0.024989 -0.093503 -0.025009 0.081101 -0.200110 0.052495 0.151062 -0.219881 -0.146386 0.126748 -0.050768 0.088872 0.387532 0.046454 -0.079493 -0.032041 -0.170716 0.032897 -0.046598 -0.032595 0.121073 0.052210 -0.029047 -0.050955 -0.195121 -0.208700 0.104333 0.103960 -0.010032 -0.322590 -0.144576 -0.124716 -0.141191 
-0.117735 -0.085705 -0.044560 -0.166675 0.000412 -0.002740 -0.112286 -0.038042 -0.230331 -0.008891 0.035801 0.264236 -0.025517 -0.253796 0.022427 -0.075129 0.090453 -0.031424 -0.132288 0.061717 -0.007734 0.015334 0.201639 0.222237 -0.150671 -0.038445 -0.323446 0.124706 -0.288667 -0.148965 0.139579 -0.354326 -0.069813 -0.032053 -0.014539 -0.143350 -0.090260 0.182866 0.121463 0.086649 -0.053132 0.128283 -0.105854 0.105258 0.243009 -0.081470 0.091404 -0.095763 -0.086968 -0.030795 
-0.120965 -0.161529 -0.283465 0.177600 0.156303 -0.052735 0.083386 -0.168823 -0.018345 0.026368 0.115679 -0.097241 0.003058 -0.047974 0.071065 0.165741 0.069058 0.154559 -0.037773 -0.153166 -0.022483 0.100189 0.109866 0.138357 -0.032581 -0.201328 -0.042892 0.014796 0.071617 -0.046073 -0.047152 0.021048 -0.090592 0.032675 -0.100329 -0.016488 0.046905 0.303523 0.292901 -0.311360 0.168656 0.231125 0.032291 -0.045119 -0.285234 0.044989 -0.122904 0.222495 0.201865 0.082375 
-0.147858 -0.044571 -0.127837 0.262886 -0.047936 -0.018587 -0.206918 -0.000628 -0.131638 -0.080505 -0.168107 -0.060732 -0.159384 0.129934 0.021710 0.007961 -0.251032 -0.165456 0.022257 0.286324 0.170025 0.055653 0.092251 0.045709 0.096453 0.059357 -0.046974 -0.171683 -0.057420 0.046775 -0.002029 0.064038 0.037040 0.164495 -0.204246 0.228089 0.231816 0.097097 0.040863 -0.017669 -0.068218 0.153869 0.078039 0.277667 -0.127811 0.071017 0.192350 -0.273287 -0.168144 0.130055 
-0.150164 -0.241885 0.125312 -0.130204 -0.075678 -0.082598 0.207741 -0.194644 -0.083203 0.020948 -0.272565 0.192504 0.212338 -0.069880 -0.030345 0.123037 0.053869 0.079261 0.205905 -0.023195 -0.018434 -0.096661 0.290652 -0.015370 0.089157 -0.088766 0.210512 0.006529 -0.005999 0.093270 -0.042302 0.033254 -0.063215 0.290432 0.212180 -0.190393 0.104217 -0.250653 -0.020692 -0.180936 0.059208 -0.044940 -0.004629 0.269232 0.006303 0.000786 0.130324 -0.086214 0.083484 0.060742 
-0.144350 -0.050503 0.054517 -0.051469 -0.014481 -0.066599 0.258016 0.062352 0.155147 -0.094377 -0.014739 0.130776 0.000609 0.161112 0.025010 -0.107826 -0.018080 -0.028838 -0.019014 0.048639 0.066629 -0.118418 -0.180980 -0.291931 -0.067140 0.095633 -0.265052 -0.045476 -0.261566 0.373980 0.020522 -0.159237 -0.043031 0.198328 -0.021508 0.218761 -0.085318 0.227254 -0.146150 -0.142479 -0.043239 0.054972 0.035016 0.058993 0.065898 0.009891 0.059546 0.219820 0.301669 -0.005268 
-0.141218 0.156871 -0.184080 0.009163 -0.361933 0.139105 -0.064660 0.106631 0.047093 -0.006138 -0.022749 -0.027761 0.117607 -0.263799 -0.172301 0.081297 -0.023342 0.002405 -0.131363 -0.032096 0.174149 0.018800 0.097089 -0.102997 0.047919 -0.116614 -0.104823 0.124801 -0.086443 -0.082976 0.135045 0.163052 0.153052 0.125521 -0.146260 0.109004 0.108183 -0.077225 -0.078595 0.124554 0.094360 -0.215036 -0.385545 0.126780 -0.100355 -0.064262 -0.207461 0.130840 0.214580 0.095130 
-0.127862 0.075579 0.264876 -0.012047 -0.041300 -0.061282 0.128682 0.160953 0.200546 -0.004384 0.023629 0.073668 -0.101331 -0.038472 -0.099996 0.102989 -0.110342 -0.334938 0.020917 -0.240038 -0.133953 0.131115 -0.030381 0.253362 -0.309114 0.160276 0.100758 -0.085868 -0.049171 -0.020410 -0.154092 0.069458 -0.106559 0.102738 -0.275028 -0.215972 0.260074 0.048377 -0.067555 0.091369 0.208895 0.107425 0.015679 0.083424 0.092577 -0.011040 -0.054438 0.135255 -0.043724 0.083479 
-0.129249 -0.098865 -0.175805 -0.175843 -0.057941 0.147566 0.070206 0.151475 0.238200 0.031368 -0.115432 -0.150880 -0.258386 -0.169886 0.080799 0.048065 -0.078989 0.182232 0.071830 -0.087936 0.061627 0.140167 0.204737 -0.043899 -0.190409 -0.093224 -0.030631 0.150165 -0.003209 0.201878 -0.210837 -0.211158 -0.043921 0.019671 0.188301 0.103622 0.012855 -0.045821 -0.218828 0.124442 -0.036980 0.101348 0.072459 -0.126437 -0.115553 0.262253 -0.181963 -0.165674 -0.227044 0.035809 
-0.138771 0.165188 -0.027480 -0.048443 0.304109 -0.093044 0.079783 0.027155 0.055638 -0.082126 0.129554 0.170638 0.091308 0.093511 0.002189 -0.036715 -0.090775 0.259148 0.214754 -0.217086 -0.087432 -0.165168 0.178345 -0.173217 -0.032193 0.072629 -0.082821 -0.030258 -0.073506 -0.241103 0.099035 0.199841 0.037559 -0.068377 -0.144924 0.019292 0.054959 -0.037198 -0.185498 0.031759 -0.378822 0.242401 -0.101504 0.130579 -0.133468 -0.106625 -0.136117 -0.012923 -0.166830 0.050793 
-0.146804 -0.043406 0.066962 0.142050 -0.172512 0.110239 -0.143630 0.094342 -0.277438 -0.237476 0.049785 -0.244369 -0.068863 0.188668 -0.225775 0.161934 0.017892 0.075683 0.249103 0.036972 -0.214414 -0.008809 -0.108397 0.008659 -0.213645 -0.074671 0.095054 -0.088271 -0.133368 -0.122719 -0.068288 -0.168289 0.018302 -0.001043 0.033090 0.019062 -0.211052 -0.230996 0.012979 -0.013007 -0.069377 0.230763 -0.079544 0.079270 0.087746 0.116931 -0.146316 0.000227 0.261738 -0.155384 
-0.160134 0.123899 0.250282 0.122021 0.096712 -0.022923 -0.010275 0.034069 0.057271 -0.219889 0.028031 0.029305 0.127409 -0.067876 -0.005201 -0.087131 0.120704 0.060232 -0.343389 0.019726 -0.001360 0.035418 0.188086 -0.042275 0.029260 0.323769 0.116562 0.117938 0.200505 -0.018280 0.223553 -0.126460 0.164141 0.146084 -0.073319 0.057182 -0.018872 -0.069033 -0.017213 -0.216931 0.138268 0.179373 -0.041502 -0.217797 0.037419 0.263815 -0.100523 -0.275479 0.084426 -0.003877 
-0.143632 -0.314097 -0.070726 -0.079813 0.231780 0.009477 -0.336059 0.090625 0.032548 -0.034248 0.126052 0.207614 0.070359 -0.129616 0.006458 0.074128 -0.144053 0.031702 -0.033918 0.133764 -0.147488 0.077298 -0.181217 -0.172305 -0.153030 -0.196361 -0.045078 0.024697 0.274847 0.043783 -0.076707 0.097543 0.037725 -0.039058 -0.115726 -0.136176 0.203753 -0.030157 -0.194843 0.013737 -0.089367 -0.064669 -0.109186 -0.135272 0.083416 0.140588 0.269477 -0.042067 0.241183 -0.014414 
-0.144595 0.299834 0.040079 -0.127873 -0.008769 -0.046651 -0.092671 -0.046543 -0.192798 0.135036 0.008528 0.274846 -0.072457 -0.054701 0.023128 0.109557 -0.125687 0.020474 -0.036124 -0.057269 -0.102384 -0.260132 -0.240629 -0.050058 -0.041318 -0.028265 -0.079331 0.031601 0.017709 -0.115503 0.011623 -0.146037 -0.208214 0.029605 -0.064311 0.117693 -0.012410 -0.162453 0.161819 -0.042067 0.075765 -0.261519 0.273374 0.056063 -0.235396 0.381186 -0.102126 0.005320 -0.024149 0.147212 
-0.137772 0.007693 0.011812 0.324400 -0.101288 0.141289 -0.027339 0.005466 0.188131 0.017527 0.071901 -0.014308 -0.214099 -0.032560 0.317212 0.087034 -0.009956 0.170716 -0.046531 -0.128920 -0.021198 -0.017816 0.058271 -0.027548 -0.098483 0.145124 0.068912 -0.102680 0.067183 -0.058301 0.026366 -0.023283 -0.043013 0.325106 0.025402 -0.162972 -0.196718 -0.017758 0.248976 0.121840 -0.358545 -0.262152 -0.021242 -0.047716 0.138799 -0.079080 0.172094 0.051474 0.059329 0.168390 
-0.140363 0.101880 -0.103566 -0.134034 0.014214 -0.025312 -0.061836 -0.064936 -0.092354 -0.030844 0.064179 0.050317 -0.246696 0.011331 -0.316743 -0.249457 -0.054274 -0.119875 0.032702 0.038375 -0.110129 0.243756 -0.038124 0.097085 0.055914 0.012889 0.023423 0.307008 0.221593 0.184098 0.120092 0.088237 0.178269 0.166271 0.172120 -0.013142 0.041680 -0.090660 0.131042 -0.174120 -0.283980 0.037936 0.144518 0.061182 0.111072 -0.067469 -0.102219 0.298391 -0.087045 0.098772 
-0.148375 -0.092540 -0.028175 -0.024391 -0.211263 0.123157 0.124815 0.067720 0.026014 -0.084642 -0.251156 0.031283 0.071369 0.328409 -0.127266 -0.164575 0.007216 0.186994 -0.032939 0.010050 -0.117213 -0.174507 -0.086156 0.205402 0.112099 0.048890 -0.282169 -0.017115 0.178530 -0.278176 -0.249423 -0.116506 0.051343 -0.004234 0.059823 -0.045080 0.320604 0.128607 0.021380 -0.057007 -0.049083 -0.124285 -0.019962 -0.253715 0.057426 -0.102619 -0.075357 -0.071617 0.005971 0.106895 
-0.154167 0.229560 -0.225207 0.001455 -0.049380 -0.116040 0.158863 0.153033 0.062342 0.227848 0.092387 -0.003629 0.023129 0.150623 -0.025258 -0.004460 0.049418 -0.168886 -0.015401 0.110969 0.197121 0.198346 0.114999 0.002071 0.098220 -0.115622 -0.070593 -0.159746 0.032920 -0.089845 -0.030338 -0.186738 0.030227 0.007608 -0.173690 -0.402968 -0.094286 -0.130322 -0.164686 -0.214847 -0.171940 -0.108052 0.143751 -0.025729 -0.097187 0.042241 0.013190 -0.104049 0.104906 -0.313273 
-0.137807 -0.110327 -0.040958 0.135515 -0.017569 -0.066733 -0.099048 -0.178049 0.142960 0.354518 -0.186812 -0.227681 0.056734 0.022365 0.039143 -0.157458 0.160006 -0.201623 -0.012319 -0.053777 -0.440439 -0.172541 0.011704 0.037642 0.088690 -0.033224 -0.059257 0.247802 -0.201488 0.055337 -0.014697 0.033470 0.004791 0.036028 -0.286034 0.073671 -0.112490 -0.154200 -0.086791 -0.061611 -0.075937 0.021571 -0.150542 -0.128599 -0.035154 0.106596 0.113513 0.032138 -0.128527 -0.036546 
-0.135546 -0.050103 -0.122630 -0.057988 -0.115003 -0.220471 0.287815 -0.172458 0.063946 -0.139770 0.040414 0.041517 0.081195 0.007164 -0.074232 -0.040907 -0.257835 0.107236 -0.177780 0.171754 -0.169057 0.213448 -0.115135 -0.053629 0.170745 0.076503 0.035155 0.017011 0.142937 -0.150125 -0.190066 0.114957 -0.152291 0.047249 -0.020108 -0.010968 -0.332823 0.102377 0.062615 0.269688 0.076314 0.038494 -0.187132 0.153462 0.047746 0.211571 0.033040 0.028207 -0.155228 -0.156667 
-0.149097 0.043254 -0.071022 -0.155864 0.086086 -0.011991 0.012930 0.035248 -0.080356 -0.165097 -0.209047 -0.196281 -0.063376 0.178998 0.269398 -0.001520 -0.064939 -0.155291 -0.249537 -0.256780 0.336096 -0.221572 -0.046860 -0.044186 -0.033142 -0.066417 0.045223 0.352491 0.072175 -0.050697 -0.175809 0.128931 0.015239 -0.214549 -0.048698 -0.100797 -0.052204 -0.118294 0.103844 -0.009710 -0.034775 0.116449 0.004827 0.187452 0.194888 0.034566 0.098187 0.015774 0.133125 -0.007417 
-0.123443 0.118136 0.097102 -0.103612 0.201359 0.002568 -0.035768 0.304063 -0.104537 0.163649 -0.007033 -0.159741 -0.118285 0.237706 0.187733 -0.298993 -0.127206 0.196900 0.018110 0.066613 -0.122219 -0.016352 0.150483 0.026934 0.029630 -0.141838 -0.053590 -0.089737 0.108707 0.100514 0.231753 -0.058897 -0.069744 0.151426 0.078789 -0.070274 0.083231 -0.097891 0.118479 0.192127 0.363165 0.013974 -0.215675 0.073267 -0.089504 -0.049063 0.095806 0.156561 0.019270 -0.117409 
-0.128449 0.050316 -0.132109 0.141884 0.102809 -0.152688 -0.312852 0.084919 0.167589 -0.240847 -0.155144 0.124872 0.090663 0.069761 -0.070229 0.234443 0.065012 0.105886 0.092541 0.031416 0.165893 0.009417 -0.090508 0.144599 0.009504 0.276703 -0.077888 0.115451 -0.046354 0.087569 -0.060989 -0.141428 -0.049168 -0.064701 0.111150 -0.093880 -0.133295 -0.165200 -0.072011 -0.113241 0.179692 -0.078055 -0.139889 -0.041632 -0.190192 -0.129964 0.165010 0.293438 -0.270647 -0.064938 
-0.151837 0.021532 0.278125 0.117431 0.224883 0.073686 0.139501 0.016543 0.032156 0.119630 -0.273485 -0.049957 0.076253 0.020356 -0.172665 0.336686 -0.125175 -0.102393 -0.195875 0.237274 0.022713 0.074544 0.280099 -0.004926 -0.041680 -0.163996 -0.123666 -0.033004 0.013905 -0.148351 0.104683 0.053289 -0.040870 -0.164984 0.126058 0.189195 -0.062548 -0.037562 -0.004317 0.151237 -0.139669 -0.007466 0.178567 -0.164731 0.062333 -0.004854 0.046636 0.293806 0.034259 0.015088 
-0.120937 0.164865 -0.030147 -0.088231 0.011951 -0.059713 0.058459 -0.353653 -0.146423 0.120314 -0.015156 0.039933 -0.109295 -0.041022 0.037483 0.037648 0.236328 0.047527 0.238408 0.194028 0.203239 -0.168996 0.038687 0.178753 -0.035404 0.170252 -0.006602 -0.083690 0.263988 0.181928 -0.118197 -0.044969 0.183484 -0.023393 -0.194683 -0.015025 -0.032346 -0.004417 -0.101551 0.393355 0.006883 0.161374 -0.066055 -0.151459 -0.014185 0.041728 0.013419 0.108460 0.192631 0.091130 
-0.152044 0.033928 -0.202116 -0.043602 -0.045608 -0.063996 0.037680 0.089950 -0.046470 -0.075122 -0.156111 0.040045 0.203819 -0.066272 0.081749 0.062384 -0.164039 -0.330474 0.181341 -0.134636 0.045176 -0.104945 -0.223803 -0.028816 0.045646 -0.206745 0.172507 -0.052200 0.145153 -0.051101 0.306307 -0.106367 -0.099638 0.233890 0.082043 0.038957 -0.142129 0.096259 -0.001564 0.106402 0.007185 0.218940 -0.017346 -0.375368 0.021836 -0.200966 -0.044368 -0.101787 -0.100443 0.060255 
-0.154420 0.143466 -0.038062 -0.069605 -0.185011 -0.062649 0.019649 -0.027025 0.021567 0.150778 0.183413 -0.053215 0.047111 0.227652 0.228024 0.162583 0.068042 -0.086696 0.213710 0.264674 -0.082772 0.196343 0.062310 -0.071783 -0.144450 0.199481 -0.020686 0.267470 0.039920 -0.043819 0.139145 0.133538 -0.328814 -0.233111 0.184749 0.065030 0.081986 0.076562 -0.035605 -0.141835 0.052133 -0.034572 -0.138764 -0.017136 0.098287 -0.063834 -0.002325 -0.165517 0.096015 0.231552 
-0.165795 0.079321 0.042409 0.199651 0.118396 -0.133511 0.040481 0.074435 -0.247724 -0.159217 -0.146274 0.169354 0.025956 -0.108152 0.171385 -0.199873 -0.019682 -0.034374 0.065307 0.004124 -0.149575 0.282876 0.107504 -0.188128 0.078560 -0.051007 0.172884 0.080012 -0.140663 0.142323 -0.334974 -0.123904 0.028993 -0.201237 -0.145758 0.073439 0.001272 -0.042925 0.102733 0.098566 0.026552 -0.207713 0.042141 -0.134294 -0.063395 -0.297367 -0.182014 -0.058488 0.105974 0.072244 
-0.131953 -0.004913 0.152156 0.091569 0.125400 -0.063657 0.050788 -0.248519 0.026284 -0.205493 0.131272 -0.119316 -0.036411 -0.023789 0.231366 -0.148878 0.175927 -0.119929 -0.162581 0.273460 0.080540 -0.024296 -0.244360 0.091513 -0.159911 -0.204951 0.047135 0.067832 -0.197901 -0.199623 -0.019088 0.042447 0.014288 0.207388 0.272050 -0.113641 0.188915 -0.038523 -0.217458 0.089005 -0.069263 -0.061779 -0.022214 0.017722 -0.268464 -0.025918 -0.159453 0.039903 -0.066944 -0.038203 
-0.142580 0.011803 0.038364 -0.095900 -0.114985 -0.092177 -0.136716 -0.041083 0.186583 -0.176583 0.220443 0.099771 -0.282360 0.052485 0.146506 0.193411 0.056098 -0.295632 0.033386 -0.040753 -0.242643 -0.230593 0.272458 -0.112203 0.280491 -0.133447 0.017713 -0.133381 0.106636 -0.080334 -0.076367 -0.108456 0.302261 -0.118086 0.173577 0.090682 -0.020416 0.165075 -0.041654 -0.036314 0.135731 -0.065546 -0.023695 0.080180 0.028725 -0.015788 -0.018427 0.069481 -0.038063 -0.083008 
-0.121363 -0.102120 0.112351 -0.155116 -0.169016 -0.359321 -0.112109 0.041142 0.113082 0.060601 -0.152273 -0.092856 -0.134225 0.035509 -0.039177 0.046864 0.101566 0.309773 -0.250285 0.055901 -0.055495 0.023334 -0.150462 0.073165 -0.084209 -0.181449 0.140177 -0.133864 0.077601 0.043464 0.206563 -0.034079 0.071021 -0.149347 -0.173302 -0.029198 -0.200167 0.046022 -0.171336 -0.050683 0.007613 0.002375 0.157651 0.161876 -0.025301 -0.276300 -0.084577 -0.098794 -0.013130 0.290561 
-0.125840 0.053041 0.075413 0.196127 -0.121378 0.298710 -0.055763 0.160344 0.183595 -0.101057 0.048641 0.105285 0.034171 -0.230294 0.084650 -0.197648 0.028305 0.137694 0.171197 0.251350 0.025881 -0.207673 0.001406 0.147233 0.272537 -0.135800 0.112936 0.156221 0.048641 0.007031 0.016658 0.117973 -0.283971 -0.111273 -0.138948 -0.085660 -0.065697 0.075335 -0.134474 -0.035208 0.065322 0.154312 0.293690 0.104291 0.144098 0.008121 -0.064908 0.130054 0.020899 -0.076285 
-0.155560 -0.237386 -0.007518 -0.069205 0.093393 -0.029275 0.217323 0.174620 0.046914 0.039810 0.044173 -0.078266 -0.253172 -0.260329 -0.213731 -0.078864 0.180144 -0.124414 0.014875 0.219966 0.124546 -0.276919 -0.051842 -0.180846 -0.125615 0.140940 0.100486 -0.116496 0.151168 -0.076267 -0.026348 -0.015864 -0.195765 -0.128041 -0.079524 0.107814 0.045234 -0.121137 0.299080 -0.150484 -0.058452 -0.055223 -0.208402 -0.002971 -0.090482 -0.164057 -0.032286 -0.041854 -0.119302 -0.122899 
-0.131450 -0.092352 0.019699 -0.106238 0.131612 0.263798 -0.133003 -0.215859 -0.008022 0.190743 -0.103512 -0.093461 -0.024947 -0.042017 0.139091 0.168554 -0.101645 0.035063 0.006544 0.108153 0.004548 0.096146 -0.180148 -0.342028 0.129301 0.205952 -0.185072 -0.107811 -0.055304 -0.055983 -0.025328 0.021720 0.126076 0.106874 -0.067536 -0.239042 0.002622 -0.071170 0.048407 -0.083135 0.216819 0.107093 0.097885 0.034499 0.214084 -0.171243 -0.375563 0.020770 -0.143939 -0.031807 
-0.171464 -0.099947 0.046258 -0.102422 -0.041460 0.303292 -0.042240 0.012304 0.123457 -0.063426 -0.021375 -0.054223 0.347741 0.070886 -0.011720 -0.248526 0.230633 -0.182078 0.089272 -0.056416 0.024429 0.183108 -0.028952 -0.160318 -0.059765 0.015252 0.035111 -0.189067 0.064743 -0.026648 0.077543 -0.140321 0.123133 -0.241633 0.019655 -0.114822 -0.095678 0.065580 0.170065 0.120860 -0.040940 0.011965 0.046979 0.200062 -0.227724 0.210242 0.107965 0.118928 -0.102560 0.302895 
-0.137273 -0.197016 -0.263101 0.234118 0.010693 0.193983 0.188864 -0.047542 -0.183460 0.085709 -0.023573 0.200442 -0.105709 0.084378 0.067300 -0.022542 0.203890 -0.013406 -0.087264 -0.233576 -0.066107 0.109348 -0.072888 0.014707 -0.141899 0.134404 0.044403 0.013001 0.182580 -0.130194 0.217470 -0.007529 0.030872 -0.061968 0.027529 0.261131 0.032238 -0.086755 -0.312508 0.098532 0.181936 -0.102488 0.183695 0.194853 0.053530 -0.097021 0.061506 0.028547 -0.038758 -0.224588 
