-0.145028 -0.192548 0.128009 -0.141254 -0.195113 -0.019281 -0.017267 -0.320695 -0.024129 0.121474 0.314152 0.277839 -0.013629 0.114584 -0.091689 0.142260 0.074247 -0.030641 -0.242681 -0.139790 0.079813 0.033523 0.104907 0.044297 0.086929 -0.101357 -0.040522 -0.188227 0.041138 -0.074679 0.025138 0.067114 0.030286 0.066590 0.093785 0.045575 -0.209959 -0.059058 -0.096825 -0.034830 -0.251864 0.086052 0.065209 0.070188 -0.271207 0.204816 0.095602 0.239895 -0.131972 0.064180 
-0.139119 0.189899 0.122046 0.057089 0.141116 -0.143529 -0.074754 -0.047684 -0.119890 0.047263 -0.285722 0.002255 -0.195108 0.142874 0.030452 0.063118 0.180914 0.124547 0.070175 -0.157699 -0.023930 -0.024181 0.092662 0.192644 -0.403623 -0.139993 -0.165980 0.006678 -0.088743 -0.130065 -0.083208 -0.233100 -0.122889 0.025406 -0.049029 0.230347 0.045550 -0.054838 -0.044539 -0.126187 0.124793 0.114327 -0.050305 0.010291 0.100502 0.169098 -0.114168 0.271277 -0.104786 0.183265 
-0.130847 -0.094070 0.087690 0.280011 0.189321 0.064003 -0.131849 0.141483 -0.075389 -0.019618 0.001733 -0.146467 -0.141027 -0.110997 0.014051 0.174870 -0.037011 0.062862 -0.028453 -0.101549 -0.130446 0.343096 -0.046672 -0.195732 0.007050 -0.105952 0.128278 -0.123654 -0.064503 0.279756 -0.313948 0.045392 -0.020128 -0.252162 0.011876 0.073515 0.037017 -0.025987 0.032413 0.038013 -0.188717 -0.027793 0.248935 0.040786 -0.120720 0.102117 0.095349 0.090896 0.274828 0.101836 
-0.148182 0.061301 0.070243 -0.061620 -0.182250 -0.293381 0.035450 -0.035608 0.203852 0.011166 -0.346881 0.189784 0.108869 0.012066 0.320999 0.163435 -0.023755 -0.213676 0.120947 -0.024622 -0.076945 -0.029181 -0.100627 -0.123026 -0.043259 -0.084945 -0.061938 0.140790 0.090818 0.096641 -0.036648 -0.042263 -0.085309 -0.116820 0.053899 -0.166314 -0.118759 -0.141696 0.262832 -0.053365 -0.080025 -0.068423 0.116052 -0.050006 -0.334416 -0.092447 -0.111629 -0.153175 -0.093386 0.085652 
-0.175441 -0.098422 0.008796 0.107892 -0.134935 -0.182073 0.080532 -0.229424 0.157961 -0.048325 0.014954 -0.121329 -0.036951 0.093837 0.094273 -0.127962 0.018342 0.367891 0.124497 0.123656 -0.048205 -0.092720 -0.174895 0.057027 0.124728 -0.107984 -0.036282 0.054138 0.143532 -0.056805 0.115909 -0.080467 -0.022049 -0.229556 0.246815 0.254842 0.038101 0.269096 -0.232013 0.105087 -0.091610 -0.035302 0.077802 -0.015310 -0.028542 -0.281669 -0.106283 0.125533 0.166854 -0.066954 
-0.150590 -0.166725 -0.044815 0.019258 0.310470 0.061116 0.062848 0.071726 -0.150922 -0.053516 -0.138279 0.137395 0.106984 0.065566 0.006859 -0.267258 -0.059322 0.083999 0.034826 0.207026 0.052213 0.066155 -0.202064 0.100699 -0.080639 0.066477 0.081351 -0.334115 -0.192549 -0.135704 -0.043105 -0.098886 -0.056867 0.057677 0.157633 -0.235146 -0.079646 0.189813 0.144483 -0.249124 -0.110762 0.152384 -0.185351 0.007503 -0.265955 -0.138549 0.069987 0.029122 -0.006786 0.020288 
-0.147615 -0.029466 0.256144 -0.005214 -0.166041 -0.021898 -0.072489 -0.114734 -0.066500 0.098417 -0.159446 -0.050848 -0.028179 -0.387572 -0.350398 -0.037715 -0.044889 0.044277 -0.070525 0.032115 -0.169566 -0.092814 -0.046963 0.027266 -0.027017 0.090260 -0.190372 0.137620 -0.292330 0.285748 0.149825 0.141327 0.026945 -0.049024 0.119681 -0.047159 -0.174285 0.097928 -0.047936 -0.172951 0.091317 0.286825 0.021235 0.087488 0.046648 0.015037 -0.076530 -0.154297 0.020679 -0.031147 
-0.138246 -0.112182 0.122802 0.005468 -0.174400 -0.129237 -0.029410 0.085383 0.100972 0.119340 -0.083067 0.111825 0.032079 -0.126485 0.150703 0.112928 -0.145260 0.119122 -0.141607 -0.072558 -0.181836 0.273911 -0.235496 -0.088905 0.097618 0.244058 0.067529 -0.055392 -0.018054 -0.305088 -0.180829 0.004402 -0.022538 0.191618 -0.070130 -0.039685 -0.080892 0.054774 -0.119579 -0.033100 0.241331 -0.026989 0.091560 -0.110025 0.328447 -0.140059 0.206929 0.136867 -0.170363 0.022233 
-0.157071 -0.048059 0.067480 0.043219 -0.094904 -0.160369 0.160635 -0.128717 -0.109765 -0.100834 0.149572 -0.155196 -0.188787 -0.203036 -0.194530 -0.000274 0.268377 0.066998 -0.028160 -0.073344 0.048867 -0.035865 -0.154744 -0.149541 0.120531 -0.101409 0.183620 0.012177 0.138279 -0.002679 -0.071235 -0.296408 -0.003528 0.148864 -0.030352 -0.224112 0.096453 -0.242465 0.045943 0.078737 0.172156 0.039503 -0.330211 -0.157068 -0.099757 -0.058092 0.008281 -0.093352 0.116865 0.228732 
-0.138484 -0.138751 -0.156081 0.083506 -0.113845 0.142780 -0.136537 0.227020 -0.294184 -0.027251 -0.136902 -0.086066 -0.029462 -0.069988 0.097687 0.004773 0.041611 -0.116194 -0.177950 0.097608 0.024709 0.036143 0.049205 -0.153844 -0.055181 -0.351884 -0.129892 -0.004252 0.176001 -0.055017 -0.043890 0.165571 0.128992 0.077714 0.167172 0.066190 0.071473 -0.002667 -0.224369 0.075459 -0.153562 0.146510 -0.092141 -0.097254 0.053221 -0.207179 -0.142006 -0.143476 -0.367358 0.076143 
-0.133960 -0.001251 -0.056580 -0.372545 0.166305 -0.010658 -0.001987 0.160110 0.048152 0.004643 0.033506 -0.174428 -0.065980 -0.259535 0.057132 0.025826 0.165773 0.106159 0.155452 -0.265338 -0.120500 0.100309 -0.128769 -0.012998 0.015849 -0.016468 -0.239327 -0.233760 0.057998 -0.260683 0.231902 0.052686 0.158684 0.094267 -0.205768 0.110964 0.041213 0.020367 -0.050746 -0.033693 -0.024928 -0.055764 0.146365 0.083971 -0.242104 0.060005 -0.076054 -0.217196 0.069842 -0.123905 
-0.118522 0.128905 0.002424 0.005604 0.244003 0.169390 -0.030463 -0.294865 -0.034772 0.173888 -0.082854 -0.020748 0.161064 0.068375 0.041127 0.025554 0.286964 -0.139090 0.008870 0.069601 0.050295 0.259580 -0.080575 -0.041695 0.111233 0.381023 -0.020199 -0.073962 0.244296 0.092351 0.070717 0.056512 0.129795 -0.007947 0.230152 -0.046182 0.047781 0.066823 0.028678 0.150306 0.126008 0.071891 0.086606 -0.089384 0.101398 0.122983 -0.328481 0.009112 -0.034588 0.153631 
-0.141328 0.064331 0.067658 0.012456 -0.153603 0.286800 0.107833 0.091821 -0.056220 0.208577 0.144797 -0.002850 0.347492 -0.169047 0.228301 -0.123346 0.064906 0.146594 0.079917 0.134295 -0.092113 0.009576 0.278048 -0.099635 0.019037 -0.035191 -0.083742 -0.051462 0.030559 0.025408 -0.073833 -0.240356 -0.089702 -0.124436 -0.240772 0.060034 -0.220970 0.000517 0.056837 0.138832 0.106166 0.046607 -0.126763 0.337018 -0.022196 -0.088890 -0.040025 0.051903 0.009512 0.163189 
-0.140217 0.100470 -0.105967 -0.170186 -0.105620 -0.187770 -0.020117 -0.124864 -0.229310 -0.331925 0.182605 0.105703 -0.191811 -0.009781 -0.011480 -0.019588 0.186082 -0.133409 0.084280 0.259950 -0.186151 0.186162 0.140262 0.060980 0.099446 0.050083 -0.195133 -0.000070 -0.166276 -0.154905 -0.203444 0.116410 -0.034112 -0.099078 -0.018862 -0.079872 -0.003943 -0.005176 0.217319 -0.030083 -0.161819 -0.133691 0.009725 0.134283 0.280280 -0.116706 -0.131142 0.008419 0.084297 -0.038445 
-0.132478 0.078471 -0.017810 -0.069952 0.006282 0.340321 -0.088062 -0.207608 0.067235 0.236939 -0.124691 0.015635 -0.012710 -0.029465 -0.230005 0.113959 -0.049207 0.007507 -0.115947 0.063078 -0.387131 0.086067 0.017305 0.145384 -0.082827 -0.199713 0.095464 0.075073 -0.007522 -0.031229 0.070126 -0.059319 -0.154275 0.188633 0.032742 0.002235 0.234380 0.083445 0.218777 0.147318 -0.080380 -0.357377 -0.101982 -0.059309 -0.093566 -0.143020 0.060841 0.019532 -0.027349 -0.131744 
-0.147621 -0.274732 0.297044 -0.047725 -0.054782 0.118133 0.090510 -0.074953 0.055779 -0.272200 -0.151152 -0.343288 0.071425 0.136353 -0.120880 -0.065703 -0.182108 -0.278970 -0.017120 0.034301 0.185153 0.148276 0.042810 -0.053728 0.082825 -0.214634 0.019644 0.043646 0.049472 -0.191196 0.123419 0.009893 0.010504 -0.090474 -0.094437 -0.053495 0.082813 0.091327 0.138519 -0.088970 0.266630 -0.075252 0.101771 0.203039 0.016698 0.109638 -0.071009 0.164903 -0.051825 -0.000616 
-0.139166 0.104487 -0.062826 -0.293662 -0.187375 0.021410 -0.114150 0.077970 0.065933 0.022023 0.015003 -0.371448 -0.037936 0.205521 0.197637 0.053349 -0.172784 0.010685 -0.185993 0.027404 -0.149748 -0.184712 0.021400 0.062168 -0.140124 0.028429 -0.116420 -0.267661 0.027086 0.065911 -0.046061 -0.019024 -0.046967 -0.093961 0.197197 -0.366454 -0.032318 0.042799 -0.081609 0.127036 0.017735 0.044260 -0.112432 -0.097108 0.109323 0.234089 0.080103 0.004320 0.217132 0.047961 
-0.131466 -0.042637 -0.080515 0.096850 0.080062 -0.158064 0.175218 0.005460 -0.046499 -0.062656 0.069783 0.031954 -0.004942 -0.129225 0.169435 0.153693 -0.016685 -0.028799 -0.125221 0.044232 0.173849 0.207501 0.277951 0.106335 -0.221942 -0.046494 0.043565 -0.116624 -0.019917 0.121842 0.205104 0.255890 -0.243980 0.178243 0.186124 0.100573 -0.188540 -0.048061 -0.077799 0.030981 0.368110 -0.180355 -0.080875 -0.044561 -0.079246 -0.122359 -0.023446 -0.053914 0.222865 -0.140434 
-0.138306 -0.115239 -0.259215 0.025010 -0.008049 -0.193622 0.151142 -0.032997 -0.032375 0.169432 -0.170487 0.018285 -0.034945 0.172647 -0.135505 0.175490 0.019856 -0.163444 0.291104 0.050549 -0.080843 0.064936 -0.004565 -0.291592 0.058241 0.090636 -0.055634 -0.051299 -0.096635 0.097792 0.074973 0.032887 0.044967 -0.105012 -0.025344 0.102686 0.074338 0.126830 -0.184541 0.088186 0.032314 -0.072177 -0.391401 0.237051 0.003842 0.198868 0.292984 -0.013851 -0.107259 -0.073361 
-0.156447 -0.225274 -0.144246 -0.209201 -0.035380 -0.129543 -0.047791 0.028498 0.289092 0.061325 -0.001662 0.053247 0.041468 0.039816 0.060794 -0.076928 -0.058075 -0.059131 -0.135502 -0.065953 0.142600 0.095243 0.015780 0.183065 -0.096577 0.032098 0.083989 0.096714 -0.253711 0.156205 -0.185362 0.030621 0.256149 0.164258 -0.098560 0.158930 0.295317 -0.009067 0.123008 0.277783 0.001426 0.283606 -0.099026 0.151443 -0.010602 -0.142542 -0.148894 0.026349 0.147422 0.083942 
-0.142141 0.025195 -0.031255 -0.192276 -0.097846 -0.027362 0.154977 0.226066 -0.047760 0.163924 0.149810 -0.043916 0.201660 -0.005080 -0.000500 0.221366 0.087286 0.198636 0.093606 0.052655 0.082418 0.048882 0.063463 0.239692 0.182605 -0.075059 0.276753 0.128284 -0.063663 -0.000373 -0.096328 0.093633 -0.146057 -0.165245 0.181815 0.030920 0.322716 0.041394 0.008169 -0.375512 0.041613 0.003831 0.028696 -0.047786 0.028807 0.196896 -0.067173 -0.152396 -0.147909 0.074156 
-0.133277 0.009311 0.023580 0.003543 0.219028 0.104676 0.099568 0.013000 -0.035477 -0.161063 0.017079 0.083316 -0.022062 0.045738 0.224186 0.226217 -0.012234 0.047455 -0.321864 0.133416 0.007147 -0.141627 -0.258865 -0.059473 0.200916 -0.108398 0.039523 0.179004 -0.349770 -0.044994 0.139420 -0.103691 0.018388 -0.033270 -0.151984 0.176527 -0.229011 0.120098 0.037905 0.164504 -0.037222 -0.073730 -0.127472 -0.138099 0.073908 0.279191 -0.155851 -0.133673 -0.011219 0.021996 
-0.167772 0.119370 -0.302283 0.217734 -0.191059 0.046016 0.125385 0.050538 0.079592 0.060025 -0.154423 0.004719 0.137267 -0.158731 -0.043613 -0.013392 0.068972 -0.208464 -0.249196 -0.105295 0.180540 0.088530 0.015325 -0.022527 -0.018783 0.070340 -0.026182 0.029379 -0.007067 -0.176792 0.277089 -0.244623 -0.054669 -0.038656 -0.020893 -0.010163 0.091524 -0.061067 -0.020169 -0.233183 -0.339261 0.057170 0.061967 0.004040 0.192595 0.034301 0.051105 0.073245 0.320585 -0.038678 
-0.143764 -0.003764 -0.101295 -0.034616 0.065350 0.008409 0.286454 -0.012005 0.014772 0.001536 -0.220464 0.031417 0.061799 -0.168438 -0.101462 -0.173819 -0.020933 0.150189 -0.053101 0.294634 0.069046 -0.123532 -0.018692 0.038344 -0.046771 0.043283 -0.084449 0.135416 0.004443 -0.012191 -0.276109 0.165911 0.066709 0.106873 -0.111235 -0.188007 0.050684 -0.259888 -0.335424 0.108556 -0.049543 -0.251546 0.191749 0.017264 -0.141165 0.245960 -0.072955 0.204300 0.001156 -0.050972 
-0.141948 0.467561 -0.036872 -0.015190 0.030113 -0.030588 0.059138 0.013444 0.192143 -0.119276 0.153953 0.018015 -0.025427 -0.140587 -0.013354 -0.109945 -0.156287 -0.208851 -0.061271 -0.040822 -0.045237 -0.004242 -0.200429 -0.035289 0.087732 -0.145895 0.147790 -0.269231 0.063283 0.243171 -0.129304 -0.085198 0.032540 0.003134 0.030475 0.130237 0.002345 -0.023868 -0.083680 -0.142985 0.076964 0.052312 -0.111934 0.116072 0.015078 -0.007239 -0.181948 0.204012 -0.240693 -0.322993 
-0.153515 -0.005631 0.327549 0.192751 -0.108877 -0.055141 -0.160401 0.045569 0.145378 0.053904 -0.039862 0.109183 -0.064611 0.000569 0.084024 -0.211573 0.024459 0.013722 0.115090 0.211981 0.083227 -0.029126 0.175656 -0.089980 0.058856 -0.020975 -0.008395 -0.103323 0.157348 -0.079898 -0.153508 -0.024704 -0.003631 0.328665 0.049964 0.171443 0.087972 0.098055 0.112368 -0.008661 -0.110379 0.026036 -0.072073 -0.072635 0.069659 0.375794 0.030333 -0.314917 0.152710 -0.239275 
-0.145251 0.094283 0.231695 -0.170228 -0.066054 0.144278 -0.108620 0.004349 -0.134730 -0.084929 -0.014009 0.040355 -0.113082 0.003180 0.160907 -0.111905 0.055699 0.142547 0.010355 -0.161951 0.347352 0.197512 -0.046807 0.016268 -0.177094 0.150560 0.078827 0.207729 -0.104783 0.133835 0.069720 -0.211842 0.190815 -0.115602 0.200931 -0.106680 0.000155 -0.086351 -0.097552 0.080670 -0.116029 -0.280569 -0.059482 0.169719 0.046639 -0.062315 0.204770 -0.111710 -0.156421 -0.208766 
-0.142857 0.248765 0.152722 0.162760 0.002030 -0.276258 -0.203351 0.264374 0.027046 0.084963 0.036968 -0.028860 0.017863 0.201670 -0.234885 -0.120524 0.070686 -0.035431 -0.135945 0.049263 0.080485 -0.019008 -0.065427 0.082525 0.093926 0.065397 0.126903 -0.129416 -0.095878 -0.062325 0.215803 0.124547 -0.265400 0.014891 -0.137123 -0.102543 0.032362 0.004760 -0.121732 0.278859 -0.080936 -0.121498 0.123941 0.243027 -0.066901 -0.094753 -0.059357 -0.137264 -0.118471 0.232529 
-0.122649 0.005774 -0.110054 -0.089452 -0.014901 -0.123596 -0.344420 0.039645 -0.228532 -0.018259 -0.081596 0.093007 0.053046 -0.056122 0.003707 -0.002927 0.111034 0.128788 -0.280259 0.077922 0.128841 -0.272708 0.132124 -0.262406 0.119447 0.159419 -0.044840 -0.044700 0.036750 0.052011 0.037759 -0.028243 -0.000099 -0.167327 -0.105772 0.081908 0.259855 0.082220 0.218517 -0.034649 0.271654 -0.033807 0.093977 -0.110561 -0.190274 -0.043632 0.107231 0.228986 -0.003717 -0.217478 
-0.138813 0.019840 -0.253568 -0.105713 -0.210656 -0.006403 0.042059 -0.014913 -0.296204 0.058921 -0.098088 -0.072472 -0.228127 0.219987 -0.048356 -0.149247 -0.178462 -0.031676 0.022027 0.091696 -0.072715 0.080452 0.044812 0.141380 0.049881 0.094794 0.263078 0.011112 0.128103 0.211691 0.035411 -0.208238 0.164436 0.169121 -0.210213 0.189907 -0.262783 0.084484 0.000825 -0.136266 0.078575 -0.046388 0.280157 -0.072174 -0.085791 0.020864 -0.008142 -0.148927 0.017200 0.110269 
-0.148408 -0.101308 -0.019136 0.153252 -0.073400 0.212064 -0.047406 -0.138926 0.085152 -0.210518 0.216306 0.018494 -0.031747 -0.040617 0.209074 0.009674 -0.011389 -0.096961 0.081031 0.186982 -0.090446 -0.224914 -0.221189 0.017486 -0.189951 0.171571 -0.098440 -0.138647 -0.068792 0.136933 0.165268 0.055497 -0.037232 0.096477 -0.001523 0.186564 0.303084 -0.223753 -0.014012 -0.174281 0.066153 -0.091963 0.134397 0.094258 0.014791 0.005188 0.214523 -0.080619 -0.107278 0.312048 
-0.150405 -0.232212 -0.094443 0.176794 0.090674 0.117755 -0.112212 -0.027195 0.124721 0.235702 -0.001042 0.289581 -0.372899 -0.085660 0.044266 -0.015705 -0.076204 -0.078009 0.032164 -0.030662 0.057601 -0.105681 0.051385 0.296565 0.107775 -0.082264 -0.001574 -0.141894 0.100903 -0.075504 0.016487 -0.047250 0.065268 -0.412247 -0.145358 -0.228293 0.008549 -0.104679 -0.062124 -0.000281 0.201606 -0.043732 -0.020225 0.022139 0.122630 0.001505 -0.124161 -0.156303 -0.015836 -0.086639 
-0.128121 0.085135 -0.122344 0.118246 -0.204811 0.091745 -0.027068 -0.115604 0.113416 -0.187086 0.008992 0.053867 0.215725 0.030603 -0.222376 0.080557 0.172069 0.111618 0.070481 -0.080961 0.027379 -0.107668 -0.030903 -0.112380 -0.448784 -0.028534 0.330508 -0.148647 -0.051748 -0.203918 -0.125407 0.208792 0.240044 -0.196638 -0.102412 -0.003471 -0.163868 0.133523 0.067666 0.069072 0.073522 -0.024903 0.046906 -0.094809 0.033475 0.039638 -0.038911 -0.166966 -0.021247 -0.038053 
-0.146526 0.110989 0.048309 -0.099521 -0.022502 0.096673 0.344458 0.106839 -0.141526 0.262873 0.132686 0.112895 -0.121234 0.112533 -0.033340 -0.161941 0.052516 -0.098063 0.153271 0.010891 0.123301 -0.028659 -0.221373 -0.127158 -0.088315 -0.224644 -0.104429 0.014025 -0.085553 0.004680 0.065702 0.117029 -0.114909 -0.046806 0.054286 0.007519 0.035502 -0.046449 0.227563 0.259894 0.098141 0.239228 0.303378 -0.189680 0.139614 -0.031925 0.226931 0.059835 0.038915 -0.121829 
-0.136575 0.126832 -0.092026 0.208347 0.002779 -0.137971 -0.252445 -0.059881 0.004675 0.041950 0.059415 -0.253334 0.190488 -0.124999 0.017829 0.061692 -0.136696 0.080027 0.276462 0.135282 0.132171 0.129703 0.025885 0.289478 0.162175 -0.108190 -0.102689 -0.000736 -0.117215 -0.017659 0.158842 0.059522 0.276439 0.016883 -0.067219 -0.028319 -0.139073 -0.209089 0.188502 0.100966 -0.054650 0.018540 -0.081109 -0.275338 -0.021716 0.054965 0.192890 0.185374 -0.141226 -0.002231 
-0.147640 -0.012995 -0.175925 -0.233098 0.115248 0.087346 -0.160379 -0.173196 0.095671 -0.100368 -0.086793 -0.055166 -0.033576 -0.239704 -0.014130 -0.323372 -0.128698 -0.112991 0.115892 -0.235893 0.123013 -0.056337 0.113079 -0.058954 0.109644 0.083461 0.123220 0.088000 -0.022569 -0.090739 -0.132292 0.118015 -0.440497 -0.122381 0.058334 0.210276 -0.134339 0.011514 -0.038298 0.102129 -0.077691 -0.001418 -0.072786 -0.186957 0.026085 0.065850 0.119606 -0.048654 -0.089529 0.212594 
-0.134056 0.262649 0.061795 0.033390 0.197246 0.019564 0.167490 -0.232792 0.025732 0.016377 -0.033737 -0.070912 -0.236659 -0.116308 0.157235 0.267802 -0.187876 0.072567 0.071252 0.010635 0.143365 -0.191639 0.341478 -0.151109 0.068825 0.019032 0.150652 -0.004072 -0.047961 -0.090441 0.021064 0.069330 0.123336 0.162188 -0.083540 -0.221498 0.128354 0.261311 -0.032935 -0.017360 -0.134185 0.177807 0.144596 0.106022 0.014208 -0.186453 0.097645 -0.020890 -0.069184 0.110879 
-0.136118 0.089023 0.210653 0.054323 0.030148 -0.077280 0.243774 0.201065 -0.125924 0.067357 0.105203 0.103787 0.017162 -0.060179 -0.101292 -0.082724 -0.261481 -0.107466 -0.081534 -0.204121 0.007792 -0.134558 0.016727 0.079989 -0.060421 0.154990 -0.202168 0.014955 0.184512 -0.004604 -0.061117 0.154929 0.283966 -0.119490 0.028076 0.150168 0.051709 0.207395 0.153659 -0.040369 -0.075913 -0.319022 -0.231996 -0.160076 -0.010403 -0.049368 -0.025439 0.070445 0.086337 0.284270 
-0.142805 -0.011435 -0.167616 0.030533 0.098508 -0.060435 -0.281128 -0.108623 -0.063392 0.246550 0.341579 -0.029122 0.010277 0.095147 0.016355 -0.034877 -0.255134 0.094567 0.079901 -0.011936 0.123480 0.046590 -0.228374 -0.288173 -0.220845 -0.075198 -0.074467 0.336261 0.091013 -0.052312 -0.005143 0.103343 -0.106019 0.130475 -0.106919 -0.164049 -0.046461 0.037086 0.021032 -0.234916 0.007384 -0.056824 -0.071566 0.127526 0.027598 0.046296 -0.244944 0.023037 0.106362 -0.012441 
-0.124880 -0.225442 -0.056421 0.062580 -0.141163 0.129583 0.047465 0.266111 0.081770 -0.101913 -0.034288 0.058857 -0.144913 0.042397 -0.020172 0.000626 0.023208 0.202291 0.258303 -0.213335 -0.061663 -0.121413 0.141419 -0.170164 0.074251 0.138387 0.102088 -0.104126 -0.121051 0.168597 0.234983 0.032479 -0.065297 0.199342 0.090193 -0.125519 -0.049394 -0.056196 0.173160 0.048997 -0.130549 -0.104990 -0.000300 -0.078029 0.133711 0.052779 -0.364319 0.309827 -0.123426 -0.025696 
-0.141178 -0.132488 -0.003551 -0.063099 0.343043 -0.197651 0.044591 -0.052200 0.150259 0.066294 0.124092 -0.033112 0.240750 0.157647 -0.184125 -0.103279 -0.065550 0.018974 -0.091420 -0.035499 -0.128682 -0.066499 0.282949 -0.227784 -0.014169 -0.110268 -0.099261 -0.087117 -0.150211 0.057048 -0.018464 -0.298123 0.142104 -0.016952 0.151159 0.020206 -0.039755 -0.216336 -0.047455 -0.099764 0.010003 -0.148643 0.210419 -0.136305 0.224050 -0.127294 0.010831 -0.216011 -0.107626 0.006009 
-0.143132 0.025765 0.100082 0.000772 0.017800 -0.016347 -0.002160 -0.101483 -0.217474 -0.314248 0.011560 0.311203 0.292671 0.100508 0.038086 -0.058007 -0.189669 0.066898 0.104669 -0.198373 -0.199665 0.163504 0.067911 0.068630 0.003955 -0.071001 -0.019647 0.034632 0.100471 0.167651 0.171213 -0.001582 -0.092849 -0.021753 -0.286074 -0.180780 0.267354 0.038615 -0.261596 0.096671 -0.019746 0.192025 -0.031922 -0.201688 0.031049 0.067674 -0.000534 -0.059367 0.081349 -0.067059 
-0.139263 0.062525 -0.237595 0.330924 -0.027169 0.101503 0.045325 -0.020920 -0.104323 -0.143950 0.016724 -0.036143 0.101725 0.142804 -0.010575 0.009550 -0.015533 0.046151 -0.025241 -0.411559 -0.051659 -0.138687 -0.028606 0.167135 0.236469 0.034129 -0.243835 0.129951 -0.053157 -0.084451 -0.258899 -0.025938 -0.020124 0.184856 0.245218 -0.068757 -0.024437 0.048686 0.106318 0.089587 0.201599 0.020018 0.120524 0.249745 -0.123067 0.053277 0.068077 -0.155649 -0.028703 -0.107680 
-0.128818 0.042356 -0.021578 0.137872 -0.014815 0.115381 0.093235 0.150179 0.349092 -0.070618 0.222139 -0.125290 -0.209540 0.159235 -0.021519 -0.105917 0.193071 -0.047162 -0.110059 0.076518 -0.102338 0.223087 0.185247 -0.025006 -0.087740 0.205288 -0.192256 0.267879 -0.055509 0.013223 -0.021970 -0.020221 -0.048549 -0.092055 -0.147835 -0.090378 -0.016148 0.165989 -0.082801 -0.108255 0.038307 0.123256 -0.049931 -0.290974 -0.294858 -0.031128 0.061663 0.012323 -0.202670 -0.071803 
-0.147296 -0.013419 0.166371 0.037702 0.073944 0.022719 -0.000564 0.074653 -0.195878 0.055969 0.070958 -0.108374 -0.005762 0.083738 0.048774 0.054390 -0.145511 -0.194736 0.062131 0.025049 -0.279012 -0.152328 0.075696 -0.005582 -0.044628 0.287710 0.290122 0.170120 -0.021932 -0.339173 0.043102 0.031765 0.051931 -0.101431 0.131251 0.155387 -0.007674 -0.390435 -0.083755 0.064779 -0.044310 0.207406 -0.068903 0.025107 -0.166260 -0.071933 -0.099265 0.048942 0.106127 -0.235343 
-0.136173 -0.075371 0.121919 -0.022713 0.072356 0.041692 -0.169057 0.058648 -0.029475 0.097979 0.022714 -0.040293 0.135251 0.036522 0.151770 -0.041522 0.407533 -0.371205 0.165766 -0.109182 -0.044160 -0.253545 -0.028323 0.107034 0.101911 -0.140118 0.130808 0.103687 -0.127810 0.122346 -0.096666 0.072699 0.088593 0.162235 -0.090386 -0.104610 -0.112138 0.198388 -0.254945 -0.155597 0.019265 -0.161004 0.025768 -0.091594 0.060634 -0.152179 0.099115 0.175359 0.201381 -0.033062 
-0.126089 0.051959 0.088920 -0.128944 -0.057122 0.259685 -0.082575 0.085528 0.055228 -0.076152 -0.064160 0.049143 0.035302 0.172513 -0.292343 0.416974 -0.117525 -0.005122 0.181882 0.101664 0.332969 -0.039688 -0.073282 0.000326 0.094821 0.130808 -0.252732 -0.121736 0.008062 0.030603 -0.210689 -0.113804 -0.149460 0.051031 -0.095323 0.125195 -0.076676 -0.112282 -0.144430 -0.028284 -0.017379 0.022307 -0.038137 -0.138697 -0.027315 -0.276184 -0.087535 -0.067244 0.159624 -0.045627 
-0.144236 -0.237422 -0.032766 -0.037278 0.204972 -0.158714 0.013511 0.150946 -0.001535 -0.130448 0.134102 -0.051605 0.079036 -0.208990 -0.121728 0.232399 0.042088 -0.093745 0.014666 0.104038 -0.004042 -0.146614 -0.061385 0.220893 -0.228712 0.123067 0.032909 0.132320 0.397120 0.113034 -0.016494 -0.215351 -0.147003 0.034716 -0.018539 -0.034314 -0.121073 0.194694 0.122387 0.182710 -0.153558 0.100862 0.118021 0.113049 0.139126 0.067350 0.116344 0.047831 -0.175294 -0.136966 
-0.141725 0.165576 -0.062798 -0.151046 0.158303 0.120570 -0.136126 0.234608 0.233688 -0.202543 -0.093320 0.279348 -0.068152 0.088698 -0.131280 0.000127 0.053723 0.146544 -0.013669 0.111621 -0.119266 0.032955 0.040347 -0.050306 0.118803 -0.159069 0.062433 0.217453 0.261694 -0.026579 0.157312 0.127374 0.184995 0.031590 0.192625 0.000980 -0.158272 -0.123430 0.023555 -0.088752 0.136804 0.126112 -0.053911 0.177578 0.059067 0.013502 0.238713 0.099012 0.193705 0.212430 
-0.126024 -0.059495 0.072700 0.019573 0.108392 0.011364 0.151435 -0.142070 0.014757 0.049116 -0.162083 -0.213912 0.017548 0.237402 0.081821 -0.056785 0.155915 0.221723 -0.205345 -0.124565 -0.003190 -0.064277 -0.052584 0.066073 0.075067 0.057698 0.002215 -0.044418 0.205585 0.182675 -0.038349 0.353975 -0.086807 -0.025133 -0.298322 0.053335 -0.095221 -0.238713 0.189803 -0.189398 -0.184126 0.057263 -0.175800 0.076022 0.193590 -0.150203 0.109099 -0.083621 -0.060692 -0.168697 
