-0.141766 -0.277690 0.169581 0.074848 -0.053360 0.046226 -0.048183 0.031734 -0.146798 -0.037421 0.190767 0.128176 -0.149809 0.197626 -0.089964 0.231149 -0.199690 -0.179299 -0.101980 -0.025787 0.035689 0.011057 -0.193018 -0.159889 0.017479 0.115813 -0.215141 0.032914 -0.214308 0.057352 0.317522 -0.148553 -0.170970 -0.002440 -0.036169 0.155272 0.126004 0.070485 0.114143 -0.018269 0.066729 -0.143030 0.087477 0.302948 -0.084450 -0.101939 -0.091934 0.096356 0.109947 -0.142397 
-0.113501 -0.033386 0.006949 -0.187043 0.110625 0.044942 0.108256 -0.007466 -0.099236 -0.285907 -0.130527 0.057738 0.051269 -0.069780 0.066487 0.191869 0.277124 0.037954 -0.078087 -0.029988 0.310357 -0.096519 0.089789 0.051188 0.087816 0.038406 -0.056757 -0.218165 0.072403 -0.103235 -0.050262 -0.202600 0.075027 0.056184 0.421136 0.225772 -0.223849 0.243843 0.108714 -0.032504 0.088160 0.026300 0.061235 -0.009358 -0.081254 0.135996 -0.047712 0.169522 -0.052905 -0.111552 
-0.151568 0.129372 0.002047 -0.057698 0.210215 -0.045558 -0.072220 0.000795 -0.150666 -0.004378 0.131540 0.225790 0.007334 -0.068150 -0.281659 -0.034307 0.264281 0.050371 0.113209 -0.079282 -0.020112 0.228352 -0.125427 0.018793 -0.241613 -0.040004 -0.000565 0.203565 0.006144 -0.144723 0.028775 -0.017619 -0.006307 -0.162075 -0.213711 0.259174 -0.044975 0.342448 -0.143366 0.205313 -0.240149 0.090715 0.106277 -0.120164 0.065367 -0.040188 -0.033549 -0.025537 0.144004 0.066479 
-0.131157 0.057647 0.009393 -0.046787 -0.176405 0.029330 -0.055446 -0.495334 0.153528 -0.042194 0.207290 0.052324 -0.131179 -0.145193 -0.000441 0.039733 -0.043993 -0.060138 -0.000677 0.073027 -0.249871 -0.056256 0.015505 0.202407 0.137870 -0.026835 0.118822 -0.072077 0.224551 -0.047512 -0.103873 -0.154571 -0.037712 -0.069903 -0.223042 0.093347 0.000194 0.022632 0.173716 -0.172437 -0.187226 -0.163220 0.146648 0.066954 -0.079454 0.326990 -0.036163 0.108800 0.007175 -0.049549 
-0.135429 0.062858 0.091396 -0.122471 -0.211228 -0.251680 0.013313 0.257429 0.095059 0.308623 0.009232 0.055219 0.285253 0.046484 -0.093287 0.092889 0.105705 0.073416 -0.066209 -0.109566 -0.084343 0.112166 -0.180887 -0.064826 0.277851 -0.062771 0.092443 -0.196015 0.113884 0.160523 0.049875 0.080630 0.070471 0.038805 0.051226 0.165518 0.018077 0.027445 0.248310 0.077121 -0.190799 -0.080959 -0.130311 0.033250 -0.077305 0.008933 0.352653 -0.036062 0.064035 -0.064969 
-0.134180 0.296725 0.006098 0.030678 0.029860 -0.116996 0.290218 0.167872 0.033927 -0.182677 0.114215 -0.043768 -0.160601 -0.152560 0.037191 0.013161 0.131151 -0.043687 0.161580 0.141880 0.089260 -0.034693 -0.016160 -0.013642 -0.005586 -0.133777 -0.368905 0.083250 -0.116372 0.114511 -0.110087 -0.133800 -0.103934 0.076797 -0.164898 0.141995 0.047627 -0.145342 0.125618 -0.193882 0.000803 -0.000018 -0.345961 0.037469 -0.099491 0.098959 -0.017205 -0.296486 0.046068 0.036927 
-0.136865 -0.106116 -0.283413 0.042690 0.038851 -0.294986 -0.089108 0.128293 0.005327 0.012697 0.294797 -0.072766 -0.006678 -0.141112 -0.109782 0.131614 -0.015224 -0.122220 0.030960 -0.019676 0.096944 -0.208368 0.024347 0.112705 -0.151813 -0.214480 -0.034373 0.056729 0.200531 0.012862 0.250878 -0.071531 0.165982 0.134843 -0.113766 -0.288483 -0.227154 0.083016 -0.034539 -0.006675 0.153957 -0.183315 0.042275 -0.113807 -0.193649 -0.115157 0.118856 0.088705 -0.143217 0.042036 
-0.147991 0.000504 0.057996 -0.239470 -0.211143 0.151274 0.054406 -0.001983 -0.079426 -0.018419 -0.072020 -0.201084 -0.107398 -0.272488 0.047361 -0.136018 -0.137246 0.139525 -0.014914 0.175700 -0.053961 -0.225067 -0.082011 0.005859 0.076125 0.136105 0.000669 0.344088 0.035006 -0.085759 -0.036735 0.023381 0.026293 0.112607 0.090448 -0.094186 0.156569 0.315394 0.078708 0.128479 -0.062338 0.115538 -0.112403 0.066028 -0.232582 -0.238132 0.133954 0.133463 0.178320 0.124700 
-0.153667 0.057143 -0.156751 -0.273767 -0.261916 -0.198291 -0.125357 0.015214 -0.091235 -0.151750 0.143277 0.254753 -0.059079 0.059067 0.060972 -0.105649 -0.075327 -0.208110 0.076503 0.020289 0.165537 0.065942 -0.055762 -0.022030 0.213370 0.045733 0.039141 -0.076985 -0.212775 0.114753 -0.154812 -0.156818 0.253660 0.031785 -0.001801 -0.109763 0.097659 -0.114003 -0.136376 -0.085254 0.049284 0.280510 0.228241 -0.049996 0.195858 -0.046961 0.055482 0.018447 0.133777 0.187175 
-0.147802 -0.222198 -0.128097 -0.020250 0.011857 0.159500 0.021186 0.149495 0.272597 0.005196 0.031067 0.112291 -0.032035 0.212220 -0.225830 -0.283794 0.092227 0.195083 0.031781 0.135565 -0.104675 -0.240200 -0.029788 -0.273728 0.161687 0.050970 -0.017439 -0.143753 0.120181 -0.172813 0.063190 -0.046666 0.078401 0.060286 -0.236201 0.054279 -0.006343 0.182565 -0.089844 -0.145801 0.166922 0.218863 -0.127723 0.058411 0.090152 0.099842 -0.059478 -0.042427 -0.183112 -0.061601 
-0.143959 0.219796 -0.067165 -0.129863 0.127463 -0.262474 0.132432 0.096960 0.154032 -0.140980 0.098517 -0.077173 -0.026659 0.036552 -0.001764 0.094484 0.042980 0.076308 0.041326 -0.061918 -0.226901 -0.028385 0.421636 -0.128230 0.015050 0.317650 0.069122 -0.047287 0.007343 0.141246 0.196196 0.096318 -0.277165 -0.028571 0.096553 -0.143692 0.084874 0.108876 -0.160380 0.004155 -0.037472 -0.090622 0.016450 0.161336 0.197289 0.063570 -0.018522 0.182334 0.128397 0.101368 
-0.137413 0.028594 0.410910 0.118853 0.046972 -0.068699 -0.183420 -0.120342 0.211876 0.061210 0.140934 -0.081033 -0.057539 -0.054586 0.114216 0.089785 0.215819 0.081858 -0.056291 -0.197696 0.043115 -0.079663 0.009433 0.040758 0.065342 -0.085715 0.096896 0.103078 -0.189905 0.164613 -0.114707 0.222014 0.122964 0.091902 0.030447 0.111149 0.146823 0.244044 -0.148343 -0.308587 0.193600 -0.023125 0.094983 -0.001793 -0.003191 -0.179630 -0.040284 -0.095083 -0.202196 0.105017 
-0.107850 0.194369 -0.029270 -0.074611 0.067400 0.196090 0.081495 0.039618 -0.101316 0.286689 0.047444 0.021781 0.081835 -0.005704 -0.083947 -0.161392 -0.015162 -0.068782 0.101525 -0.094467 0.116349 -0.350584 0.136617 0.116269 0.012635 -0.126236 -0.230868 -0.123415 -0.087067 -0.215141 0.167294 0.268491 -0.151057 0.065047 0.086732 0.020146 0.118433 -0.114884 0.089934 -0.154637 -0.138185 0.059136 0.441801 -0.009155 -0.015605 0.017130 0.071219 -0.071781 0.052846 -0.030748 
-0.157219 -0.075789 -0.013628 0.066795 -0.213310 -0.059824 -0.029094 -0.192685 0.214746 -0.099587 -0.095927 -0.056013 0.006292 -0.052652 -0.106905 0.093741 0.049849 -0.056565 -0.311839 -0.007582 -0.159243 -0.160338 -0.031292 -0.160280 -0.044384 -0.015917 -0.277792 0.019546 -0.192508 -0.063704 0.054711 -0.102478 -0.151343 0.083409 0.143720 0.059083 0.000661 -0.114331 -0.099335 0.191583 -0.204349 -0.003699 -0.013778 -0.495730 0.186497 -0.053692 0.081188 -0.027783 -0.151797 0.043561 
-0.138344 0.085807 0.156191 -0.159261 0.055621 -0.050201 0.213181 -0.040993 -0.118987 -0.136068 0.051434 -0.014737 -0.150018 0.212807 -0.119537 -0.067989 -0.100656 0.055684 -0.211535 -0.121981 0.214250 -0.040546 -0.021578 -0.072455 0.051556 0.181611 0.326985 0.099327 -0.006396 0.058324 0.069635 0.146315 0.054941 0.053665 -0.122728 -0.206007 -0.183390 -0.080435 0.124211 -0.102227 -0.263193 -0.000838 -0.033653 -0.261802 -0.129377 -0.045891 -0.207280 -0.191486 -0.053464 -0.266185 
-0.141925 -0.398105 0.011862 0.006056 -0.010163 -0.251082 0.096069 -0.033281 -0.170340 0.031001 -0.094788 -0.021280 0.168348 -0.142880 0.144174 -0.121684 0.074947 0.140414 0.055711 -0.179021 -0.043860 -0.073879 0.093826 0.117226 -0.079981 -0.033208 0.143112 -0.039823 -0.054968 -0.104194 0.256323 -0.183167 0.007878 -0.246097 0.005987 0.029488 0.228755 -0.119995 0.208560 -0.142076 -0.108621 0.119024 -0.129424 -0.016823 0.010068 -0.019775 -0.248538 -0.096183 -0.046254 0.286780 
-0.135454 -0.040137 0.152055 0.177599 0.349727 -0.053933 0.024423 -0.097734 -0.100841 -0.113840 -0.235813 0.084304 0.100660 0.112869 -0.105767 -0.110588 -0.116343 -0.197274 0.089017 0.120622 -0.202523 0.099808 0.189023 0.224522 0.128754 -0.087413 0.015458 -0.090656 -0.272123 -0.004725 0.045725 -0.068260 0.165122 0.379188 -0.071934 -0.100370 0.080123 0.114260 0.006090 0.035911 -0.168664 0.065264 -0.126562 0.016396 -0.108911 0.038728 0.192727 0.133590 -0.085950 -0.022491 
-0.146511 -0.062828 0.200411 -0.045141 0.075347 0.097284 -0.149401 0.260403 -0.023007 0.122785 -0.013968 -0.149702 -0.032309 0.106133 0.117229 0.153946 -0.111971 0.105070 -0.136620 0.072608 0.179271 -0.023735 0.295761 -0.002855 0.140353 -0.241416 0.007131 0.115433 0.112208 0.016668 -0.100705 -0.219797 0.016605 0.073103 -0.206148 -0.061030 0.173104 0.073586 0.069451 0.304205 0.040764 -0.087509 0.133700 -0.143957 0.183561 0.296620 -0.127746 -0.117057 0.140744 0.069014 
-0.129392 0.071988 -0.234297 -0.193246 -0.123579 0.166676 -0.030593 0.134779 0.092275 -0.121010 -0.165382 0.189797 0.013572 0.086077 0.212893 0.202784 -0.090601 -0.200901 0.099222 -0.333862 -0.056735 -0.026643 -0.023872 0.125036 -0.097178 0.092138 0.164904 0.094438 -0.000241 -0.142635 -0.029373 0.064612 -0.132891 0.151058 -0.107239 0.105954 0.144994 0.041209 -0.045072 0.190971 0.016241 -0.061503 -0.051321 0.111799 -0.137287 0.056141 0.008875 -0.232732 -0.386153 0.068629 
-0.150164 -0.231865 0.006627 -0.181778 -0.142309 0.012420 0.153013 -0.053236 0.002904 -0.024876 0.026816 -0.186319 -0.197690 -0.080424 -0.074969 -0.011694 0.098584 0.007910 0.214951 0.009941 -0.185627 0.419203 -0.050541 0.018986 0.135463 -0.242060 -0.133998 -0.063514 0.058287 -0.069702 0.093479 0.280956 0.068271 0.231783 0.204075 -0.112372 -0.084760 -0.029868 -0.046702 0.149909 0.019824 -0.041474 0.100094 0.095832 0.086135 0.014017 -0.303412 -0.153657 -0.028834 -0.041347 
-0.134928 -0.069876 -0.104891 -0.120749 0.043329 -0.102220 -0.125553 -0.107106 0.010762 0.086092 0.023962 0.129986 -0.181433 0.174874 -0.202270 -0.165265 0.042102 0.350644 -0.089981 0.042138 0.169224 0.041055 0.069449 0.156654 -0.311341 -0.015431 -0.107438 -0.042878 0.039696 0.218972 -0.310630 -0.020922 -0.142844 0.150934 0.092848 -0.029621 0.151209 -0.152711 0.219512 0.121641 -0.052909 -0.063825 -0.010630 0.202788 0.031168 -0.139415 0.022113 0.135811 -0.231819 0.026746 
-0.138836 -0.376451 -0.020236 0.041552 0.101903 0.072826 0.068633 0.121215 0.025180 -0.073390 0.157653 -0.203449 -0.002959 -0.148909 0.131915 -0.138235 -0.012593 -0.302433 -0.070750 0.003628 0.083613 -0.080360 0.043085 0.186485 -0.050584 0.152424 0.027988 -0.339719 0.122191 0.161786 -0.276032 0.142400 -0.137184 -0.044218 -0.152776 0.166083 -0.034239 0.054214 -0.159213 0.100758 -0.169500 0.013422 -0.033893 0.001905 0.092380 -0.207112 0.085312 -0.106483 0.142996 -0.112560 
-0.149953 0.028532 -0.131637 0.171332 0.035683 -0.041782 0.262836 -0.304491 -0.170091 0.263601 -0.037944 0.147205 -0.157845 -0.077762 -0.018455 0.037935 0.160488 -0.159102 0.027559 -0.120228 0.188019 -0.111315 0.009244 -0.072427 0.195072 -0.007651 0.060503 0.081980 0.048099 -0.101038 -0.059020 0.050657 0.088016 -0.134520 0.031657 -0.146735 0.258279 0.042257 -0.046386 0.193024 0.177917 -0.136619 -0.258468 0.048610 0.285574 -0.016087 0.101778 0.027691 -0.009341 -0.236051 
-0.131378 0.165471 -0.152808 -0.082399 0.116979 -0.095713 0.163927 -0.013268 -0.100250 0.140499 -0.260668 -0.261807 -0.164204 0.184944 0.023762 -0.055133 -0.154394 -0.161504 -0.210609 0.231612 -0.073151 0.000341 -0.217448 -0.038017 -0.062733 -0.285300 0.159064 -0.044050 0.049024 0.145227 0.047295 -0.152708 -0.067431 -0.208049 0.123866 0.114038 -0.026084 0.211643 -0.134426 -0.156170 -0.045312 -0.024094 0.139429 0.130715 0.096886 -0.038510 0.029089 -0.112826 -0.190402 0.129143 
-0.133739 0.116508 -0.142176 0.261145 -0.100452 0.060218 -0.043841 0.157610 -0.164625 -0.034271 0.034045 -0.001465 0.132500 0.084450 0.160474 -0.175851 -0.017405 0.060267 -0.074212 0.025095 -0.019063 0.098365 0.071738 0.186099 0.282062 0.151773 -0.125194 0.313434 0.189610 -0.052368 0.043924 -0.025045 0.089914 0.118276 0.004887 0.243522 -0.164777 -0.078674 0.004256 -0.149391 -0.135709 -0.222221 0.013269 0.029132 0.292083 -0.232491 -0.144248 0.144652 -0.155070 0.012458 
-0.155682 0.063534 -0.108431 -0.038959 0.069713 0.001311 -0.177220 -0.048112 0.292720 0.147063 -0.255793 0.271224 0.007331 -0.217547 0.160471 -0.280294 -0.090683 0.018586 -0.010047 -0.031538 -0.010640 0.094714 0.128680 -0.038017 -0.048576 -0.010512 -0.047886 0.008702 0.021134 0.214495 0.167413 -0.218037 0.035786 0.005951 0.110552 0.015412 -0.004446 0.042119 -0.090712 -0.015307 0.068532 -0.143879 0.046116 -0.050821 -0.176903 -0.148907 -0.167844 -0.213022 0.236848 -0.347851 
-0.155109 -0.121735 0.015546 0.029097 -0.174223 0.140049 -0.071069 -0.103829 -0.235333 0.050197 -0.141647 -0.038376 0.166211 0.067779 -0.252498 -0.033794 0.216135 -0.263845 0.038964 0.085680 -0.003869 0.222232 0.319048 -0.201979 -0.017097 0.154407 0.003691 0.148298 0.171865 0.125673 -0.110160 -0.020026 -0.220787 -0.030774 -0.010279 -0.074365 -0.050557 0.016488 0.100114 -0.211585 0.221797 -0.031262 0.072920 -0.110738 -0.179479 -0.008923 0.163585 -0.186474 -0.025170 0.146070 
-0.142321 -0.099142 0.031458 0.163528 -0.070170 0.046678 0.034349 0.183767 0.134366 -0.025946 -0.190026 0.181643 0.000283 -0.215227 -0.310755 0.297021 -0.259154 -0.001223 0.039335 0.066494 0.078131 0.003466 -0.103893 0.224380 -0.184050 0.008649 0.133922 0.150146 0.172851 0.075267 -0.009579 0.120876 -0.036092 0.083969 0.174670 -0.030082 0.068744 -0.009282 -0.018509 -0.309878 -0.024470 0.197041 -0.048524 -0.026583 0.293250 0.158618 -0.006021 0.005819 0.127578 -0.072065 
-0.123215 0.086879 -0.283876 0.049672 0.157947 -0.067877 -0.149461 0.079236 0.002264 0.196579 -0.186089 -0.249036 -0.144735 0.064415 -0.111472 0.329427 0.127974 -0.011822 -0.015999 -0.005403 -0.224627 -0.022636 -0.073415 0.032251 0.015771 0.270237 -0.001657 -0.138155 -0.112213 -0.196077 -0.237002 -0.029355 0.198259 0.056806 -0.093152 0.032470 0.081405 -0.093396 0.184286 -0.097005 0.080314 0.014885 0.064145 -0.094738 -0.100095 -0.182101 -0.242169 0.011884 0.215852 -0.027533 
-0.140870 -0.057125 0.127147 -0.122182 -0.155118 -0.070475 0.007289 -0.118355 -0.041823 0.184198 -0.020772 0.067051 0.283579 0.368851 0.179246 0.165686 -0.045051 0.083642 0.257725 0.167576 0.022155 -0.119315 -0.071508 0.127806 -0.155479 0.071741 -0.245764 -0.040794 -0.011114 -0.090099 -0.172517 -0.007905 0.004032 -0.087740 0.040076 -0.234145 -0.120774 0.170870 -0.282293 -0.123182 -0.155010 -0.171569 -0.177656 -0.030528 -0.014625 0.018065 -0.123207 -0.064004 0.081170 -0.041782 
-0.134961 0.099416 0.134610 0.082358 -0.186951 -0.053826 -0.074003 0.111370 0.026943 0.046329 -0.208928 0.017262 0.051968 -0.134805 -0.194964 -0.079625 0.063877 -0.239873 -0.088821 0.080167 0.045406 -0.205101 0.088489 -0.012788 -0.043013 0.063331 -0.097883 0.017795 -0.100684 0.191867 -0.030623 0.220929 0.262922 -0.264436 -0.071498 0.018563 -0.161576 -0.088886 -0.044769 0.256100 -0.060511 0.020946 -0.014172 0.251347 -0.140506 0.197818 -0.332240 0.167501 -0.147419 0.077976 
-0.133476 0.092540 0.079953 -0.107712 0.128586 0.100188 -0.228476 -0.022063 -0.226173 -0.029287 0.057274 0.113632 -0.140733 -0.113239 0.178997 0.248542 -0.113709 0.117155 -0.139844 0.153401 -0.121018 0.137128 0.162538 -0.059022 0.004628 0.042107 -0.251709 -0.174708 0.258484 -0.005851 0.161092 0.166711 0.189355 -0.254524 -0.029990 -0.042707 0.111454 -0.097672 -0.055330 -0.053730 -0.065601 0.263941 -0.120398 -0.031744 -0.037467 -0.104545 0.150082 -0.080523 -0.244807 -0.101702 
-0.135771 0.018091 -0.174847 0.168500 0.045911 0.346846 -0.067959 0.005648 0.019893 -0.095907 0.000942 0.047840 -0.029465 0.110047 0.187281 0.006049 0.305069 -0.034111 -0.026304 0.054480 0.126322 0.030132 -0.215694 -0.182496 -0.079129 -0.101353 0.094706 -0.103066 0.124073 0.216015 0.160591 0.126408 0.066464 0.132487 0.050582 -0.134385 0.257550 -0.074564 -0.071391 -0.080297 -0.261593 -0.126918 -0.085281 -0.088603 -0.139091 0.113611 -0.077284 0.213750 0.176032 0.245188 
-0.145719 -0.101167 0.025046 -0.169721 0.135251 0.350579 0.147471 0.057546 -0.069020 0.146199 -0.005766 0.144723 -0.090803 -0.217797 -0.085889 0.115613 -0.183972 0.164036 0.097612 -0.184934 -0.113645 -0.027405 0.091715 -0.197157 0.041931 -0.102886 0.081109 -0.062089 -0.236196 0.081079 -0.154143 -0.098555 0.096160 -0.079710 -0.045947 0.023760 -0.332098 -0.162854 -0.089443 -0.106820 -0.044224 -0.291007 -0.078050 -0.008999 0.064686 -0.095535 0.105886 0.119084 -0.009483 0.243213 
-0.146215 0.029330 0.005691 0.366964 -0.127660 -0.002893 0.188705 0.113464 -0.021937 -0.208765 0.133970 -0.093894 0.133282 -0.019865 -0.042910 0.008062 -0.072419 0.163727 0.058036 -0.086200 -0.092448 0.027716 0.077628 -0.261384 -0.158009 -0.048325 0.076859 -0.005948 0.034348 -0.136135 -0.251945 -0.197048 0.235849 -0.082552 0.169779 -0.084051 0.192053 -0.052258 -0.127556 0.043882 -0.172133 -0.024181 0.291843 0.187638 -0.166737 -0.023455 0.101905 -0.124633 -0.062282 -0.201808 
-0.136193 0.082193 0.011185 0.075285 0.261725 0.057346 -0.085036 -0.145665 -0.001359 -0.356776 -0.060410 0.068561 0.258304 0.027138 -0.138303 -0.011767 -0.081951 0.115921 -0.061778 -0.121956 -0.103733 -0.166589 -0.302738 0.100693 0.242142 -0.012552 -0.132972 -0.044270 0.146141 0.109603 -0.053051 0.070996 -0.062327 -0.149015 0.034412 -0.232114 -0.058646 -0.022328 0.134439 0.165737 0.183314 -0.080480 0.072433 0.108479 0.072714 -0.090476 -0.017482 -0.287577 0.133384 0.213309 
-0.140714 0.046643 -0.080433 0.021216 0.056015 -0.069881 0.308960 -0.211005 0.100637 0.125576 -0.042891 -0.019284 0.318446 -0.064890 0.141114 0.089669 -0.206863 0.036195 -0.228044 -0.184701 0.142134 0.223135 -0.027033 -0.179141 -0.027715 -0.089692 -0.173688 0.007990 0.111515 -0.002145 -0.104553 0.066392 -0.101156 0.166390 -0.285379 0.010541 -0.050579 0.019777 -0.041154 -0.026728 0.110449 0.317282 0.062857 0.056068 -0.110996 -0.043550 -0.148680 0.273682 0.029976 0.068211 
-0.160217 0.137482 0.036750 -0.027767 0.037250 0.185487 -0.175202 0.123108 0.120202 0.008287 0.088715 -0.327920 0.041964 -0.010999 -0.096671 -0.154318 -0.106901 -0.110412 0.255832 -0.289208 0.083619 0.201330 -0.141514 0.074194 0.077298 0.012235 -0.099971 -0.044506 -0.065612 0.049174 -0.023957 -0.195931 -0.139223 -0.281550 0.086233 -0.206528 0.088113 0.089105 0.110618 -0.051875 -0.003076 0.093555 -0.131430 -0.175496 0.026066 0.050100 -0.047354 0.282131 -0.217174 -0.169549 
-0.168727 0.073023 0.047339 -0.042534 -0.011418 0.167255 0.030031 -0.006305 0.174196 0.065072 0.247329 -0.046759 -0.016187 0.212166 0.000202 -0.152357 0.018893 -0.157752 -0.403749 -0.150129 -0.083449 0.136158 0.108788 0.209424 -0.243501 -0.012381 -0.002934 0.064838 -0.036674 -0.261803 0.053769 -0.034479 0.219434 -0.053137 0.211739 -0.022631 -0.118881 -0.082487 0.032017 -0.022224 0.145910 0.063372 -0.246204 0.147747 0.013997 0.101787 0.122682 -0.083256 0.248205 0.128025 
-0.142442 0.005369 0.122800 0.040674 0.159754 0.115339 0.179614 -0.119118 0.321291 0.165800 0.077604 -0.054838 0.067958 -0.021792 0.150077 0.100365 0.064044 -0.044753 0.253287 0.316062 0.165661 0.076629 -0.106387 -0.010091 -0.105921 0.346157 0.084599 0.067087 -0.019305 0.051725 0.195240 -0.135073 0.147643 0.008731 0.002035 -0.012775 -0.121864 -0.124365 0.219047 0.200189 -0.003486 0.089139 0.206781 0.027706 0.133882 -0.067984 0.120841 -0.103956 -0.167621 0.123614 
-0.145236 -0.018238 0.001226 0.303070 0.022519 -0.139796 -0.036065 0.106230 -0.027829 0.188052 0.028393 0.112335 -0.248839 -0.112695 0.031501 -0.079343 -0.070790 0.181646 -0.102220 0.069334 0.159688 0.170698 -0.127760 0.137698 0.250824 0.231650 0.030747 -0.115849 -0.074939 -0.211921 -0.032771 0.001826 -0.287484 -0.030142 0.112357 -0.086887 -0.114810 -0.021428 -0.257561 0.058523 0.027247 0.002065 0.037923 -0.049888 -0.306708 0.226076 0.052072 -0.065651 -0.054832 0.223319 
-0.148119 0.108516 0.218267 -0.169669 0.165376 -0.117000 -0.241467 -0.041670 0.021250 -0.038933 0.078739 -0.047165 0.182982 -0.077422 -0.107537 -0.020447 -0.057353 -0.164218 0.085575 0.209927 0.100985 -0.058476 -0.059499 -0.200756 0.027595 -0.129046 0.267224 -0.000994 0.156526 -0.332945 -0.042852 -0.037197 -0.178690 0.114079 0.113845 0.156297 0.078990 -0.376580 -0.184059 0.029547 0.049861 -0.076459 -0.167581 0.081455 -0.035904 -0.157867 -0.130838 0.093034 -0.002601 -0.015501 
-0.157915 0.032070 -0.153584 0.130225 -0.125889 0.104368 0.116140 -0.115689 0.010456 -0.057013 0.123681 -0.040594 0.012294 0.279908 -0.071327 0.122734 -0.110888 0.181202 0.209233 0.102800 -0.028642 -0.073876 0.174289 0.219718 0.107732 -0.183279 0.182044 0.021457 -0.078021 0.217545 0.100202 0.098048 -0.038792 -0.175173 0.078704 0.334820 -0.008376 -0.111407 -0.093221 0.200091 0.214826 0.184260 -0.066072 -0.212570 -0.222933 -0.114100 -0.024464 0.073194 0.111029 -0.047908 
-0.139025 -0.088385 -0.133852 0.005206 0.140000 -0.082547 0.016209 0.150065 -0.006022 -0.044857 0.194269 0.224198 0.132461 -0.053607 0.250439 -0.095997 -0.100437 -0.078060 -0.067216 0.289708 -0.184847 0.048741 -0.045360 -0.152375 -0.080927 -0.085430 0.079701 0.112793 -0.226055 -0.074623 -0.219580 0.327274 -0.074880 -0.146095 0.136454 -0.022439 0.014467 0.135676 0.349956 -0.015768 0.142834 -0.115549 0.041862 -0.205625 0.011508 0.133090 -0.069812 0.098054 -0.073375 -0.095048 
-0.141382 -0.163973 -0.293106 -0.125657 0.098730 0.000099 -0.245848 -0.136544 -0.058137 -0.059504 -0.043961 -0.304010 0.191138 -0.086485 0.035612 0.049176 0.104167 0.201401 -0.066339 0.036014 0.136483 0.027194 -0.057403 -0.008563 0.052900 0.019707 0.026138 0.258243 -0.319460 0.049185 0.078322 0.110185 -0.005395 -0.019672 -0.101741 0.039574 -0.081574 -0.143888 -0.145289 -0.080957 -0.065854 0.023161 -0.005507 0.230764 0.042789 0.299039 0.228531 -0.084709 0.031666 -0.251574 
-0.142328 0.152983 -0.026736 0.298968 -0.214581 -0.003612 -0.294034 -0.092044 -0.070109 -0.021358 -0.054045 -0.023071 -0.121519 -0.002876 0.167868 0.029981 -0.029035 0.033382 0.134935 -0.049839 0.078241 -0.061534 0.107747 -0.198805 -0.100618 -0.175405 0.159649 -0.194524 -0.099962 -0.101138 0.034806 0.038666 -0.179203 0.099408 -0.031682 -0.082676 -0.368530 0.171262 0.266830 0.056684 -0.108097 0.212270 -0.128623 0.176191 0.187918 -0.120719 0.003255 -0.086125 0.103018 0.009688 
-0.146283 0.207898 0.115863 -0.021956 -0.268730 0.075485 0.081092 0.029400 -0.181216 -0.142049 -0.107161 -0.084587 0.123525 -0.146855 -0.032462 -0.110034 -0.003446 0.190812 -0.090877 0.134967 0.038247 0.116422 -0.103952 0.139021 -0.253700 0.092996 0.095996 -0.358957 -0.141461 -0.076574 0.176677 0.031345 0.034310 0.068937 -0.275903 0.008424 0.119759 0.025120 -0.041695 0.005712 0.344203 -0.278887 0.037226 -0.102989 0.139581 0.004438 0.050105 0.057522 -0.010133 -0.068887 
-0.144159 -0.007025 0.201164 -0.017975 -0.005344 0.049357 0.080945 0.175984 -0.162096 0.071864 -0.035851 0.112141 -0.052820 0.008392 0.210713 0.007526 0.374803 0.003966 -0.060524 -0.034377 -0.364068 -0.146834 -0.174008 0.142847 -0.047575 -0.081781 0.090533 0.127601 0.041690 0.119231 -0.038725 -0.187324 -0.222743 0.056471 -0.061860 -0.200789 -0.160546 -0.234957 -0.090672 0.044626 0.130298 0.251093 0.131159 0.042491 0.014367 -0.008472 0.030486 0.159723 0.000586 -0.236178 
-0.133447 -0.131784 0.141000 -0.008879 -0.006925 -0.183529 0.026737 0.057620 0.246797 -0.235960 -0.383747 0.000502 -0.264844 0.196685 0.129844 -0.063457 0.028294 -0.001351 0.136914 -0.080191 0.120008 0.062407 0.011386 -0.016449 -0.012991 -0.113885 -0.103479 0.112001 0.112614 -0.232498 -0.002423 0.182762 0.031947 -0.256559 -0.177859 0.032748 -0.049932 -0.138364 0.063140 -0.072118 0.023865 -0.133511 0.141146 -0.032142 -0.038202 -0.080589 0.299431 0.210090 0.144346 0.004050 
-0.118271 -0.003241 0.091023 0.040182 0.096734 -0.158984 -0.083145 -0.099400 -0.250427 0.067970 -0.004930 -0.125346 -0.119212 0.061007 0.116637 -0.197860 -0.220163 0.005390 0.216445 -0.245832 -0.136785 -0.149924 -0.152568 -0.196057 -0.206933 0.205126 -0.089999 0.017956 0.210187 0.156079 -0.013019 0.057734 0.157959 0.216025 0.125091 0.268432 -0.060964 -0.055421 -0.012395 0.055104 0.153778 0.016100 -0.015370 -0.152551 0.035239 0.345188 0.074363 0.003702 0.052964 0.037579 
