-0.129829 0.053403 -0.081773 -0.326780 0.070504 -0.015763 0.103762 0.098722 0.165612 -0.042848 -0.077070 -0.043770 0.018556 -0.085546 -0.155927 0.186054 0.031713 0.080300 0.215529 0.122103 -0.141635 0.068499 -0.224950 -0.154959 -0.013319 -0.274906 -0.172618 -0.197968 -0.093553 -0.199118 -0.108965 -0.015060 0.214485 -0.080625 0.234647 -0.112889 0.052138 -0.117544 0.038560 -0.255551 -0.199892 0.166646 -0.103184 -0.042415 -0.166280 -0.049043 -0.025023 0.028725 -0.168183 0.142673 
-0.134875 -0.233385 -0.073009 -0.005523 -0.029776 -0.204138 0.133110 0.100283 -0.071025 -0.003069 0.043447 0.145515 0.021434 0.099526 0.054544 -0.092278 0.051756 -0.145009 0.170670 -0.190234 -0.201805 0.057594 0.249846 0.147749 0.067136 -0.090071 0.267982 -0.120553 0.009002 -0.055533 -0.047425 -0.187451 -0.061333 -0.041959 0.003464 -0.111644 0.356304 -0.104333 -0.001709 0.155968 -0.317373 0.021556 -0.241777 0.141804 0.152544 -0.063413 -0.125239 0.169176 0.090153 -0.072055 
-0.129999 0.234396 -0.353542 -0.063138 -0.038496 0.088295 -0.110938 0.041179 -0.146140 -0.079723 -0.195479 0.081566 -0.015822 -0.009154 -0.040252 -0.200252 0.125567 0.021783 -0.147136 -0.010551 0.094643 -0.215545 -0.139513 0.063468 0.159321 0.065488 -0.021165 -0.053454 0.007902 -0.173341 0.120748 -0.031560 -0.140554 0.011250 -0.034769 0.106850 -0.285715 0.017119 -0.277833 0.063456 -0.220364 0.270119 -0.122144 -0.129310 0.200519 -0.200160 -0.040503 0.182125 -0.012501 -0.040492 
-0.135440 0.078331 0.231532 0.180614 -0.013879 0.238988 -0.290681 0.053830 -0.164836 -0.082094 -0.088942 -0.174811 -0.177830 0.076038 0.322074 -0.054150 0.072156 0.096895 -0.103615 0.082055 -0.042686 -0.051160 0.006826 -0.088793 -0.086292 -0.204216 0.140408 0.215107 -0.039965 -0.237483 0.054162 0.151398 0.036763 0.165093 -0.038593 -0.029260 0.126632 -0.220516 0.074832 0.057667 -0.289615 -0.095236 -0.061717 -0.065503 -0.231639 0.087376 -0.072531 0.059649 -0.076520 0.056286 
-0.150198 0.133516 -0.195869 0.072018 0.116584 -0.055304 0.026457 -0.122121 -0.000828 0.017308 -0.279281 -0.046208 0.221014 -0.064677 -0.022920 0.021391 0.130741 0.159583 -0.054937 -0.033619 0.148875 -0.035433 -0.069248 0.203592 0.323149 -0.036708 -0.054977 0.070120 0.247026 0.127898 -0.175155 -0.129835 0.020133 0.277115 -0.144398 -0.181910 0.132086 0.061306 0.212021 -0.099905 -0.092170 -0.226956 -0.123408 0.048990 0.007616 0.118582 -0.039058 -0.276764 -0.059095 0.117060 
-0.162144 0.103527 0.050285 0.032018 0.117637 0.152686 0.062704 -0.002403 -0.153659 -0.150026 0.136923 -0.063464 -0.005230 0.074098 -0.062081 0.153760 -0.075577 -0.167087 -0.303746 -0.224127 -0.260288 -0.239186 0.062681 -0.187409 0.011712 0.279905 -0.043522 -0.193168 0.047986 -0.137576 -0.159335 -0.133266 -0.130445 -0.113377 0.137589 -0.020734 -0.001637 -0.027969 0.124123 -0.135749 0.088631 -0.037419 -0.100041 -0.164061 0.105218 0.337398 -0.168191 -0.050742 0.003085 0.091789 
-0.149697 0.176333 0.067435 -0.157778 -0.024883 0.128597 -0.075969 0.267794 -0.035694 0.120924 0.012897 -0.006361 0.119842 -0.214757 -0.074775 -0.230022 -0.156669 -0.080295 0.007321 0.029015 0.002567 -0.133028 -0.050535 -0.137125 -0.061530 -0.164885 0.037760 0.016193 0.040957 0.135884 -0.264981 -0.031409 0.189955 -0.089254 -0.096085 0.197636 0.033292 0.226292 0.095014 0.014536 0.025072 -0.242056 -0.215376 -0.068877 -0.078862 -0.027121 -0.004157 0.100725 0.219078 -0.403751 
-0.151700 -0.110410 -0.047746 -0.004365 0.163224 0.044345 0.085910 -0.053583 0.129087 0.074131 0.023987 0.186725 -0.357255 0.197858 0.100119 -0.222017 0.311894 -0.046725 -0.028895 -0.031361 0.084589 -0.227916 -0.107230 0.007841 0.008941 0.057922 0.087539 -0.068076 0.005187 0.157884 0.189323 -0.139773 0.207987 -0.075455 0.064144 -0.037753 0.171090 0.244478 0.100529 -0.181471 0.040409 -0.009004 0.243070 -0.197238 -0.202394 -0.087740 -0.170231 -0.003316 -0.055060 -0.070594 
-0.144771 -0.031528 -0.093456 0.204365 0.040089 0.304870 -0.080883 0.089570 0.189000 0.156483 0.142454 -0.100703 0.027645 -0.268948 -0.231617 0.157331 -0.114753 -0.157780 0.012115 -0.047870 0.102111 -0.126292 0.100411 0.119085 0.040022 -0.216459 -0.072578 -0.075659 -0.068789 -0.122702 0.105232 -0.110970 -0.048063 -0.006903 -0.161774 -0.136427 0.004870 -0.128576 0.176936 0.127148 -0.012027 -0.033590 0.370297 -0.021584 0.095783 -0.215627 -0.198245 0.069445 0.135597 0.119665 
-0.143147 -0.133109 0.163553 0.061555 -0.155539 0.173412 0.175646 -0.191173 0.173168 0.158700 0.051416 0.178752 0.201119 -0.041196 0.099001 -0.111581 -0.102503 0.107777 -0.033225 -0.250612 -0.287167 -0.088281 -0.171698 -0.056932 0.102984 -0.048678 -0.003690 -0.001836 0.020144 -0.228489 -0.036898 0.134883 -0.129663 0.236220 -0.069262 -0.002866 0.060205 0.325659 -0.157350 -0.055800 0.064517 -0.006639 0.001015 0.016551 -0.123155 -0.128728 0.208659 0.150626 0.024592 0.207918 
-0.145573 -0.001888 -0.135681 0.209693 0.226432 -0.049081 -0.034794 0.069991 0.244065 -0.037405 0.108912 0.220758 0.068935 -0.206582 0.011139 0.133293 0.076855 0.203636 -0.214476 -0.062745 -0.055914 0.289222 0.179062 -0.082804 -0.039485 -0.012229 0.159136 -0.037514 0.000982 -0.060646 0.119419 0.004672 -0.056266 0.023988 0.208965 0.392859 -0.031475 -0.034801 -0.057077 -0.063488 -0.166713 -0.104323 -0.008604 -0.150761 -0.041937 -0.098697 0.105516 -0.292956 0.046710 -0.130350 
-0.130137 -0.059431 0.051246 -0.043756 -0.165913 -0.113076 -0.014173 -0.009092 -0.105589 0.116425 0.270064 0.135076 0.171860 0.190380 0.218355 0.258471 0.125189 0.089793 -0.021432 0.091237 0.024889 -0.181463 -0.011936 -0.251917 0.335997 -0.165969 -0.091524 0.094914 0.123826 0.045250 0.184278 -0.164814 0.101114 -0.185679 0.033922 -0.074303 -0.252066 -0.192235 -0.051617 -0.051472 -0.003617 -0.271831 0.023069 0.073141 0.071238 -0.065840 0.103411 0.076566 0.074057 -0.061885 
-0.143566 0.146972 0.312092 -0.162276 0.000123 0.057209 0.096338 -0.143006 -0.155399 0.074548 -0.017932 -0.074497 0.059069 0.013833 0.038152 -0.021437 0.051176 0.183996 0.110758 -0.317781 0.331375 0.027287 -0.119609 0.016678 0.050138 -0.018360 0.044326 -0.045428 -0.260824 -0.037376 -0.182875 -0.238653 -0.136393 -0.121053 0.121484 0.031128 0.157934 -0.165115 -0.107584 0.233536 0.031084 0.092808 0.175199 -0.153971 0.011827 -0.065345 0.142547 -0.224165 -0.005408 -0.109604 
-0.154877 -0.041612 0.059048 -0.001254 -0.043860 -0.148039 0.057442 -0.045769 -0.125232 0.142886 -0.061452 0.005905 -0.108729 -0.165262 -0.120238 0.154572 0.122313 -0.166018 -0.091170 -0.177071 -0.148462 -0.000358 0.032056 0.177663 -0.224530 0.186365 -0.323488 0.209419 0.009010 0.223297 -0.092644 0.123707 -0.141234 -0.096384 -0.081211 -0.177261 -0.087987 -0.128326 -0.171904 -0.089721 -0.263004 -0.175888 -0.003937 -0.149697 -0.264751 -0.198985 0.065229 0.047911 -0.053087 -0.096004 
-0.128571 0.039115 0.021097 0.200668 0.206069 -0.312065 0.062836 -0.229887 -0.074561 0.144529 0.174385 -0.082737 0.058586 -0.092011 -0.000367 -0.035063 0.029676 0.076886 0.057935 0.005382 0.196680 -0.036120 -0.090481 -0.111610 -0.160951 -0.150930 -0.326903 0.027657 0.076643 -0.122055 0.152106 0.034498 -0.094288 -0.054023 -0.186555 0.272506 0.246152 -0.006193 -0.122556 -0.067896 0.101470 0.109959 -0.160488 0.067266 0.024262 0.154482 -0.298693 0.163257 -0.026989 -0.026038 
-0.130418 -0.186893 0.023414 0.054328 0.224470 -0.026812 -0.013588 -0.040012 -0.141706 0.103008 0.084287 -0.009323 0.033101 0.169952 -0.080309 0.002386 -0.275591 0.329608 -0.023856 0.072153 0.122615 0.021286 0.216094 0.144364 0.093834 0.139452 0.184034 0.025422 -0.207003 -0.129375 -0.227074 0.136100 0.189029 -0.155239 -0.292784 -0.082711 -0.142134 0.009564 0.029495 -0.343725 -0.024894 0.088321 -0.020942 -0.122579 0.049150 -0.109227 0.012805 0.103612 -0.094229 -0.042512 
-0.162406 -0.249443 -0.147582 -0.077977 -0.024174 0.107893 -0.054763 -0.141452 0.128430 0.058568 -0.058918 0.131410 -0.069271 -0.084364 0.113762 -0.114075 0.023495 0.138700 0.101386 0.063221 0.036598 -0.301719 0.160520 0.072572 -0.266088 0.186544 -0.247979 0.073166 -0.117580 -0.196906 -0.078619 -0.157702 -0.004497 0.019692 0.125114 0.101454 -0.146980 -0.119369 0.302025 0.147300 0.070539 -0.026171 -0.161725 0.307378 -0.006100 0.027518 0.158697 -0.068600 -0.126953 -0.089342 
-0.154325 -0.129060 0.073774 0.072492 -0.270592 -0.096495 0.094774 0.204764 -0.218313 -0.085390 0.106809 0.115415 -0.101203 -0.057401 0.060731 0.072631 0.044621 0.030385 0.016670 0.157996 0.026343 0.088149 0.048866 -0.006689 0.013355 -0.070303 -0.100763 -0.245471 -0.265366 0.037982 -0.148475 -0.121405 -0.016274 0.232442 -0.150659 0.071398 -0.255511 0.268469 -0.113659 0.154083 -0.008938 -0.046290 0.007113 0.021846 -0.128520 0.031475 -0.347567 -0.231216 -0.168374 0.104856 
-0.120422 -0.137408 -0.061726 0.129552 -0.072062 0.002188 -0.184063 0.065862 -0.123892 0.233343 -0.148539 -0.174849 0.032408 0.220145 0.020546 0.033178 -0.076272 -0.116718 0.195566 -0.198507 -0.085425 -0.032515 -0.100872 -0.046318 -0.241571 -0.187856 0.045187 -0.224239 0.226837 -0.045172 0.107494 0.149796 -0.038576 0.013365 0.017069 -0.035038 -0.084385 0.082028 -0.019293 -0.132231 0.049585 -0.021137 0.042839 -0.020532 0.273101 -0.077406 0.069214 -0.339727 -0.286529 -0.234473 
-0.149167 0.025081 0.342310 0.001195 -0.053963 0.092260 -0.106864 0.135527 0.148292 0.234932 -0.253846 -0.037017 -0.155231 0.030111 0.002603 0.219547 0.114462 -0.092591 0.195934 0.034569 0.117033 0.218250 0.091515 0.045825 0.082236 0.269966 -0.048635 0.144656 0.197218 -0.207829 0.061743 -0.162417 0.062603 -0.174636 -0.003306 0.117021 -0.075222 0.270931 -0.036635 -0.054948 -0.070607 0.083959 -0.152611 0.044664 0.115823 0.038063 -0.059041 -0.012133 0.195702 0.169082 
-0.131266 -0.262735 0.269537 0.135639 0.220134 0.153657 -0.087510 0.040044 0.071946 -0.257150 -0.015015 -0.060750 0.099894 -0.103494 0.146949 0.004062 -0.037860 0.016655 0.085181 0.061431 -0.180092 -0.015530 -0.187385 0.253511 0.119730 0.026441 -0.143362 -0.066246 0.096375 0.350547 0.010211 -0.070334 0.187029 0.024560 0.049195 0.143063 -0.029703 -0.170041 -0.089979 0.138993 0.151281 0.101886 -0.171319 -0.199709 0.177719 -0.123408 -0.015681 0.111251 -0.151234 0.036850 
-0.138611 0.088881 -0.074020 -0.141765 -0.355415 0.141141 -0.140738 -0.188304 0.138448 -0.156655 0.038376 -0.055154 0.110041 0.140124 0.039968 -0.062169 0.007216 0.264233 -0.176485 -0.030967 -0.133898 0.323947 0.154853 -0.002855 -0.145082 -0.051403 -0.217449 0.186091 0.002542 0.133428 -0.034212 -0.090011 0.015729 -0.095133 0.059908 -0.074110 0.136759 0.163250 0.070308 -0.054539 -0.024919 0.037015 0.152733 -0.044902 0.266280 -0.045520 -0.257326 0.121772 -0.101664 -0.124540 
-0.143392 0.171101 -0.257546 0.056527 0.004950 0.010963 0.026197 -0.197583 0.134943 0.223632 0.043256 -0.121067 0.010237 0.107200 0.292871 0.145811 0.086631 -0.316071 0.111829 -0.187415 -0.004823 0.094321 -0.012154 0.009246 0.000674 -0.017234 0.150381 0.115359 -0.251188 0.174276 -0.291426 0.110383 0.211747 0.191454 0.090862 0.197016 -0.205422 -0.113766 -0.024030 -0.051084 0.071648 0.094267 -0.000025 0.057629 0.037387 0.055631 -0.113198 0.122200 0.074200 0.066496 
-0.133714 -0.245660 -0.050543 0.007859 -0.159713 -0.215879 -0.017677 0.180363 0.030142 -0.225984 -0.222047 -0.083642 0.193293 0.204126 -0.041183 0.080155 0.104208 0.067721 -0.118738 -0.176468 0.085449 -0.047617 -0.030145 0.124168 -0.164774 -0.111611 -0.036307 -0.108623 0.159378 -0.045615 -0.085837 -0.011488 0.078995 -0.029543 -0.130576 0.231653 -0.093692 -0.048708 0.126973 0.028368 0.009641 0.150163 0.278350 -0.086944 -0.219178 0.219673 0.149208 0.176935 0.281283 0.043780 
-0.132995 0.037871 0.043560 0.139336 -0.065338 -0.182398 -0.313088 -0.036149 0.202153 -0.096956 0.009454 -0.062746 -0.193238 0.091805 -0.095199 0.208839 -0.206335 -0.011739 -0.075526 0.098486 0.136040 -0.038990 -0.123488 -0.205731 0.076436 0.239533 0.038720 -0.200086 0.055125 0.067083 -0.185253 -0.187067 -0.091619 0.292646 0.035074 -0.043530 0.191315 -0.016924 -0.116915 -0.048342 -0.027687 0.029153 0.063500 0.221803 -0.085545 -0.174743 0.111747 0.209018 -0.064109 -0.222707 
-0.148458 -0.078206 -0.134872 -0.372656 0.116214 0.041092 -0.186606 0.077908 0.046147 -0.085487 0.023496 -0.036103 0.068513 -0.070568 0.232837 -0.079495 0.019190 -0.187948 0.014051 -0.132375 0.190133 0.224149 0.299824 -0.037133 0.198639 0.112518 -0.148568 -0.180111 0.119681 -0.184392 0.082704 0.223061 0.005412 0.039580 -0.086235 -0.123895 0.080584 -0.050263 -0.160976 0.080734 0.293686 -0.125686 0.001765 -0.073680 -0.207606 0.003521 -0.016242 0.043211 -0.120343 -0.039054 
-0.147052 0.050847 0.228200 -0.047350 -0.053971 0.137264 -0.095755 -0.158866 -0.012612 -0.128981 0.146523 0.381319 -0.155705 -0.061569 -0.327440 -0.055897 0.159927 -0.018882 0.096607 -0.179882 0.221391 0.062957 0.035574 -0.047078 -0.004526 -0.080470 0.015770 -0.164051 0.081053 0.162713 0.010484 0.329799 0.113414 0.116751 -0.048669 -0.010105 -0.115936 -0.086282 0.083836 -0.034218 -0.169257 -0.013891 -0.016879 0.126727 0.209739 0.267124 0.103758 0.103845 -0.047427 0.034995 
-0.141642 0.035077 0.039015 -0.259860 0.317546 0.064818 -0.217074 -0.092759 -0.221588 -0.022863 0.041758 -0.154333 -0.049755 -0.048326 -0.010513 0.055273 0.127968 0.093960 0.048964 0.004737 -0.215821 -0.013406 0.205127 -0.037504 -0.037148 -0.216409 0.126833 -0.019055 0.028031 0.294255 0.063100 -0.143852 -0.319517 0.010569 -0.073369 0.058431 -0.118606 0.183752 0.036444 -0.109225 0.072024 0.203514 0.049860 0.289885 -0.132377 -0.084633 0.105957 0.013815 0.100829 0.140254 
-0.142812 -0.204900 -0.106094 0.063766 0.018579 -0.118509 -0.145732 0.063421 0.083624 -0.150815 -0.022827 0.019476 0.087847 0.027390 -0.001031 -0.161814 -0.224965 -0.178867 0.047719 -0.056819 0.340097 0.005465 -0.039667 -0.282268 -0.133160 -0.087690 0.050250 0.226876 -0.152080 0.185619 0.011681 -0.083409 -0.198311 -0.124705 0.138133 -0.114923 -0.034171 0.144938 0.028415 -0.031361 -0.076719 -0.113539 -0.165523 -0.200436 0.055474 -0.012337 0.098337 0.020018 -0.054363 0.417700 
-0.143647 0.217389 -0.062216 0.001360 0.028336 -0.039773 0.223502 -0.171478 -0.053374 -0.341311 0.070956 0.095404 -0.140227 -0.048305 0.108561 -0.024254 -0.217701 -0.171450 0.277582 0.085970 -0.100016 -0.008908 0.137293 -0.130796 -0.120395 -0.006901 -0.006734 0.187485 0.284495 -0.121152 -0.051269 -0.205293 0.189774 0.056888 -0.306080 0.044967 -0.019959 -0.015643 -0.071113 0.021280 -0.061194 0.072519 0.204789 -0.129358 0.049638 -0.067136 0.198076 -0.158309 -0.025338 0.023458 
-0.143977 -0.039867 0.055328 0.101289 -0.270498 -0.103273 0.049586 -0.299420 0.077749 -0.063814 -0.188340 -0.259602 -0.028031 -0.033014 -0.232652 0.015098 0.103087 -0.127617 -0.001976 0.132268 -0.100829 -0.123944 0.294701 -0.144676 0.266578 -0.067333 0.005152 -0.057177 -0.277181 0.056112 0.230452 0.117358 0.059431 -0.004635 -0.063097 0.047609 0.077401 0.029286 0.114862 0.038462 0.096717 0.130077 -0.214452 -0.223791 -0.050984 -0.020575 0.160410 -0.115836 0.058396 -0.128366 
-0.128420 0.158373 0.149083 -0.072717 -0.030126 0.057904 0.182489 -0.031137 0.168713 0.101775 0.187951 -0.052002 0.063510 0.258895 -0.113955 -0.038989 -0.049147 -0.170707 -0.247990 0.264434 0.181563 -0.021863 0.175289 0.398550 -0.203821 -0.243702 0.090352 -0.041282 0.153184 -0.046468 0.034071 -0.160363 -0.070461 0.140842 0.162861 -0.051463 -0.087997 -0.024653 -0.171683 -0.040021 0.073677 -0.000918 -0.185366 -0.069162 -0.090729 0.060352 0.119573 0.032626 -0.124175 0.006090 
-0.137797 0.120664 0.044047 -0.017140 0.192597 -0.265214 -0.173444 0.059760 0.261589 0.006848 -0.095104 0.195400 -0.130812 0.185558 -0.209435 -0.042964 0.070510 0.078127 0.145041 0.034444 -0.294333 0.033019 -0.119718 0.029798 0.063902 -0.128580 0.071203 0.224075 -0.107948 -0.150581 -0.103144 0.015620 -0.222232 -0.005276 -0.101513 -0.140486 -0.174083 -0.064084 -0.004148 0.242924 0.289182 -0.138211 0.042811 -0.159894 0.046849 0.158221 -0.102470 0.030625 -0.028193 -0.101714 
-0.143429 -0.192009 -0.083518 -0.053941 0.091151 0.225989 0.047277 -0.187970 -0.191111 -0.083008 0.028738 0.222030 0.109941 0.182932 -0.012312 0.201939 0.032345 -0.199523 -0.093581 0.249181 0.081090 0.263761 -0.343152 -0.042677 -0.111309 0.038286 0.007270 0.044835 -0.016713 -0.075122 0.008556 0.100188 -0.121274 0.040705 -0.095352 -0.124957 0.062065 -0.002404 0.193923 0.085043 0.069207 0.133970 -0.158243 -0.023917 -0.049213 -0.152520 -0.047760 -0.132489 0.315556 -0.181994 
-0.129893 -0.118445 0.009028 -0.180569 -0.138059 -0.073581 0.022074 -0.021072 0.292360 -0.047152 0.117330 -0.185074 -0.320650 -0.039843 0.068521 -0.188874 -0.130344 0.034991 -0.278994 -0.069506 -0.023158 -0.030195 -0.212649 0.048745 0.074097 -0.065800 0.067708 -0.007387 0.078891 0.043611 -0.063906 0.122443 -0.000232 -0.228079 -0.217679 0.016359 -0.035428 -0.202665 -0.136097 -0.042512 -0.020510 0.033822 -0.111949 0.241981 0.059444 -0.034172 -0.095238 -0.370940 0.197532 0.116458 
-0.144223 0.167874 0.096450 -0.089240 0.069648 -0.207547 -0.148327 -0.109806 0.132759 0.029113 0.058569 0.018115 0.222604 -0.114934 0.327497 0.013488 -0.092411 -0.132210 0.008124 0.275091 -0.071203 -0.087686 -0.120067 0.218629 -0.031778 0.135634 0.010889 -0.246489 -0.190757 0.020080 0.112297 0.146375 -0.079190 -0.183192 -0.056487 -0.079179 0.025797 0.199584 0.097971 0.066797 -0.319901 -0.013449 0.210857 -0.013124 0.106665 0.231809 0.116405 -0.028816 0.009794 -0.030069 
-0.159920 -0.090928 -0.088841 -0.063409 0.190427 -0.027962 0.119474 0.172627 -0.105401 -0.207120 0.133077 -0.283784 -0.124351 0.027722 -0.103892 0.143785 0.151005 0.047162 -0.055798 -0.018102 0.020066 -0.082748 -0.057734 0.096015 -0.050249 -0.007420 -0.097019 0.201021 -0.217987 -0.134410 0.060495 0.137512 0.206814 0.174706 0.140954 -0.069832 0.140520 0.279042 -0.219546 0.075165 0.013846 -0.212017 0.062531 0.145885 0.309339 0.032454 0.210140 0.004476 0.149123 -0.036809 
-0.154980 0.072199 -0.001628 0.111493 -0.046554 -0.060628 -0.032239 0.311588 0.070345 0.147015 0.356083 -0.127662 0.244537 -0.071548 -0.065864 -0.200047 0.242431 0.075727 0.015345 -0.022135 -0.046571 0.047633 -0.042311 -0.171101 -0.091419 0.272057 0.060687 0.131192 0.057476 0.065818 0.073798 -0.037712 0.128959 0.129454 -0.088624 -0.302458 -0.032646 -0.062044 0.061263 0.085795 0.014267 0.413647 -0.054520 -0.002204 -0.069033 0.071227 0.095493 -0.114463 -0.040839 -0.012844 
-0.154237 -0.197731 -0.191948 -0.130224 -0.179880 0.029772 -0.122023 -0.146605 -0.167783 0.124224 0.066751 0.025450 0.002500 -0.244918 -0.189296 0.217253 -0.084315 0.021758 -0.008288 0.122588 -0.016540 -0.099710 -0.105939 0.087047 0.067108 0.052275 0.366294 0.238020 0.207230 0.003931 -0.029658 0.056890 0.087536 -0.159313 0.148083 0.122355 0.149960 0.071822 -0.153132 0.210950 0.053334 0.074573 0.104278 -0.032976 -0.128246 0.222620 -0.075407 0.008998 -0.256142 0.043091 
-0.148787 0.006971 0.012762 0.284787 0.023621 -0.004221 0.108639 -0.265906 -0.050720 -0.184879 -0.016896 -0.266611 0.088970 -0.092731 -0.081788 -0.278406 0.115075 0.063535 0.175813 0.087127 0.007416 0.155155 -0.041656 -0.026200 -0.038676 0.095015 0.156730 -0.181489 0.162465 -0.111797 -0.080343 0.037123 0.023472 -0.211472 0.279131 -0.176815 -0.288447 0.033377 -0.070949 0.053940 0.016570 -0.229268 0.066435 0.158949 -0.154828 -0.082571 -0.134728 0.102521 0.133081 -0.034058 
-0.130836 0.100084 -0.262175 0.094920 -0.096798 0.155637 -0.036782 -0.001766 -0.101115 0.232990 -0.111073 0.068360 -0.169970 0.002792 0.032402 0.007419 -0.063715 0.264299 0.067409 0.117277 -0.101678 0.137766 -0.018299 -0.012883 -0.216114 0.064393 -0.011149 -0.302232 -0.082333 0.169830 0.122803 -0.140861 0.091999 -0.036370 -0.127104 -0.119970 0.148962 -0.152808 -0.227332 0.040607 0.161051 -0.172502 -0.098195 -0.130056 0.024927 0.206390 0.209948 0.078660 0.233478 0.210489 
-0.134948 0.065074 0.057532 -0.023657 -0.070229 0.196136 0.128843 0.161114 0.153887 -0.205142 -0.197324 0.112327 0.316173 0.080902 -0.039348 0.078825 0.045929 0.029823 0.231552 0.100792 0.046204 -0.269559 0.086690 -0.037377 -0.130373 0.160904 0.157880 0.101934 -0.132506 0.129740 0.113160 0.137709 -0.153839 -0.008276 -0.077262 0.046459 0.134495 -0.173085 -0.296302 -0.259600 0.075277 -0.067230 0.068910 0.190036 -0.034540 0.019322 -0.240058 -0.112583 0.028360 -0.049691 
-0.139689 0.287615 0.000302 0.070581 -0.184055 -0.113527 -0.010964 0.123205 -0.133647 -0.180471 0.046677 0.049709 -0.005573 -0.076559 -0.014270 0.057282 0.050360 -0.089117 -0.054362 -0.162938 -0.018052 0.147469 -0.210157 0.231818 -0.036527 0.063764 0.167221 0.007379 -0.152043 -0.103367 0.220948 -0.062075 0.050905 -0.179310 -0.124240 0.126408 0.068112 -0.020832 0.290265 -0.148435 0.282831 -0.143578 -0.113358 0.194224 -0.051885 -0.219211 0.126234 0.106544 -0.255348 0.120311 
-0.113389 -0.061799 0.063356 0.043766 0.200872 0.072190 0.290451 0.025119 0.034753 0.066117 -0.377103 0.033983 0.021183 -0.081181 0.026056 0.007252 -0.198491 -0.085394 -0.312054 -0.105284 0.006575 0.181493 -0.028797 -0.201880 0.021059 -0.087694 0.040582 0.063333 -0.114499 0.080122 0.230613 -0.159116 0.141221 -0.061749 -0.094628 -0.154755 -0.153779 0.006635 -0.071691 0.125334 -0.042888 0.084301 0.072612 0.279938 -0.022247 0.222192 0.011809 0.122049 -0.222604 -0.200874 
-0.132599 -0.129785 0.133319 -0.305505 -0.050962 -0.190299 0.020966 -0.035877 -0.171838 0.146306 -0.057012 -0.073694 0.020992 -0.115727 -0.098768 -0.246221 -0.187771 -0.033819 0.007669 0.067463 -0.077675 0.110816 -0.092854 0.005563 0.003679 0.172115 0.073133 0.064550 -0.024681 -0.047940 0.270709 -0.120224 0.000649 0.428339 0.143674 0.134066 -0.089175 -0.232874 0.124891 -0.225110 -0.013338 -0.131136 0.173617 -0.106536 0.128977 0.008418 -0.146488 0.033619 0.150296 0.032058 
-0.140968 0.081763 -0.123627 0.134720 -0.101417 0.059567 0.130844 0.163786 -0.034771 -0.090938 0.116662 0.006440 -0.222873 -0.006686 0.128785 0.050621 -0.368219 0.145399 0.258390 -0.143736 0.059199 0.026153 -0.023200 0.223599 0.232968 -0.055028 -0.140239 0.112072 0.031719 0.102535 0.185495 0.109757 -0.214386 0.019985 0.253359 -0.094537 -0.065284 0.063891 0.117113 -0.113741 0.007400 0.182427 -0.054868 -0.015424 -0.185598 0.209363 -0.004499 0.008107 0.144722 -0.231252 
-0.129300 -0.014169 -0.029408 -0.096845 -0.022244 0.039467 0.447617 0.168127 0.087380 0.089535 -0.023657 -0.196175 -0.165119 -0.034889 0.127275 0.088505 0.134628 0.143249 0.009405 0.194715 0.088519 0.035642 -0.002672 -0.177791 -0.003572 0.081370 0.125751 -0.063518 0.175489 0.109027 -0.109844 0.226113 -0.348338 0.009830 -0.093525 0.113568 0.007557 -0.041711 0.255644 0.120003 -0.002941 -0.075399 0.043713 -0.125454 0.198327 -0.080713 0.068402 0.229064 -0.183817 0.021395 
-0.153251 0.239901 0.109416 -0.029165 0.060078 -0.248546 0.040100 0.027359 -0.091455 0.063590 -0.172114 0.180061 0.013950 0.056140 0.045605 0.108977 -0.220085 0.150927 -0.146311 -0.039676 0.014074 -0.187020 0.170948 -0.050845 -0.139269 0.007084 -0.003812 -0.047643 0.131527 0.088079 0.048882 0.294329 0.224285 0.035618 0.246323 -0.119798 0.034382 0.030362 0.104149 0.289497 0.123907 0.119737 -0.017437 0.046249 0.014164 -0.314570 -0.175828 -0.061490 0.136244 0.204329 
-0.144807 -0.034283 0.044758 0.218566 -0.064300 -0.058651 -0.018006 0.152939 -0.182047 0.073548 -0.146633 0.205296 -0.057191 -0.182536 0.092441 -0.219867 0.120707 -0.181799 -0.148912 0.268618 -0.029933 0.064391 0.091058 0.004657 0.143561 -0.152878 -0.131907 0.069719 -0.004768 -0.050709 -0.305678 0.072085 -0.083934 -0.100541 0.206813 -0.042822 0.168562 -0.106988 -0.060037 -0.259216 0.222992 0.182715 0.234228 0.102224 0.164864 0.024264 0.163603 -0.032808 0.032877 0.028451 
-0.130958 0.077449 -0.082355 0.051753 0.095536 0.129738 0.021845 0.090729 -0.079409 0.125710 0.065096 -0.044916 0.074085 0.450387 -0.257422 -0.227282 -0.142280 -0.092383 0.044425 0.100571 -0.127924 0.119197 -0.005821 -0.027650 0.223495 0.125752 -0.254647 0.017894 -0.026589 0.091280 0.009534 0.101201 0.013078 -0.099846 0.026491 0.331562 0.118450 -0.054406 0.031516 0.208096 -0.187508 -0.086509 0.141663 0.177341 -0.156551 -0.032410 0.075746 -0.086340 -0.118549 0.162887 
