-0.161361 0.169461 0.199995 -0.097773 -0.025658 -0.148960 0.082291 -0.058617 0.069661 0.077145 -0.080106 -0.182086 -0.047993 -0.100613 -0.037562 -0.147660 0.113269 0.032518 -0.192409 -0.083425 0.074181 0.184975 -0.038402 -0.193793 -0.170452 -0.248433 -0.197467 -0.062470 -0.241871 -0.117499 -0.007984 -0.136165 0.212262 0.289255 0.128930 0.077101 -0.003183 0.007525 -0.301665 0.209671 0.128197 0.093186 0.275047 0.031535 -0.034889 -0.073563 0.031868 -0.062022 -0.024790 0.123395 
-0.144746 -0.037289 -0.192208 0.012862 0.046594 0.252318 -0.045228 -0.114315 -0.264692 0.022636 0.121765 0.177975 0.208680 -0.050387 0.307342 -0.043032 -0.213524 0.037112 -0.019303 0.005476 0.157426 0.183134 0.151164 -0.024136 0.082002 -0.199713 -0.070716 -0.026750 0.017276 0.058984 0.322930 0.080808 -0.084631 0.100954 -0.280732 -0.151874 -0.129316 -0.162733 -0.023823 0.204359 0.151329 0.004386 0.085329 0.130001 0.011560 -0.143782 -0.056534 0.046775 -0.150961 0.056889 
-0.153801 -0.104278 -0.036313 -0.197553 -0.209762 -0.021743 -0.164015 0.111487 -0.248781 -0.001330 -0.045784 0.176326 -0.142431 0.071452 -0.082823 -0.105232 0.160015 0.099258 -0.142434 0.370339 0.270081 -0.066280 -0.021282 0.043697 -0.028782 -0.034356 -0.158690 -0.000143 -0.012295 -0.027586 -0.310610 0.108709 -0.111593 -0.071375 0.092370 -0.010172 -0.069174 0.263779 0.193248 0.037993 0.152200 -0.045575 0.020077 0.163852 -0.051707 0.027258 -0.055297 -0.129375 -0.277211 0.045121 
-0.158741 -0.087885 -0.082470 -0.082708 0.085155 -0.063900 0.112028 -0.205724 -0.209627 0.182605 0.073266 -0.159839 0.004710 0.196663 -0.249125 -0.055185 -0.130372 -0.084315 0.022825 -0.115238 -0.031525 -0.170858 -0.187482 0.076649 -0.057819 0.219182 -0.006032 -0.036862 0.072090 0.222877 0.145566 0.070883 0.019910 -0.129612 0.064707 0.207279 0.022271 0.145095 -0.139935 0.262997 -0.006987 0.233749 -0.051810 -0.019450 0.340315 -0.078276 -0.189318 0.010374 -0.184194 0.089566 
-0.156621 -0.060459 0.048582 -0.058970 0.200411 0.119845 -0.194935 0.265345 0.055160 -0.000458 0.017094 0.174246 0.059289 0.066827 0.035410 0.060635 -0.025378 -0.043187 -0.247649 -0.102227 0.060939 -0.147051 -0.156128 -0.307793 0.248733 0.017201 -0.218063 0.224440 -0.002277 0.080345 -0.203483 -0.053979 0.000468 -0.066862 0.020679 0.003125 0.317695 -0.265885 -0.017101 0.138166 -0.130754 0.138589 0.044085 -0.168095 0.015664 -0.120950 -0.056994 0.057288 -0.023684 -0.206014 
-0.146780 0.124534 0.050893 0.038892 0.111195 0.240523 0.189475 -0.130696 0.200076 -0.186080 -0.034216 -0.027026 -0.118697 -0.283693 0.205660 -0.102946 0.017459 0.009279 -0.139326 0.245370 -0.137127 -0.185539 -0.124144 -0.052678 -0.021658 0.302664 -0.011985 0.050337 -0.093043 -0.007048 -0.078482 0.088951 0.170684 -0.084494 -0.189503 -0.133658 -0.010423 0.141138 0.178505 0.090534 0.283480 0.093882 0.041414 0.028774 0.160165 -0.047337 -0.089021 0.093454 0.216117 0.097752 
-0.157084 0.157419 0.328334 0.048771 0.102632 -0.078563 -0.178375 -0.000684 0.034444 0.247791 0.231766 -0.025839 0.206825 -0.086486 0.051768 0.132461 0.059040 0.107264 0.214628 0.301058 -0.104650 -0.092069 -0.154564 -0.051792 0.059222 -0.048835 0.047019 -0.093711 0.101606 -0.046727 0.099014 -0.188269 -0.066242 -0.098438 -0.014983 0.260290 -0.029638 -0.156307 0.091429 0.168457 0.169621 0.019639 -0.137023 0.208340 -0.022327 0.146987 0.109415 -0.223513 0.050238 -0.100286 
-0.138329 0.007383 -0.041557 0.001624 0.171390 -0.221760 0.175105 -0.052426 -0.115497 -0.110449 -0.104474 -0.225435 0.238329 -0.118051 0.191869 0.056473 0.204563 -0.165616 -0.231237 0.065468 -0.095171 -0.219636 0.082985 -0.040694 0.156567 -0.040907 -0.013228 -0.030419 0.014462 -0.000930 -0.083833 -0.170307 -0.278747 -0.111900 -0.087866 0.042935 -0.161632 0.009264 -0.052013 -0.073704 -0.287177 -0.191458 -0.029594 -0.022678 -0.073967 -0.179539 -0.070241 -0.130038 -0.086084 0.301820 
-0.124871 -0.191920 -0.201203 -0.196549 -0.013000 0.027750 0.070001 -0.227816 0.005144 0.033570 0.040715 -0.024994 -0.028204 -0.054111 -0.088030 0.040681 0.066432 0.059507 0.029420 -0.163717 -0.226685 0.196652 0.058146 0.239739 0.062251 0.125521 -0.149628 0.043082 -0.165872 0.114532 -0.262178 -0.252027 -0.187029 -0.022687 -0.040446 0.055029 -0.130819 -0.075410 0.034063 0.097242 0.045964 0.070316 0.104181 0.228555 -0.230646 -0.054265 -0.105354 -0.030660 0.249633 -0.341521 
-0.131395 -0.019717 0.098663 -0.128126 -0.040563 -0.166562 -0.226031 0.035718 -0.098605 -0.077132 0.043613 0.134806 -0.001794 0.107383 0.324062 -0.236258 0.174487 -0.263303 0.022901 0.007172 0.037197 -0.001087 -0.018335 0.421843 0.037329 0.095574 0.093733 -0.057926 -0.030105 -0.233601 0.102107 -0.042061 -0.088347 0.027576 0.181616 0.083573 0.143391 -0.114606 -0.001330 0.009714 -0.031314 0.154044 0.126816 -0.005805 0.110571 0.000140 0.030552 0.312271 0.222869 0.111667 
-0.157616 -0.096990 -0.026601 -0.163538 -0.003361 -0.178888 -0.167000 -0.017419 0.028794 0.068302 -0.161953 0.133495 0.037732 -0.002837 0.162132 -0.084876 0.111347 0.089745 -0.137439 -0.049250 0.100634 -0.109501 0.070808 0.094279 0.012170 0.016962 0.107082 0.182215 0.037040 0.120266 0.156618 -0.182771 0.409447 0.105041 -0.284086 0.037623 -0.124014 0.174251 -0.172704 -0.106761 -0.062068 -0.169781 -0.170967 -0.070588 0.140780 0.213937 -0.140308 -0.146677 0.072458 -0.265080 
-0.141996 -0.331509 -0.071766 0.108649 0.004714 0.143951 0.104373 0.041452 0.186464 0.027432 -0.173184 -0.016880 -0.116621 0.115127 0.230918 -0.092004 -0.004095 -0.111823 -0.023627 0.169889 -0.144908 0.212053 0.130086 -0.075927 0.089607 -0.042527 0.004695 0.010321 0.232614 0.167235 -0.028079 0.013396 0.159775 -0.106263 0.223641 0.086338 -0.206025 -0.091249 -0.018995 0.017372 -0.138905 0.304001 0.092443 0.036440 0.020038 0.249719 0.236956 -0.192552 -0.059374 0.121495 
-0.174661 -0.196204 -0.060162 0.113500 -0.200804 -0.040110 0.075551 0.026233 0.083843 0.139705 0.046286 0.150847 0.301458 -0.038456 0.135749 -0.025781 -0.175883 -0.136263 0.324619 -0.025229 -0.071501 -0.091600 -0.216839 -0.092674 0.008395 -0.073650 -0.079223 -0.034038 -0.224076 0.164429 -0.074662 -0.025508 0.047956 0.233942 0.133878 -0.129758 0.246786 0.252626 0.115108 -0.089199 -0.120125 -0.092485 0.071912 0.073626 -0.061067 0.100959 -0.197850 -0.098217 0.111813 0.189044 
-0.126826 -0.079580 0.052850 -0.195830 -0.095247 0.051890 -0.095520 -0.004881 0.240748 -0.374049 0.080220 0.021410 -0.101738 0.002841 -0.139497 -0.136649 -0.016536 -0.025227 0.195295 -0.016303 -0.258528 -0.293433 0.208888 0.028489 -0.085455 -0.281583 -0.161928 -0.016683 0.082065 0.070064 0.101855 0.095943 -0.002337 0.109087 -0.043149 0.204862 0.032097 -0.189414 0.053127 -0.196080 0.046073 -0.062970 0.064227 0.102014 0.196496 -0.230054 -0.078680 -0.127028 -0.111031 -0.023077 
-0.148126 -0.071194 0.027035 -0.087313 -0.200198 -0.128061 -0.011662 0.006746 0.086884 -0.119365 -0.055875 0.031895 -0.106313 -0.092890 -0.042898 0.233512 -0.558011 0.204227 -0.414162 0.008375 -0.046000 -0.125982 -0.056707 0.131574 0.009256 -0.113783 0.227746 -0.071461 0.043632 -0.048554 0.016647 -0.089369 -0.232627 0.160037 0.089505 -0.021723 0.001174 -0.033465 0.021426 0.114660 -0.010546 0.044442 -0.053621 -0.030983 0.057998 0.147586 0.056842 -0.018529 0.124101 0.083826 
-0.124640 -0.073135 -0.090082 0.112841 -0.284323 0.107914 -0.075165 -0.333352 0.051615 -0.059480 0.089430 0.029235 -0.126930 -0.263913 -0.179532 -0.047252 0.072406 -0.158740 0.014848 0.190478 0.059459 0.028746 -0.125027 -0.007319 0.135365 -0.017328 0.086948 0.121477 -0.003860 -0.146124 0.186180 -0.243725 0.110621 0.035812 0.002639 -0.021181 0.135258 0.071565 -0.003436 0.029591 -0.235082 0.139638 -0.244911 -0.097129 -0.194287 -0.263229 0.187930 0.052359 -0.194536 -0.070503 
-0.139813 0.004367 -0.021069 0.269012 -0.140398 -0.145312 0.182717 0.047084 -0.056436 -0.047947 0.182956 0.100178 -0.096559 0.005680 -0.061082 0.380328 0.040018 0.037324 -0.076676 -0.065268 0.113353 0.072968 0.098455 0.040099 0.083961 0.146469 -0.295995 0.025773 -0.162639 -0.144598 0.166547 -0.179094 0.139691 -0.096552 -0.104644 0.190347 -0.024931 -0.084659 0.230695 -0.249112 -0.008559 0.057854 0.244444 -0.005650 0.194906 0.170724 -0.061504 0.056979 -0.131677 0.064114 
-0.149645 -0.146663 0.179703 -0.217836 0.075622 -0.142588 -0.018151 0.143614 0.098828 0.068281 0.016852 0.200585 0.038170 -0.086666 -0.074218 0.056754 -0.096146 -0.011683 0.170302 -0.158298 0.119168 -0.008952 0.151757 -0.160371 -0.226543 0.014225 0.214093 -0.153912 -0.012932 0.091088 -0.087883 -0.260324 0.022474 -0.322244 -0.194821 -0.187735 -0.097761 0.139239 0.008571 -0.122202 0.050115 0.227773 0.078143 0.025630 -0.024632 -0.226638 0.209401 0.167410 -0.047157 0.128459 
-0.134232 0.253947 -0.059710 0.253696 -0.037213 0.083482 -0.022903 0.048187 0.172895 0.101236 -0.123226 0.111370 0.116366 0.143908 0.049773 -0.050217 -0.154749 -0.013221 0.047000 0.123682 -0.021995 -0.057166 0.259766 0.011513 -0.296648 0.286211 -0.144214 -0.022759 0.236641 -0.069289 -0.163862 -0.197586 -0.130679 0.261008 0.002920 0.122993 -0.075867 0.138461 -0.048218 0.140240 -0.170919 -0.123904 0.067698 -0.000224 0.058932 -0.119658 0.061509 0.193075 -0.124625 -0.172285 
-0.149538 0.023820 0.067967 0.005632 -0.192304 0.202353 -0.056293 -0.166841 0.177952 0.141118 -0.156306 -0.018263 -0.037761 0.199351 0.120942 0.235086 0.164944 0.185650 0.051644 -0.001375 0.141501 0.055960 -0.039483 -0.009456 0.263900 0.109710 0.272888 -0.269676 -0.240775 0.091861 -0.109516 0.104831 -0.035699 0.017773 0.100522 -0.003733 -0.033656 -0.122193 -0.129182 -0.113089 -0.004048 -0.183680 0.051259 -0.015763 0.283515 -0.294933 0.042323 -0.054534 -0.034897 -0.037972 
-0.153473 -0.021593 -0.068842 -0.210495 -0.009542 0.039375 -0.061339 0.122446 0.298247 0.141103 0.351265 -0.237890 0.109055 0.254853 0.042871 0.025930 -0.143151 0.102321 -0.042324 0.020485 -0.086277 0.111355 0.163043 0.160159 0.050167 0.098759 -0.130917 0.236920 -0.170226 -0.250556 -0.059960 0.165174 0.140061 -0.098298 -0.078774 -0.031670 0.008881 0.074475 -0.092354 0.015672 -0.011784 -0.093601 -0.255975 -0.025171 -0.123650 -0.046705 0.093934 0.018217 -0.062131 0.261698 
-0.126000 0.021463 -0.305762 -0.127231 0.000430 -0.032843 -0.229393 -0.014913 0.010931 -0.003785 -0.123238 0.005783 0.002866 -0.159245 -0.169130 -0.012865 -0.102641 -0.223202 -0.006250 -0.116918 0.032885 0.191701 -0.121624 -0.266026 -0.008612 0.157364 -0.075347 -0.294995 0.198944 -0.369514 -0.046402 0.104714 0.123116 -0.118945 -0.052470 0.015479 -0.002467 -0.111882 0.006977 -0.016214 -0.106214 -0.196650 -0.056341 0.261296 0.159640 0.057948 -0.024483 -0.103454 0.184343 0.075350 
-0.138456 0.061945 -0.081071 0.296144 -0.020512 -0.077964 0.040834 0.235602 0.119036 -0.179093 -0.092686 -0.112987 0.066796 -0.049333 -0.122398 -0.124723 -0.043035 -0.140514 0.055424 -0.172958 0.242721 -0.053463 0.206042 0.145509 0.072058 -0.005078 0.332552 0.133667 -0.137551 0.030079 -0.016603 -0.048618 0.162685 -0.181450 0.179704 0.002216 0.008936 -0.129117 0.152566 0.346518 0.149885 -0.132107 -0.011877 0.179316 -0.081393 -0.045992 -0.144542 -0.120287 -0.086535 -0.047920 
-0.135664 -0.013410 0.015019 0.034858 0.239326 -0.205790 0.243131 -0.238393 -0.173816 0.193814 0.093772 0.249842 -0.279285 0.187457 -0.077491 -0.053710 -0.107009 -0.059825 0.067991 0.105646 -0.060279 -0.265289 0.266603 -0.123001 0.164680 -0.125408 0.068051 -0.102664 -0.107595 -0.174714 -0.092900 0.190654 0.187800 0.065396 0.016789 -0.056345 -0.025063 -0.068821 0.083445 0.113399 -0.100899 -0.133234 0.025051 -0.053116 -0.123093 -0.013660 0.124567 0.037532 0.161142 -0.097230 
-0.146228 0.210437 0.110367 -0.029905 -0.154889 0.075406 -0.091355 0.103280 -0.200290 -0.155774 0.030647 0.025571 -0.099155 0.258374 -0.040824 -0.062813 -0.041856 -0.278345 -0.075933 0.032963 -0.348882 0.020250 -0.025875 -0.184559 -0.096592 0.184287 0.009926 -0.065041 -0.319719 0.116080 0.177125 -0.148608 -0.069746 -0.062539 0.065788 -0.330136 -0.158148 -0.110553 -0.098106 -0.056336 0.037330 -0.086902 -0.126846 0.005632 -0.043541 0.188901 0.022122 -0.056608 -0.126642 -0.100877 
-0.139800 0.102488 0.124462 0.027511 -0.413142 -0.086238 -0.020474 0.061489 -0.214632 0.126546 -0.251958 -0.169520 -0.005546 -0.011990 0.197279 0.048953 -0.163949 -0.111063 0.042850 -0.121317 -0.058412 -0.030691 -0.002742 -0.161774 -0.040240 0.007440 -0.006297 0.189964 0.018832 -0.009872 0.012657 0.330618 0.016056 -0.120535 -0.125955 0.319070 -0.123521 0.016940 0.095025 -0.106706 0.063820 0.135974 -0.020833 -0.074539 -0.243315 -0.203478 -0.002616 0.039429 0.159174 -0.130749 
-0.146144 -0.180409 0.048278 0.168827 -0.002203 0.174774 -0.046940 -0.049364 -0.126338 0.083930 -0.093440 -0.025773 0.076349 -0.098639 -0.052033 -0.184673 0.101045 0.207616 0.032891 -0.229046 -0.090418 -0.161837 0.044574 0.060973 -0.188189 0.084487 0.060217 0.150137 -0.129827 -0.332433 0.046803 0.112208 -0.241080 -0.103451 -0.133447 -0.111239 0.172044 0.027180 -0.046341 0.021117 -0.075323 0.011409 0.223276 -0.108951 0.114280 0.145993 0.278033 -0.348048 -0.041566 -0.059147 
-0.137546 -0.019314 -0.194815 -0.148990 -0.072447 0.154747 -0.009213 0.255252 0.019922 0.261468 0.051451 -0.266859 -0.112413 -0.252455 -0.077618 0.118060 0.271429 -0.124563 -0.015687 -0.075014 0.077850 -0.227862 0.140275 -0.021044 -0.023829 -0.060574 -0.044725 -0.107214 -0.066472 0.246171 0.141400 0.090328 -0.088287 0.198255 -0.018045 -0.018011 -0.019564 -0.009870 0.162930 0.127795 -0.055408 -0.070647 -0.057801 0.001434 0.056432 0.205569 0.267785 0.278723 0.074296 -0.015163 
-0.130747 -0.131287 0.111761 -0.088288 0.094353 -0.087123 0.168006 -0.256056 0.165941 -0.148793 0.043301 -0.047653 0.355064 0.177078 0.024181 -0.015345 0.126626 -0.054283 -0.181600 -0.153252 0.095443 0.105708 -0.111343 -0.188888 -0.139728 -0.074673 0.075419 0.049688 0.029603 -0.135191 0.057205 0.163438 -0.081429 0.101037 0.167853 -0.044872 -0.116080 0.067597 0.379133 -0.071905 0.049203 0.015125 -0.146448 0.056880 0.080029 0.079800 0.085473 0.171961 -0.132335 -0.297247 
-0.136979 0.252467 -0.299672 0.018562 0.051067 -0.121843 0.061415 -0.031419 0.223736 -0.001046 -0.272135 0.218242 -0.053247 -0.025539 0.064101 0.011027 0.130203 0.174650 0.190390 -0.033688 -0.002798 -0.045904 0.026340 -0.034038 -0.034000 -0.164172 -0.070701 -0.083160 -0.198946 -0.112468 0.023954 0.094884 -0.226781 -0.115946 -0.020336 0.031787 0.021039 -0.064163 -0.121279 0.015595 0.014640 0.343081 -0.340389 -0.080830 -0.047579 0.211294 -0.202694 0.077851 -0.117160 0.033654 
-0.135780 0.199251 -0.107469 -0.067614 -0.033384 -0.106675 -0.040126 -0.025012 -0.085263 -0.059108 -0.082718 -0.216992 0.060032 0.190384 -0.144928 -0.147036 -0.024090 0.112122 0.238405 0.013578 0.162227 0.037194 -0.069748 0.031677 0.136055 0.028174 -0.083197 0.068317 0.149370 0.039483 -0.107241 -0.187767 0.020129 0.224844 -0.103968 -0.259134 -0.150393 -0.192983 0.327267 -0.030160 0.056598 0.168756 -0.007691 -0.355841 0.100122 -0.040157 0.093496 -0.181202 0.172813 0.142652 
-0.119530 0.000633 -0.007959 0.058862 -0.066181 0.078215 0.121337 0.319982 -0.181716 -0.173368 0.107321 -0.165816 -0.032938 0.143243 0.003267 -0.005969 0.143126 0.199027 0.063109 -0.069710 -0.241003 0.074900 0.059070 -0.141639 0.317326 -0.114341 0.208668 -0.166548 0.180207 -0.233754 -0.024317 -0.084599 0.030297 0.143721 -0.124747 -0.037530 0.103217 0.355256 -0.049580 0.055975 -0.038998 0.198166 -0.008250 0.151390 0.061427 -0.023632 -0.134956 0.100445 0.017742 -0.130450 
-0.112058 0.092565 -0.146623 0.029178 0.144925 0.170723 0.151625 0.047568 -0.074312 0.089933 0.050404 -0.160298 -0.076337 0.015195 0.081385 -0.050093 -0.184071 -0.093220 -0.002697 0.068812 0.267334 -0.091945 0.059156 -0.001188 -0.007784 -0.188069 -0.134270 0.099880 0.016187 -0.077926 0.096622 -0.206754 -0.126025 -0.170150 0.329448 -0.045503 0.059883 0.167228 -0.177269 -0.383369 0.186271 0.007204 -0.110560 0.080792 0.148549 -0.103130 0.064692 -0.093767 0.249433 -0.211454 
-0.131470 0.017978 0.129793 -0.185658 0.219514 0.110452 0.065953 0.064476 0.132743 -0.089819 -0.195399 0.000404 -0.112420 0.056226 -0.226608 -0.071856 -0.138327 -0.089302 0.214196 0.179062 0.149391 0.191949 -0.147165 -0.068399 0.219693 0.017203 0.120365 0.261319 -0.125205 -0.022942 0.206272 0.014364 -0.269626 0.030191 -0.166168 0.222203 -0.092878 0.147455 -0.032697 -0.013207 -0.120284 -0.184286 0.252067 -0.007208 -0.061379 0.163546 -0.029703 0.135023 0.010976 0.034354 
-0.149447 -0.150511 0.141819 0.104580 -0.165789 0.053610 0.214320 0.015897 -0.112176 -0.138032 -0.022657 0.221360 -0.040482 0.100190 -0.103889 0.197947 0.241473 -0.005018 0.089938 -0.015741 0.001228 0.157899 -0.024136 -0.046838 -0.194724 -0.137318 -0.083498 0.273547 0.169628 0.032399 -0.054929 -0.027848 -0.080976 -0.060253 -0.019976 -0.026149 0.015520 -0.064263 -0.172110 0.248588 0.068886 -0.230171 -0.280901 -0.028516 0.180165 -0.043343 0.039078 0.078819 0.329817 0.206605 
-0.150620 0.079951 0.130506 0.214398 0.092473 0.068311 -0.074149 0.021597 -0.024378 0.349592 -0.064720 0.048045 -0.192823 -0.103357 -0.060548 -0.314044 -0.034982 0.171850 -0.125385 -0.220844 -0.244071 0.119567 -0.191757 0.132435 0.063931 -0.214583 -0.000900 0.107315 0.079441 0.042352 -0.079957 -0.082369 0.013122 -0.066225 0.043738 -0.047356 -0.134020 -0.073841 0.212237 -0.206233 -0.055520 -0.171896 -0.108045 0.121615 0.090415 -0.060718 -0.104179 0.246306 -0.138367 0.146961 
-0.151596 -0.096741 -0.155509 0.040156 0.255248 -0.081697 -0.203300 0.023747 -0.027073 0.065778 0.050805 0.115266 -0.164126 -0.063037 -0.007068 0.181515 0.151613 0.039168 -0.019302 -0.087700 -0.125244 0.063315 0.102413 -0.181650 -0.064532 0.278838 0.207611 0.183574 0.111931 -0.006068 0.176268 0.033433 -0.103345 0.325172 0.251777 0.061845 0.005831 0.056763 0.032839 -0.150755 0.313411 0.010994 0.000565 -0.080790 -0.190595 -0.156083 -0.117032 -0.134153 -0.015529 0.189423 
-0.134129 -0.205259 0.087566 0.315407 0.164168 -0.074597 -0.201349 0.065882 -0.025154 -0.229626 -0.168888 -0.042045 0.144699 0.066513 -0.206704 -0.051166 -0.008139 0.271390 -0.039896 0.043692 0.074103 -0.106086 -0.080745 0.093987 0.082124 0.118739 -0.300149 -0.225131 -0.095458 0.124859 0.211532 0.153330 0.082820 0.011953 0.051598 -0.041958 -0.141310 0.065380 -0.131236 -0.060157 -0.027745 0.038014 -0.096770 0.127007 -0.223836 -0.103999 0.167966 0.150511 0.202026 0.016185 
-0.133751 0.148186 0.094491 -0.138702 0.189002 0.171871 0.186499 0.011743 -0.132277 -0.139345 -0.127573 -0.014633 -0.193231 0.092991 0.186471 0.241941 -0.029353 -0.019233 0.125611 -0.217464 0.143660 -0.112995 -0.252510 0.231744 -0.144286 0.076320 -0.006005 0.025141 0.099256 -0.009555 -0.076842 0.000045 0.163331 0.195143 -0.069897 -0.020414 0.127122 -0.094601 0.008341 -0.069710 -0.141378 0.038099 -0.111923 0.339845 -0.220189 0.019598 0.163395 -0.120247 -0.193232 0.062079 
-0.136716 -0.167142 0.027563 -0.136654 -0.085244 0.137577 0.328156 0.133003 -0.132155 -0.078878 0.132766 0.040381 0.113469 -0.224277 0.016975 -0.253230 -0.067285 0.168728 0.100559 -0.026982 0.080393 -0.032655 -0.067306 -0.030120 0.022620 0.219269 0.039097 -0.220840 0.078412 -0.082574 -0.101289 -0.054759 0.067666 0.024048 0.136759 0.206171 -0.080347 -0.252742 -0.173113 -0.114548 0.140489 -0.180763 -0.103352 -0.322465 -0.165902 0.129957 -0.056429 0.118943 -0.141336 -0.036458 
-0.141386 0.138467 0.180546 0.086863 0.094595 -0.030305 0.129350 0.192976 0.081529 0.042537 0.126049 0.229133 0.045586 -0.200925 -0.154306 -0.003408 0.003306 -0.337944 -0.124415 -0.065409 0.001923 0.257039 0.010033 0.304229 0.131086 -0.002460 -0.058952 -0.175510 0.021590 0.093272 -0.086845 0.283040 -0.099489 0.146151 -0.126565 -0.007663 -0.057387 0.152174 -0.055802 -0.063815 0.024126 0.115432 -0.135308 -0.175556 0.077528 -0.095291 0.064784 -0.303735 -0.003568 -0.131098 
-0.112823 0.093825 -0.035118 0.031954 -0.167500 -0.225309 0.149750 -0.125692 0.210648 0.047763 0.027194 -0.018322 -0.120389 0.188964 0.044135 -0.213959 0.072040 0.030980 -0.142576 -0.082961 0.058037 0.053517 0.001803 -0.048830 0.122163 0.096662 -0.066025 -0.130335 0.303743 0.235178 0.155415 -0.002775 -0.165818 -0.141921 -0.193785 -0.065012 0.448149 0.006258 -0.030835 -0.045257 0.217869 -0.172724 0.091677 0.067404 -0.218909 0.079157 0.123539 -0.024297 -0.020814 0.013269 
-0.132363 -0.235999 0.047926 0.181747 0.056735 -0.105477 0.029470 0.098037 0.031387 0.091398 0.146543 -0.271847 -0.173591 0.044709 -0.006866 -0.057440 0.015431 -0.012158 -0.043002 0.311461 0.171753 0.118906 -0.033246 -0.026785 -0.366565 0.006271 0.159859 -0.054536 -0.044712 0.013933 -0.044856 0.099883 -0.097169 0.101957 -0.239700 -0.119591 0.103063 -0.294792 -0.045765 -0.143414 -0.197158 0.108468 -0.037095 0.060856 -0.015076 -0.041617 -0.341669 -0.000085 0.062507 -0.120467 
-0.123696 0.097690 -0.346210 0.031667 0.038349 0.158421 0.051796 0.074950 -0.030019 0.055587 -0.081095 0.099039 0.291873 0.208693 -0.242336 0.114028 0.102904 -0.087946 -0.191210 0.201722 -0.189360 -0.056920 -0.216016 0.171620 -0.180633 -0.244153 0.236733 -0.037570 0.008313 -0.014137 -0.034842 -0.013641 0.197678 -0.062462 -0.120512 0.124569 0.063504 -0.072748 -0.034490 -0.149570 0.166786 0.001294 0.228549 -0.101427 -0.145415 -0.030909 0.096569 0.077380 0.047774 0.021926 
-0.128180 -0.095384 0.110438 0.207653 0.079659 0.230980 -0.325529 -0.248666 0.066388 -0.106560 0.117693 -0.166916 -0.163705 0.117545 0.072928 0.132995 -0.014127 -0.227869 0.041351 -0.215023 0.120582 -0.090975 -0.007293 0.021138 -0.029229 -0.207287 -0.041156 -0.206314 0.083333 -0.050786 -0.210370 -0.076021 -0.030923 -0.067685 -0.116576 0.063122 -0.101249 0.177181 -0.038362 0.049439 0.160106 -0.063522 0.026332 -0.288392 -0.170635 0.231162 -0.170932 0.053509 -0.015098 0.049665 
-0.135686 0.269236 -0.030958 -0.043347 0.102354 0.138277 -0.109630 -0.112445 -0.185038 -0.215793 0.184992 0.034094 0.020427 -0.032218 0.031217 -0.112126 -0.009195 0.229118 -0.088225 -0.020303 0.045550 0.250047 0.194741 -0.092411 -0.183783 -0.019516 0.124602 -0.087729 -0.142801 0.292483 -0.041411 0.021953 0.058116 -0.117892 0.089993 0.298659 0.223028 0.117510 0.195712 -0.031681 -0.318860 -0.014054 -0.068815 -0.083570 -0.010711 0.052097 0.047440 -0.077748 0.181404 0.091713 
-0.135342 0.243278 0.136199 -0.012404 -0.147176 0.079407 -0.052722 -0.214826 -0.013502 0.006235 0.162440 0.037855 0.208725 -0.124462 -0.227135 0.034931 0.071487 0.012956 -0.023861 -0.020959 0.109980 -0.141031 0.188449 -0.021741 0.132991 0.062083 0.104165 0.226908 0.222357 0.073634 -0.140251 0.191926 0.017694 0.015933 0.110367 -0.205380 -0.097521 -0.096531 -0.278295 -0.195295 -0.106952 0.186444 0.171216 0.216124 -0.064114 0.239084 -0.144556 0.114117 0.056932 0.086495 
-0.146240 0.020786 0.212450 -0.220414 0.029338 0.136073 0.052706 0.006235 0.011913 0.119422 -0.253206 -0.058980 0.050560 -0.063902 -0.053746 0.216510 0.033764 0.068342 0.025423 0.099367 -0.094282 0.092010 0.167127 0.178730 -0.070514 -0.029016 -0.142898 -0.136191 0.194940 -0.093054 0.290051 0.023688 0.114742 -0.198777 0.224662 -0.266015 0.149814 0.036619 0.166749 0.101443 -0.130946 -0.075399 0.103800 -0.213071 -0.145913 -0.056239 -0.326587 -0.034262 -0.003268 -0.084132 
-0.155926 -0.049176 -0.016490 0.037243 0.146233 -0.251964 -0.124253 -0.113187 -0.201586 -0.122278 -0.186346 -0.221314 0.063655 -0.213342 0.032450 0.161483 -0.140596 -0.032312 0.180172 0.168769 -0.176203 0.214516 0.126088 0.068554 0.059838 -0.040093 -0.016228 0.098788 -0.030412 0.100608 -0.245163 0.084659 0.076949 0.010289 0.004445 -0.082648 0.300471 -0.016157 -0.113738 -0.072108 0.192128 -0.097700 -0.022853 -0.049716 0.188541 0.104592 0.182484 0.215995 -0.242781 -0.114709 
-0.162543 0.139455 -0.226240 0.027272 -0.007876 -0.249397 -0.034669 0.087475 0.086888 -0.146164 0.312872 0.005184 -0.159694 -0.107982 0.195969 0.080080 0.037101 0.150784 0.149047 -0.022852 -0.035100 0.006042 -0.347706 0.027301 -0.100918 -0.078716 0.004492 0.075255 0.126470 0.064070 0.039126 0.174197 0.006633 -0.175523 0.150220 -0.160581 -0.254689 0.086657 -0.114428 0.123577 -0.172852 -0.142933 0.280777 -0.130664 -0.000875 -0.082024 0.077996 -0.000277 -0.039185 -0.194858 
