-0.144441 0.065737 0.096468 -0.082704 0.094191 0.075105 0.147515 0.185923 -0.015945 -0.100415 -0.213349 0.186113 -0.051451 -0.098357 0.048245 -0.009865 0.283993 -0.235817 -0.006930 0.192165 0.097138 -0.181750 -0.261789 0.069592 -0.069937 -0.192091 -0.020604 -0.005063 0.071822 -0.081280 -0.149003 -0.205440 -0.214523 -0.198764 0.280685 0.076546 0.005996 -0.006012 0.137765 -0.009674 -0.134481 -0.263310 -0.067668 -0.082039 0.028081 -0.065013 0.120863 -0.110070 -0.095032 -0.215130 
-0.149767 -0.287292 -0.092425 0.120917 0.060168 0.019848 -0.108497 0.035770 -0.002017 -0.107107 -0.237419 -0.177279 -0.157410 0.201612 0.110913 -0.226292 0.047239 0.204459 -0.025572 0.068240 -0.101002 0.151236 -0.001880 0.043070 -0.088429 -0.073147 0.077764 -0.137204 -0.107595 -0.327260 0.025475 -0.043700 0.090953 0.161049 0.055032 -0.149722 -0.081066 0.026713 0.047055 -0.112256 -0.302924 -0.235003 -0.114273 -0.040873 -0.119383 -0.078334 -0.133275 -0.051573 -0.075896 0.304958 
-0.156294 -0.034359 0.058024 0.259459 0.033159 -0.260272 0.327028 0.061876 0.077262 -0.030318 0.049479 -0.058255 0.040503 -0.002587 -0.050820 -0.338037 -0.098888 -0.096328 0.277747 0.123015 -0.064883 -0.015203 -0.145317 0.197688 0.111460 -0.012610 -0.187426 -0.035497 -0.141199 -0.070341 -0.076251 0.156627 -0.019811 -0.264828 0.048766 0.002636 0.074567 0.000718 0.050308 -0.009655 0.166359 0.173638 0.161243 -0.116027 0.041128 -0.091788 0.046939 0.078918 0.201094 0.274437 
-0.137498 -0.180394 -0.023130 0.100450 -0.085161 0.048471 0.114861 -0.033344 -0.016715 -0.028847 -0.527026 0.103118 0.095702 0.031488 -0.068950 -0.061418 -0.157426 0.183840 -0.159750 0.068329 -0.085211 -0.052431 0.199251 -0.089162 0.142073 0.102114 -0.071672 -0.021966 0.112522 0.186444 -0.221123 -0.076659 0.097120 -0.042922 0.090714 0.045921 0.134650 -0.044016 0.082866 0.080015 0.074573 0.112200 0.306095 0.005917 -0.005623 0.003441 -0.281709 0.040261 -0.178780 -0.202906 
-0.143499 0.195901 -0.018847 -0.201965 -0.039330 0.145070 -0.200880 0.269519 -0.105277 -0.029488 0.177538 0.020534 0.090567 0.161708 -0.174392 -0.016547 -0.004436 -0.042853 0.112426 0.171150 -0.165814 -0.029614 0.074884 0.118269 -0.100770 -0.064448 -0.175620 0.068707 0.131773 0.024400 -0.162466 0.286742 -0.113050 -0.006142 -0.159527 -0.219552 -0.135972 0.068016 0.346037 -0.119724 -0.061218 -0.022527 0.195334 0.147670 -0.036290 0.111267 -0.185111 0.054190 -0.160210 0.052178 
-0.133071 -0.011505 -0.162530 0.302735 -0.175328 0.004116 -0.004291 -0.028309 0.055173 -0.014175 0.126061 -0.243910 0.394081 0.013330 0.047606 0.312147 -0.015306 -0.026885 0.059606 -0.091144 0.041249 -0.096841 -0.149127 0.058328 0.048818 0.030238 -0.102971 -0.129954 0.018422 -0.074304 -0.036402 -0.292540 0.063568 -0.047742 0.063200 -0.157432 -0.122847 0.403635 0.086715 0.003323 -0.140284 0.172763 -0.045750 0.097404 -0.003868 -0.143124 -0.019946 -0.033073 -0.086127 -0.120256 
-0.145967 0.001681 0.216904 0.069948 0.007420 -0.000083 -0.305940 0.091944 -0.196101 0.156856 -0.098661 -0.188777 -0.155980 0.024968 -0.077850 0.145664 -0.027528 0.008282 0.022878 0.004746 0.327413 -0.105947 0.001827 0.235248 -0.093717 0.051322 0.208851 -0.122287 -0.084172 -0.002077 -0.119494 0.208850 -0.105749 -0.123193 0.153764 0.041895 0.008770 -0.052927 -0.187074 0.224674 0.087170 0.071928 -0.060502 0.212133 0.026136 -0.288523 -0.151589 0.210908 -0.021597 0.021510 
-0.112799 0.012954 0.036299 -0.172328 -0.417899 0.120031 0.060755 0.074126 -0.011213 -0.090984 -0.017477 0.001246 0.137680 -0.198152 0.065827 0.005237 0.007920 0.035628 -0.043619 -0.250526 0.012125 0.116313 -0.112440 0.199394 -0.068320 -0.194260 0.235252 -0.154027 0.039437 -0.141981 0.077953 0.256066 0.193946 0.076118 -0.003872 0.112439 0.129080 -0.191930 0.167669 0.011167 -0.101552 0.237442 0.091881 -0.275715 0.056738 -0.076743 0.129997 -0.026542 -0.154161 -0.015142 
-0.142796 0.120055 0.006121 -0.047810 0.021113 -0.299435 -0.055030 0.115669 0.231053 0.014959 0.136999 -0.133758 0.178717 -0.050000 -0.045729 0.103077 -0.144971 0.079948 -0.324343 0.040334 0.013096 -0.343827 0.252940 -0.137799 -0.120073 -0.125332 -0.061157 -0.112402 -0.079829 -0.101786 0.054747 -0.033917 0.028918 -0.172406 0.009671 -0.070791 0.022847 -0.362419 -0.128127 -0.175801 -0.150617 -0.144575 0.165661 -0.045310 -0.082950 -0.099174 0.031324 -0.033137 0.095488 -0.010433 
-0.137220 0.159936 0.071542 -0.162119 0.099486 -0.208286 0.092796 -0.008098 -0.199478 -0.067195 0.126444 0.054016 0.093780 0.011611 0.024669 -0.038356 0.200492 0.225573 0.067255 -0.245542 -0.195464 -0.049979 0.398014 0.132025 -0.137687 0.015566 -0.061511 -0.091100 0.155284 -0.029636 -0.126714 -0.084015 0.085798 -0.043789 0.159107 0.219103 0.237427 0.266497 -0.028510 0.219435 0.008780 -0.075476 -0.152887 0.040140 -0.002461 0.034965 -0.002485 -0.124431 -0.004015 0.172418 
-0.142353 -0.024132 0.084483 -0.131839 -0.153823 0.001545 0.024735 -0.176419 0.291273 0.085592 0.123323 0.028869 -0.114222 0.002504 -0.165888 -0.107720 -0.060484 0.114281 0.186547 -0.192756 0.100717 -0.014833 -0.000506 -0.055271 0.122819 0.079910 -0.010229 0.156749 0.131869 0.092359 0.189906 0.042655 -0.198579 -0.109490 0.289208 -0.103848 -0.160583 -0.036545 0.019709 0.003132 0.070768 -0.009541 -0.106563 -0.093482 -0.341992 -0.152022 -0.191843 -0.314051 -0.227728 0.029811 
-0.161016 0.026045 -0.014073 0.105058 0.114459 0.004815 -0.320328 -0.342634 0.092781 -0.059791 -0.069325 0.200316 0.009919 -0.208172 0.169970 0.096538 0.243437 -0.113349 0.109910 -0.002894 -0.258923 0.007884 0.135055 -0.054017 -0.035606 0.123908 -0.071193 -0.083522 -0.243608 0.153993 0.069839 0.124202 0.056669 -0.180645 0.060853 -0.230054 0.030670 -0.182836 0.246122 0.038484 -0.061048 0.092581 -0.187874 -0.081634 0.169245 -0.074259 -0.055285 0.060299 0.038443 -0.017216 
-0.138798 0.262667 -0.118891 0.220409 0.071809 0.079267 -0.098169 0.039265 0.003618 -0.271939 0.007607 0.127142 -0.082105 0.124698 -0.132866 -0.038109 -0.194380 0.042880 0.127746 -0.245323 0.138797 0.091632 0.111861 0.062590 0.279719 -0.064344 0.136237 0.098663 -0.083683 0.171744 -0.340355 0.028848 0.226074 -0.051203 0.027327 -0.026442 -0.052596 -0.060659 -0.086556 -0.214196 -0.087015 -0.162221 -0.112899 -0.004381 -0.032096 -0.023941 0.313198 0.016925 -0.052026 -0.080128 
-0.126214 -0.242016 -0.302156 0.121327 0.203855 -0.002305 -0.086478 0.017150 -0.014523 -0.150598 0.266816 -0.074001 -0.130573 0.134228 -0.151788 -0.080033 0.151061 -0.043940 0.022868 0.027139 -0.113058 -0.016042 0.036132 0.000275 -0.066963 -0.135588 0.107241 -0.063946 0.297853 0.139049 0.090442 -0.131859 -0.115767 0.016476 -0.078881 0.095632 0.078346 -0.139957 0.026362 0.198937 -0.006019 0.171371 0.041874 -0.201715 -0.257408 -0.123312 0.098515 0.309965 -0.023090 -0.197435 
-0.157394 0.195634 -0.107270 0.062759 0.074051 -0.117362 0.104917 0.058106 -0.093885 -0.062607 -0.277255 -0.159997 -0.363191 0.097101 -0.073152 0.231458 0.030031 0.003826 -0.060742 -0.254612 -0.115135 -0.130844 -0.013291 0.038807 -0.130243 0.107171 0.028419 0.253594 -0.045844 -0.094110 0.088424 -0.155003 -0.162025 -0.009686 -0.250664 0.018496 -0.148762 -0.103069 0.166217 0.010690 0.071517 0.272730 0.075374 -0.002890 0.123516 -0.022332 0.110394 -0.241973 -0.024921 0.110578 
-0.113816 0.142504 -0.022675 -0.137843 0.088497 0.308069 0.123882 0.131373 0.043983 0.216284 0.022262 0.093914 0.187370 0.338489 -0.020889 -0.002237 0.239525 0.023487 0.038242 -0.123794 -0.002432 0.067944 -0.178881 -0.038354 -0.037188 0.201921 0.037342 0.101901 -0.255766 0.079562 0.163493 -0.229473 0.182975 -0.095415 0.030729 0.038443 0.278835 -0.174707 -0.040799 -0.094213 -0.046503 0.039412 0.114384 0.143173 -0.137418 -0.126795 -0.058392 0.157811 0.001971 0.146497 
-0.136229 0.017525 -0.277216 -0.083461 -0.064176 0.024670 -0.128774 0.089408 -0.081268 0.259909 -0.036596 -0.000685 -0.109962 -0.371043 -0.046752 -0.219707 0.099190 0.139778 -0.064699 0.049284 0.038198 0.014538 0.085867 0.010631 0.201195 -0.083386 0.023059 -0.209804 -0.006046 0.001847 0.091873 -0.204674 -0.091280 -0.037584 0.169524 0.011625 -0.071942 0.002975 0.067410 -0.258370 0.137120 0.214835 -0.015766 0.330792 -0.032931 0.205411 0.223870 0.080923 -0.023142 0.120774 
-0.139289 0.088183 0.043619 -0.179073 0.049743 -0.166916 0.025009 -0.238182 -0.045060 -0.264547 -0.093081 -0.073169 0.120758 0.050035 0.047726 -0.169536 0.170883 0.214957 -0.259908 0.023802 0.017615 -0.144634 -0.354419 0.160300 0.083913 0.023977 -0.007924 -0.063374 0.108422 0.251876 0.115194 0.113756 -0.026482 -0.093129 -0.307974 -0.058887 -0.031569 0.105217 -0.210737 -0.208895 0.089145 -0.013337 -0.169057 0.044316 0.042650 -0.018999 -0.053267 0.107301 -0.157634 -0.001424 
-0.143528 -0.244994 -0.150438 -0.116406 -0.034304 -0.148534 -0.141736 0.065508 0.066801 -0.240644 0.126374 0.235916 0.136675 -0.039040 0.219944 -0.032723 0.097822 0.139412 0.182859 0.034802 0.302549 -0.062869 0.052437 -0.190904 0.109342 0.032815 0.027705 0.218051 -0.276876 -0.151291 -0.037136 0.006534 -0.151291 -0.001347 -0.219070 0.283762 -0.074005 0.029699 0.004712 0.149043 -0.026014 0.020565 0.173991 0.137429 0.095105 -0.045024 -0.007043 -0.019882 -0.166730 0.041235 
-0.150060 -0.066300 0.060595 0.025690 -0.069621 0.161720 0.088407 -0.292603 -0.036457 0.138178 -0.054678 0.117431 -0.102044 -0.154274 -0.078059 -0.087228 0.036347 -0.026816 0.115704 -0.271585 0.002884 -0.426654 0.030244 0.127509 -0.047714 0.028411 0.046788 0.076583 -0.079738 -0.192242 0.006333 0.064509 0.002679 0.080389 -0.166929 0.004070 -0.059592 0.188533 -0.018749 -0.068761 -0.178463 -0.153748 0.176521 -0.004459 -0.228235 0.179910 -0.042817 0.258575 0.265392 -0.152868 
-0.126948 0.280325 -0.335687 -0.203253 0.011578 0.035195 0.034075 0.084927 -0.116107 -0.149000 -0.051301 0.003806 -0.083443 -0.115368 0.031792 -0.064322 -0.187986 -0.186808 -0.142612 0.089229 -0.086331 0.141877 -0.048355 -0.158452 -0.008403 0.255338 -0.105349 -0.024438 -0.166341 -0.290037 0.013659 0.157547 0.027436 -0.136288 0.084676 0.009474 -0.011581 0.156587 -0.267483 0.152531 -0.042925 0.139949 -0.127844 -0.124424 -0.248247 0.022828 -0.124569 0.068089 -0.011032 -0.169571 
-0.137811 0.149764 0.060748 0.023870 0.040623 -0.286895 -0.139742 0.220618 0.067569 -0.067619 -0.249814 -0.022194 0.151920 -0.067906 0.061869 0.133987 -0.001216 0.111485 0.190350 0.065925 -0.018754 0.010966 -0.083923 0.044830 0.062197 -0.225113 -0.034469 0.375129 0.017808 0.030569 0.272855 0.025454 0.086839 0.365810 0.204913 -0.070485 0.099071 0.005768 0.001928 0.041351 0.094542 0.028938 -0.109108 -0.009641 -0.158582 0.145628 -0.054474 0.201018 0.158218 -0.094330 
-0.155809 -0.132265 -0.055323 -0.046646 -0.092593 -0.174992 0.104969 0.006617 -0.238480 0.073654 0.187275 0.283433 0.097928 -0.049113 0.033325 -0.038198 -0.070979 0.051276 -0.137677 -0.103042 -0.180037 0.104144 -0.144696 0.117857 -0.189134 0.192323 0.021165 0.095158 -0.020015 -0.026546 -0.177067 -0.149978 0.017997 0.245494 0.164630 -0.189850 -0.368594 -0.204103 -0.058034 0.013138 0.245836 -0.153100 0.035127 0.011461 0.093805 -0.197830 0.023052 0.114213 0.042782 -0.067371 
-0.135526 -0.081733 -0.069558 0.018250 0.133626 0.015469 -0.082904 0.097615 -0.033492 0.337467 0.045803 -0.246215 0.071730 0.036862 0.210031 -0.055784 0.116558 0.104789 0.125679 -0.063875 -0.073534 -0.018248 -0.084414 0.049144 0.178531 0.250733 -0.203532 0.079941 0.177311 -0.022989 -0.192270 0.200114 -0.077857 0.111162 0.021002 0.246868 -0.011323 -0.218012 -0.133971 -0.184642 -0.223366 0.066231 -0.098454 -0.139525 0.157387 0.070388 -0.022303 -0.170456 0.078004 -0.253507 
-0.117471 -0.006077 0.127143 -0.056216 -0.006592 0.010721 0.105225 -0.087795 -0.056026 0.062770 -0.000257 -0.038427 0.007157 0.031658 0.512069 0.073870 -0.055537 -0.017421 -0.099697 0.087629 0.029233 0.318370 0.185068 0.092163 0.062583 -0.109197 0.188184 0.211630 0.217700 -0.027403 -0.037381 -0.036138 -0.002847 -0.340888 -0.147442 -0.017983 -0.107755 0.009844 0.130745 -0.093144 0.012160 0.035523 0.017725 0.138295 -0.277061 -0.100300 -0.003320 0.019089 0.261391 -0.075096 
-0.146573 0.079191 -0.010302 -0.079238 0.195644 0.311910 0.049802 -0.312816 0.206973 0.015737 0.122114 -0.176216 -0.066408 -0.038575 0.140792 0.057433 -0.075802 0.067363 -0.086392 0.164838 0.010205 -0.166596 -0.019606 -0.095307 -0.064581 -0.173272 -0.089387 0.179193 0.026376 -0.239142 -0.287872 0.033012 0.102581 0.231040 0.099035 0.031445 0.146542 0.019788 0.052161 -0.053030 0.358666 0.085814 -0.044159 -0.014434 0.050888 -0.130192 0.085381 0.085677 -0.163526 0.111075 
-0.135856 0.108319 -0.254483 0.038668 -0.334710 0.048869 -0.070307 -0.123890 -0.110267 0.070027 -0.077340 0.055290 -0.026644 0.055330 -0.050223 0.010485 0.009656 -0.139823 -0.008603 0.369436 0.029398 -0.114315 0.126853 0.032526 -0.042842 0.081194 -0.039312 0.093523 0.093072 0.240676 0.185371 0.064335 0.109406 0.156549 0.003876 0.314011 -0.034063 0.133531 -0.002637 -0.098066 -0.042020 -0.156024 0.014993 -0.091294 0.034839 -0.358728 0.092811 -0.123661 0.196661 0.185440 
-0.157565 0.293455 0.003582 0.162523 0.013907 0.077279 0.266050 0.104474 0.209865 0.049182 -0.018997 -0.005470 0.051694 -0.098818 0.075351 -0.069695 0.061583 0.059487 0.245490 0.105646 0.140360 0.090224 0.202792 -0.135485 -0.287091 0.039150 0.286834 -0.182660 0.056593 0.092735 -0.002479 -0.098645 -0.105502 0.100552 -0.141748 0.045659 -0.230102 -0.004024 -0.116773 -0.114545 0.046533 0.014241 -0.102537 -0.176862 0.175666 0.109089 -0.273513 0.162976 -0.078935 -0.008403 
-0.154465 0.148512 -0.032712 -0.037117 -0.034404 -0.173351 -0.136019 -0.155875 -0.042543 0.216976 0.043059 0.033530 -0.123267 -0.059659 -0.112355 -0.229232 -0.155206 -0.040569 0.095574 -0.098357 -0.051646 0.132263 -0.299345 -0.308079 -0.102106 -0.375023 0.007677 0.045658 0.113008 0.010327 -0.100401 -0.146799 0.177591 -0.058573 -0.151195 0.037514 0.112700 0.002424 -0.013473 0.132925 -0.185830 0.005866 0.018008 0.190671 0.204118 -0.120550 -0.233047 -0.096326 0.086350 -0.081157 
-0.150325 -0.200742 0.130660 -0.285898 -0.018320 -0.085858 0.144831 0.047361 -0.168445 0.004505 0.016506 -0.325494 -0.094946 -0.181514 -0.032659 0.167537 -0.223631 -0.102004 0.090011 -0.118609 -0.025834 0.122827 0.032481 -0.213471 0.059922 0.054204 -0.104967 0.014700 -0.185650 0.259787 -0.022274 -0.100298 -0.127769 0.006384 -0.031071 0.078669 0.112432 0.097954 0.193135 -0.175825 -0.092391 -0.207364 -0.099236 -0.149419 0.039776 -0.085245 0.035072 0.317086 -0.114966 0.069997 
-0.128109 -0.167713 0.152645 0.182462 -0.246002 -0.124780 -0.068293 0.019788 -0.071886 -0.034862 0.178066 -0.067771 -0.123564 0.058701 -0.138619 0.005948 0.230861 0.039754 -0.093537 0.158861 -0.110286 0.064157 -0.026255 -0.205352 -0.247942 0.079835 0.270746 0.229451 -0.159780 0.011870 -0.112881 0.091956 0.043969 -0.117981 0.130651 -0.032707 0.222250 0.201381 -0.096622 -0.305867 0.096231 0.103243 0.043850 -0.034811 -0.016583 0.210276 0.047297 -0.132934 -0.024064 -0.183144 
-0.132897 -0.218726 0.071700 -0.257072 -0.039826 0.191681 0.073732 -0.007042 -0.053687 -0.176401 -0.157879 -0.283731 0.157744 0.106981 -0.060053 -0.125154 0.045407 -0.158123 0.266023 0.008902 -0.065619 -0.113427 0.130572 -0.196769 -0.107543 -0.058351 0.000560 0.026542 0.074958 0.044917 0.104062 0.040753 0.238590 -0.115553 0.081125 -0.125877 -0.292760 -0.103488 -0.228120 0.148255 0.063374 0.051035 -0.027036 0.193864 0.145196 0.089834 0.248972 -0.071187 0.098847 -0.061041 
-0.157180 0.005864 0.071947 -0.078374 0.041654 -0.106497 -0.021372 -0.096543 -0.001605 -0.158193 0.186557 -0.078383 -0.262072 -0.119102 -0.018679 0.109812 0.134487 -0.169397 -0.017519 0.119110 0.333844 0.102101 -0.004012 0.188209 0.118123 0.226800 -0.116619 0.020370 0.201391 -0.035436 0.048881 -0.208084 0.411275 0.032683 0.077389 -0.076702 -0.008360 -0.100116 -0.014293 0.015452 -0.097718 -0.016297 0.259976 -0.069012 0.103425 0.249485 -0.186155 0.008499 -0.046298 0.098696 
-0.156207 0.029844 -0.018449 0.122057 0.236769 -0.134898 0.116554 -0.134370 -0.190378 0.181139 -0.059832 0.086262 0.161032 0.094190 -0.051230 0.133301 0.022824 0.067181 -0.108729 -0.004200 0.273770 0.032036 -0.181950 -0.381745 -0.083127 0.076472 0.062802 -0.141342 0.128439 0.040048 0.002602 0.326560 0.081734 0.011789 0.093958 0.027391 -0.144066 0.014877 0.262004 0.126686 -0.054085 -0.023383 0.039819 -0.048366 -0.179294 0.199523 0.223008 -0.008797 -0.016176 0.183557 
-0.144456 -0.120780 -0.024230 0.123010 -0.060779 -0.144123 0.026233 0.154128 0.396592 0.167365 -0.098742 -0.002951 0.027258 -0.135356 -0.076884 0.000616 0.055006 -0.344980 -0.085580 -0.063754 -0.138898 0.074733 0.013392 0.070206 -0.012410 0.207597 0.057942 0.038983 0.163845 -0.084161 -0.033469 0.125318 0.145144 0.023401 -0.272741 0.077136 0.114028 -0.003352 0.013413 0.121824 0.120639 -0.257545 -0.184164 0.290614 -0.089800 0.017573 0.127414 0.035731 -0.248568 0.026097 
-0.127486 0.045791 -0.026955 0.123512 -0.271941 0.037559 -0.011223 0.005411 -0.308567 -0.104338 0.083867 -0.051509 0.019009 0.173324 0.182643 -0.075841 -0.073424 -0.146684 0.093315 -0.025847 0.119580 -0.210907 -0.009803 -0.133480 0.149669 0.042162 0.003693 -0.204958 0.009784 -0.086607 0.028499 -0.113227 -0.087347 0.091619 -0.140547 -0.109084 0.277115 -0.278186 0.149364 0.031402 0.320110 -0.158013 -0.236036 0.017589 -0.099512 0.182069 -0.149955 -0.151389 0.075666 -0.040623 
-0.131400 -0.141180 0.216529 -0.001955 0.297505 0.082597 -0.031613 0.201638 -0.129712 0.043986 0.032577 0.144863 0.016926 -0.263116 0.084337 -0.034411 -0.128297 -0.107520 0.052207 0.091595 0.010141 -0.118461 -0.009082 0.053536 -0.094042 -0.024159 -0.001356 -0.111523 -0.132384 0.245573 -0.048411 -0.077682 0.169658 0.218310 -0.241493 -0.097453 0.029577 0.082238 -0.130307 -0.048593 -0.023377 0.234404 -0.002540 -0.059737 -0.315080 -0.116360 0.017862 -0.385043 -0.055903 0.034431 
-0.171051 -0.141509 -0.193074 -0.161969 0.083645 0.010988 0.199606 -0.081946 0.013817 0.162120 0.090667 0.133546 0.006726 0.071221 -0.116653 0.220476 -0.322290 0.183073 0.089280 0.321123 -0.082928 -0.099835 -0.029745 0.260921 0.099495 0.008360 0.329417 0.058025 -0.053105 -0.006694 0.084928 -0.007653 -0.027464 -0.104938 -0.028991 -0.146164 0.165874 -0.029463 -0.008132 0.154742 -0.169278 -0.019577 -0.195086 0.002505 0.203466 0.203911 0.041551 -0.091397 -0.022651 -0.018797 
-0.138068 0.012359 0.141805 -0.102314 -0.126484 0.010182 -0.035484 -0.152424 0.066743 -0.067299 -0.150726 0.104315 0.123101 -0.026987 -0.276559 0.076653 0.088918 0.067904 0.071830 0.099901 0.169557 0.293319 0.067198 -0.049330 -0.033746 0.130424 -0.170987 -0.057646 0.160108 -0.174325 -0.183115 -0.107125 -0.332360 0.157236 -0.183359 -0.250326 0.232657 -0.067892 -0.162802 -0.009583 -0.125376 0.123223 -0.027864 -0.010909 -0.039310 -0.094955 0.238393 0.000307 0.219216 0.060034 
-0.139377 0.139112 -0.058588 -0.049440 0.113223 0.069969 -0.209141 -0.097289 0.070913 0.103262 -0.035333 -0.320532 0.175462 -0.059472 -0.055309 -0.154802 0.045222 0.043613 -0.069848 0.001997 0.008994 0.231280 -0.023443 0.166441 0.024581 0.005366 0.127104 -0.037114 -0.256034 0.097511 0.017480 -0.090124 -0.117543 0.015383 -0.073013 -0.019312 -0.004285 0.107296 0.067562 0.269240 0.229777 -0.319487 0.322565 -0.211605 -0.003565 0.104846 0.102746 -0.220079 0.082995 -0.148887 
-0.121138 -0.181705 -0.092301 0.060981 -0.027928 0.256635 -0.047303 0.146011 0.208687 -0.203873 0.048648 0.017715 -0.003820 -0.097315 -0.058802 -0.028644 -0.174037 0.159779 -0.223938 -0.131596 0.190039 0.058251 -0.121917 0.106329 -0.359106 0.037113 -0.239962 0.073068 -0.009852 0.197761 -0.034654 0.002956 -0.012776 -0.112068 0.039275 0.170854 0.009272 -0.020512 0.150308 0.055263 0.025619 0.006229 -0.244295 0.075486 0.035800 0.199103 -0.109921 -0.050494 0.361598 0.060757 
-0.143408 0.105907 0.361277 0.048761 0.011928 0.033174 0.015662 0.110223 0.064886 0.032409 0.135795 0.035981 -0.079163 0.169856 0.022379 -0.383566 -0.108103 0.024917 -0.279774 0.056625 0.085291 -0.061396 0.150522 -0.062624 0.136175 0.175807 -0.012983 0.036737 -0.042873 -0.060411 0.236954 -0.051768 0.012426 0.160660 0.015115 -0.058461 -0.031048 0.159610 0.256108 0.156067 -0.159220 0.146847 -0.128158 0.018117 0.219707 -0.109841 0.182595 0.093133 -0.001428 -0.235014 
-0.124666 -0.036465 -0.053865 0.085416 -0.145978 0.028703 0.274061 -0.039693 -0.052374 0.145095 0.073552 -0.039733 -0.005653 0.068693 -0.064144 0.039715 0.301438 -0.168202 -0.297868 -0.017325 0.067238 0.086371 0.178852 0.056268 0.196001 -0.386555 -0.170550 0.136883 -0.279913 0.167247 -0.129752 0.098249 -0.076431 0.128300 -0.033217 -0.079764 -0.122511 -0.074227 -0.155539 0.213105 -0.129502 0.081039 -0.148206 -0.010535 -0.025918 0.119225 -0.137203 -0.012295 -0.050230 0.086020 
-0.142029 -0.124649 -0.060969 -0.308130 0.025304 -0.148923 -0.003183 0.108626 0.295135 0.060420 -0.045949 0.160891 -0.218183 0.337740 0.010870 0.208302 0.091370 -0.065435 0.008942 -0.097655 0.027249 0.024778 -0.005454 -0.029298 0.136573 -0.104256 0.004036 -0.394978 -0.077739 0.001376 -0.075161 0.088332 0.098276 0.104337 0.002078 0.006465 -0.067092 0.222916 0.052792 -0.131548 0.236379 0.063025 0.017553 -0.057658 0.065138 -0.051739 -0.064914 -0.047094 0.281941 -0.162286 
-0.135329 -0.056873 -0.035763 -0.011040 0.184403 -0.022271 -0.102174 -0.151261 0.018171 -0.112450 -0.023341 0.064059 0.216517 0.133758 0.081674 -0.092754 -0.211647 -0.490877 -0.142910 -0.208541 -0.009487 0.033426 0.051921 0.071173 -0.031356 -0.028707 0.214473 0.029689 0.092706 0.034849 0.076429 0.016275 -0.314591 0.158952 0.244271 0.070799 0.110342 0.063283 -0.108525 -0.201400 -0.084359 0.118157 0.137182 0.088718 0.150391 0.129920 -0.104855 -0.047832 -0.008772 0.173974 
-0.119818 -0.000863 -0.082062 0.178874 0.154759 0.184502 0.290203 0.103772 -0.071160 -0.199681 0.130730 -0.027909 -0.120477 -0.236341 0.002903 0.134693 0.098043 0.137991 -0.012671 -0.082179 -0.048045 0.108360 0.005548 -0.115101 0.124314 -0.019761 0.001201 -0.072986 0.077246 0.001929 0.263354 0.294141 -0.097965 0.109082 0.061780 -0.149990 0.171426 0.031076 -0.067571 -0.028494 0.002965 -0.202851 0.219558 0.306808 0.151981 -0.234436 -0.082871 -0.131253 0.104793 -0.128541 
-0.156468 0.091604 0.345187 0.095209 -0.026936 0.067925 -0.013078 -0.169298 0.020763 -0.180265 0.089959 0.011581 0.001152 0.038592 -0.152302 0.194063 -0.082768 0.045553 0.022525 0.177399 -0.338199 0.134367 -0.121387 0.019907 0.135149 -0.024129 -0.023796 -0.219077 -0.128438 -0.081870 0.053528 -0.082856 -0.055729 0.087002 0.019452 0.484070 -0.219315 -0.170597 -0.015142 0.009262 -0.040864 0.019835 0.011305 0.210988 -0.155668 0.128432 -0.025926 -0.016488 -0.001792 -0.033953 
-0.156913 -0.028148 0.157015 0.065318 -0.070112 0.226474 -0.208987 0.260223 0.027996 0.021296 0.038755 0.108057 0.001047 -0.093782 0.030565 0.109210 0.028561 0.048319 -0.143367 -0.066286 -0.229682 -0.117755 -0.120325 -0.232070 0.331989 0.003820 0.134269 0.074070 0.216781 -0.027118 -0.036702 -0.069465 -0.043278 -0.148710 -0.047558 -0.061397 -0.078137 0.127632 -0.193250 0.149974 0.064128 -0.055083 0.035742 -0.293861 0.122285 0.048797 -0.033615 0.078256 0.139521 0.374446 
-0.135441 -0.140177 0.058570 0.134108 0.155434 0.095956 -0.091685 -0.016710 -0.216284 0.156528 -0.042975 0.187634 0.118787 0.056004 -0.201988 0.078705 -0.069856 -0.020206 -0.005200 -0.062099 0.118929 0.173963 0.156482 0.077223 -0.045049 -0.203102 -0.274456 0.053135 0.028335 -0.280340 0.342731 -0.010874 0.081555 -0.217959 -0.132292 0.099732 -0.033670 0.051344 -0.096581 -0.215941 0.240586 -0.075292 -0.091434 -0.201535 0.145809 -0.010216 -0.030923 -0.000015 -0.179717 -0.122681 
-0.149908 0.054178 0.027643 0.105132 -0.199125 0.022335 -0.050756 -0.010378 0.077891 0.103818 0.008150 0.113217 -0.257178 0.175350 0.413911 0.064818 -0.164173 0.076324 0.085120 -0.028233 -0.055501 0.031081 -0.061521 0.037929 -0.223008 -0.072017 -0.311419 -0.129927 0.013257 0.182580 0.111813 0.014197 -0.117736 -0.023996 0.046143 -0.090519 0.087091 0.051390 -0.266441 0.119297 -0.055558 -0.069003 0.217847 0.018031 -0.000516 0.180709 0.284286 0.077565 -0.239540 0.001970 
