-0.138063 0.027382 -0.247478 -0.136409 0.250269 -0.193670 -0.068228 0.029100 -0.000924 0.270274 0.126531 -0.032142 -0.055779 0.028482 -0.052149 -0.060046 0.057769 -0.012352 0.149650 -0.177060 -0.047997 0.224834 0.255186 0.179207 -0.021831 -0.124473 0.026999 0.228522 -0.077579 0.140791 0.345530 -0.066044 -0.297191 -0.072192 -0.020179 0.006512 0.017888 0.139067 0.019565 -0.066633 0.198686 0.036183 -0.058962 0.101348 -0.116229 0.190284 0.106692 0.046811 -0.138259 -0.114486 
-0.158057 -0.085838 -0.140580 0.081647 -0.161426 0.020112 0.178056 0.245288 -0.092399 0.084244 -0.179222 0.133429 0.013876 0.160907 -0.034401 0.150173 0.280893 -0.060038 0.083149 0.060878 0.107336 0.114344 -0.065691 -0.161423 -0.146935 -0.211679 0.095832 -0.136086 0.178227 -0.026700 0.073480 0.000621 0.042184 -0.244377 -0.147815 0.049688 -0.030871 -0.091233 0.083768 -0.030927 -0.154514 -0.081747 -0.325345 0.131140 0.323281 0.163719 -0.006524 0.140909 0.012379 -0.139287 
-0.135589 0.124377 0.062681 -0.099044 -0.260780 -0.168506 -0.091817 -0.142369 0.199933 -0.033701 0.049241 0.142483 0.066890 0.146773 0.043617 0.087027 0.179119 -0.070140 -0.049593 0.028595 0.183317 0.141037 -0.208570 0.185633 0.226879 -0.295630 -0.128948 0.042615 0.040106 -0.037885 0.044109 -0.106949 0.039399 0.004640 0.037623 -0.155464 -0.221211 0.143323 0.006409 -0.059760 -0.122197 0.001938 0.337966 0.012456 -0.042130 -0.167705 0.188027 0.078544 0.129029 -0.254693 
-0.151417 0.148224 0.060163 0.149257 0.132320 -0.257241 0.126487 0.150859 -0.052583 0.155744 0.034553 -0.175398 -0.071332 0.251387 -0.068239 0.097212 -0.018939 -0.085827 -0.149745 -0.014207 0.114286 -0.063502 0.151173 0.003207 -0.036642 -0.146736 -0.036653 -0.149922 -0.124745 -0.048259 -0.265328 0.175037 0.043280 0.205294 -0.089771 -0.060771 0.118626 -0.164644 -0.097981 -0.085182 0.193349 -0.198449 0.099152 -0.051570 -0.204112 0.016072 -0.176637 0.357130 0.149204 -0.058989 
-0.149916 0.194571 0.154244 0.212802 -0.102085 0.018680 0.255951 0.186615 0.083601 0.200669 0.045340 0.096477 -0.031063 -0.115019 0.032647 -0.231954 -0.156480 0.026432 -0.145762 0.072103 0.067801 -0.049038 0.106166 -0.331267 0.099093 -0.062220 0.118112 -0.002369 0.087584 0.228005 0.113414 0.222107 -0.051402 -0.109139 0.340774 -0.015935 -0.085186 0.241961 0.199859 0.195756 0.052250 0.051216 0.122434 -0.026056 -0.021263 0.022152 0.003846 -0.044164 0.035558 -0.049675 
-0.134656 -0.196213 -0.061813 -0.236116 -0.134822 0.057310 0.102637 -0.016945 0.144689 0.161916 0.094391 0.069631 -0.130453 -0.073549 0.101222 -0.312060 -0.040101 0.239189 0.124686 0.217857 0.308257 0.083788 -0.132214 -0.002462 -0.114733 0.054987 -0.127946 -0.166749 -0.090124 -0.153911 -0.052037 0.010081 -0.126188 -0.061012 -0.105834 -0.320520 0.062681 -0.000926 -0.026720 -0.023755 -0.029184 0.071271 -0.020218 -0.049121 -0.164250 0.022876 -0.315898 0.054275 -0.212004 0.038511 
-0.140790 -0.181852 0.123692 0.215858 -0.008670 -0.167803 -0.237573 0.156911 -0.005345 0.119096 -0.029261 -0.074379 -0.165397 0.120434 -0.013792 0.013577 -0.089322 -0.114604 0.067231 -0.126177 0.105061 0.215180 0.077452 0.234983 0.008355 0.079398 0.199682 0.179584 0.041358 -0.105276 -0.040078 -0.030797 0.191873 -0.224786 0.129315 -0.221843 0.098393 0.086992 -0.146820 0.239194 -0.211893 -0.061293 0.044698 0.025708 0.089082 -0.068957 -0.147724 -0.145813 0.104375 0.303060 
-0.125464 -0.036705 -0.026792 0.199382 -0.028748 -0.244887 -0.056588 -0.335579 0.087443 0.187486 -0.056115 0.079068 0.022717 -0.211572 -0.099131 -0.022173 -0.160834 0.093776 0.188694 -0.045985 -0.124453 -0.201230 -0.045670 0.070910 0.154782 -0.200725 -0.076873 0.089997 0.092226 -0.113268 -0.247491 0.013508 -0.194994 -0.088302 -0.013822 0.304486 -0.001363 -0.096873 0.103218 -0.002496 -0.178659 -0.126415 0.039433 -0.044316 0.102586 0.197244 -0.285743 -0.094340 -0.001189 -0.106597 
-0.133307 -0.102383 -0.316298 0.171106 -0.104673 -0.055804 -0.009552 -0.156713 -0.065441 0.007208 0.187523 -0.106211 0.298480 -0.025502 0.155923 -0.068443 -0.009199 0.082349 -0.041722 -0.075802 0.212831 0.038224 -0.101908 -0.036214 0.216361 0.041547 0.130090 0.131073 -0.147444 0.003401 0.140924 0.226239 0.320990 0.122902 -0.166434 -0.011168 0.145709 0.023382 0.263652 -0.100722 0.099086 -0.213396 -0.178465 -0.133641 0.004173 -0.090447 0.048085 -0.147556 0.019459 0.028583 
-0.147015 -0.043909 0.380696 0.207715 -0.024730 0.001503 -0.012524 -0.163730 -0.111412 0.015897 0.047865 -0.120945 0.097647 -0.069066 0.175339 -0.020558 0.002538 -0.180920 -0.007738 -0.005635 0.031639 -0.035688 0.036267 -0.148299 -0.223379 -0.102312 -0.141735 -0.005892 -0.121204 -0.013238 0.369326 -0.350436 -0.077601 0.156060 -0.169441 -0.084776 -0.120423 -0.113903 -0.017212 0.219919 -0.063944 -0.143407 -0.032461 -0.287560 0.008604 0.128827 0.008972 0.007352 -0.069201 0.019279 
-0.137633 0.009714 -0.100824 0.151964 -0.147752 0.015981 -0.134848 -0.001875 -0.080767 0.048173 0.029407 0.059663 -0.252280 -0.005209 -0.219384 0.035310 0.162581 0.069292 -0.227807 0.142210 0.035464 -0.191986 0.132235 0.199022 -0.392721 0.144751 -0.141876 -0.002284 0.091429 -0.074135 0.233354 0.227398 0.042854 0.063391 -0.193239 0.231473 -0.016052 0.077087 0.089700 0.054638 -0.073174 -0.015349 0.197006 0.071859 -0.082824 -0.207840 -0.019283 -0.185266 -0.101227 -0.092957 
-0.154083 -0.039560 0.169814 0.112855 0.260972 0.150859 0.129287 -0.096052 -0.014907 -0.080707 -0.154816 -0.147335 -0.091168 -0.157497 0.021410 0.018128 -0.045401 0.277870 0.100290 -0.236710 0.187197 -0.078356 0.000706 0.055401 0.084377 0.046738 0.071627 -0.022313 0.149341 -0.133199 0.094808 0.081209 0.010549 -0.100670 -0.057684 0.073368 0.197529 0.184010 -0.092899 -0.087807 -0.261832 0.033799 0.021351 -0.099109 -0.038332 -0.145665 0.291584 0.387557 -0.110669 -0.107312 
-0.147721 -0.234696 -0.069951 0.025149 -0.160957 0.063839 -0.033555 -0.173105 -0.123378 0.203636 -0.002536 0.049765 -0.155942 0.266159 -0.025608 0.164490 -0.110956 0.131668 0.000265 0.022433 -0.040359 -0.140985 -0.162007 -0.226694 0.012333 -0.192126 -0.118349 0.175038 -0.048273 -0.184841 0.044957 -0.010907 0.121093 0.214535 0.257126 0.131303 0.030612 0.106874 -0.251895 0.082086 0.182541 0.294197 -0.147228 0.073899 -0.058498 0.058509 0.144237 0.063944 -0.021882 0.137822 
-0.156345 -0.062737 -0.140275 -0.094427 0.053208 -0.044523 0.298292 -0.239868 -0.086496 -0.176860 -0.126144 0.082290 -0.040682 -0.122694 -0.049248 0.135360 -0.035337 -0.392774 -0.085337 -0.050918 -0.054221 0.117310 -0.109609 -0.060451 0.123804 0.205880 -0.005921 -0.090944 -0.194401 -0.088882 0.175547 0.103293 -0.062514 -0.164104 -0.091866 0.073323 0.070552 0.208641 -0.198540 0.197882 0.072121 0.104709 0.020704 0.009560 -0.049359 -0.060247 -0.287152 0.017325 0.213057 -0.138547 
-0.152828 0.173630 0.236771 -0.012786 -0.078687 -0.179870 0.155506 -0.237869 0.108772 -0.109341 -0.089550 -0.135899 -0.206821 -0.040722 0.010184 -0.206347 -0.009264 -0.005904 0.130518 0.143707 -0.102623 0.108692 -0.147467 0.166440 -0.150892 -0.037989 0.235470 -0.061200 0.113560 0.169706 -0.098978 -0.021279 0.145248 0.241045 -0.064065 -0.024667 0.187773 0.093378 -0.112322 0.045882 0.207130 -0.064598 -0.219410 0.257720 0.105749 0.002193 0.119613 -0.175370 -0.076892 -0.149041 
-0.126732 0.058369 -0.037675 0.037388 0.037202 0.107155 -0.324729 -0.171459 0.136604 -0.191045 0.027627 -0.137643 -0.072131 -0.032850 0.028936 -0.037172 0.223889 0.173620 -0.041724 0.046495 0.031868 0.144721 0.217856 -0.288231 -0.124466 -0.090673 -0.208088 0.001654 -0.110622 0.160628 -0.054716 0.003287 0.080395 -0.275308 0.239894 0.018270 0.241705 -0.063278 -0.215073 -0.117027 0.077412 -0.032941 -0.036906 -0.146151 0.106622 -0.037695 -0.102212 -0.095403 0.168994 -0.220651 
-0.132720 0.073347 -0.059580 -0.090255 -0.003220 -0.248064 0.113872 0.164574 0.043373 -0.121098 0.261770 0.020533 0.090263 -0.296786 0.021062 -0.017177 0.049051 -0.115634 -0.008352 0.202957 -0.070053 0.064893 0.068897 0.015958 -0.042127 -0.122888 -0.199704 -0.005787 0.186291 -0.094434 -0.120280 0.118826 0.183073 -0.120707 -0.156180 0.141209 0.027866 0.116677 -0.248558 -0.023553 -0.021683 0.123219 0.005978 -0.251666 -0.028779 0.226383 0.264539 -0.023611 -0.019661 0.331548 
-0.139171 -0.276765 0.050485 -0.170315 0.233823 -0.072403 -0.003886 0.193411 -0.269590 -0.027114 0.125281 0.011086 0.169632 0.112000 -0.221945 -0.220876 0.012016 0.200862 0.109133 0.142400 0.014766 0.009346 -0.026525 0.066945 0.189006 0.121185 -0.035469 -0.151529 0.150926 0.079025 0.070508 -0.156994 0.192226 0.143118 0.103355 0.192205 -0.105301 0.013831 -0.118092 0.165147 0.098251 -0.087450 0.173979 -0.112434 0.210608 -0.007372 -0.106626 -0.015483 0.044393 -0.243608 
-0.137711 0.191099 0.002245 0.099400 -0.148283 -0.125856 -0.064393 0.062004 -0.208719 -0.241986 0.239063 -0.043920 -0.052052 -0.162894 -0.215642 -0.048359 -0.095839 0.260174 -0.126627 -0.096642 0.001640 -0.187215 0.036558 -0.002883 0.100781 -0.029971 0.006898 -0.001666 -0.084875 -0.058716 0.068522 -0.228956 -0.123526 -0.050128 -0.182032 -0.236917 -0.029952 0.040608 0.061670 -0.091292 0.101419 0.261226 -0.082944 0.229007 0.281962 -0.039386 -0.101713 0.132174 0.218830 0.125234 
-0.124259 -0.077862 -0.076586 0.250646 -0.106436 0.179905 0.009643 0.238013 0.019056 -0.308060 -0.072107 0.065842 0.032855 -0.053457 0.069811 -0.056552 -0.163130 0.074069 0.155021 -0.002969 -0.060760 -0.064213 0.102842 0.217450 0.057973 -0.138754 0.071569 -0.183513 -0.073124 -0.256028 0.109077 -0.013904 -0.001618 -0.062006 0.110477 -0.034088 -0.102393 -0.148262 -0.121099 -0.025229 0.103582 -0.068784 -0.052938 0.104164 -0.408237 0.203533 0.112729 -0.217201 0.148231 -0.205702 
-0.143799 -0.339017 0.027627 0.170826 0.043369 0.091723 -0.024598 0.059474 -0.052172 0.106945 0.116567 -0.209433 -0.033261 -0.126090 0.073816 -0.095627 0.042719 -0.206758 -0.137610 0.090579 -0.199078 0.178178 -0.055760 -0.021230 -0.129852 -0.044662 0.245652 -0.010232 -0.122715 -0.055586 -0.278660 -0.189073 0.029207 -0.015548 -0.032417 0.111991 -0.085836 0.089814 0.227002 -0.301459 -0.015853 0.350916 0.128507 -0.040499 -0.042185 -0.079334 0.024814 0.030293 0.005203 -0.188630 
-0.129957 -0.036595 -0.232047 0.076309 -0.113191 -0.175447 -0.011424 0.034158 0.127253 -0.060829 -0.348833 0.086200 0.084145 -0.064580 0.051457 -0.032388 0.131190 -0.129758 0.109104 -0.125860 0.058007 -0.344992 0.154445 0.186151 -0.037640 0.102530 -0.086670 -0.083024 -0.000551 0.233664 -0.097819 -0.243522 0.203906 -0.008098 0.142300 -0.092976 0.049988 -0.006708 0.138559 0.130290 0.183206 0.267057 -0.041489 -0.202368 -0.020020 -0.069566 -0.017698 0.158391 -0.182251 0.009979 
-0.139359 -0.015880 0.134594 -0.186493 -0.147042 0.207245 -0.051262 -0.163477 0.068974 0.124012 0.043012 -0.058696 0.161264 0.206124 -0.287377 -0.160767 0.076730 -0.238876 -0.027073 -0.041238 0.089547 -0.229597 0.244898 0.021450 0.151639 -0.021172 0.243323 -0.212331 -0.103275 -0.201616 -0.081202 0.085524 -0.194296 -0.166704 -0.066995 -0.003898 0.099913 -0.052523 -0.070807 0.001913 0.130449 0.002122 0.039136 -0.100620 0.178449 -0.009098 0.244663 -0.154743 -0.114293 0.079800 
-0.149065 0.192570 0.163587 -0.052934 -0.049065 0.177208 -0.152543 0.034747 -0.212118 0.248201 0.023986 0.111294 0.107315 -0.050948 0.071016 -0.002925 -0.139253 -0.094769 0.177968 0.087285 0.264784 -0.009441 -0.062182 0.103025 -0.047579 0.291637 -0.139779 0.243297 -0.013464 0.167624 -0.223740 0.030814 -0.011746 -0.128392 -0.169333 0.110171 -0.031127 -0.146734 -0.020777 0.088316 0.049483 0.159334 -0.177483 0.043741 -0.118728 0.005685 0.163104 0.029907 0.303063 -0.183184 
-0.138379 -0.098538 -0.094439 0.099903 0.048587 0.140858 0.300030 -0.014378 0.047901 0.014727 0.334686 0.295837 -0.238929 -0.053693 -0.044664 -0.012980 0.127869 0.005208 -0.227279 -0.213952 -0.070582 -0.075691 -0.178002 0.060638 0.043571 0.041912 0.053656 0.176593 0.034849 0.198750 -0.131579 -0.214886 -0.034552 -0.130793 0.034010 -0.041050 0.024351 -0.336738 -0.183006 0.031889 0.056595 -0.227596 0.006196 -0.055044 -0.040836 -0.139120 0.110850 -0.032387 -0.107517 0.014373 
-0.134149 0.145947 -0.242208 0.138374 0.074456 0.134751 -0.154209 0.198867 -0.030845 -0.084565 -0.090026 0.045710 0.002804 0.027458 -0.127012 0.107324 -0.070637 0.047512 0.154339 0.025751 -0.036670 0.131036 -0.086224 -0.246343 0.112556 -0.162917 0.041551 -0.034768 -0.161952 0.165763 -0.223406 -0.050515 -0.158011 0.211764 -0.325939 -0.077430 0.158575 0.091986 -0.078667 0.320344 -0.156643 0.070884 0.175871 -0.048985 -0.030276 -0.086154 0.083194 -0.167970 -0.223249 -0.042533 
-0.140213 0.007732 0.060269 0.077056 -0.039529 -0.187531 0.005247 0.129879 -0.064960 0.161262 -0.312510 0.051219 0.084685 -0.037892 0.091388 -0.270907 0.132679 0.037834 -0.111756 0.145201 -0.387574 0.040032 -0.013961 -0.036777 0.227889 0.209860 -0.218628 0.105084 -0.260414 -0.100799 0.109570 0.142660 -0.040574 0.026783 0.017239 -0.127472 0.073517 -0.239533 -0.141063 -0.134935 -0.164229 -0.003522 0.008828 0.131910 0.105840 -0.105065 0.172904 0.033745 -0.086333 -0.010783 
-0.131825 0.236562 -0.038045 -0.005362 0.069650 -0.259116 -0.058562 -0.110097 -0.362973 -0.160191 -0.015103 0.012372 -0.112343 0.290012 0.244358 0.023287 0.014220 0.020931 -0.143418 0.018726 0.147895 -0.064694 -0.008434 -0.144339 0.095751 0.246542 0.128908 -0.072191 0.088539 -0.037527 -0.121099 -0.122142 -0.077174 -0.144626 0.083334 0.037608 -0.167270 0.073024 -0.041041 -0.199858 -0.130212 0.020869 -0.040789 -0.050205 -0.152604 0.159163 -0.015436 -0.211802 -0.311634 -0.033977 
-0.145069 0.073768 -0.057165 -0.124509 0.320214 0.065358 -0.110534 0.042734 0.165518 -0.013932 -0.128030 0.110914 -0.077807 -0.050032 -0.038559 -0.012479 -0.001105 0.063813 -0.259119 0.232363 -0.037035 -0.099645 0.031940 0.111116 -0.003097 -0.089915 0.077642 0.117897 -0.177446 -0.184920 -0.137254 -0.043420 -0.033535 0.067776 0.035295 -0.048089 -0.322837 0.243640 0.065316 0.126268 -0.033897 -0.194522 -0.447919 -0.201511 0.053751 -0.132610 0.021528 0.026922 0.089332 -0.012799 
-0.139439 -0.129423 0.173718 0.029485 -0.004238 -0.114766 0.071952 -0.124788 0.115920 -0.032069 -0.116292 0.298400 0.316304 -0.038803 -0.196482 0.086081 -0.048901 0.135840 -0.063264 -0.152162 0.070514 0.321454 0.351778 -0.182764 -0.057771 0.048654 0.034563 -0.006857 0.185060 0.018721 -0.067587 -0.034213 -0.010591 0.169442 -0.083048 0.027651 -0.170613 -0.081292 -0.080189 -0.142636 0.012368 0.105705 -0.141709 0.106786 -0.192034 -0.257212 -0.079776 -0.096093 -0.036349 0.108344 
-0.165479 -0.244738 -0.147375 -0.033628 -0.185959 0.034557 -0.055213 -0.017874 0.099821 -0.024280 0.012790 -0.149009 -0.192881 -0.180649 0.174445 0.079130 0.083183 -0.037176 0.039296 -0.065054 0.143928 0.009013 0.210997 -0.085587 0.102375 0.275424 -0.072177 -0.152398 -0.058640 0.150920 -0.158022 -0.010361 -0.180766 0.271038 0.051713 0.090592 -0.235734 0.117422 -0.053195 0.013581 -0.069032 -0.272365 0.074647 0.244424 0.134092 0.170232 0.177313 0.096131 0.138103 0.134613 
-0.140567 -0.023351 0.166919 0.145930 0.219684 0.150189 -0.090521 0.137940 0.263059 -0.001396 -0.006449 0.251772 0.002935 0.245942 0.195059 -0.080751 0.064791 -0.043479 -0.053106 -0.280292 -0.086205 -0.058137 -0.160236 0.002992 0.027949 0.135826 -0.274994 -0.069822 0.158473 -0.077794 -0.019162 0.020906 -0.040809 0.090479 -0.207163 -0.017674 0.136544 0.276812 0.090307 -0.179333 0.205829 0.036826 0.027817 0.006365 0.145251 0.196394 -0.089093 -0.161808 0.100197 0.045909 
-0.120607 0.180984 -0.213954 0.014842 0.148941 0.177907 0.013150 -0.222097 -0.145511 -0.007814 -0.124904 0.205886 -0.240417 0.045927 -0.008115 -0.237229 0.085839 -0.118596 0.287032 0.182812 -0.055929 0.048500 0.112434 -0.104324 0.018000 -0.031918 0.151765 0.040533 0.207723 -0.083843 0.106037 -0.082063 0.063312 0.169927 0.002326 -0.077880 -0.005839 -0.141933 0.132396 -0.169256 -0.025446 -0.012269 0.199097 -0.130360 -0.025278 -0.040522 0.000644 0.075905 0.318492 0.274315 
-0.136851 -0.077650 0.147470 -0.137534 0.175674 -0.107664 0.018467 0.161828 0.218069 0.022049 -0.193704 -0.023562 -0.076834 -0.105524 -0.114044 0.238234 0.015198 0.046990 -0.037314 0.153747 0.281076 -0.201948 -0.200728 -0.022680 0.067467 -0.044075 0.200703 0.035644 -0.219397 0.250267 0.236879 -0.041531 0.002851 0.047807 -0.017864 0.126295 0.062510 -0.175749 -0.037377 -0.289874 -0.068185 0.121300 0.097302 -0.020271 -0.025289 0.120742 -0.034280 -0.248207 0.123804 0.163142 
-0.130159 -0.067251 0.156710 -0.110346 -0.219262 0.063955 -0.002159 0.171325 -0.317075 -0.033786 -0.144818 -0.052728 0.117138 -0.182913 -0.020646 0.204679 0.219710 0.014818 0.095546 0.078763 -0.096707 -0.042092 -0.102190 0.027237 0.017172 -0.047234 -0.002895 0.190480 0.161130 -0.015072 -0.078823 -0.044704 -0.298993 0.006825 0.137985 -0.075605 0.223846 0.245912 0.065522 -0.151722 0.239448 -0.294867 0.014034 -0.119230 -0.152882 -0.160026 -0.108326 -0.049135 -0.011812 0.109280 
-0.132080 0.202484 0.160667 -0.089430 0.190159 0.157288 0.076964 -0.050394 -0.137673 0.215510 0.178415 0.096022 0.016464 -0.195378 0.178186 0.264123 0.280561 0.065221 0.219937 -0.072847 -0.086803 -0.059486 0.135827 0.056636 0.080492 -0.106785 -0.044721 -0.220182 -0.254996 -0.099165 -0.048344 0.001295 0.330670 -0.028772 0.087809 -0.010706 -0.065079 0.032348 0.093608 0.057233 -0.018980 0.022713 0.047486 0.270986 0.007177 -0.074051 -0.127348 -0.127616 -0.143943 0.080014 
-0.149503 0.011952 -0.006821 -0.055325 -0.029206 -0.027441 0.302926 -0.105732 0.118926 -0.045192 0.042590 -0.152955 0.156122 0.335471 -0.220378 0.051288 0.036416 0.241463 0.069752 0.058472 -0.221348 0.020719 -0.012264 0.009319 -0.158667 0.192226 -0.124771 0.000796 -0.175480 0.067035 -0.081023 -0.202919 0.020695 -0.155846 0.040221 0.010773 0.114602 0.122011 0.294771 0.100586 -0.232650 -0.073175 0.024712 0.018401 -0.214752 0.129776 0.137341 -0.035276 0.217282 0.140915 
-0.160942 0.118191 -0.033149 -0.269440 -0.062943 0.024296 0.124233 0.145153 -0.038474 -0.148045 -0.042747 0.125665 -0.030264 -0.018904 0.151433 0.019371 -0.330276 -0.069736 -0.155490 -0.094632 0.161665 0.192405 0.140054 0.085460 -0.135266 -0.066443 -0.105412 0.110294 -0.110540 -0.250547 -0.033701 -0.149568 -0.015072 0.163299 0.218128 0.222388 0.321366 -0.151882 0.235343 0.007082 -0.062594 -0.028119 0.098560 0.011667 0.256529 -0.020683 0.038099 -0.044543 -0.077999 -0.046008 
-0.140314 0.007170 0.041177 0.033444 -0.108961 0.121785 -0.145954 -0.148997 -0.088450 0.007853 0.073099 0.298290 0.074734 -0.026267 -0.077802 0.284539 -0.179416 0.100557 -0.081302 0.084445 -0.211112 0.142060 -0.011669 0.237799 -0.105014 0.135424 0.180406 -0.157952 -0.078513 0.209686 0.038666 0.227757 0.018741 0.101297 0.127251 -0.237760 0.038859 0.017407 -0.025308 -0.122843 -0.063583 0.016731 0.045114 -0.248323 0.145156 0.323655 -0.005194 0.197018 -0.087354 -0.052019 
-0.142675 -0.038609 0.040571 -0.028314 -0.006049 0.191670 0.186790 -0.088261 -0.095250 -0.156036 -0.238870 -0.233389 -0.024032 0.154944 0.213761 -0.008831 0.026684 0.235094 -0.095073 -0.027311 -0.026640 0.159192 0.044184 0.241990 0.050875 -0.191077 -0.059734 0.160767 -0.005143 0.161398 -0.070465 0.240547 -0.074374 -0.135975 -0.158991 0.079009 -0.312162 -0.159802 0.035841 0.129957 0.214151 0.142296 0.157129 -0.082995 0.141702 0.028384 -0.101892 -0.042891 -0.049326 0.203166 
-0.137022 0.112415 0.007615 -0.108733 -0.141883 0.112422 -0.082426 0.102469 -0.107738 -0.086923 0.044759 -0.026719 0.031905 0.081712 -0.113726 -0.333915 -0.066226 -0.175259 0.102635 -0.330584 -0.064512 -0.025539 -0.176808 0.081700 -0.114174 -0.184941 -0.085747 -0.112116 -0.170911 0.266178 0.037324 0.119090 0.031987 0.072346 0.112608 0.227454 -0.138408 0.109343 -0.125291 -0.210625 -0.288765 -0.051567 -0.177273 -0.029025 -0.091570 -0.134647 -0.170504 0.074372 -0.029532 0.173255 
-0.134052 0.235762 -0.043783 0.064082 -0.023362 0.251251 -0.020832 0.022070 0.126779 0.049758 0.008980 -0.336572 0.002356 -0.107894 -0.303427 0.041947 0.200319 -0.109423 -0.172655 -0.023431 0.062477 0.204145 -0.111846 0.082024 0.268170 0.149579 -0.121637 0.047587 0.254519 -0.125194 0.051667 -0.058832 0.037378 0.206307 0.170430 -0.019528 -0.005759 -0.164172 0.067483 0.058997 -0.074411 0.143798 -0.157353 -0.010321 -0.107108 0.231535 -0.169787 0.000568 -0.140668 -0.007157 
-0.154178 -0.041998 0.028356 -0.197491 0.057298 0.037028 -0.166041 -0.024121 -0.007531 -0.087740 -0.189205 -0.025351 -0.025414 -0.135630 -0.263560 -0.051093 -0.202320 -0.100924 -0.029017 -0.132570 -0.037895 -0.040177 -0.126546 -0.274559 -0.126446 0.004505 -0.050114 0.194542 -0.001761 -0.058082 -0.048220 0.032378 0.346768 -0.204142 -0.099987 -0.169847 -0.192096 -0.016020 0.126374 -0.048363 0.179516 -0.251244 0.214084 0.199338 -0.071042 0.204013 0.060824 0.107153 -0.199034 -0.028725 
-0.156208 0.138609 0.049149 -0.136285 -0.163945 -0.047102 -0.299170 0.092616 0.247757 -0.026424 0.074892 0.051655 0.052024 0.033052 0.227772 -0.007051 0.084201 0.152501 -0.033901 -0.000204 -0.206045 0.042783 -0.113751 -0.098234 0.035417 0.132046 0.366424 -0.053234 0.030230 -0.098874 0.124562 -0.076698 -0.009812 -0.085836 -0.106456 0.369596 0.050927 -0.121720 0.010501 0.218940 0.125869 -0.028476 0.047740 0.021401 -0.155239 -0.046027 -0.122374 0.318873 -0.013666 0.112166 
-0.142020 -0.086779 -0.012608 -0.361993 0.014906 -0.165276 -0.022193 0.054747 -0.043515 0.004833 0.054399 -0.108961 -0.054561 -0.061473 0.112583 0.031150 0.125592 0.060174 0.003292 -0.364177 -0.172424 -0.166149 -0.029883 -0.137661 -0.149037 -0.027203 0.118704 0.011768 0.190028 -0.070005 -0.035784 0.264314 -0.054199 0.169654 0.019159 -0.262756 -0.030903 -0.185527 0.082973 0.172936 -0.180423 0.170935 -0.038888 -0.150707 -0.049155 0.015553 0.045767 -0.190533 0.233725 -0.198512 
-0.153956 0.059981 -0.195639 -0.120066 -0.017038 0.224337 0.091046 0.002504 0.112010 0.143570 0.018085 -0.184625 0.269717 0.072489 0.233457 0.069526 -0.238413 -0.053774 -0.135009 0.151635 -0.146106 -0.272273 0.188998 0.032540 -0.028521 -0.050563 0.063682 0.149700 0.261964 0.111553 0.069643 -0.162189 0.097057 0.006127 -0.110643 -0.126078 0.050784 0.094463 -0.296619 -0.124249 -0.191882 -0.050287 0.077578 0.179586 0.036553 -0.050680 -0.197576 -0.016500 0.004788 -0.086851 
-0.145269 -0.238708 0.101831 -0.095417 0.116840 -0.024251 -0.189464 -0.065459 -0.041782 -0.113851 0.106632 -0.013277 -0.175734 0.079073 0.054945 0.100883 -0.220789 -0.177580 -0.078815 0.206429 -0.112862 -0.022466 0.058163 0.015245 0.280327 -0.156745 -0.226673 -0.242975 0.211466 0.232500 0.086298 0.075032 -0.042032 -0.127024 -0.039775 -0.047866 0.159747 -0.142597 0.312435 0.062617 -0.052858 0.002757 -0.203354 0.137197 -0.149728 -0.171939 0.064871 0.051433 -0.055397 0.077481 
-0.116377 -0.088345 0.112762 0.104685 0.113595 -0.012163 0.047787 0.032768 0.150198 -0.409623 0.273780 0.051185 0.114721 0.153413 -0.002916 0.022436 0.144908 -0.183460 0.303979 0.193228 0.059415 -0.167646 0.059100 -0.048667 -0.056656 0.080076 0.048120 0.399416 -0.072391 -0.048260 -0.022312 0.252024 -0.118697 0.101327 0.127570 -0.039441 -0.045651 -0.056419 0.045681 0.016282 -0.080607 0.088566 0.000528 0.144043 0.076600 -0.005675 -0.120215 0.157618 -0.187276 -0.057662 
-0.134712 0.027927 -0.190707 0.137604 0.315098 -0.048980 -0.114420 -0.129477 -0.054768 0.023677 -0.022349 -0.043990 0.384210 -0.091011 0.052568 -0.052602 0.022470 -0.029474 -0.128472 0.038509 0.135763 0.002065 -0.334305 0.058834 -0.317601 -0.050424 0.000215 -0.225534 0.098277 -0.033564 -0.023208 0.056985 -0.237897 -0.043936 0.267048 -0.057525 0.008221 -0.100624 -0.036783 0.121536 0.067130 0.002785 0.102083 0.261032 0.046438 -0.071487 0.126460 0.013166 0.046346 0.191871 
-0.144135 0.152772 -0.095803 0.068631 -0.028972 -0.067719 0.068600 0.107252 0.196263 0.097968 0.091208 -0.217921 -0.095994 0.053932 -0.034239 0.261529 -0.290529 -0.018203 0.343621 -0.003198 -0.120993 0.064082 -0.128650 -0.073290 -0.069693 0.208549 -0.109930 -0.140174 0.051308 -0.109369 0.099880 0.016718 -0.060639 -0.090636 0.070125 -0.024041 -0.256861 -0.100487 -0.010673 -0.174238 0.181878 -0.039628 -0.025667 -0.214914 0.198655 -0.350934 0.058220 -0.093666 -0.074675 -0.023006 
