-0.159786 0.073569 0.171109 -0.003357 0.182221 0.167094 0.032776 0.205684 -0.070451 -0.036219 -0.162569 0.150135 -0.017510 0.114789 -0.041415 -0.065511 -0.026280 -0.168906 -0.077468 0.056672 -0.374263 0.053145 -0.153898 -0.031647 0.145269 -0.162125 0.312618 0.025347 -0.000581 0.465714 0.124289 -0.011290 0.151575 -0.110796 -0.076168 -0.002164 -0.026279 0.226327 0.091598 -0.140120 -0.092263 -0.129217 0.071712 0.050359 0.034299 -0.096728 -0.026218 -0.063265 0.008383 0.084319 
-0.116641 -0.042075 0.262843 -0.001059 -0.348580 -0.007617 -0.063356 0.055600 -0.058296 -0.065131 -0.045243 -0.019188 -0.046352 0.301000 0.091867 0.033384 0.157885 -0.018129 0.132299 -0.125770 -0.039308 -0.113073 -0.123950 0.247040 -0.178794 -0.060170 -0.168240 -0.029148 0.044142 -0.064000 0.121902 -0.126278 0.113933 0.071116 -0.037290 0.063082 0.052379 0.266876 0.061740 -0.019414 0.167798 -0.019611 -0.254737 0.201325 0.024795 -0.017149 -0.164441 0.182674 -0.307053 -0.180240 
-0.145172 0.075220 -0.027824 0.024281 0.157784 0.076915 0.093231 0.097983 -0.005811 -0.067066 -0.139470 0.090771 -0.164521 -0.208255 0.257157 -0.101449 0.353981 -0.145943 -0.138002 -0.009235 0.279897 -0.025050 -0.034493 -0.083280 -0.067165 0.051326 0.119142 -0.062381 0.130481 0.069412 0.062095 -0.078731 -0.090213 0.084687 -0.067795 0.184692 0.010574 -0.280596 -0.230949 -0.142507 0.206770 -0.133926 -0.162567 0.148810 -0.165116 0.013267 -0.056581 -0.248379 -0.123037 -0.102562 
-0.132954 -0.056291 -0.045665 -0.075006 -0.112358 -0.362020 -0.013071 0.127607 0.083036 0.244223 -0.182637 0.087019 0.033477 0.023198 0.219334 0.026098 0.029987 -0.069690 -0.074511 -0.022992 -0.064524 -0.171164 0.078074 -0.163615 0.028533 0.006349 0.063628 -0.132850 0.243443 -0.103480 0.007063 0.079935 -0.190145 -0.114570 -0.064391 0.139604 -0.114576 0.269937 0.152359 0.161602 0.049962 0.026634 -0.089401 0.078749 0.208735 0.203206 0.346026 -0.153744 0.106444 0.105171 
-0.157533 -0.206413 -0.011065 0.253261 0.114405 -0.009382 0.082773 -0.161778 -0.009632 0.206295 -0.049716 0.137052 0.097989 0.090288 -0.163209 0.091125 0.180710 0.311928 -0.077219 0.055822 0.229659 0.233884 -0.191716 -0.173515 0.084463 0.104021 -0.280525 -0.059038 -0.122845 0.211619 0.107985 0.178837 0.238649 0.064675 -0.053200 -0.003610 0.000046 0.129693 -0.137885 0.070613 -0.019418 -0.057296 -0.192806 0.058795 0.130412 0.095755 0.035382 -0.030482 0.020124 0.103296 
-0.141193 -0.149729 0.019420 -0.046808 0.020868 0.031105 -0.027952 0.090563 0.027949 -0.299291 0.020773 0.105682 -0.121520 -0.114963 0.189421 0.185062 -0.310192 0.174519 0.162703 -0.081736 0.115070 0.008644 0.169235 -0.010212 0.206930 -0.080905 -0.002927 -0.203542 0.052214 0.071582 -0.000035 0.008979 -0.030327 0.262715 -0.046710 0.136271 -0.045276 0.132274 -0.175730 -0.161976 -0.274284 0.313645 0.019787 0.260580 -0.076614 0.076906 -0.047516 0.063784 -0.008606 0.128696 
-0.134790 0.222639 0.090148 -0.154451 -0.022154 0.022636 -0.176173 -0.096760 -0.065573 -0.055392 0.084219 0.155050 -0.072432 0.081833 -0.032470 0.009106 -0.014863 -0.010212 -0.176748 0.073808 0.058900 -0.158932 -0.160401 -0.300495 -0.052382 0.166148 0.285510 -0.208557 -0.028994 -0.204467 -0.045821 0.206164 0.221257 0.274668 0.191590 0.034544 -0.092821 -0.085614 0.063173 0.231253 -0.209598 -0.156162 0.061260 0.083117 0.056831 -0.034047 -0.027045 0.208257 -0.060563 -0.126766 
-0.137920 -0.290619 0.116805 -0.170751 0.004858 0.131130 0.108248 0.036634 -0.006552 -0.089878 0.213823 0.007557 -0.066655 0.409788 0.089853 -0.046214 -0.094364 -0.156658 -0.123512 -0.043699 -0.060676 0.057807 0.072367 0.055055 0.000044 0.160250 -0.165236 0.144625 0.289457 0.022589 -0.089908 0.208269 0.042407 -0.022947 0.005545 -0.001620 -0.280769 -0.293032 -0.105852 0.053168 0.075909 0.044279 0.084468 -0.041412 0.227244 0.002384 -0.142040 -0.166701 0.029269 0.115234 
-0.153147 -0.030412 0.022773 -0.151404 0.115547 -0.273468 -0.182650 -0.177234 0.138536 -0.049611 -0.091841 0.061702 -0.297697 0.094041 -0.121323 0.214533 0.078708 -0.066623 0.177752 -0.176976 -0.092051 0.140696 -0.127160 -0.000560 -0.147975 -0.194598 -0.024630 0.061386 -0.041498 0.064391 0.272448 -0.144428 -0.117608 0.032599 0.060111 -0.309653 -0.189505 -0.234634 -0.088806 -0.002817 -0.145322 -0.038093 0.010745 -0.074054 -0.060287 0.199134 0.170596 -0.013149 0.013928 -0.099496 
-0.142756 0.314753 0.054059 0.108682 0.147435 -0.008631 0.089060 0.052661 -0.046884 0.116647 0.347696 0.238625 -0.091163 -0.090840 0.128759 0.250741 -0.106299 0.238711 0.005233 -0.129903 0.010912 -0.056199 -0.039928 0.121641 -0.088337 -0.045696 0.003279 -0.003080 -0.135259 -0.082825 0.173835 0.089650 -0.020968 -0.004801 -0.183360 0.132691 -0.138043 -0.045152 0.286928 -0.132703 0.223270 0.035966 0.109814 -0.266874 0.115977 0.046657 -0.072860 -0.082696 -0.154966 0.080854 
-0.142170 -0.197654 0.132035 0.123302 -0.223434 0.073547 0.241697 -0.055777 0.051850 -0.026266 -0.070429 0.098385 0.004691 -0.226363 0.182918 0.169140 0.104091 -0.053138 0.384099 -0.024174 -0.065372 -0.043900 -0.022968 -0.157029 0.130156 0.052665 0.053465 0.160706 0.010621 -0.172124 -0.050628 0.085447 0.052725 -0.255941 0.015078 0.001378 0.165101 -0.148099 -0.037715 -0.072260 -0.199084 -0.339197 0.163754 -0.070371 0.142151 0.024906 0.004952 0.142672 -0.142024 0.080788 
-0.130451 -0.129732 -0.062271 0.101665 0.164169 0.204916 -0.009694 -0.246416 -0.214674 -0.160553 -0.311566 -0.156807 -0.059873 0.026575 0.050843 0.080159 -0.004243 0.150786 -0.139806 -0.183802 0.012983 -0.146948 0.073210 0.053101 -0.477800 -0.044317 0.061354 -0.129346 0.133332 -0.094371 -0.077007 -0.033134 0.049123 -0.101330 -0.079678 -0.043271 0.076357 0.123499 0.073375 0.111246 -0.174377 -0.028298 0.044324 -0.185838 -0.055189 -0.069733 -0.037983 -0.129584 -0.016037 0.266487 
-0.140605 -0.013903 -0.109777 0.016713 0.009415 0.075635 -0.194449 0.199967 -0.213262 -0.152894 -0.194803 0.069546 -0.107723 -0.089298 -0.035359 -0.162508 -0.138828 0.025674 0.093568 0.212122 -0.114272 0.003824 0.182319 -0.198405 -0.178751 -0.113623 -0.197927 0.225094 -0.273158 -0.057533 -0.092485 0.258012 -0.063493 0.109947 0.055441 -0.179703 0.034311 -0.128874 0.178185 -0.099450 0.195150 -0.018980 -0.189045 0.166390 0.150596 0.038869 0.113312 -0.023171 -0.130571 0.103495 
-0.160570 0.023252 -0.208743 -0.039949 0.054646 -0.095642 -0.120537 0.293664 0.159997 -0.300100 0.066982 0.180488 0.169909 0.008013 -0.073025 0.053235 -0.086325 -0.016057 0.190694 -0.172523 0.061565 0.023568 -0.183108 0.087880 -0.141718 0.292910 -0.087516 -0.157311 -0.142637 0.188700 -0.232882 -0.013718 -0.111278 -0.221057 -0.092588 -0.028911 0.090099 0.021479 0.007943 0.323989 0.081463 -0.173859 0.087267 0.084730 -0.079487 -0.020324 -0.082370 -0.068599 0.043385 -0.040712 
-0.128813 0.043208 0.256783 -0.118885 -0.179689 0.166530 0.102920 0.196038 -0.050104 -0.169173 -0.202304 -0.005668 0.199565 -0.109413 -0.293892 0.142482 -0.089782 0.184213 -0.055994 -0.037988 -0.023608 0.000148 0.040071 -0.169605 0.103989 0.086983 -0.057501 -0.023695 0.139846 -0.126339 0.028388 -0.043505 0.042030 -0.092741 -0.166519 -0.008607 -0.244757 -0.114031 0.064455 -0.059063 0.048873 0.021379 -0.282243 -0.254653 -0.253181 0.002446 0.109943 -0.007172 0.184677 -0.217877 
-0.135900 -0.122573 -0.210714 -0.096447 0.185749 -0.048257 -0.046789 0.110082 0.057459 0.050430 0.174786 -0.051728 -0.131011 0.134442 -0.160657 0.041064 0.044727 0.200148 -0.111205 -0.067915 -0.076868 -0.113418 0.191933 0.007843 0.171256 -0.075791 0.074951 -0.015864 0.099064 0.023140 -0.157138 -0.195427 -0.057650 0.048345 -0.232633 0.048097 0.234105 -0.119869 -0.077962 -0.021480 -0.065159 -0.169875 -0.232301 -0.117333 0.225929 -0.307267 0.215470 0.220285 -0.210048 -0.088340 
-0.127233 -0.264842 0.062289 0.035739 -0.152071 0.010793 -0.116503 -0.114700 0.197899 0.180467 -0.053420 0.187850 0.044950 -0.042177 0.195527 0.019518 -0.101336 -0.015693 -0.117481 -0.014718 0.167555 0.117617 -0.000901 0.125064 -0.223214 -0.065121 0.108484 0.095537 -0.026494 0.156327 -0.237965 -0.043035 0.050562 0.198538 -0.117059 0.001000 0.023234 -0.106111 0.298342 -0.216589 0.074195 -0.090433 0.071386 0.031931 -0.051401 -0.148988 0.057228 0.190352 0.394705 -0.149193 
-0.150616 0.014132 0.100803 -0.236380 0.173261 -0.199512 0.089856 -0.088847 -0.326285 0.019049 0.063591 -0.130985 0.068528 -0.121739 0.013481 0.233075 -0.106784 -0.302302 0.044161 0.081993 0.163889 -0.163967 0.014594 0.261549 0.054571 -0.103055 -0.121185 -0.015289 -0.119646 0.052127 -0.112435 0.283153 0.042390 0.036226 0.061544 -0.014017 0.108199 0.174147 -0.139803 -0.084788 -0.063971 -0.185623 -0.154928 -0.130162 0.039850 -0.060826 0.014004 -0.141699 0.154038 -0.215401 
-0.137405 -0.159430 -0.029317 0.068908 -0.109950 0.121688 -0.218418 -0.063690 -0.134954 0.041574 0.068333 -0.247329 -0.066303 0.061453 0.119435 -0.054976 -0.025348 0.282158 0.097818 0.158922 0.212039 -0.121721 0.179201 -0.005223 0.182394 -0.104744 0.106028 0.006455 -0.059479 0.295704 0.157053 -0.008389 -0.173376 -0.217321 0.198104 0.102083 -0.200700 -0.037278 0.186300 0.217178 -0.008811 -0.150827 0.097010 -0.018512 -0.075284 0.015543 -0.062679 -0.105417 -0.058342 -0.272995 
-0.144835 0.178754 -0.223556 0.064847 -0.165058 0.206494 -0.166095 0.020854 -0.127267 -0.018626 0.145052 -0.106313 -0.014887 0.092340 0.091250 0.177005 -0.157965 0.046734 0.044777 0.239421 -0.039337 0.082011 -0.337233 0.052789 0.049396 0.032570 -0.075914 -0.116192 0.305709 -0.081822 0.111697 -0.209072 0.014829 -0.014697 0.197446 -0.042828 0.273778 -0.101703 0.007049 -0.175785 0.042723 -0.098298 -0.082010 0.049351 0.083124 0.052320 0.149853 -0.139088 0.250276 0.122865 
-0.135829 0.078181 0.193711 0.142452 -0.024359 -0.162349 0.129533 0.059504 -0.249761 -0.054405 0.223343 0.118867 0.123319 0.057311 -0.156906 -0.249874 -0.105642 -0.054625 0.017023 -0.041430 0.203418 -0.039052 0.324261 -0.031879 -0.105116 -0.226482 0.055484 -0.021589 0.019482 -0.013086 0.078065 -0.332854 0.216484 -0.039887 -0.050249 -0.044337 0.089689 -0.091476 -0.119109 0.133663 0.062547 -0.160454 0.107036 0.123472 0.023639 0.257106 0.071407 0.075284 0.181111 0.137508 
-0.168076 0.136092 -0.097429 -0.070347 -0.094167 -0.041826 0.078426 -0.024221 -0.089966 0.105516 -0.072880 0.054242 -0.102181 -0.048914 -0.093554 -0.295163 0.131792 0.211744 0.132542 -0.045828 -0.368532 0.055495 0.132015 0.259208 -0.092774 0.201446 -0.097735 0.048497 0.038746 0.100966 0.025853 0.120198 -0.082776 0.226097 0.073209 0.382802 0.103019 -0.068697 -0.054526 0.013521 -0.208007 -0.086228 0.003973 -0.115225 -0.064591 0.206669 -0.076443 0.035858 0.207166 -0.051730 
-0.119143 0.308149 0.040560 -0.025753 0.019653 0.003374 0.154922 -0.210071 0.038576 -0.088547 0.054706 -0.067343 0.031677 0.112791 0.236673 -0.071162 -0.110693 0.057000 0.001848 0.049786 0.063704 0.287783 0.197040 -0.144068 -0.161510 0.304189 0.155818 0.136439 0.054125 0.145726 -0.058691 -0.006231 -0.062341 -0.178621 -0.081399 -0.226787 0.155670 0.155836 -0.031504 -0.098898 -0.101838 0.186160 -0.133307 -0.013351 0.158526 0.139699 0.053876 0.037825 -0.094891 -0.317254 
-0.138077 -0.047203 0.026533 0.135941 0.097855 -0.013352 -0.156650 0.020930 0.315437 0.006967 -0.107591 0.043965 0.051382 0.008375 -0.122537 -0.201784 -0.228007 -0.139903 -0.107368 0.018803 0.185231 -0.070018 0.018208 0.192011 0.046725 -0.005406 0.122964 -0.135624 0.097123 -0.040161 0.196351 0.244460 -0.115662 -0.200595 0.192244 -0.010346 0.123966 -0.049544 -0.031212 -0.143691 0.038436 -0.013785 -0.245834 -0.241148 -0.006051 0.202089 -0.194043 0.299374 -0.080259 0.152893 
-0.149369 0.003883 0.053523 -0.242087 0.262511 -0.099455 -0.182222 -0.158898 -0.013281 -0.064170 -0.058480 0.053368 0.184522 -0.002643 0.213808 0.077683 -0.010563 0.195678 -0.095924 -0.031293 -0.102971 0.069289 -0.024291 -0.015528 0.210288 -0.040002 0.011991 0.468144 0.123205 -0.144377 0.039256 -0.006949 0.089017 -0.026344 0.066607 0.072252 0.200484 0.076712 -0.052586 0.206958 0.279269 -0.007111 0.046703 0.060503 -0.298641 0.028435 -0.059603 0.128462 0.005283 0.105423 
-0.144936 0.072692 -0.290946 -0.067543 0.021506 -0.126167 -0.037677 0.038635 -0.090107 0.217520 -0.007259 -0.090887 0.216230 0.138055 0.209480 -0.060262 0.049227 -0.090312 0.227376 0.192427 -0.052276 0.158870 0.090190 0.022841 -0.033484 -0.055178 -0.041399 -0.248789 0.054298 -0.001662 -0.121326 0.051703 0.318674 -0.075252 -0.132747 -0.051351 -0.260759 -0.117962 0.001441 -0.123866 -0.050581 0.017307 0.010309 -0.094907 -0.366872 -0.026835 0.041701 0.157351 -0.231505 0.109384 
-0.135401 -0.057513 -0.279517 0.018516 -0.085126 -0.030058 -0.054927 -0.138101 -0.072485 -0.101744 0.180986 0.092409 0.137967 -0.140920 -0.219898 -0.179567 0.095200 -0.215066 0.221318 -0.247424 0.188020 0.000447 0.010959 -0.028297 0.077904 0.109222 0.133381 0.273345 0.231763 0.002703 0.215367 0.025710 0.090135 0.157203 0.018832 -0.033040 -0.064621 0.140996 0.294918 -0.039948 -0.112732 0.107623 -0.140452 -0.016189 -0.009972 -0.220968 0.008785 -0.176883 -0.058429 0.072761 
-0.136702 0.101880 0.100438 -0.308537 -0.084790 -0.134046 0.088628 0.047247 0.067112 0.180169 0.024410 -0.042094 0.220034 -0.128493 -0.109878 0.020157 0.014191 0.188420 -0.103112 0.110112 0.074842 -0.211010 -0.084465 0.012431 -0.278396 -0.023447 -0.080035 0.106272 -0.002335 0.150178 0.161123 0.003407 -0.070650 -0.257212 0.083457 0.028113 0.030213 -0.222162 -0.042648 -0.109954 -0.234610 0.201475 0.030536 0.313493 0.052754 -0.277839 -0.064668 0.022016 -0.048906 0.168953 
-0.124513 0.006616 -0.181725 -0.006000 -0.031405 0.113660 0.035441 0.128960 -0.219415 0.251247 -0.169192 0.194751 -0.104625 0.112128 0.099155 -0.163461 -0.235991 -0.068849 0.008264 -0.113564 0.159424 0.133821 -0.245415 -0.000887 0.033575 -0.110583 0.050434 0.207392 -0.240538 -0.270998 -0.036675 -0.209853 -0.094941 -0.159629 -0.000256 0.145217 -0.147220 0.051641 -0.231863 0.120701 -0.175901 0.145272 -0.096732 -0.101058 0.080446 -0.127824 -0.104894 0.038628 0.069228 -0.095917 
-0.129646 0.102738 -0.165151 0.147558 -0.155080 0.076525 -0.049592 -0.313423 0.126611 -0.071172 -0.049136 0.161828 -0.042858 -0.074152 -0.037497 0.045245 -0.123997 -0.237186 -0.187753 -0.129527 -0.180519 -0.154511 0.093842 -0.072554 0.082238 -0.174017 -0.279984 -0.070782 -0.045252 0.133135 -0.021525 0.026048 0.279556 -0.216601 0.040466 0.241124 0.130672 -0.151510 -0.031405 0.091006 0.067447 0.252780 0.064133 0.013966 -0.012351 -0.024964 0.137565 -0.070746 -0.084859 -0.241130 
-0.146354 -0.083714 -0.067346 0.231802 -0.147735 -0.260915 -0.241866 0.272727 -0.159683 -0.088637 0.008344 0.020546 -0.029133 -0.183018 0.044295 0.086559 0.250568 0.096731 -0.265818 0.002126 -0.072378 -0.092167 0.050827 0.107734 0.024052 0.189049 0.077932 0.116327 0.003303 0.025791 -0.100090 -0.083300 0.199630 -0.053393 0.219786 -0.216031 -0.107892 0.084834 -0.216366 -0.172035 0.006465 0.200120 0.174242 -0.198942 0.114310 0.004781 -0.078380 0.040868 0.021067 -0.065503 
-0.127485 -0.129507 -0.107926 -0.279714 -0.010298 0.229961 -0.115691 -0.018092 0.101342 0.045210 -0.101569 0.086857 0.157079 -0.124401 0.001864 -0.108770 -0.006328 -0.048978 -0.040814 0.178435 -0.004875 0.017686 0.158056 0.058576 -0.018469 0.106535 -0.122172 -0.164349 -0.067077 -0.178924 0.442237 -0.070714 0.002658 0.110074 -0.253628 -0.144190 0.047811 0.170187 -0.155331 -0.017080 0.094050 -0.082454 0.366156 -0.067962 0.186090 -0.049653 -0.016455 -0.039738 -0.024140 -0.161402 
-0.149930 -0.022326 0.063075 0.053434 0.107569 -0.133256 0.047133 -0.369130 0.052052 -0.250411 -0.015922 0.031836 0.103538 0.149136 0.084655 -0.219916 0.127201 0.082544 0.228890 0.176100 -0.140039 -0.308745 -0.106597 -0.027267 0.139591 0.090605 0.095016 -0.150149 -0.265787 -0.080810 -0.053761 -0.165577 -0.079895 -0.027401 -0.041412 0.005222 -0.147267 -0.052734 -0.044912 -0.145193 0.184776 0.147215 -0.122333 -0.053333 0.125904 -0.164311 -0.041091 -0.024433 0.250322 0.095725 
-0.128275 0.119048 -0.104259 0.274028 -0.134827 -0.155160 0.048658 -0.191609 -0.036870 -0.002177 -0.124901 0.086587 0.025059 0.013053 -0.283900 0.331737 -0.088479 -0.118616 -0.040271 0.355799 -0.078375 0.134176 0.143543 0.045343 -0.032179 -0.035016 0.126050 0.085147 0.181165 -0.026877 -0.063989 -0.016206 -0.292075 0.096958 -0.152714 0.070631 -0.150237 0.025944 -0.120728 0.118636 0.095796 -0.075400 0.048991 0.135818 0.007271 -0.133103 -0.301505 0.032846 -0.071595 0.021144 
-0.152184 0.242534 0.011919 -0.055295 -0.030035 0.212497 -0.083729 -0.058638 0.367804 0.145928 0.139865 -0.050396 -0.009181 -0.135824 0.053281 -0.008054 0.016029 0.003049 -0.028816 -0.143404 -0.072974 -0.032624 0.222812 -0.113070 -0.012614 -0.092098 -0.200983 0.043637 -0.045378 -0.009976 -0.205641 -0.176199 0.020416 0.032595 0.238742 -0.113226 -0.277578 0.274018 -0.141925 -0.052588 -0.032958 -0.304185 -0.169717 0.019206 0.010472 -0.057760 -0.162216 -0.109936 0.061246 0.162977 
-0.131159 -0.132441 0.088134 0.112029 0.248429 -0.031831 -0.014064 0.124068 0.162690 -0.192776 0.254330 -0.063724 0.007713 -0.036101 -0.062355 -0.121263 0.124322 -0.083275 0.018274 0.341220 0.011539 0.046638 -0.183618 -0.221298 -0.252857 -0.211828 -0.221625 0.111103 0.144887 -0.126937 -0.075680 -0.061739 -0.081839 -0.023389 0.018771 0.289661 -0.023443 0.219929 0.071746 -0.058733 -0.175640 0.080992 0.128305 -0.156264 -0.057480 0.049966 0.039800 0.062074 -0.014228 -0.185678 
-0.136891 -0.029454 0.083293 0.284385 -0.028397 -0.088476 0.208148 0.142605 0.169284 -0.077398 0.074619 -0.075072 0.214564 -0.070675 0.269360 -0.097872 -0.049412 0.069092 -0.100290 0.000504 -0.211876 0.164868 -0.009681 0.157930 -0.007544 -0.217422 0.057721 -0.088455 -0.048865 -0.129340 0.179746 0.128249 -0.022458 0.209441 0.106641 -0.217835 0.069687 -0.134640 -0.020977 0.337759 -0.131797 0.025303 -0.149097 -0.020784 -0.036542 -0.267854 0.057870 -0.180167 -0.001814 -0.101285 
-0.126957 0.197207 0.149051 -0.021914 -0.078263 0.244936 -0.076262 0.082814 0.148566 0.073058 -0.023446 0.216697 -0.144570 0.231965 -0.145402 0.038020 0.337655 0.045445 0.192338 0.146897 0.224120 -0.022084 0.149176 0.204731 0.072943 -0.147751 0.105852 0.032421 0.013898 -0.096283 -0.181578 0.219135 -0.025198 -0.052291 0.007543 -0.118985 0.172370 0.066945 -0.080117 0.103968 -0.012775 0.247882 0.127153 -0.058704 -0.121362 -0.091737 0.210232 -0.145793 0.081500 0.080172 
-0.149114 -0.057087 -0.171186 0.001591 -0.005970 0.038076 0.312727 0.061055 0.107058 0.030866 -0.116278 -0.159116 0.237422 0.223098 -0.174143 0.078668 -0.130110 0.086083 0.073287 -0.183527 0.032946 -0.072888 -0.052162 -0.084528 -0.127007 -0.058518 0.216453 0.046974 -0.082946 0.008854 -0.049680 0.032843 -0.038119 0.220302 0.366077 0.110289 -0.007892 0.067410 -0.153006 -0.212368 0.275054 -0.006790 0.247831 -0.012516 -0.018604 0.056892 0.204272 -0.050420 -0.153606 -0.107238 
-0.153187 -0.060630 0.108408 -0.087122 -0.292924 0.146237 -0.032891 -0.098293 -0.173716 0.002568 0.253916 -0.099968 0.009797 -0.161313 0.056269 -0.014364 0.061903 -0.188143 -0.103884 -0.042961 -0.047708 0.084226 -0.122749 -0.133506 -0.067802 0.021914 0.033638 -0.052033 -0.146674 0.262521 0.010558 0.026148 -0.321521 0.106071 -0.062863 0.014940 0.020096 0.066150 -0.192317 0.165043 0.152326 0.117258 -0.028419 -0.237341 -0.122532 -0.022673 0.228865 0.251513 -0.077525 0.296808 
-0.141450 -0.031647 -0.118879 0.064557 0.015794 0.141689 0.205074 -0.017512 0.076010 0.161313 0.037910 -0.033865 -0.055370 -0.100723 -0.018752 -0.100024 -0.114687 0.023264 -0.046390 0.130332 -0.026455 -0.479191 -0.258404 0.120669 0.087822 0.020584 -0.023073 0.190419 0.088045 0.077725 -0.151986 -0.059645 0.002639 0.171947 -0.245928 -0.351936 -0.037839 -0.000741 0.022545 0.129472 -0.075170 0.073907 0.005680 0.070727 -0.140492 0.353008 -0.031322 0.012429 -0.102131 -0.074175 
-0.146218 0.057568 -0.196707 -0.185463 -0.185239 -0.009799 0.137724 0.000129 0.175696 -0.305311 -0.027060 -0.310479 -0.038737 -0.005410 -0.041772 0.062127 0.175198 -0.036269 -0.272895 0.079988 0.124108 0.200055 -0.041390 0.220947 0.125063 -0.117272 0.134126 0.103590 -0.309220 -0.114524 -0.018753 -0.013978 0.151682 -0.053039 -0.148196 0.157461 -0.086207 -0.012017 0.182045 0.017430 -0.090788 -0.046558 -0.021277 0.074885 0.136241 0.241138 0.021037 0.000297 0.018320 0.163422 
-0.147720 0.049515 0.137966 0.300880 0.047531 -0.065074 -0.155127 0.058605 0.098227 0.107865 0.063287 -0.381566 -0.241557 0.084084 -0.057146 -0.035069 -0.172309 -0.094979 0.003664 -0.099076 -0.024186 -0.072310 0.018463 -0.020043 -0.009263 0.321016 0.004222 0.143915 -0.143977 -0.157454 0.169671 0.149681 0.075257 -0.066745 -0.250385 0.095838 -0.022530 0.044550 -0.130594 -0.099711 -0.015188 -0.082923 0.101882 0.217990 -0.229958 -0.171361 0.204674 -0.027086 0.113908 0.036878 
-0.145792 -0.047596 0.247469 0.097538 0.199314 0.140576 -0.171495 -0.151922 -0.162955 0.090285 0.010291 0.044375 0.262514 -0.119089 -0.119153 -0.070564 0.049223 -0.055280 -0.107968 -0.114452 -0.076829 0.186755 -0.041598 0.290343 0.153759 0.121335 -0.037378 -0.122350 -0.018297 -0.174547 -0.228496 -0.130583 -0.226711 -0.049440 0.097822 0.013250 -0.121987 -0.079069 0.129890 -0.106479 -0.117029 0.011110 0.079594 0.257000 0.058012 0.119245 0.232628 -0.053770 -0.258399 -0.048570 
-0.163926 0.069839 -0.060593 0.000566 0.085067 -0.069286 0.399836 0.044588 -0.082775 -0.057951 -0.124442 0.070360 -0.263181 0.101577 0.032107 -0.012169 0.056217 -0.093888 -0.173934 0.013268 0.109198 0.013361 0.090416 -0.005509 0.191507 0.171123 -0.335000 -0.096700 -0.003420 -0.010466 0.091651 -0.124375 -0.155759 -0.006828 0.256459 -0.166982 0.020628 0.082417 0.318284 -0.003847 0.005284 -0.025833 0.165768 0.021133 -0.181842 -0.202621 0.029008 0.262704 0.051257 0.057589 
-0.117563 0.060832 0.071910 0.046301 -0.093974 -0.098757 -0.174920 0.076451 -0.018158 0.101709 -0.060379 -0.098152 0.241895 0.297280 0.039587 0.070020 0.087079 -0.123991 -0.105074 -0.140295 0.028191 -0.066327 0.058363 -0.304721 0.161887 -0.034928 -0.120013 0.001165 -0.176309 -0.002760 -0.038011 -0.072467 -0.200698 0.188672 -0.138073 -0.020792 0.311885 -0.129321 0.137701 -0.143089 -0.220071 0.042837 0.091955 -0.154442 -0.079501 0.117420 -0.323642 -0.222199 -0.025531 0.042593 
-0.129890 -0.016145 -0.180698 0.059417 0.188557 0.230328 0.035432 0.082581 -0.108317 0.108825 0.126627 -0.185121 0.077121 -0.048648 -0.025462 0.149076 0.285574 -0.083384 0.083302 -0.247049 -0.141186 0.000615 0.057821 -0.118771 -0.024156 -0.159229 0.072843 -0.113675 0.039205 -0.093226 0.062791 0.191170 -0.088700 -0.120902 -0.037779 -0.092920 -0.013893 -0.031305 0.036137 0.031139 0.101706 0.183402 -0.029698 0.262790 0.103741 0.095582 -0.216092 0.311477 0.340571 -0.163340 
-0.131512 0.188827 0.203437 0.022441 0.161871 -0.001677 -0.070406 0.102065 0.090236 0.106836 -0.298973 -0.337708 -0.020141 -0.177663 -0.000411 0.019734 -0.050667 -0.110264 0.265817 0.001198 0.144139 0.061619 -0.042097 0.014312 0.057937 0.067419 -0.081627 0.009573 0.119233 0.157760 -0.075504 -0.179917 0.175285 0.215654 0.019846 0.096148 -0.008065 -0.139218 0.092802 0.260575 0.115787 0.198534 0.086964 -0.143234 0.345147 -0.070942 -0.039570 0.101667 -0.017848 0.065997 
-0.162010 0.009508 0.067474 -0.129044 -0.165786 -0.220418 0.025181 -0.108001 -0.041204 0.027642 0.013513 -0.138106 -0.248377 -0.163902 -0.150356 -0.334066 -0.089533 0.206371 -0.013444 -0.149230 0.006505 0.213507 -0.222774 -0.112128 0.124510 -0.231026 0.006421 -0.213181 0.178976 -0.081559 -0.210233 0.169446 -0.007493 -0.096946 -0.109878 -0.148262 0.097965 0.069814 -0.005550 -0.106360 0.185659 -0.019056 0.192560 0.029405 0.006523 -0.090407 -0.198673 -0.134431 -0.046402 -0.052507 
-0.155094 -0.342317 0.076352 -0.148075 0.047175 -0.000593 0.097990 0.032459 0.056174 0.245688 0.147923 0.005874 -0.218087 -0.108044 -0.148754 0.137650 -0.059528 -0.091483 0.054916 0.172103 -0.161481 0.105281 0.125440 -0.059930 -0.086631 0.201211 0.214946 -0.135652 -0.183726 -0.106440 -0.023345 -0.219168 0.163971 -0.056877 0.170180 0.030102 0.203413 0.013588 0.143095 0.095682 0.105194 0.193516 -0.177436 0.012835 -0.151171 0.077048 -0.175394 -0.225564 -0.054464 0.018670 
