-0.130978 0.270045 -0.114431 0.138877 0.018714 -0.110327 0.178053 0.305098 -0.199479 0.053544 -0.258806 0.008829 0.065903 0.046903 0.110853 0.126068 -0.148724 0.048040 -0.145974 -0.062264 0.137002 0.080378 -0.010318 0.139989 -0.034033 -0.254671 -0.049649 0.017550 -0.051055 0.148086 -0.048052 0.172230 -0.206996 0.093391 0.380190 0.002411 -0.209114 0.056535 0.101742 -0.132152 -0.139249 -0.077622 -0.038270 0.101771 -0.101493 -0.108662 0.180543 -0.044650 -0.074847 0.074486 
-0.138648 -0.201093 0.166928 0.126080 0.092371 -0.213102 -0.135166 -0.131854 -0.310358 -0.071996 0.101243 0.081898 -0.004451 0.038807 -0.083984 -0.212875 -0.040343 0.020316 -0.193819 -0.090048 -0.040614 0.089905 -0.015211 -0.180098 0.133314 -0.143151 0.076155 0.059915 -0.118917 0.087167 0.146564 0.168817 0.087230 0.092240 0.151923 -0.072803 0.154013 -0.210682 -0.214125 -0.067823 0.071197 0.037196 0.220879 0.023705 -0.013928 -0.036968 0.002633 -0.147389 0.256476 0.342351 
-0.138150 -0.092181 -0.063170 0.223110 0.029005 -0.039826 0.001887 -0.064759 0.084843 0.032227 0.299682 0.108569 -0.089955 0.123821 0.045833 -0.008478 0.265652 -0.264991 0.151933 -0.155299 0.074616 -0.087476 0.273432 0.242470 0.265289 0.044248 -0.034432 -0.083206 -0.100472 0.025860 -0.082105 0.240642 -0.193322 0.179848 -0.084517 0.260594 -0.132838 0.028644 0.000160 -0.117017 -0.058267 0.157706 0.011384 0.052627 0.026818 -0.167747 -0.170450 0.036771 -0.128397 0.046066 
-0.129647 -0.098789 -0.063925 -0.024375 0.209442 -0.012455 0.067370 -0.029494 -0.040501 0.235950 -0.121220 0.053467 -0.145067 0.001722 -0.117809 -0.038584 0.269662 -0.072386 -0.208575 0.318165 0.091844 0.103044 0.021505 -0.175297 0.008463 -0.038528 0.073148 0.038486 -0.073873 0.311390 -0.064181 -0.127705 -0.085889 0.351320 -0.187068 0.106133 0.099281 0.180167 0.176922 0.051372 0.159913 -0.097438 0.012993 -0.050755 -0.215557 0.218311 0.097749 0.082546 -0.030012 -0.036687 
-0.144652 0.060677 0.014895 -0.103690 -0.182436 0.131345 -0.239321 -0.003460 0.167322 0.091797 -0.113570 0.213627 0.326021 0.148509 -0.049316 0.100983 -0.139902 0.052079 -0.131927 0.018821 -0.164547 -0.018722 0.101810 -0.038550 0.057931 0.018045 0.225113 -0.118760 0.067281 -0.093039 -0.111120 0.134057 0.116279 0.329146 0.092469 -0.076523 -0.185368 -0.104459 0.096881 -0.139226 0.248378 -0.148002 -0.090839 -0.115057 0.043892 0.102291 -0.314844 0.027078 -0.009314 0.040652 
-0.128297 0.044051 0.220159 -0.060966 -0.194042 -0.040021 0.215947 0.153034 0.226413 0.116159 0.023714 -0.072439 -0.195597 -0.271648 -0.019064 0.102143 -0.161687 0.094707 0.001382 0.001427 0.009272 -0.310358 0.121858 0.000060 -0.118113 -0.028376 0.043521 0.108461 -0.176913 -0.038426 0.086335 -0.141316 -0.207250 0.216809 -0.192312 0.018758 0.021003 -0.075009 0.114051 -0.129285 -0.089292 -0.056897 0.162180 -0.134629 0.120105 -0.133263 -0.054494 -0.101418 0.326495 0.144730 
-0.125378 -0.018242 -0.201401 -0.130119 -0.149892 0.190388 -0.120071 -0.277207 -0.051898 -0.143865 0.009831 0.166509 -0.155335 0.310196 -0.029685 0.229530 -0.196325 0.038833 -0.192415 -0.055485 -0.009352 -0.056658 -0.004938 -0.136853 -0.035458 -0.160308 -0.053446 0.076448 0.116365 0.204250 -0.075146 -0.058086 -0.102109 -0.110443 -0.183614 0.199454 -0.055234 -0.162746 0.009824 -0.035684 -0.078112 0.039760 0.208692 -0.162574 0.152676 -0.184747 0.260015 0.092667 -0.073262 -0.074250 
-0.121368 0.163417 -0.071173 0.151664 0.218496 -0.267343 0.027892 -0.020319 -0.013334 -0.022431 0.153105 -0.232415 0.166649 -0.044722 -0.046032 0.000720 -0.299855 -0.061757 0.060020 0.244411 -0.116254 0.085107 -0.049664 -0.009561 -0.019797 0.125799 -0.089608 0.097467 0.142485 0.010841 -0.012382 0.110405 -0.253748 0.011037 -0.190340 -0.060786 -0.150013 -0.040114 -0.228150 -0.215254 0.053695 0.116360 0.071167 -0.186002 0.154172 0.298200 0.013338 0.235136 -0.006664 -0.044162 
-0.147714 -0.092011 -0.162246 -0.139624 0.222767 -0.006260 0.123104 -0.218238 -0.121323 0.150415 -0.121090 -0.024230 -0.073167 -0.098509 -0.322396 -0.242692 -0.221924 0.077932 0.062216 -0.144802 -0.085205 -0.106614 0.037426 0.139142 -0.113253 0.087640 0.090782 -0.254086 -0.164858 0.070824 0.022528 -0.149568 0.014068 0.038125 0.269271 0.041946 0.046113 -0.029309 0.080474 0.021230 -0.031086 0.185196 -0.182852 -0.048014 0.182068 -0.147279 -0.068911 0.306264 -0.018477 -0.049677 
-0.135817 0.227273 0.102533 0.226774 -0.043858 0.095141 -0.047472 -0.082802 -0.013703 -0.029007 -0.113662 -0.182505 0.026330 -0.051095 0.164523 -0.241115 0.112429 -0.125062 -0.117082 0.070709 -0.210663 -0.266687 0.091964 -0.181118 0.240119 0.245651 0.047849 0.218370 -0.156840 0.011926 0.085225 -0.087444 0.039749 -0.085006 0.175714 0.080216 0.004611 -0.305208 0.089491 -0.022835 -0.088770 -0.177626 -0.064922 -0.108072 -0.074487 -0.048803 0.131015 0.057556 -0.178183 -0.193474 
-0.151586 0.144203 0.165401 0.073731 0.034401 0.194127 0.048071 -0.170686 -0.273029 -0.209204 0.072913 0.078407 -0.091663 -0.026550 -0.058529 0.103462 0.182728 0.265720 0.060121 0.035557 0.250087 -0.066326 -0.107640 -0.001014 -0.104610 0.217640 -0.045186 0.140273 0.233869 0.066036 0.113809 -0.157316 0.028118 0.191211 0.078012 -0.088857 -0.217233 -0.016893 -0.022967 -0.075367 -0.140818 -0.043083 0.107575 0.272274 0.010851 0.047453 -0.309750 0.152873 0.011047 -0.041258 
-0.137439 0.047160 0.187129 -0.216550 0.035592 0.090342 0.229239 -0.101493 0.086320 -0.135488 0.180259 0.003584 -0.026635 0.068152 -0.007444 -0.004644 -0.164974 -0.085634 -0.175134 0.231818 -0.229770 -0.056399 0.039693 0.236307 0.136343 0.075310 -0.236331 -0.067937 0.026383 0.257317 -0.169094 0.048087 0.160921 -0.034268 0.227662 -0.037563 0.029663 0.161743 0.056378 0.111836 -0.160928 0.131466 0.114304 -0.058387 -0.072524 0.161145 -0.107154 -0.337937 0.039591 -0.069883 
-0.140540 0.129328 -0.056741 -0.144845 0.048776 -0.210871 -0.191957 0.049608 0.178600 0.218277 0.162764 0.176865 -0.094036 -0.019757 -0.001192 0.051570 0.293243 0.231644 -0.139188 -0.052603 -0.145248 -0.143886 -0.024546 0.214154 -0.087935 -0.103188 -0.208500 0.095066 0.119012 -0.200601 0.025442 -0.042198 0.071381 -0.077533 0.230249 0.054652 0.239889 -0.037000 -0.052853 -0.278128 0.076395 0.059128 0.128541 0.040482 -0.113765 0.116466 0.137190 0.180237 0.027309 -0.118132 
-0.124444 -0.040822 -0.147110 0.044040 -0.069569 -0.033324 0.301031 -0.116462 0.120544 0.054570 0.118677 -0.101774 -0.041655 0.028841 0.175590 -0.119945 -0.104195 -0.030029 0.223823 -0.120394 0.137849 0.006751 0.114982 -0.276747 -0.161748 -0.123839 -0.078675 -0.147991 0.244205 -0.094686 0.123786 0.156018 0.144609 0.140001 0.227844 0.245307 -0.045769 -0.083076 -0.021497 0.210482 0.138730 -0.174317 0.175766 -0.045739 -0.118111 0.140190 0.019359 0.007267 0.150390 -0.225179 
-0.156250 0.157790 -0.020629 -0.101146 -0.090080 -0.166346 -0.019948 0.086511 0.033269 -0.222612 -0.239919 0.018357 -0.005980 0.034628 -0.143993 0.008226 0.036276 -0.111701 0.245445 0.034981 -0.149150 0.056201 -0.199981 -0.000667 0.061785 0.157608 0.196891 0.139515 0.227850 0.005343 0.174815 0.242714 0.118288 0.212591 -0.019931 0.241100 0.351800 0.205305 0.124117 -0.011028 -0.112515 0.051871 0.038164 0.083639 0.225685 -0.099233 0.100679 -0.052205 -0.014268 0.002345 
-0.147705 -0.210021 -0.087014 -0.031688 -0.100746 0.102678 0.017257 -0.120678 -0.158948 -0.139621 -0.238915 -0.201227 0.027503 -0.111902 0.218498 0.029375 0.158307 0.370388 0.110889 -0.016120 -0.125994 -0.015459 0.094105 0.220994 -0.035259 0.166098 -0.122251 -0.116586 -0.253655 0.094548 -0.079151 0.236957 0.073441 -0.000478 -0.127936 0.013796 -0.039914 0.162454 -0.146594 -0.148395 0.234838 -0.193275 0.104100 -0.033654 0.101816 0.040406 0.169211 -0.045768 0.039021 -0.043443 
-0.130140 0.138882 -0.276969 0.200605 0.020683 0.025274 0.139262 0.098355 -0.068163 -0.203999 0.147286 0.229627 0.091513 -0.223867 -0.194982 0.128618 -0.041087 0.034811 -0.029465 -0.034884 0.033998 -0.215194 -0.180317 -0.022076 0.153040 0.035609 0.191160 -0.273943 -0.145347 -0.167123 -0.250650 -0.055520 0.052022 -0.101453 -0.082644 0.043966 0.173869 0.027402 -0.081210 0.129037 -0.095859 -0.230887 0.207006 -0.034534 -0.131365 0.160736 0.018822 0.038729 -0.073854 0.115448 
-0.125419 -0.256181 -0.026623 -0.058248 0.136958 -0.061241 0.060089 -0.086010 -0.061286 0.108038 -0.116301 -0.005726 0.008727 0.117485 0.119829 0.250779 -0.014377 -0.268784 -0.044644 0.109275 -0.065056 -0.178660 -0.220883 -0.055519 0.051378 0.205903 0.040562 -0.209401 0.021692 -0.249440 -0.002621 -0.016987 -0.222631 -0.041050 0.034056 -0.163739 -0.047716 -0.155350 0.151373 -0.065744 0.108265 0.042811 0.088686 0.426218 0.043132 -0.022058 0.131784 -0.150587 0.166639 -0.163939 
-0.172951 0.052141 0.040386 0.097746 0.005716 0.274761 -0.215493 0.112861 -0.033702 -0.029849 0.225711 -0.021651 0.017464 0.062823 0.038121 -0.268132 -0.064576 0.130203 0.101633 0.144225 -0.143605 -0.042851 -0.039926 -0.006370 -0.073660 -0.272343 0.055210 -0.177080 0.038784 -0.042085 0.017358 -0.234944 -0.250899 0.176684 -0.004216 0.129071 0.084519 0.098450 -0.243625 -0.008417 -0.019083 -0.062432 -0.248277 0.219484 0.160139 0.031915 0.145047 -0.278908 -0.022686 -0.118875 
-0.139682 0.112876 -0.116634 -0.094758 -0.250119 0.057961 -0.067781 -0.052151 -0.167968 0.243317 -0.229824 -0.091122 -0.116841 0.225044 -0.081889 -0.208538 -0.002359 -0.141069 0.005056 0.010492 0.282775 -0.300922 -0.128465 0.091896 0.100921 0.127336 -0.063113 -0.020661 0.160289 -0.149681 0.060102 -0.005938 -0.057892 -0.092847 -0.046684 -0.045669 -0.036351 0.205214 -0.275188 -0.020870 0.026081 0.079443 -0.063594 -0.242367 -0.201052 0.067024 -0.048567 -0.141068 0.093261 0.171347 
-0.136030 0.083261 0.151409 0.118909 0.053614 0.066534 0.015441 -0.264233 0.345928 0.220232 -0.245011 0.100522 0.003848 -0.104643 0.033035 -0.151429 0.034815 0.121380 0.072814 -0.015659 0.008768 0.304819 -0.107090 0.003609 -0.080601 0.079363 0.028746 -0.254909 0.119205 0.074272 0.018008 0.009082 -0.111796 -0.249809 -0.083814 0.138830 -0.035307 -0.160969 0.048861 -0.147418 -0.195823 -0.019603 0.138835 0.074482 -0.054735 0.087358 -0.008779 -0.172365 -0.155703 0.285417 
-0.131324 0.106530 0.201085 -0.221355 0.043490 -0.018024 0.099109 -0.013203 0.013353 -0.009148 0.132281 -0.078999 0.218624 0.443346 0.001613 -0.131489 0.053752 -0.014926 0.053393 -0.129419 0.084342 0.192011 -0.079419 -0.141349 -0.057865 0.033103 -0.013689 0.046575 -0.431527 -0.273774 -0.013431 -0.149395 -0.038729 -0.037371 0.014230 0.024080 -0.044394 0.275448 0.112459 -0.072091 -0.097985 -0.116887 0.229688 -0.033888 0.083410 0.033294 0.031011 0.112779 -0.044231 0.020691 
-0.130915 0.111277 -0.250198 -0.166353 0.178627 -0.042214 0.077678 0.180849 0.124857 -0.149481 -0.009844 -0.089957 0.217050 0.073837 -0.089112 -0.047447 0.104127 0.258730 -0.238058 -0.013181 -0.000014 0.062424 0.209267 -0.142257 0.185368 0.085984 -0.089658 -0.210300 0.064466 0.019912 0.380030 0.015241 -0.067847 -0.072572 -0.242917 -0.059775 -0.004228 -0.032946 -0.032969 0.033785 -0.069219 0.074749 -0.039234 0.042721 -0.188350 -0.273872 -0.128061 -0.089165 0.119224 -0.120602 
-0.132208 -0.068488 -0.253064 -0.084429 -0.187875 -0.363726 -0.072362 0.064742 0.108840 -0.119921 0.113997 -0.057544 -0.148719 0.163283 0.051012 -0.090879 0.004492 -0.098975 0.206267 0.039178 -0.080788 0.049448 0.073985 0.066214 -0.111186 0.091682 0.132838 -0.067964 -0.005436 0.221706 -0.067220 -0.302313 0.275472 0.072170 -0.051147 -0.244810 -0.204861 -0.121537 -0.029972 -0.146970 -0.187653 -0.166365 -0.076737 0.124498 -0.157488 0.000187 0.128711 -0.016585 0.004772 0.133360 
-0.156985 -0.225245 0.190110 -0.086843 0.051817 -0.111145 -0.032241 0.154683 -0.119050 0.088033 -0.088438 0.098777 0.362732 -0.140579 0.202514 -0.188070 0.002289 -0.089725 -0.127571 -0.000730 0.003203 -0.097995 -0.109568 0.259647 0.046869 -0.120452 0.034025 0.036758 0.203355 0.024416 -0.036798 -0.151636 0.182467 -0.058884 -0.213886 0.296291 -0.245506 0.007384 -0.024391 0.199778 -0.150653 -0.045326 0.097349 0.018444 0.043738 -0.075493 0.037250 0.202929 0.131165 -0.041852 
-0.157689 -0.045633 -0.008421 -0.089361 -0.204614 0.015334 0.223036 0.244303 -0.206128 0.125966 0.045352 -0.022513 -0.087514 0.086958 -0.100014 -0.168963 0.101661 -0.031306 -0.201581 0.032750 0.013827 0.050233 0.201780 0.115311 -0.234312 0.012273 0.012135 0.016165 0.068333 -0.115924 0.013239 0.186459 0.007368 -0.057176 -0.176379 -0.176637 0.133266 -0.304569 0.030171 0.173558 -0.015771 -0.020841 0.073072 0.108931 0.279645 0.165293 -0.059320 -0.038647 -0.380605 0.006289 
-0.134985 0.071161 0.114237 0.055939 0.185313 -0.197489 -0.151127 -0.079177 0.194647 -0.221056 -0.108922 -0.125742 -0.033204 -0.018684 0.037288 -0.065786 0.177826 -0.058559 -0.232757 -0.320649 0.104023 -0.042916 -0.007308 -0.066198 -0.196190 0.098704 -0.127794 -0.072501 0.192838 -0.021950 -0.413811 -0.006329 -0.153786 0.154526 0.021355 -0.203347 0.063907 0.050854 -0.048336 0.245600 -0.009808 -0.105563 -0.096885 -0.144261 0.162454 -0.121033 0.033158 -0.063006 0.048681 -0.000165 
-0.149878 0.031839 0.093721 -0.254633 -0.021918 -0.048694 0.007018 -0.125204 -0.128190 -0.164811 -0.064047 0.193843 0.218024 -0.071480 -0.017528 0.150563 0.242604 -0.032943 0.350120 -0.010115 0.035989 -0.055592 0.079992 -0.015585 0.050957 -0.191932 -0.143519 -0.036574 -0.087593 0.008487 0.114334 0.024098 -0.201823 0.004958 0.002627 -0.099397 -0.000667 -0.270153 0.108376 0.155178 -0.136900 0.092775 -0.285257 -0.209543 -0.036988 0.305635 0.161256 -0.014530 0.087903 0.078778 
-0.149474 0.096300 0.052857 -0.126835 0.221177 0.095908 -0.039450 0.061016 -0.242332 -0.123865 -0.009163 -0.003779 -0.226037 -0.070065 0.286135 0.085649 -0.184302 -0.037475 -0.051552 -0.231600 0.006622 0.226089 0.344084 0.075565 0.006098 0.140889 0.306156 0.048387 0.119291 -0.229869 -0.081109 -0.156916 0.036034 -0.057007 -0.085715 0.150361 0.087978 0.017012 0.093604 -0.121297 0.067476 0.155470 -0.087063 -0.062847 -0.184632 0.179755 0.030262 -0.084946 0.062391 0.029680 
-0.145639 0.010065 -0.114041 -0.093898 0.009935 0.220564 0.060269 0.111895 0.106013 -0.122733 -0.169405 -0.035019 -0.007294 -0.088245 -0.276155 -0.077614 0.089323 -0.229518 0.186498 -0.006932 -0.029638 0.324076 -0.013992 0.222157 0.122853 -0.111291 -0.045333 0.268614 -0.003558 -0.020121 -0.145966 -0.196942 -0.148273 -0.066776 0.107540 -0.043299 -0.019178 -0.222656 -0.174788 0.018363 0.274821 -0.110837 0.228609 0.011413 -0.064535 -0.143679 -0.113381 -0.029770 0.140613 -0.115046 
-0.154477 -0.028668 -0.080180 0.009633 -0.050812 0.116150 0.074798 0.199003 0.059763 0.155400 -0.055605 0.379625 -0.074900 -0.143999 0.262310 -0.021744 -0.117968 -0.021491 0.043078 -0.031368 0.067896 0.209911 -0.054232 -0.253317 0.231965 0.230629 -0.360033 0.012089 -0.090323 -0.032071 -0.037486 -0.112838 0.167265 0.190119 0.008960 -0.161599 0.043979 0.021942 -0.207050 0.008799 -0.047440 0.186906 -0.054924 -0.024076 0.212962 -0.053364 0.104778 0.080956 -0.040270 0.007887 
-0.125870 0.109989 -0.059057 0.153289 0.032791 -0.110036 -0.095099 0.123407 -0.286501 0.229198 0.109595 -0.183380 0.051005 0.071866 0.113578 0.165774 0.148865 0.141555 0.230018 0.102448 -0.061109 0.075341 -0.186908 -0.055722 -0.027414 -0.029410 -0.062228 -0.137451 0.038296 0.059832 -0.155621 -0.185903 0.132671 -0.043727 -0.003333 0.050653 0.075126 -0.144176 0.257028 0.053396 0.113562 0.160509 0.107724 -0.314613 0.087311 -0.238546 -0.227761 -0.232596 -0.020904 -0.018362 
-0.130700 -0.184144 0.150075 0.130042 0.149144 -0.042397 0.062642 0.116763 0.270966 -0.081124 -0.106892 -0.099072 -0.031164 0.346257 0.036694 0.145036 -0.126666 0.251078 0.053291 0.228679 0.424413 -0.065455 0.005872 0.147310 0.161272 -0.007525 0.116876 0.064105 -0.076810 0.020756 -0.093998 -0.006888 0.134338 -0.079041 0.065244 0.094797 0.247241 -0.231194 -0.122083 0.047175 0.018458 0.012683 -0.193854 0.000838 0.064176 0.052026 -0.017530 0.094369 0.023483 -0.012416 
-0.141822 -0.184346 0.010323 0.158182 -0.285621 -0.194034 -0.230484 0.025677 0.112398 -0.120655 -0.093769 -0.134679 -0.089480 -0.147117 -0.188250 0.107859 0.020985 0.139244 -0.118480 0.040659 0.052741 0.112192 0.100373 -0.037014 0.137483 -0.006132 0.070102 -0.030688 -0.071767 -0.166611 0.136631 -0.183573 -0.061789 -0.004911 0.201428 0.068297 -0.287238 0.158483 0.058586 0.255187 0.019624 0.327423 0.171807 -0.012931 0.059834 0.186182 0.078992 -0.073166 -0.159674 -0.081559 
-0.160961 0.017344 0.028763 0.195422 -0.030082 -0.151161 0.060701 -0.269979 -0.090128 0.287885 -0.020562 0.035798 0.140999 0.050654 -0.123241 0.352370 -0.098666 -0.019411 0.037544 -0.007201 -0.167657 0.086630 0.343328 0.039655 0.025093 0.024378 -0.123292 0.184307 0.072167 -0.061532 0.087457 -0.173121 0.021585 -0.110071 -0.022194 -0.009324 0.148243 0.213711 -0.147403 0.218796 -0.031819 -0.314126 -0.151216 0.133420 0.036287 -0.112894 -0.031798 -0.045066 -0.004750 0.091705 
-0.114787 0.024718 -0.021718 0.244158 -0.183642 -0.131810 -0.004735 0.060998 -0.021097 -0.180697 -0.188497 0.350114 -0.029753 0.112417 0.107310 -0.185190 0.003439 -0.024221 0.031532 0.179166 -0.115079 -0.039328 0.129732 -0.143883 -0.323606 -0.006524 -0.020264 0.035666 -0.144125 0.062584 -0.132954 0.043239 -0.126953 -0.316977 -0.032042 0.032281 0.075660 0.134870 0.062165 0.014512 0.057812 0.179079 -0.053634 0.085651 -0.071005 0.010673 -0.289785 0.110800 0.262592 -0.146328 
-0.142657 -0.102255 -0.344581 0.063853 0.083151 0.112116 -0.000726 -0.064996 0.087465 -0.045121 0.078815 -0.116486 -0.026399 -0.011899 0.009545 -0.204617 -0.075550 0.163260 -0.018135 -0.032806 -0.044215 -0.063910 -0.107881 -0.031069 0.150084 -0.115196 -0.215344 0.357425 0.062394 -0.164414 -0.103611 0.057738 0.050342 -0.069735 -0.078006 -0.002603 -0.092064 0.049297 0.455124 0.049882 0.045161 -0.015673 -0.174339 0.168242 0.084988 0.122276 -0.048831 -0.034846 0.103844 0.333944 
-0.139384 0.211151 0.058680 -0.152240 -0.012782 0.069162 0.018301 0.067230 0.106946 0.044889 0.023384 -0.183881 0.187809 -0.056816 0.092089 0.099344 0.030680 -0.081383 0.089395 -0.180230 0.025473 -0.260375 0.075759 -0.203428 -0.012779 -0.066711 0.091080 0.022618 -0.015674 0.361492 -0.058777 -0.072567 0.053628 -0.139380 0.008590 -0.007222 0.044428 0.067493 -0.122801 0.085677 0.351680 0.288712 0.094809 0.332081 0.021128 0.051437 0.020459 0.102535 -0.143661 0.256697 
-0.139578 -0.151185 -0.034468 0.046798 -0.302615 -0.039814 0.000898 -0.051314 -0.004664 0.088340 0.163225 -0.096135 0.227855 -0.095334 -0.062138 0.049009 -0.126983 0.000069 -0.132353 -0.389802 0.124504 0.140799 -0.294609 0.047876 -0.069782 0.148187 -0.020117 0.161427 -0.125986 0.217693 -0.014760 0.005831 -0.086158 0.042813 -0.094159 0.087321 0.205315 -0.073636 0.034489 -0.114780 -0.051063 0.061994 -0.212991 0.062976 -0.208752 0.134965 -0.093963 -0.123097 0.002582 -0.302408 
-0.127969 0.351279 0.043448 0.156584 0.034822 -0.014135 -0.031022 -0.155867 0.097120 0.049469 0.109146 0.153816 -0.189818 0.051146 0.141529 -0.039973 -0.060997 -0.018190 -0.042173 -0.087732 0.037760 0.081947 -0.211719 0.334706 0.058761 -0.083656 0.168152 -0.037281 -0.152689 0.085258 0.313098 0.078521 0.091074 -0.021870 -0.181971 -0.269673 -0.094363 0.026172 0.111089 0.292440 0.263619 -0.018415 -0.016593 -0.024848 0.079061 -0.000648 0.104919 0.037745 0.119209 -0.142567 
-0.131489 -0.152313 0.242002 -0.029032 0.107074 -0.176298 -0.074356 0.045623 -0.045624 -0.097367 -0.071176 0.140898 -0.088226 -0.093731 -0.096045 -0.125955 -0.242944 0.003290 0.202360 -0.107503 0.136127 -0.171120 0.052240 -0.092483 0.186053 -0.207089 -0.154397 -0.038868 0.122189 0.048685 0.053457 -0.017126 0.006870 -0.125730 -0.122785 -0.201682 0.035560 0.151461 0.195772 -0.241688 0.174705 -0.196164 0.067194 -0.033802 -0.079500 -0.058687 -0.075662 -0.084172 -0.370308 -0.225741 
-0.126570 -0.128312 -0.225922 -0.021963 0.162687 0.004765 0.046615 -0.072867 0.105429 -0.182315 -0.084061 -0.020913 -0.011392 -0.107925 0.250267 0.161815 0.103617 -0.288705 -0.185721 0.032851 0.035936 -0.055375 -0.150240 0.019816 -0.216544 -0.202616 0.005817 0.048599 -0.134864 -0.027524 0.341863 -0.137456 0.095820 -0.039998 0.090702 0.066367 0.026350 0.072607 -0.148144 -0.157111 -0.013278 -0.070710 -0.078777 -0.165946 0.192713 0.066481 -0.324973 -0.128859 -0.203702 0.085687 
-0.155228 -0.008544 0.075382 0.221879 -0.094047 0.153774 0.261715 -0.237494 0.041577 -0.046293 -0.059579 -0.136546 0.157373 -0.060576 -0.057970 0.008740 0.103948 -0.063032 -0.043403 0.090367 -0.014733 0.031779 0.032453 -0.013977 -0.065484 -0.332757 0.102034 -0.001811 0.069473 -0.238400 -0.129025 0.023583 0.279364 0.127788 -0.144077 -0.271807 0.056008 0.070195 -0.016870 -0.222109 -0.099560 0.336981 -0.045429 -0.021082 -0.159006 -0.186355 0.168907 0.071466 -0.022906 -0.084560 
-0.175521 -0.100946 0.002989 -0.247353 -0.241321 -0.028616 0.002184 -0.120774 -0.004090 -0.031278 0.294801 -0.038478 0.008912 -0.226245 0.251976 -0.044274 0.005054 0.037287 -0.050624 0.303808 0.136536 0.167949 -0.062735 -0.022092 0.087337 0.045068 0.209263 -0.021799 0.123203 -0.016303 -0.031234 0.104341 -0.282006 -0.142305 0.205707 -0.118751 0.134898 0.117428 0.054287 0.047819 0.056658 -0.113945 -0.086666 -0.075993 -0.062133 -0.295804 -0.019038 0.229846 -0.078743 0.125030 
-0.134652 0.059042 -0.070646 -0.102113 0.212138 0.046894 -0.323045 -0.042826 0.035333 0.045541 0.090065 0.096587 0.127412 -0.176687 -0.105731 -0.000770 -0.158148 -0.057820 0.096816 0.231888 0.255769 -0.069186 0.088908 0.013893 -0.380888 0.167170 -0.056311 0.194877 -0.225776 -0.108133 -0.020338 0.228683 0.150818 0.049101 -0.022832 0.062088 -0.099494 -0.060717 -0.013618 0.126042 -0.017366 0.058728 0.063315 0.049084 -0.184778 -0.211505 0.135181 -0.223603 -0.117689 -0.021674 
-0.159311 -0.132792 0.194150 0.114586 0.038836 0.089493 0.240508 0.222592 0.032739 -0.062962 0.205026 0.141679 -0.037815 0.039174 -0.287837 0.080125 0.151940 -0.031118 -0.056801 -0.046583 -0.078314 0.011065 -0.109257 -0.100196 -0.158162 0.211107 0.033859 0.000763 0.121310 0.033086 0.087215 0.040405 0.092290 -0.229169 0.078598 0.124814 -0.278916 0.061545 0.004106 -0.130116 0.272049 -0.045906 -0.292226 -0.193432 0.032410 -0.089438 0.258736 -0.073277 0.041534 0.114339 
-0.133025 -0.197345 0.108430 0.195908 0.006741 0.288674 -0.211099 0.225779 0.034120 -0.093946 -0.017805 -0.150537 -0.030796 0.129722 0.028382 0.104689 -0.136285 -0.127474 0.057569 -0.055128 -0.199357 0.006998 -0.052263 0.119658 -0.179371 0.066878 -0.242345 -0.157181 0.038259 0.015143 0.227215 0.012405 -0.071225 0.112891 0.007950 -0.101544 0.187395 0.007081 0.121664 0.140636 -0.056693 -0.011438 0.116520 -0.076341 -0.320928 -0.004000 0.009601 0.324580 -0.050935 0.220183 
-0.158294 0.155637 0.081471 -0.052250 -0.077538 0.100448 -0.279774 0.073930 -0.059446 0.060996 0.031106 -0.245289 -0.171963 -0.165801 -0.174545 0.119149 0.037070 -0.249321 -0.087317 0.063980 0.175533 0.141839 0.071391 -0.125517 0.083298 -0.133824 -0.152166 -0.262639 -0.083652 0.041101 -0.048288 0.169428 0.234445 -0.204942 -0.034283 0.074510 -0.017118 0.014053 0.069234 -0.146139 -0.149020 -0.159020 -0.116860 0.131034 0.193342 0.084602 -0.054815 0.159844 0.278930 -0.090059 
-0.133559 0.034054 0.153720 -0.200889 0.038663 -0.136345 0.068736 0.002860 -0.011521 0.024719 -0.072692 -0.082211 -0.346555 0.011937 0.004517 0.117307 -0.030885 0.120988 0.026012 -0.024339 -0.319190 0.025873 -0.277056 -0.154982 0.047316 -0.152276 -0.018987 0.049838 -0.149382 -0.158015 -0.131203 0.190076 0.010171 0.050231 -0.140639 0.147127 -0.201862 -0.086064 -0.252320 0.187026 -0.035525 0.007362 -0.194655 0.096951 -0.262545 -0.088909 -0.207961 0.085196 -0.171556 -0.008180 
-0.161703 -0.206858 -0.094690 0.008991 0.206383 0.198227 -0.095215 0.151497 0.079520 0.255783 0.023094 -0.001238 -0.046301 0.021358 0.019390 0.064129 0.104314 0.087869 0.158654 -0.147582 -0.109014 -0.067159 0.020654 -0.136134 0.020987 -0.046007 0.358245 0.207460 0.052040 0.148382 -0.016884 0.210259 -0.047069 -0.167231 0.088465 -0.295691 -0.074227 0.160640 -0.086751 0.061459 -0.354720 -0.007102 0.125276 -0.134195 0.058719 0.097179 -0.043393 -0.031995 0.089959 -0.182061 
