-0.142741 -0.069750 0.391257 -0.006308 -0.132880 -0.042451 -0.098523 0.001922 0.138204 0.099223 -0.220156 0.166981 0.125467 0.020804 -0.238854 -0.159160 0.059503 -0.037282 0.130689 -0.189316 -0.078575 -0.254122 0.139365 -0.069311 -0.019509 -0.025808 -0.086379 0.073892 0.280359 0.109419 -0.194059 -0.188180 -0.142737 -0.039199 -0.049970 0.123777 0.082561 -0.050911 -0.245007 -0.186883 -0.054587 -0.042445 -0.123082 0.168560 -0.021137 -0.040230 0.120905 0.057646 0.162819 -0.138643 
-0.163051 0.062123 -0.033866 0.036929 -0.144894 0.315027 -0.025693 0.183501 -0.026503 -0.198121 -0.253809 -0.053985 -0.083155 0.116283 -0.153510 0.151511 -0.022294 0.088552 0.051704 0.196707 -0.090092 -0.087741 0.035124 -0.051422 -0.100290 -0.054750 -0.013691 -0.151870 0.136878 0.035413 -0.125206 0.120307 0.086171 0.422144 0.021310 -0.032788 0.224285 0.262673 0.072867 -0.088604 0.177396 -0.025549 0.219989 0.044026 -0.195977 0.061584 -0.055051 -0.182096 -0.017345 0.040226 
-0.136682 -0.221986 0.116828 -0.033853 0.034117 0.116376 -0.032372 -0.000697 -0.144735 0.093107 -0.249224 0.182941 -0.065695 0.095691 0.037141 -0.219420 0.004179 -0.035256 -0.357609 -0.028196 0.216492 0.125355 -0.178685 0.066000 -0.076332 -0.174839 0.083875 0.124150 0.008148 0.125087 -0.181599 -0.190681 -0.047238 0.070993 -0.046715 -0.190733 0.018307 0.154309 0.091724 0.203601 0.029985 -0.165242 0.055341 -0.154989 0.248869 -0.067941 -0.066160 0.096997 -0.271224 -0.107523 
-0.134371 -0.290606 -0.254622 0.127822 0.011633 0.060787 0.026560 0.197020 0.096248 0.036286 -0.094519 0.004816 -0.079102 -0.004001 0.000081 -0.221086 -0.079350 0.045782 0.092065 -0.004411 0.165222 0.050204 0.019505 -0.128596 0.248753 -0.140925 -0.154127 -0.192879 0.036519 -0.201499 0.005771 -0.116255 -0.219493 0.005636 -0.140197 0.121386 -0.240369 -0.158288 -0.018129 -0.090641 -0.054510 -0.117954 -0.067503 0.097914 -0.138711 0.096908 0.053663 -0.163901 -0.254283 0.329298 
-0.143030 0.174520 -0.058444 -0.120137 0.074142 0.017985 -0.042834 -0.251894 -0.105054 -0.119684 0.237779 -0.076889 0.102869 0.184565 -0.190017 -0.018239 -0.003858 -0.047509 0.091197 -0.054619 0.203666 -0.082908 -0.237420 -0.112388 0.008770 -0.157300 -0.107498 0.051699 0.082587 -0.116550 0.171706 0.022505 -0.221849 0.097774 -0.044070 -0.352407 0.039474 -0.048088 -0.129118 -0.298495 -0.069670 0.108912 0.262780 0.012845 0.195832 -0.037687 0.201119 -0.021909 -0.098184 -0.006468 
-0.146471 0.077906 0.228174 0.225098 0.212673 0.253207 -0.016327 0.225722 -0.026069 -0.267004 0.208770 0.087247 0.134722 -0.059931 0.197856 -0.122964 0.013037 -0.035018 -0.042163 0.056743 0.020463 -0.055831 0.182009 0.092645 0.124544 -0.027313 0.160023 0.044475 0.014493 -0.025863 0.029668 -0.066485 0.163539 -0.237181 0.262204 -0.127334 0.203789 -0.070772 0.048478 -0.041595 -0.150600 -0.067054 0.053875 0.236144 -0.035663 -0.221889 0.085224 -0.119581 -0.162632 0.073481 
-0.137834 -0.091027 0.118318 0.206694 -0.142844 -0.025364 0.153101 0.050516 -0.072510 0.136953 0.101741 0.058500 0.060395 -0.004514 -0.113398 0.045202 -0.070608 -0.137190 0.114154 0.015456 0.036723 0.156137 -0.068113 0.006343 -0.036437 0.206065 -0.069988 0.162782 -0.061618 -0.317340 0.257133 0.006840 0.091553 0.112503 -0.198440 0.298371 0.351440 0.112754 -0.152738 -0.001641 0.147103 0.005224 -0.061162 -0.094136 0.141467 -0.292808 -0.068908 0.065009 -0.170489 0.110476 
-0.129670 0.095023 -0.034201 0.175390 -0.323963 -0.103021 -0.168882 -0.218879 0.098300 0.026087 0.011934 0.091396 -0.007018 0.161583 0.160769 -0.054723 0.080547 -0.267960 -0.032038 0.188903 0.132409 0.005887 0.215664 -0.137293 -0.214543 -0.163688 -0.027610 0.036640 -0.204299 0.004662 -0.068204 0.221695 -0.018522 0.076921 0.002289 0.086097 0.179522 -0.262528 0.063280 0.057778 -0.340798 -0.100664 0.062330 -0.019871 -0.113922 0.148372 -0.056042 0.101874 -0.082008 -0.003720 
-0.146328 0.235072 -0.061161 -0.137163 0.072217 -0.012316 0.110494 0.218882 0.105038 0.118654 -0.057362 -0.063780 -0.129133 -0.085956 0.061821 -0.233954 0.121553 -0.130165 0.001225 0.281116 0.018592 -0.212608 -0.020228 -0.251912 0.057384 0.016124 0.128531 0.171219 -0.142101 0.329598 0.219917 -0.053271 -0.062165 0.224107 -0.022431 -0.025588 0.049634 -0.099268 0.031419 0.033687 0.116978 0.152360 -0.302521 0.004112 0.196264 -0.043023 0.081711 -0.097196 0.064487 0.108850 
-0.125383 0.084599 -0.073790 -0.175984 -0.072155 -0.025975 -0.046673 -0.170903 0.148612 -0.019485 -0.111180 -0.099618 0.004148 0.086099 0.291030 -0.003444 -0.038927 0.263674 0.167084 0.154699 0.127985 -0.274097 -0.085246 -0.000003 -0.258898 0.121467 -0.107913 -0.037259 0.057472 -0.135012 0.018009 -0.234681 -0.035124 -0.190838 0.274259 0.215202 -0.046113 0.153888 0.079799 -0.111204 -0.045409 -0.006342 -0.077203 -0.076123 0.120472 -0.143486 -0.225655 -0.131399 -0.207342 -0.096322 
-0.154946 -0.053359 -0.164006 -0.052896 -0.113170 0.042321 -0.060786 0.081819 -0.091115 0.185425 0.000677 0.122502 -0.006670 0.017819 -0.051125 0.087010 -0.120254 0.365447 -0.095515 0.337059 0.034710 0.035826 0.186695 -0.048716 -0.205155 0.060465 0.237175 0.113724 0.227431 -0.057596 0.180459 0.091125 0.103541 -0.159953 -0.243023 -0.186669 -0.185310 0.013949 -0.098323 -0.046568 -0.159393 -0.128483 -0.002135 0.113231 0.010009 -0.144844 0.095262 0.176149 0.179697 0.064219 
-0.143266 -0.008565 -0.110956 0.101774 0.016266 0.175152 0.048332 -0.162303 -0.075242 -0.015343 0.104585 -0.313984 -0.270093 0.051527 -0.142367 -0.197419 0.164659 -0.162251 -0.086622 -0.110845 0.023786 -0.095425 0.073648 0.033459 -0.112776 0.234626 0.117429 0.069288 0.283963 -0.053429 0.075256 -0.020128 -0.102817 -0.186937 -0.028708 0.205856 0.022738 -0.060752 0.225552 0.182266 0.169758 -0.111135 0.188915 0.233129 0.125595 0.203211 -0.032577 0.049468 0.112600 -0.000438 
-0.150577 0.063768 0.106039 0.163083 0.070845 -0.326477 0.108240 0.005026 0.076498 0.184402 0.180451 -0.024260 -0.315875 -0.178502 -0.289567 0.012523 0.057240 0.128677 -0.058179 0.010074 -0.041373 -0.026426 0.120391 -0.102480 -0.035624 -0.093304 -0.217548 -0.114128 -0.193357 0.127894 -0.041237 0.009602 0.149447 -0.040202 0.217740 -0.148976 -0.065677 0.191948 -0.075072 -0.134207 0.037390 -0.232976 0.127778 0.146821 0.121251 0.023616 -0.227085 0.075020 -0.110842 0.100840 
-0.144053 -0.077709 -0.117715 0.023054 -0.211844 -0.072598 -0.132807 -0.068169 0.012576 -0.174345 -0.174105 -0.237779 0.424685 -0.241964 -0.030561 -0.081161 0.215178 0.106684 -0.230949 -0.055642 0.037714 0.126780 -0.023437 0.066965 -0.098132 -0.231869 -0.059336 -0.120266 -0.219193 -0.071382 0.160756 -0.137929 0.036988 -0.020695 0.040300 -0.038853 0.078149 -0.034726 0.065931 -0.053390 0.230913 0.002009 -0.072065 0.186000 0.050201 -0.083976 -0.040336 0.066387 0.262450 0.097398 
-0.141097 0.172978 0.078699 -0.191091 -0.142630 0.192713 0.256488 0.107822 -0.115551 -0.020803 -0.012150 -0.054319 0.028286 -0.270302 0.091411 0.042857 -0.044027 -0.067980 -0.103666 -0.148877 -0.216876 0.135101 -0.112776 0.024081 -0.222026 0.044196 -0.136488 0.045317 0.099414 0.143156 0.114875 -0.255325 0.106660 0.048531 -0.081654 0.042541 -0.113080 -0.169454 -0.054416 -0.131460 -0.273439 0.143332 0.120578 0.014195 -0.129747 0.203213 -0.140261 0.194645 -0.219124 0.123143 
-0.131517 0.014073 0.018546 -0.008142 0.062318 -0.148676 0.002824 -0.204583 -0.403216 -0.113101 0.162509 0.246863 -0.159049 0.091759 0.141923 0.125648 0.170951 0.243353 -0.078607 -0.107704 0.137402 -0.087767 0.055024 0.134499 0.039648 0.084545 0.079552 -0.127236 -0.112818 0.089474 0.118173 -0.254982 -0.136493 0.273259 -0.057665 0.135569 0.089659 0.082192 -0.143052 0.111753 -0.066494 -0.007647 -0.165411 0.197084 -0.196727 0.103451 0.032981 -0.074053 0.066031 0.056813 
-0.129998 0.074146 0.088847 0.278602 -0.128333 0.036644 -0.090498 0.093535 0.012229 0.191736 0.227300 -0.005513 0.082540 -0.168996 -0.042966 -0.048536 0.005468 -0.139537 -0.040361 -0.010464 0.141916 -0.194705 -0.058436 0.199086 -0.115939 -0.031568 0.280472 -0.190040 0.039930 -0.128736 -0.108920 -0.071586 0.000728 0.249322 0.101425 0.053263 -0.421779 -0.013719 -0.103936 0.066176 -0.020699 0.212961 0.138805 -0.224515 0.022778 -0.103489 -0.080107 -0.132416 0.152484 -0.002317 
-0.140275 0.151709 -0.347958 -0.008513 0.012430 0.000033 0.073134 0.080395 -0.046608 0.121586 -0.058680 0.087122 0.066104 0.189051 0.046000 0.205202 0.151591 -0.162544 -0.161745 0.032066 -0.426942 0.016086 -0.066035 0.069012 0.076833 -0.132634 0.132820 -0.020074 0.025627 -0.165282 -0.152483 -0.045328 -0.096251 -0.134245 0.126461 0.021797 0.065031 -0.078919 -0.423723 0.032583 0.036939 -0.122683 -0.048683 0.063714 0.215888 0.078256 -0.101121 -0.155136 -0.039363 -0.050662 
-0.133281 0.022570 0.140027 -0.210696 -0.234602 -0.085655 -0.158752 -0.074636 0.065474 -0.092431 0.006691 0.036837 -0.084751 -0.365938 -0.021799 -0.015353 -0.317483 -0.003807 -0.110643 -0.015642 -0.101895 0.021627 0.057576 0.135409 0.075408 0.121976 -0.051120 -0.026075 0.063174 -0.206039 -0.015669 0.211235 -0.154519 0.038250 0.023467 -0.150052 0.088517 0.126151 0.032708 0.244938 -0.149573 0.071620 -0.159769 0.125405 0.262348 0.194219 0.101072 -0.280012 -0.067386 0.076781 
-0.126279 0.043661 0.018521 0.100106 -0.097571 -0.094768 0.385844 -0.104348 0.034626 -0.145410 0.105140 0.133603 -0.154414 -0.042851 0.042175 -0.279461 -0.138055 0.139803 -0.029165 0.026705 -0.132146 0.178859 -0.162783 -0.011605 -0.154196 -0.272229 0.097964 -0.145197 0.184010 -0.045020 0.086573 0.175859 -0.031701 -0.010649 0.192830 0.087749 0.005584 -0.078118 0.015672 -0.047620 0.197589 -0.033518 -0.185454 -0.112004 -0.165468 -0.009387 0.251007 0.035492 0.005443 -0.289957 
-0.132846 -0.023161 0.067190 -0.142993 -0.071932 -0.209784 0.198315 0.102537 0.273234 0.107371 0.177860 0.179214 0.232338 0.169728 0.094532 0.040260 0.104853 0.063927 -0.124540 0.048799 0.025829 0.266989 0.204709 -0.052034 0.128832 -0.017044 0.003145 0.063882 0.129835 0.125961 0.056597 -0.033958 -0.259625 -0.061299 -0.027741 0.087966 0.000920 0.179172 0.177749 0.060003 0.090754 0.275783 0.354158 0.061009 -0.052481 0.031292 -0.114089 -0.169056 0.024017 -0.025131 
-0.151675 0.114246 0.251147 -0.007770 -0.074845 0.072625 0.089560 -0.084453 0.103618 0.193401 -0.101393 -0.154386 -0.082712 0.153056 0.271107 -0.113889 0.091636 0.032738 0.144616 -0.068694 0.174602 0.257202 -0.352632 0.067425 0.100742 0.105196 0.040000 0.104930 0.003076 -0.038255 -0.090843 0.169846 0.092087 -0.064124 0.026665 -0.209366 -0.006564 0.061425 -0.189451 -0.019596 -0.007478 -0.118240 -0.055990 0.108402 -0.184724 0.079033 -0.150843 -0.133570 0.287170 0.230584 
-0.134935 0.114972 0.090331 0.130349 -0.095937 0.116333 -0.000886 -0.201040 -0.131105 0.095552 -0.027472 0.042042 0.233337 0.077730 -0.065858 -0.041919 0.055202 0.267336 -0.005904 -0.146927 -0.068278 -0.004987 0.243273 -0.233416 0.076112 0.260647 0.027182 0.081046 -0.109050 -0.034563 -0.050824 0.038879 0.172912 -0.024457 -0.035464 -0.200352 -0.155301 -0.241545 0.034795 0.019873 0.326777 0.049422 -0.108760 -0.174634 -0.019504 0.204994 -0.024421 -0.190745 -0.280455 -0.081140 
-0.125467 0.028966 -0.005767 0.136385 0.120102 -0.080899 0.308643 0.096299 0.094586 0.182769 -0.132019 -0.084267 0.112946 0.099418 -0.051672 -0.022080 0.241313 0.054496 -0.103459 0.062747 -0.068716 -0.283673 -0.079759 0.326020 -0.008407 0.146443 -0.262823 -0.202701 -0.058720 -0.145518 0.035108 0.086231 -0.000596 -0.023892 -0.229794 -0.228938 0.090860 0.006055 0.212303 0.117489 -0.247056 0.051855 -0.067260 -0.027092 -0.101021 -0.006212 0.150294 0.007298 -0.035683 -0.178455 
-0.124665 0.191064 0.018733 0.209538 0.204444 -0.184546 -0.091810 0.157715 0.043545 -0.046329 -0.030874 -0.244688 0.220830 -0.067953 -0.120394 0.119192 -0.063772 0.141408 0.067598 -0.137036 0.007359 0.069497 -0.092711 -0.164086 0.062026 -0.072966 0.332440 0.163159 0.102352 -0.056621 0.067209 -0.031333 -0.219066 0.072586 -0.007004 0.056162 0.083530 0.187902 0.152215 0.021084 -0.243405 -0.214990 -0.170990 -0.171248 -0.086619 0.241036 -0.135472 0.112183 -0.061135 -0.087256 
-0.168323 -0.320384 -0.203562 -0.056566 -0.104628 -0.054746 -0.155081 -0.059035 0.160208 0.101904 0.128657 -0.195432 0.035456 -0.085040 0.113882 -0.015523 0.013242 -0.015900 0.122183 -0.231014 -0.196450 0.017147 -0.081753 0.026905 0.005887 0.158543 0.109223 -0.013698 -0.027860 0.372772 0.163197 0.036781 0.086622 0.142190 -0.018621 -0.055031 0.037359 -0.008445 -0.096320 0.049036 -0.097637 -0.262764 0.158409 -0.009537 -0.110929 -0.225583 0.151751 -0.215876 -0.145476 -0.219968 
-0.149752 -0.218071 0.054564 -0.106144 -0.076342 -0.133947 0.090094 0.126921 0.083718 -0.168898 0.231359 0.072165 -0.009996 0.010950 0.194966 0.094199 0.074133 0.141589 0.112409 0.016918 -0.050169 -0.082293 -0.103543 0.028072 0.103234 0.095927 0.130407 -0.109025 0.030805 -0.047216 -0.298429 -0.052338 0.140964 0.133068 -0.140684 -0.006508 0.138764 -0.262628 0.219389 -0.233554 0.044665 -0.155897 0.046410 -0.152261 0.367816 0.169960 -0.001956 0.159362 0.155300 0.098805 
-0.145675 -0.042584 -0.006704 0.102573 -0.106614 0.135155 0.398243 -0.136576 0.026166 -0.269680 -0.128078 -0.234382 -0.084291 -0.202635 0.004460 0.286791 -0.040626 0.040724 -0.039012 0.051095 0.262922 -0.052032 0.152294 0.012318 0.209562 -0.025721 0.050979 0.152390 -0.181838 0.154824 -0.214516 0.094293 -0.168068 -0.127045 -0.149137 0.088801 -0.095303 0.002500 -0.220112 -0.019962 -0.066722 0.027849 0.037494 -0.055937 0.075225 -0.138670 0.012224 -0.010953 0.022924 -0.177390 
-0.128496 -0.023985 0.024699 -0.270937 -0.072828 0.165891 -0.201680 0.160480 0.062854 -0.080548 0.209265 -0.019151 -0.128871 -0.030092 -0.171636 0.001539 0.412396 0.024026 0.049994 -0.016836 0.047814 0.165471 -0.094713 -0.174530 -0.003095 0.102136 0.118011 -0.247222 -0.080545 -0.095528 -0.183783 0.166895 -0.089356 -0.119140 -0.033894 -0.005503 -0.014230 0.068678 -0.050378 0.069917 -0.035360 0.211028 -0.221765 0.062904 -0.113179 -0.150915 -0.081019 0.241474 -0.209568 -0.154317 
-0.130321 -0.054625 -0.070538 -0.183977 0.072642 0.098976 0.154807 -0.009448 -0.327328 0.088061 -0.186255 0.206200 0.184598 -0.142761 -0.067222 -0.151086 0.194129 0.001812 0.221128 -0.126574 0.039985 -0.036051 0.063296 -0.122921 0.045145 -0.003728 0.023406 -0.142294 -0.078400 0.048419 0.085149 0.300746 0.058169 -0.128378 0.228871 0.205813 0.004085 0.178852 0.032005 0.035731 -0.221368 -0.068757 0.177472 -0.239253 0.151232 0.067257 0.104522 -0.031732 0.149779 0.146188 
-0.130589 -0.151895 0.005363 -0.251726 0.070861 -0.102682 0.111362 -0.212625 0.173559 -0.019310 -0.030616 0.117294 0.078635 -0.154706 -0.122210 0.139203 0.067240 -0.297485 0.019289 0.216904 0.029618 -0.159674 -0.055268 0.022767 0.024501 0.062477 0.228587 0.192167 -0.098349 -0.221720 -0.039649 -0.179909 0.127531 -0.026642 0.127942 -0.074927 -0.082319 0.133118 0.022065 0.014238 0.166323 -0.118375 0.051455 -0.008040 -0.355579 0.158910 0.234611 0.113152 -0.113583 0.126003 
-0.140837 0.201939 -0.073913 -0.003644 0.292600 0.052764 -0.118211 0.108020 0.227232 -0.009453 0.011707 0.078893 0.062723 -0.085047 0.007647 0.085434 -0.035743 0.088867 0.156992 -0.065131 0.181007 0.151140 0.106742 0.296176 -0.391369 0.070885 -0.122009 -0.048295 -0.043928 0.181839 -0.113961 0.061437 -0.189178 -0.059943 -0.047430 0.036762 0.092398 -0.114178 -0.187441 0.146191 0.251511 -0.092522 0.036378 -0.145936 0.027688 0.091152 0.224735 0.083240 -0.060845 0.193885 
-0.164631 0.061987 -0.114133 0.128648 -0.227195 0.036789 -0.215785 0.045282 -0.042982 0.068226 -0.037831 0.081769 -0.088422 0.112979 -0.228972 -0.083879 -0.243606 0.049467 0.004428 0.137628 -0.000502 0.028726 -0.209574 0.279550 0.279893 0.134643 0.088384 -0.055713 -0.238020 0.248653 0.059542 -0.133313 -0.005123 -0.315798 0.077281 0.085243 0.142221 0.026998 0.057405 -0.202321 0.002004 0.201431 0.058185 -0.102310 -0.062070 0.194908 0.067475 0.102431 0.019766 -0.050096 
-0.133156 0.213283 -0.189089 -0.113411 0.099498 -0.162960 0.033792 -0.038682 -0.014225 -0.209689 -0.182950 0.173541 0.027683 0.047541 -0.073373 -0.275756 -0.084449 -0.132672 0.284832 -0.078054 -0.037400 0.137045 0.162346 0.320752 0.074158 0.091107 0.111479 0.092385 -0.086335 -0.057427 -0.049509 0.087711 0.070483 0.197998 -0.127234 -0.029270 -0.237078 -0.006937 0.114191 -0.112657 0.006296 -0.043890 0.008371 0.229339 0.042156 -0.163002 -0.280235 0.093714 -0.041770 -0.156805 
-0.162961 0.001501 0.155281 -0.119841 0.049219 0.110845 -0.165715 0.260768 -0.154537 -0.045707 0.161080 0.012687 0.059733 -0.047917 0.096395 -0.029323 -0.045152 -0.011509 0.010378 0.239174 -0.012421 -0.021435 -0.080206 -0.039057 0.114348 0.017512 -0.390927 0.161949 -0.163847 -0.132928 0.122389 0.015097 -0.094542 0.043938 0.016062 0.110591 -0.198709 -0.061693 -0.071614 0.124967 0.118139 -0.294028 0.128832 -0.014676 -0.067391 0.150040 -0.041260 0.040700 0.187470 -0.407820 
-0.145344 0.004145 0.124028 -0.018443 0.116764 0.089527 0.098802 -0.171996 -0.093624 0.078179 0.083310 -0.039930 0.286096 0.196476 -0.148067 0.210415 -0.289923 -0.189766 -0.083857 0.157370 -0.049967 0.136932 -0.146157 -0.123465 -0.055406 0.160459 -0.054497 -0.280521 -0.033626 0.222963 -0.149245 0.033267 -0.089637 0.045586 0.086099 0.132322 -0.181929 -0.059010 0.235091 0.018925 -0.040731 -0.157395 -0.218066 0.217806 0.064039 -0.173934 0.040716 -0.006701 0.036760 0.107631 
-0.138807 0.168526 0.107210 0.077172 0.133167 0.244633 -0.184132 -0.279868 0.120569 0.172955 -0.010476 0.009226 -0.113737 -0.082739 0.354500 0.016759 0.012225 -0.030225 -0.064940 -0.068443 -0.309184 -0.020788 0.131052 -0.020214 0.178854 -0.158843 0.002122 -0.121162 -0.092156 -0.070396 0.054774 0.032069 -0.090383 0.017068 -0.265701 0.095498 -0.096213 0.301116 0.119923 -0.210115 0.098206 -0.012934 0.030193 -0.066525 0.048677 -0.069456 0.151187 0.217342 0.001030 0.051626 
-0.141927 0.058501 -0.082533 0.148815 -0.158668 0.018792 -0.013054 0.109104 0.093032 -0.062947 -0.114361 0.377405 -0.092593 -0.034044 0.074681 0.356930 -0.058036 -0.054962 0.097078 -0.346156 0.053107 -0.266555 -0.253575 -0.151321 0.022448 -0.073259 -0.044804 0.049127 0.024687 0.037816 0.197285 0.111251 -0.055034 -0.135519 0.035115 -0.133717 -0.085441 -0.099639 0.213040 0.217522 0.150145 0.008949 0.020667 0.130301 -0.020289 -0.126409 -0.112236 0.124276 0.043832 0.043337 
-0.159358 0.052360 -0.046700 -0.186334 0.273961 0.074452 -0.063748 -0.208176 -0.001575 0.337444 -0.039294 -0.009042 -0.082840 -0.248661 -0.123064 0.093522 -0.107980 0.151312 0.038957 0.052184 0.087106 0.047167 -0.014884 0.011637 0.198047 -0.239568 0.008795 -0.028248 0.115735 -0.092526 -0.092085 -0.059324 0.130517 0.061139 0.003125 0.097590 0.299859 -0.386481 0.112603 0.127725 -0.018621 0.110005 0.097514 0.007687 -0.128621 -0.151301 -0.185818 -0.068590 0.072497 -0.118096 
-0.149450 -0.081969 -0.112327 0.065435 0.123318 -0.216922 -0.102958 0.206385 -0.280320 0.199773 -0.112440 -0.052995 -0.092663 -0.126727 0.210259 0.154762 -0.008325 -0.162560 -0.113678 -0.129910 0.160339 0.098441 0.007298 -0.069946 -0.189837 0.098548 -0.042822 0.156838 0.010081 -0.075506 -0.203903 0.138839 0.026841 -0.027007 0.071729 0.035627 0.009808 0.032106 0.150069 -0.405534 0.077331 0.210937 -0.048547 0.165152 -0.046594 0.035144 0.214131 -0.133173 -0.011359 -0.182123 
-0.135664 -0.121127 0.137530 0.011023 0.002160 0.069331 0.045576 0.067449 0.052041 0.017174 -0.174998 -0.124664 -0.252580 0.223074 -0.051029 0.179274 -0.018339 -0.020701 0.282405 -0.083047 -0.107912 0.296760 0.230098 -0.043063 -0.106788 -0.052235 0.054329 -0.044132 -0.222671 -0.188269 0.152668 -0.339133 -0.025808 0.060829 0.217384 -0.163446 -0.073311 -0.081273 0.092122 0.133106 -0.134447 0.128161 0.010998 -0.045702 0.151140 -0.005210 0.206004 0.003169 0.164778 -0.094738 
-0.143798 -0.133287 -0.045758 -0.110933 -0.099994 0.132502 -0.008377 0.011244 -0.035493 0.085176 0.224587 -0.110593 0.041402 0.159682 -0.041887 0.177710 0.072624 -0.124057 0.101635 -0.065917 0.134403 -0.032197 0.216034 0.337092 0.104287 -0.349429 -0.166784 0.152759 0.238225 0.147963 0.125842 0.102728 0.210301 0.009666 0.090810 -0.005312 -0.081543 0.116770 0.081785 -0.046775 0.042436 0.014409 -0.399703 -0.101301 0.040851 0.134964 -0.072228 0.019039 -0.062070 0.025758 
-0.137095 -0.181620 -0.071730 -0.084676 0.042480 -0.067914 0.099947 0.058363 -0.189721 0.049949 0.066380 -0.161580 0.075340 0.041212 0.201591 -0.151533 -0.356390 -0.178979 0.069097 -0.059762 -0.020461 -0.193319 0.237110 -0.107621 -0.031780 0.051927 0.025451 -0.230828 -0.005255 -0.000771 -0.038348 -0.011632 -0.182998 -0.080422 0.026044 -0.312372 0.210422 0.072360 -0.156304 0.070802 0.150457 0.110883 -0.025476 -0.114539 -0.172272 0.001209 -0.267745 0.258698 0.097631 0.012800 
-0.137802 -0.180594 -0.240887 0.172613 0.257231 0.211592 0.022156 -0.132809 0.253752 -0.134099 0.164048 0.216564 0.062048 -0.024893 -0.050197 -0.108324 -0.104934 -0.023045 -0.006684 -0.050719 0.003950 0.030480 -0.095038 -0.214235 -0.181542 0.014028 -0.118258 0.077303 -0.094711 0.007667 -0.081295 -0.097613 0.271575 -0.014526 -0.155743 -0.003697 0.035994 0.225469 -0.090148 0.039448 -0.157538 0.218668 -0.127311 0.058739 0.066993 0.221826 -0.114803 -0.124809 0.233362 -0.137966 
-0.134073 0.040523 0.136062 0.039190 0.159531 -0.250613 -0.140127 -0.027989 0.065081 -0.203161 -0.259341 -0.030363 -0.032796 0.030979 0.089408 0.114945 0.036434 -0.210740 -0.094572 0.118031 0.185763 0.098840 0.013920 -0.097701 0.154045 0.094564 0.001136 -0.386645 0.304416 0.070693 0.277954 0.008941 0.324932 -0.070517 -0.100110 0.041209 -0.071299 -0.043863 -0.216112 0.044402 0.036368 0.055625 0.046593 -0.085845 0.104802 0.114746 -0.006227 0.018690 -0.066205 -0.118695 
-0.130907 0.295314 -0.071040 -0.107712 -0.130791 -0.181891 -0.052800 0.069090 -0.159018 -0.162414 0.116703 -0.036886 -0.113971 0.035753 -0.084407 -0.047813 -0.008531 -0.147158 -0.006859 -0.084664 -0.041539 0.046441 0.042690 -0.116938 -0.025723 -0.091441 -0.134539 0.007003 0.038770 -0.007255 -0.208764 -0.246858 0.146689 -0.257467 -0.295047 -0.024660 0.002480 0.099276 0.150011 0.107459 -0.016990 -0.146842 -0.032605 -0.305713 -0.161105 -0.247545 0.099832 -0.282357 0.152277 0.116140 
-0.131207 -0.204576 0.300533 -0.120736 0.178237 -0.143771 -0.059430 0.053236 -0.083554 -0.105131 -0.036625 -0.146218 -0.033269 0.204249 -0.060398 -0.011234 -0.097171 0.088056 0.019213 -0.013939 -0.204732 -0.202218 -0.117867 0.067506 -0.226234 -0.297675 0.188782 0.073490 -0.250002 0.013256 0.065711 0.230831 0.062537 -0.176539 -0.253163 0.186844 -0.098284 -0.087381 -0.037351 0.054188 0.045721 0.175888 0.089242 0.073862 -0.020952 0.054370 -0.087368 -0.171270 -0.110257 0.122804 
-0.144694 0.091806 -0.092637 -0.176564 0.045245 -0.035510 -0.017560 0.099714 0.194673 -0.070666 -0.011678 -0.112094 -0.038502 0.289163 -0.037937 -0.080196 -0.182719 0.148513 -0.434074 -0.306641 0.054797 -0.111174 0.072122 -0.049569 0.141527 0.118884 -0.080088 0.127611 -0.061354 -0.131178 -0.049510 0.121238 0.194082 0.189171 0.232945 0.198031 -0.042317 -0.030340 -0.104396 0.055475 -0.086163 0.050795 0.034962 -0.074229 -0.057193 -0.127876 0.156554 0.218825 0.069473 0.125150 
-0.143474 -0.228865 0.041257 0.090473 0.185726 -0.003259 -0.124054 -0.135390 0.015009 -0.212153 -0.076519 0.110849 -0.149370 -0.045981 -0.098326 0.033909 0.168438 -0.042692 -0.191558 0.103313 -0.219516 0.072900 0.014763 0.082542 -0.034604 0.197474 -0.123800 0.165750 0.109219 0.027732 0.121702 0.112991 -0.273623 0.014417 0.146392 -0.100008 -0.042961 -0.161353 0.047366 -0.213143 -0.062908 0.043412 -0.091754 -0.360723 -0.123169 -0.164374 -0.250049 -0.093073 0.140186 0.171657 
-0.152042 -0.058772 -0.079345 0.245883 0.004467 -0.200275 -0.099332 -0.099066 -0.177286 -0.082217 -0.019263 -0.125789 0.072072 -0.025444 0.110529 -0.060137 0.082796 0.125260 0.240162 0.211802 -0.222160 0.036665 -0.124977 -0.038864 0.124665 -0.030170 -0.200703 0.215258 0.201515 0.093128 -0.257078 -0.009686 0.058687 0.066976 0.110690 0.005002 -0.095001 0.058251 -0.038014 0.330406 -0.013260 0.285372 0.072540 0.068211 0.031502 -0.074069 0.157935 0.247915 -0.086268 0.155780 
