-0.129516 0.129182 0.291106 0.134544 0.064876 -0.155853 0.221231 -0.051551 0.190870 0.046539 -0.056098 -0.031659 0.232306 0.140261 0.187088 -0.295151 -0.110547 -0.089624 0.123432 0.003828 0.117106 0.179396 0.141032 0.008026 0.208124 0.143283 -0.025435 -0.056575 0.076209 0.057408 -0.131308 -0.214332 -0.037490 0.101401 -0.165513 -0.091609 -0.040251 0.059339 -0.122161 0.001356 0.293343 0.022841 0.131691 0.047753 0.328431 -0.051868 0.039433 -0.087682 -0.025657 0.097807 
-0.146156 -0.028217 -0.002912 0.307134 -0.141863 0.002942 0.044601 -0.035052 -0.086162 -0.288345 -0.046985 -0.035123 -0.084300 0.076447 0.140209 0.218464 0.008483 0.284823 0.020832 0.070689 0.047411 0.023524 0.112280 -0.131296 0.067608 -0.217789 -0.045688 -0.158093 0.083516 -0.085542 0.072773 0.097115 -0.227230 -0.229071 -0.295038 -0.208291 0.015017 -0.031735 0.058630 -0.206155 -0.092204 -0.092486 -0.008941 -0.136825 0.022411 -0.319774 0.016563 -0.016946 0.029377 0.191528 
-0.132818 0.098767 0.135246 -0.267856 0.036193 0.184784 -0.101088 0.044015 0.091398 -0.099080 -0.025899 -0.025144 -0.029345 0.127298 0.226613 -0.110002 -0.151433 -0.144759 0.184925 -0.076711 -0.089408 0.018458 -0.060480 0.012801 -0.039165 0.112938 0.074398 -0.182969 0.152622 -0.111050 0.113538 -0.101786 -0.048172 0.051039 -0.128809 0.196668 0.164222 -0.328467 0.044550 -0.133674 -0.065174 0.144820 -0.221892 0.166440 -0.351554 -0.180552 0.221567 -0.026934 -0.045042 0.039441 
-0.127446 -0.140902 -0.185573 -0.016457 0.199288 -0.002966 -0.271841 0.089717 -0.082143 0.074884 -0.016670 -0.034903 -0.306797 -0.084302 0.041408 0.032245 -0.196896 -0.240618 -0.009254 -0.164952 0.016810 -0.011998 0.389986 -0.215497 -0.058000 0.021803 -0.004100 -0.077041 0.145715 0.027437 -0.060828 -0.070107 -0.108146 -0.038757 -0.038536 -0.106382 -0.189272 0.202107 0.213693 0.117659 0.038550 -0.014869 -0.184919 0.145878 0.224462 -0.001951 0.154818 0.010225 -0.159987 -0.083446 
-0.159107 -0.131190 0.017248 0.143905 -0.107690 -0.137790 0.157916 -0.056948 0.090602 -0.141476 0.150121 -0.120590 0.139218 -0.054270 -0.171337 -0.032760 -0.076083 -0.118878 -0.285291 -0.208253 0.066230 -0.189508 -0.051692 -0.093135 0.050820 -0.230434 -0.167062 -0.267925 -0.158501 -0.146806 0.007237 -0.021418 -0.073429 0.027456 0.100524 -0.093850 0.189156 -0.022960 -0.068006 -0.071690 0.138907 -0.118439 -0.025209 0.386995 -0.165202 0.188020 0.113513 -0.014271 -0.118537 -0.126965 
-0.135767 -0.128130 0.186582 0.155911 0.057331 0.186639 0.080582 -0.188259 0.044237 -0.001995 -0.162559 -0.060194 -0.047287 0.234001 0.073040 0.073574 0.063255 -0.000348 0.063879 0.136566 0.005019 -0.250274 0.231933 0.227888 0.079200 0.020506 0.243704 -0.035009 -0.004498 -0.011401 -0.118752 -0.014783 -0.213403 -0.236813 0.022135 0.177535 0.068252 0.143947 -0.135074 0.165028 -0.131346 0.020101 -0.136749 -0.100266 -0.107758 0.366685 -0.032301 -0.124312 -0.036896 -0.185730 
-0.139222 0.008778 -0.190002 -0.081055 0.038519 -0.006880 0.096322 -0.147964 -0.212003 0.109395 -0.159547 -0.085087 0.190984 -0.020700 -0.268819 -0.174052 -0.011808 0.170155 0.081913 0.297830 -0.130418 -0.067512 0.127027 -0.123443 -0.232851 -0.173946 0.179552 -0.061399 0.074366 0.230677 0.058605 -0.213386 0.054869 0.120510 -0.128433 0.140780 -0.106347 0.064828 -0.019978 -0.067341 0.003550 -0.252133 0.030793 0.159111 -0.124453 0.058696 0.144769 -0.049156 0.013059 0.252660 
-0.140999 -0.117868 -0.078052 0.006452 -0.079234 0.091493 -0.178058 0.189950 0.210464 -0.130174 -0.124703 -0.180525 -0.074240 -0.147989 -0.173010 -0.032972 0.322641 -0.068131 -0.205544 0.045401 -0.199170 0.072955 0.224217 0.234710 0.091837 0.128315 -0.009164 0.232270 -0.029869 -0.079362 -0.052373 -0.205052 -0.189388 0.148791 -0.064201 -0.027348 0.222111 0.051363 0.044120 -0.189932 0.065853 0.125708 0.157442 -0.024525 -0.026876 0.035612 0.071747 0.146043 0.059682 0.212380 
-0.117129 -0.184029 0.177357 -0.174539 0.138047 0.153013 -0.035201 -0.071755 -0.129787 -0.161593 0.129718 -0.271993 -0.079537 0.071922 -0.146137 -0.004508 -0.211824 -0.142071 0.035090 0.029450 -0.033258 -0.080340 -0.071858 0.003392 0.110656 -0.104900 -0.148272 -0.077865 -0.119734 0.321915 -0.012364 -0.160715 0.058855 -0.064454 0.020809 -0.108584 0.017895 -0.054823 -0.053884 0.103726 0.069331 -0.035881 0.148836 -0.309265 -0.002467 -0.123653 0.117200 0.236517 0.365838 -0.142602 
-0.131349 0.104791 0.303513 -0.143935 0.004977 -0.104495 -0.006882 -0.028151 -0.269621 0.179416 -0.108953 0.001760 -0.007804 -0.202090 -0.043245 -0.011945 0.119838 0.103304 0.286364 -0.001232 0.039886 0.001142 -0.190145 0.088188 -0.003387 -0.194090 0.065378 -0.050269 -0.275644 -0.255435 -0.075715 -0.012862 -0.252176 0.071137 -0.020408 -0.121690 -0.030393 0.228233 0.295884 0.095876 0.050080 0.212783 0.074217 0.015215 -0.057050 -0.028400 0.150420 0.138079 -0.091038 -0.045851 
-0.137706 0.139028 0.152473 0.078251 0.120601 -0.013302 -0.089684 -0.096347 0.040883 -0.114592 -0.051894 0.142683 0.223946 -0.019216 -0.233399 0.101449 0.357089 -0.305483 0.121091 0.036260 -0.149809 0.137351 0.116306 -0.033410 -0.020293 0.002209 -0.144610 0.049045 0.019771 -0.109194 0.031097 0.260730 0.139936 -0.091201 -0.124378 -0.132113 -0.159959 -0.120753 -0.182536 0.268851 -0.178455 -0.094751 -0.122516 0.142963 0.019849 -0.035573 0.192251 0.108413 0.127058 -0.003019 
-0.139149 -0.124168 -0.082285 -0.163427 0.036639 0.020616 0.310219 0.134180 0.002194 0.047902 -0.052210 0.122375 -0.028176 0.033556 -0.018669 0.246507 0.224287 -0.046133 0.189057 0.144125 0.190327 0.028302 0.222211 0.114307 -0.164530 -0.008503 -0.346267 -0.129062 -0.185626 0.026133 -0.035467 -0.158689 0.259207 -0.019495 -0.040775 0.187099 0.161461 0.015006 0.045231 -0.195135 0.033582 0.009704 -0.084126 -0.013045 0.116391 -0.162226 -0.084817 0.006195 -0.154225 -0.221349 
-0.143013 -0.138317 0.083291 0.062644 -0.081538 -0.119623 -0.196090 -0.155804 -0.084978 0.051641 -0.247649 -0.142169 -0.312307 0.056057 0.047233 0.159680 -0.018974 0.006632 0.084568 -0.010287 0.166193 0.267511 -0.101690 0.090925 -0.031356 -0.016165 0.063122 0.111511 0.017750 0.027360 0.306779 -0.125959 0.247206 0.079130 -0.056175 -0.239928 -0.094790 -0.032773 -0.335098 -0.077829 0.068288 0.055554 0.116122 0.179326 -0.160178 0.124342 -0.123797 -0.011305 -0.124808 -0.099171 
-0.144269 -0.134424 -0.000844 0.005622 0.109794 0.026410 -0.098140 -0.050556 -0.238480 0.012200 0.326860 -0.201768 0.049145 0.069243 -0.084818 0.110191 0.182160 0.222113 -0.087431 0.030662 0.059087 -0.119228 0.054635 0.053594 0.084846 0.208563 0.254722 -0.062852 -0.159517 0.016238 -0.068518 0.084275 0.045799 0.210487 0.050389 -0.021069 -0.002877 -0.352918 -0.100504 0.180608 0.080340 0.133731 -0.072753 0.041088 0.206661 -0.205697 0.017174 -0.129992 -0.270841 0.098868 
-0.146066 0.058804 0.039322 -0.003998 0.062112 0.003623 0.147448 -0.043814 -0.251054 0.184645 -0.175703 -0.105439 -0.035111 0.119838 0.045097 0.046587 0.218749 -0.015085 -0.408376 -0.083556 -0.144027 0.041295 -0.281826 -0.000357 0.097970 0.237668 0.005634 -0.071824 0.323309 -0.048072 0.043036 -0.024934 0.094289 -0.261597 0.058955 0.156068 0.061436 0.191272 0.071307 0.027378 0.097743 -0.141732 0.083823 0.035162 0.024434 -0.220484 0.116556 0.121008 -0.078102 -0.100582 
-0.151734 0.058832 -0.026931 0.230601 0.115693 0.215697 0.127078 0.174710 -0.119945 -0.146869 0.018000 0.296020 -0.223464 -0.059174 -0.037189 0.042923 -0.039774 -0.103268 -0.035795 0.065491 0.084036 0.035995 -0.128437 -0.054553 -0.124161 -0.081981 0.199285 -0.238535 0.158873 -0.104706 -0.010127 -0.006647 -0.002547 0.385722 0.037134 0.113932 0.182497 0.104192 -0.173290 0.124657 -0.128976 0.132205 0.244717 0.070625 0.165523 0.006125 -0.016497 0.001305 0.227870 -0.014577 
-0.148086 0.181429 0.076157 -0.153776 0.081445 -0.006728 0.295828 0.190188 -0.012305 -0.015099 0.001215 -0.129685 0.099188 -0.041913 0.148511 0.075519 -0.025607 0.025570 -0.166299 -0.187848 -0.103068 -0.084876 0.133874 0.005653 -0.115760 -0.130169 0.253836 0.104475 -0.110166 0.054662 0.160213 -0.100107 0.120673 -0.136910 0.145694 -0.206643 -0.065003 0.126930 -0.116111 -0.046458 -0.119688 0.256201 -0.297181 0.136873 0.083992 -0.045462 -0.230592 0.133984 0.206577 0.170603 
-0.143244 0.163332 0.175063 0.231159 0.149233 0.094863 -0.154176 -0.099617 0.068927 0.237874 -0.157646 -0.160873 0.004082 -0.141124 0.083801 0.014766 -0.151993 -0.126648 -0.014705 -0.160918 0.024732 -0.051728 0.103498 0.148202 -0.270356 -0.161075 -0.102656 0.073394 -0.149558 -0.032353 0.099442 0.131532 -0.015523 0.013189 0.332221 0.185335 0.114576 -0.133895 -0.019202 -0.084703 -0.064775 -0.256887 0.150989 -0.145846 0.108000 -0.182583 -0.006164 -0.093747 -0.086409 0.196096 
-0.137036 0.140013 0.123786 0.023284 -0.133994 0.021233 -0.156426 0.304166 -0.324598 -0.179351 -0.317523 0.022901 0.126033 0.053781 -0.111315 -0.057273 -0.206972 -0.005262 -0.213944 0.019858 -0.006073 0.023989 -0.019759 0.042016 0.138953 0.095727 -0.273370 -0.102929 -0.108907 0.112131 -0.254759 0.051893 0.071344 0.124961 0.033705 0.053394 -0.228370 0.039952 -0.070496 -0.084168 -0.185471 0.112690 -0.124342 -0.102231 -0.088235 0.076162 -0.095882 -0.168345 -0.148152 0.053264 
-0.133733 -0.304243 -0.008881 0.067096 -0.263919 -0.190941 -0.016506 -0.005658 -0.105385 -0.017851 -0.047388 0.041992 -0.075451 0.073704 0.218853 -0.270824 0.235137 0.015986 0.063178 -0.140531 0.085012 -0.080261 0.028706 0.024176 -0.201316 -0.155427 -0.054033 0.010605 0.163331 0.029822 -0.283596 0.035977 0.073180 -0.123734 0.213193 0.170235 -0.230677 -0.268795 0.036203 -0.010599 0.008564 0.195085 0.098007 0.078385 0.045729 0.046354 0.059207 0.144983 0.214339 0.093896 
-0.129245 0.022877 -0.376897 0.064842 0.169598 0.146359 -0.003862 -0.154670 0.220264 0.045685 -0.080480 -0.048866 -0.041742 0.116068 0.078279 0.019072 -0.078505 0.146251 0.040781 -0.116053 -0.027440 0.062291 -0.220026 0.401630 -0.048135 -0.020213 -0.108769 -0.181569 -0.066946 -0.023704 -0.326178 0.113074 0.081524 0.136488 -0.092720 -0.130966 -0.103865 0.124438 0.006571 0.143310 0.139122 -0.078115 -0.200789 0.058585 -0.106026 -0.058268 -0.083741 0.178617 0.075203 0.161706 
-0.131412 0.245534 -0.178964 -0.019608 0.087371 -0.221532 0.000903 0.119347 0.187672 -0.194084 -0.179753 -0.076474 0.086499 -0.143801 -0.051627 0.077058 0.009699 0.112742 0.079403 -0.010462 -0.209225 0.028880 -0.026975 0.145133 -0.099419 0.013807 0.111768 -0.272960 0.116777 0.227319 0.078693 -0.028733 -0.151548 -0.124377 0.101716 -0.080083 -0.080749 -0.301780 0.149533 0.097097 0.002833 0.071086 0.253183 -0.028478 0.090227 0.087270 -0.118809 -0.016713 -0.119137 -0.342558 
-0.138309 -0.000218 0.133452 0.103674 0.294060 -0.034165 0.146890 -0.089567 0.069855 0.087938 0.136148 0.285941 -0.105525 0.090305 -0.126314 0.101585 0.021062 0.007950 -0.119097 -0.015437 0.203940 -0.033366 0.081895 0.034749 0.179555 0.155224 -0.085555 0.082350 0.009520 0.134369 0.082864 -0.145743 -0.138676 0.059487 0.101901 -0.015120 -0.292896 -0.140924 0.337041 -0.053290 -0.144904 -0.022938 0.151514 0.136675 -0.334696 -0.025731 -0.182701 0.046496 0.066294 0.152038 
-0.121446 -0.054888 0.106075 -0.004154 0.050841 0.089583 -0.047667 0.113472 0.074907 0.037670 0.050481 0.115467 -0.143674 -0.016606 -0.195152 -0.207863 -0.260382 0.380837 -0.097480 0.055433 -0.209992 0.117194 0.168565 0.082598 0.065579 -0.116227 -0.112031 0.113658 -0.100248 -0.212396 0.141968 0.139475 0.128038 -0.235842 -0.139764 0.277407 -0.054854 -0.028251 -0.011549 0.173890 0.213118 0.119811 0.084413 0.204833 0.033005 -0.092091 -0.089635 -0.074636 0.112955 -0.126856 
-0.127847 0.203292 -0.133787 -0.158373 -0.004886 0.029342 -0.100003 -0.206378 0.165299 -0.054362 -0.115127 0.024004 0.001608 -0.149431 -0.126898 0.030834 -0.029810 0.244099 0.023616 -0.161604 0.254667 -0.190449 0.088641 -0.233111 0.111414 0.197242 0.031438 -0.090295 -0.006310 -0.385136 -0.118520 -0.257257 0.278137 -0.129278 0.102240 -0.021368 -0.051536 -0.008774 -0.106632 -0.015116 -0.115620 0.030306 0.132240 -0.196633 0.009996 0.055296 0.136005 -0.010794 0.099752 0.037040 
-0.150044 0.142585 -0.013636 -0.198451 -0.158258 0.112905 -0.074379 -0.009328 0.015568 0.112992 0.224177 -0.013196 -0.072329 0.240303 0.027007 0.183079 0.077524 -0.099225 0.011176 -0.000759 -0.154402 0.050614 -0.017880 0.166554 0.154203 -0.119773 0.070771 -0.152287 -0.036954 -0.042368 0.057070 0.146011 0.137022 0.017676 0.048228 -0.048165 -0.193221 0.056348 0.197225 -0.333013 0.039571 -0.072370 0.138776 0.044858 0.213354 0.250130 0.158863 -0.354859 0.213581 0.045070 
-0.144133 0.107792 0.139773 0.074473 0.122824 0.236665 0.061060 -0.072203 0.173042 -0.025967 0.279833 -0.103010 -0.172185 -0.130609 -0.002939 0.009851 0.078720 0.074697 0.059039 0.073097 -0.222669 -0.032526 -0.294957 -0.212977 -0.143652 -0.136511 -0.211721 0.225682 0.153149 0.103559 -0.282891 -0.154628 0.021215 -0.100641 -0.054911 -0.019909 -0.112398 0.032032 -0.105163 -0.126108 -0.115909 0.154732 0.017062 0.037560 0.060235 0.104728 -0.014442 -0.087046 -0.321386 0.005283 
-0.146779 -0.003993 -0.001307 0.038185 -0.427739 0.261578 0.095348 0.024478 0.145657 -0.019547 0.208247 -0.202479 0.166458 -0.052755 -0.042851 -0.042763 -0.015166 0.020942 0.042114 -0.187048 0.150621 0.164677 0.093933 0.032763 -0.088871 0.097308 0.138905 0.049806 0.017625 0.031055 0.083014 0.050085 -0.069670 0.167510 -0.039743 0.159807 -0.334083 0.214901 0.010843 0.052232 -0.184387 -0.114472 0.082636 -0.024207 -0.089075 -0.197066 -0.007166 0.138813 -0.083255 -0.283954 
-0.137582 0.045216 0.075667 -0.010868 -0.174575 -0.185614 -0.244322 -0.032465 0.091965 -0.203168 0.026534 0.366077 -0.030939 0.228421 -0.085487 0.068112 -0.051358 0.019915 0.151963 -0.062183 -0.184306 -0.186466 -0.037683 -0.001646 -0.050491 0.063382 0.204219 0.175957 -0.109682 0.189086 -0.193500 -0.087084 0.049563 -0.039898 0.216619 -0.057383 0.158427 0.247954 -0.044111 -0.044811 0.085908 -0.152377 0.032935 0.153834 -0.033800 -0.339955 -0.019422 -0.040396 -0.050700 -0.065871 
-0.120262 -0.060945 0.217910 0.077371 -0.245280 -0.002413 0.007020 -0.018855 0.064242 0.228735 0.082805 -0.028251 -0.055670 -0.120819 -0.122668 0.071910 -0.094027 0.131622 0.062131 0.295397 -0.158389 0.177077 0.069235 -0.124266 -0.155567 0.285848 -0.097101 -0.224768 0.198349 -0.088234 -0.058867 0.010921 -0.058257 0.069274 0.349307 -0.209685 0.090437 -0.043629 0.047621 -0.007694 0.120431 -0.056444 -0.295228 -0.066758 -0.048900 0.055862 -0.129296 0.043342 0.187689 -0.000750 
-0.156906 -0.131770 -0.171843 -0.007024 -0.025756 0.282088 0.027079 -0.097650 -0.124481 0.214883 -0.114568 0.165026 0.351199 0.034510 -0.028647 0.147179 -0.201312 0.071163 -0.029417 -0.151414 0.103015 0.226905 -0.009878 -0.078901 -0.089646 0.084624 -0.004860 0.249678 -0.008107 0.160395 -0.141882 0.090663 -0.126942 -0.147885 -0.027956 -0.209562 0.276752 -0.130817 0.058258 -0.056544 -0.055886 0.217959 0.130148 0.119566 0.034626 0.075535 0.153260 -0.081575 0.086098 -0.100396 
-0.146886 0.233213 -0.111234 0.142628 -0.139186 0.025769 -0.056667 -0.203309 -0.226752 0.010398 0.075822 0.125772 0.028406 -0.148447 -0.113001 0.131798 -0.079215 -0.253956 0.053979 -0.074776 -0.019456 -0.192850 -0.056169 0.003809 -0.020289 0.106883 0.046747 0.090377 -0.015261 -0.038060 0.038797 -0.030760 -0.136154 -0.053774 -0.243304 0.235804 -0.104874 -0.140780 -0.066364 -0.216782 0.411052 0.084392 -0.139604 -0.093144 0.075903 0.095294 -0.261017 0.204730 0.075736 -0.031746 
-0.145490 -0.023764 -0.092246 -0.054884 0.062698 0.165105 0.149486 0.007961 0.081986 -0.007725 -0.157750 0.056881 -0.108894 0.194062 -0.036232 -0.285174 -0.028200 -0.132527 0.002106 0.193334 -0.051196 0.058519 0.034497 -0.278309 0.158578 -0.067369 0.245337 0.032589 -0.168781 -0.106225 -0.045682 0.332481 0.106477 0.012880 0.142518 -0.143525 -0.012357 -0.132304 0.068682 -0.220743 0.043904 -0.054939 0.064852 -0.123580 0.005843 0.042785 -0.098504 0.350775 -0.276558 -0.057295 
-0.148690 0.038436 -0.029938 -0.149834 -0.062086 -0.059921 -0.180447 -0.001547 0.086580 0.138039 0.021315 -0.005161 0.018388 0.187258 0.241817 -0.091806 -0.021210 0.049454 -0.143450 0.265695 0.020865 -0.350420 -0.088026 -0.078861 -0.244486 0.269810 -0.253667 -0.042641 -0.191260 -0.023196 0.184377 0.087003 -0.191918 0.039610 -0.198594 -0.087000 -0.013735 0.057801 -0.093385 0.035703 -0.212534 -0.003635 0.179823 0.159348 0.174546 0.055001 -0.070008 0.171105 0.069702 -0.025718 
-0.146823 0.025102 -0.183891 0.272419 0.060466 -0.222694 -0.005290 0.230513 0.067652 0.228599 0.133375 -0.006023 -0.139906 -0.076643 -0.000095 -0.168170 0.050327 -0.120031 -0.045332 0.095110 0.049430 0.211725 -0.185055 -0.060624 -0.029552 0.120944 0.198132 -0.052544 -0.405764 0.052186 -0.077981 -0.127302 -0.047710 -0.250553 -0.099343 0.052039 -0.041004 -0.043074 -0.118903 -0.079148 -0.122196 -0.032345 -0.134697 -0.125287 -0.130658 -0.065172 0.193964 -0.167122 0.165591 -0.094343 
-0.136454 0.185336 0.032708 -0.092501 -0.279659 0.166840 0.043072 0.048962 0.114155 -0.114096 -0.045224 0.074793 -0.220140 -0.240913 0.014096 -0.039151 0.052247 -0.001276 -0.017717 0.118957 0.351572 -0.017549 -0.096834 0.032650 0.114092 0.042609 -0.003565 -0.004141 -0.052318 0.384223 0.131884 0.139069 0.055376 -0.202494 0.035377 0.037641 0.132851 -0.003096 0.106859 0.276300 0.139846 -0.051185 -0.100888 0.103157 0.072677 0.121196 0.157620 0.017115 -0.094609 0.287164 
-0.134058 -0.127312 -0.082747 -0.093054 -0.159971 -0.050114 0.299734 -0.049613 -0.158825 -0.201783 0.040141 0.161891 -0.107894 0.064058 0.007342 -0.071223 -0.196913 -0.088963 -0.006598 -0.067439 -0.193031 0.095302 -0.108638 0.206866 -0.131241 0.099775 -0.044235 0.222075 -0.073967 -0.274686 0.114227 -0.262230 -0.060206 -0.007331 0.004809 -0.118468 -0.032974 -0.175867 0.089723 0.230887 -0.140380 -0.262573 -0.051502 -0.164141 0.176655 0.127741 0.061925 -0.067037 -0.148951 0.120296 
-0.117876 0.063751 -0.086769 0.118237 -0.038927 -0.009948 -0.088805 0.171413 -0.072587 0.212715 0.205486 0.274215 0.147100 -0.087180 0.358033 0.129253 -0.037468 0.159883 0.001428 0.033989 -0.199418 -0.039171 0.161084 0.072618 0.263902 -0.160114 -0.086779 -0.015242 0.043231 0.075176 0.115890 -0.131730 0.096422 0.087266 0.093845 -0.003870 -0.004999 -0.017461 -0.197242 0.067511 0.035761 -0.042889 0.040919 -0.154947 -0.149230 0.140707 0.268663 0.312491 -0.164106 -0.020757 
-0.158440 -0.249502 -0.000942 0.054738 0.107989 -0.312670 0.105255 -0.003255 0.028737 -0.118204 0.063001 -0.159349 0.050139 -0.106573 -0.009300 0.190877 -0.201864 0.024622 0.293472 -0.119699 -0.156761 0.059676 -0.080777 -0.084732 0.112569 0.283383 0.003544 -0.019786 -0.027665 0.057584 0.054385 0.282596 0.125565 -0.014476 -0.027450 0.298359 0.105771 0.199221 0.049868 -0.084858 -0.176426 0.080782 0.094084 0.021158 0.029310 0.180894 0.025074 0.135850 -0.025277 0.253153 
-0.153201 0.084035 -0.094569 0.213687 0.103001 0.042058 -0.111834 -0.116771 -0.215474 -0.256674 0.214107 -0.081564 0.162272 -0.121111 0.248827 -0.289323 0.061147 -0.084261 0.020732 0.163288 0.038881 -0.027228 0.100160 0.083893 -0.118605 0.107139 -0.037091 0.075330 0.033270 -0.061718 0.092593 0.033721 0.340402 -0.042773 0.015560 -0.163212 0.157792 0.178266 0.318630 0.026080 0.056500 0.078381 0.062968 -0.052027 -0.212291 0.041086 -0.125222 -0.162515 0.024253 -0.107361 
-0.142946 0.287738 -0.143804 0.030193 0.087146 -0.135945 0.157368 0.196438 -0.065870 -0.090218 -0.057112 -0.261936 -0.133626 0.229087 0.044593 0.091498 0.038871 0.160613 0.142824 0.002589 0.117881 -0.066891 0.018657 -0.172870 0.034480 0.006717 -0.157437 0.431347 0.067571 -0.052125 -0.014810 0.134021 -0.141028 0.246508 0.135625 0.068708 0.039857 -0.051007 -0.002775 0.074284 0.172104 -0.112035 -0.106874 0.018299 -0.094383 0.072263 0.177742 -0.071349 0.193033 -0.177077 
-0.169216 -0.220589 -0.078798 -0.156883 0.071213 0.088380 0.005301 0.231446 -0.072711 0.096911 -0.030664 -0.008365 0.084770 -0.366854 0.062281 -0.113955 0.005468 -0.059742 0.241474 0.068342 0.071323 -0.229359 -0.134785 0.132668 0.334283 0.001035 0.017395 0.097569 0.206896 -0.095204 -0.052184 0.070495 -0.092458 -0.082591 0.028245 -0.128097 -0.035703 -0.045428 -0.174987 -0.098111 -0.077691 -0.305537 0.013353 0.163456 0.027968 -0.127276 -0.228759 -0.162060 0.089497 -0.062319 
-0.135858 -0.093811 0.087445 0.000342 -0.033724 -0.060501 -0.030550 0.439781 0.150521 0.191016 0.061288 -0.021778 0.129821 0.214668 -0.199888 0.125751 -0.054487 -0.126333 0.025082 -0.055701 0.135283 -0.207795 -0.071757 -0.021405 -0.237396 -0.079317 0.100790 0.015345 0.220253 -0.108427 -0.004631 0.054336 0.147340 -0.092460 -0.225386 -0.130182 0.013633 0.004721 0.065128 0.183249 0.192053 0.023614 0.136491 -0.266681 -0.189713 0.056053 -0.066170 -0.059728 -0.120151 0.181954 
-0.159996 0.080146 -0.096348 -0.177341 0.039174 -0.088732 0.028622 -0.111433 -0.099506 0.103641 0.153699 0.135701 -0.149549 0.092693 -0.199300 -0.364918 0.199593 0.089874 0.086301 -0.365887 -0.013235 0.059107 0.116366 0.030609 -0.006094 -0.001682 -0.174649 -0.129270 0.126214 0.153725 0.185317 0.169099 -0.202331 0.014528 -0.000587 -0.088581 0.183193 0.136670 -0.240609 -0.052402 -0.067496 0.082598 -0.045727 -0.258452 -0.071770 0.028136 -0.111300 -0.117425 -0.070130 0.042020 
-0.131626 0.019526 0.140160 -0.187642 -0.118922 -0.215362 0.150215 -0.196185 0.070954 0.129747 -0.069264 0.041625 -0.182958 -0.267985 0.183720 0.083835 -0.025168 -0.032865 -0.269785 -0.058487 -0.144227 -0.060333 0.159796 -0.073590 0.015601 -0.063118 0.102812 0.068876 -0.007160 0.113956 -0.280615 0.182712 0.149838 0.255265 -0.354140 -0.022506 0.120546 -0.116135 0.068045 0.096570 -0.075895 -0.097245 0.039974 -0.117407 -0.140544 -0.039722 -0.067762 -0.132571 0.082315 -0.130370 
-0.109547 -0.188579 0.196522 -0.011841 0.227076 -0.095718 -0.077974 -0.017161 0.153440 -0.151173 -0.043368 0.199347 0.107216 -0.120791 -0.060512 -0.081186 -0.027453 0.207551 -0.196243 0.025316 0.194643 -0.074215 -0.160283 0.183592 -0.165080 -0.004677 0.105748 0.110422 0.148167 0.052892 0.154195 0.117493 0.036461 0.139932 -0.048637 -0.014544 -0.105478 0.039290 0.050650 -0.308254 0.043109 -0.035259 -0.304622 -0.183233 0.180119 0.072891 0.291310 0.054534 0.014663 -0.185598 
-0.157420 -0.085450 -0.133757 -0.342009 0.093726 -0.131066 -0.014179 -0.146036 0.073731 -0.174001 0.082511 0.056128 0.133329 -0.069039 0.155066 0.163020 -0.054158 -0.165933 -0.197223 0.287430 0.102918 0.239014 0.001869 -0.054159 -0.072498 -0.117257 -0.007737 0.021207 0.024333 -0.118588 -0.029923 0.098426 -0.257043 -0.069834 0.214090 0.139189 -0.163533 0.150233 -0.220685 0.081680 0.199555 0.134845 0.093388 -0.126473 -0.153525 -0.112209 -0.016001 -0.152034 -0.054085 0.115413 
-0.167853 -0.010087 -0.193774 0.113021 -0.170681 -0.176402 -0.067138 -0.189359 0.167745 0.187186 -0.060592 -0.067778 0.072610 0.109552 -0.158146 -0.034240 -0.096211 -0.150804 -0.015199 0.193624 0.018210 -0.090847 -0.134799 0.024156 0.297290 -0.277194 -0.066066 0.100454 0.161072 -0.011730 0.166048 -0.103444 0.067768 0.121549 0.055514 0.084175 0.105398 0.002532 0.169816 0.127117 -0.255720 0.316719 -0.201804 -0.067447 0.157886 -0.190731 -0.052302 -0.045370 -0.010855 -0.044296 
-0.152793 0.085981 0.097264 -0.151673 0.080564 -0.091357 -0.322830 0.057559 -0.046149 -0.045103 0.167360 -0.042256 0.119047 0.126317 0.038610 0.007719 0.071948 0.105412 -0.068960 -0.036876 0.196983 0.347243 -0.047479 -0.081520 0.034140 -0.201385 0.083603 0.005876 0.042142 -0.040008 -0.152469 -0.156276 -0.030329 -0.045671 -0.082622 0.187419 0.237284 -0.053250 0.111124 0.047474 -0.149560 -0.307263 -0.103630 0.039692 0.127346 0.218026 -0.323088 0.203481 0.030423 -0.007379 
-0.140275 -0.266801 0.009521 0.052088 0.029101 0.209801 -0.082764 0.011755 0.138015 -0.035492 -0.235093 0.097387 0.140885 -0.009961 0.184220 0.020374 0.263996 0.065092 0.040601 -0.210933 -0.191250 -0.006679 -0.179190 -0.394037 0.061109 -0.011245 -0.050290 -0.057690 -0.220222 0.068986 0.235164 -0.121053 -0.015788 0.162578 0.013800 0.087069 -0.089945 0.024043 0.126190 0.163345 0.192157 -0.045335 -0.102528 -0.130082 0.014670 0.048469 -0.164345 -0.221249 0.085368 0.013218 
