-0.124179 -0.109087 0.029390 0.008016 -0.243437 -0.110500 -0.192226 0.061286 -0.017391 0.181011 0.084501 -0.027629 -0.123418 0.153551 -0.173233 -0.117901 0.019087 0.079711 -0.199103 0.043647 -0.033508 -0.167207 -0.134577 -0.087921 -0.220879 0.127472 0.131145 -0.323021 0.270212 0.181357 0.122024 0.022686 -0.024436 0.048631 -0.191678 -0.021553 -0.080390 0.033924 -0.276578 0.102290 -0.058656 -0.070892 0.156177 -0.193279 -0.131015 -0.103575 0.106161 -0.083716 0.271284 0.009399 
-0.137808 0.207029 -0.067211 -0.153019 0.012991 -0.166325 0.047302 -0.240316 0.002382 -0.185350 -0.016257 -0.307095 -0.125513 -0.111934 -0.160786 -0.211644 0.044414 -0.046254 0.118344 0.101950 0.040893 0.001381 -0.172631 0.078871 0.194284 -0.160006 -0.031882 0.076051 0.079559 -0.137885 0.275501 0.078933 0.209984 0.176922 -0.142167 -0.084330 -0.055643 0.164600 -0.070425 0.051368 -0.097656 0.053056 -0.186779 -0.193153 0.012945 0.042365 0.136685 -0.075868 -0.108358 -0.295821 
-0.145335 0.067894 0.110372 0.068977 -0.040367 -0.061942 0.160676 0.129415 0.042732 -0.028602 -0.062972 0.059106 0.046254 -0.099937 0.226327 -0.099183 0.319599 0.228652 -0.072424 -0.021506 -0.159363 -0.125118 0.039187 0.366312 0.099069 0.025068 -0.013683 0.181677 0.049826 -0.083650 -0.112296 -0.025723 -0.114412 -0.021945 -0.312803 0.033216 0.174154 0.192579 -0.011985 0.046684 -0.237430 -0.159530 -0.060027 -0.044035 -0.130491 0.114600 -0.181939 0.177192 0.237341 0.045792 
-0.134042 0.112668 0.246951 0.029701 -0.090256 -0.240130 0.180448 0.127945 0.109354 0.039354 0.068477 0.090852 0.140096 -0.099767 0.004444 0.033093 -0.111375 0.029025 0.123291 -0.381725 0.017330 0.151076 -0.115864 0.127798 0.175279 0.151719 0.197384 -0.066132 0.141063 -0.019847 0.187007 -0.174873 0.319401 0.101079 0.080582 -0.011172 0.050534 -0.016220 0.111300 -0.104310 0.016277 -0.006574 0.244845 0.176504 -0.047060 -0.223081 0.165694 0.066988 -0.017913 0.070947 
-0.132289 -0.037837 0.091254 -0.067955 0.108860 0.178399 0.038336 -0.178814 -0.108140 0.138297 -0.221696 0.099066 -0.076290 -0.030748 -0.198581 -0.171571 0.366489 0.176273 0.078706 -0.068042 -0.061611 -0.080052 -0.165698 -0.293962 -0.043200 0.025970 0.141881 -0.018642 0.100692 0.063582 0.159154 -0.153178 0.152074 -0.155397 0.113569 0.163143 0.061786 -0.058605 0.198069 -0.082655 0.104084 0.220407 -0.167746 0.101135 0.093742 0.108323 -0.180818 0.132819 0.173761 -0.019251 
-0.138961 -0.206088 0.048551 0.114022 0.093157 -0.236042 -0.095132 0.138059 -0.039334 0.214958 -0.156137 -0.268068 0.088396 -0.125742 -0.025390 0.047656 0.094699 -0.052319 0.021750 -0.104222 0.015434 0.118117 0.111402 0.021811 -0.196134 -0.342318 -0.054292 -0.323682 -0.130076 -0.038259 0.111382 -0.097011 -0.229322 0.042063 0.137291 0.074788 0.310346 -0.026294 0.100641 0.000018 -0.179815 -0.072534 -0.071174 -0.034687 0.037330 -0.006763 0.124309 0.144557 -0.092931 -0.172957 
-0.140709 -0.125544 -0.040650 0.130753 -0.084115 -0.226533 0.086997 -0.213696 -0.217645 -0.116259 0.120618 0.146789 0.145705 0.105091 -0.074233 0.035997 0.012636 0.295602 -0.184852 0.130923 0.083075 -0.127378 0.132973 -0.019803 0.024393 0.046088 -0.194361 0.047507 -0.120931 0.195518 0.108597 0.014244 0.023357 0.127822 0.109750 0.056401 0.046487 0.088372 0.293527 0.024340 0.127641 0.049078 -0.128515 -0.089682 -0.416248 -0.145291 0.042764 0.000452 -0.191942 0.072229 
-0.141418 0.091426 0.117692 0.022957 -0.063813 0.061726 0.156887 0.076068 0.215135 -0.141581 -0.223289 -0.044106 -0.207924 -0.231147 -0.106397 0.251965 -0.063024 0.006020 0.065052 -0.042720 0.039339 0.194068 -0.168138 -0.091813 0.032613 0.093244 -0.098691 0.044118 0.102012 0.265677 0.157221 0.119432 -0.403600 -0.020815 -0.092338 0.038009 0.013144 -0.166853 0.045956 0.042214 -0.006664 0.049724 -0.104971 0.018199 -0.222967 0.213504 0.115142 -0.178724 -0.024427 0.204509 
-0.156060 0.022907 0.410110 0.195020 0.115662 -0.062587 -0.224149 -0.155376 0.137244 0.077219 0.058334 -0.017513 -0.149185 0.165378 0.121196 0.047961 -0.079762 0.070628 -0.085958 0.148721 0.086626 -0.067268 -0.045031 -0.010197 0.063681 -0.206849 -0.003064 0.286284 -0.082638 -0.092724 -0.016477 -0.248119 0.070094 -0.184113 0.128913 0.026349 0.032133 -0.063051 -0.329993 0.018379 0.070404 0.067620 -0.046629 0.030876 -0.086224 0.133863 0.299518 0.087952 0.025028 0.120741 
-0.126078 -0.287120 0.020955 0.078606 0.190564 -0.056063 0.210979 -0.042567 0.067050 0.024218 0.407072 -0.018673 -0.174779 -0.106431 -0.005248 -0.005056 -0.096841 0.005454 0.287362 0.101308 -0.172214 -0.084830 0.036785 -0.164188 0.160436 0.139005 0.219971 -0.078546 0.037471 -0.107442 0.012386 -0.022749 -0.126508 0.076364 0.080528 0.052484 0.073677 -0.080724 -0.177594 -0.144781 0.040900 -0.290845 -0.238654 -0.122886 -0.008985 -0.064772 -0.215095 -0.017607 -0.076929 0.070267 
-0.134747 0.333674 -0.001889 -0.094365 0.028172 0.060073 -0.080656 0.167779 -0.153519 -0.102869 0.175566 -0.144916 -0.314075 0.251686 -0.072016 0.248390 -0.013881 -0.016047 0.082440 0.026589 0.035990 -0.063872 -0.236827 0.080172 0.026741 0.064634 -0.070555 -0.083694 -0.050720 -0.026811 -0.042538 0.025577 -0.151551 -0.124854 0.134873 0.345773 -0.026252 0.212560 0.143773 0.033154 0.011229 -0.063728 0.093740 -0.019286 0.026615 -0.192300 -0.070933 0.326576 -0.038676 -0.032521 
-0.153629 0.212242 0.173058 -0.060885 0.253421 -0.148591 0.030927 0.093756 0.087298 0.110516 0.102185 -0.215798 0.013211 0.032138 -0.004768 0.097813 -0.026120 -0.079018 -0.237863 0.018247 -0.144853 -0.238069 0.122583 -0.111051 -0.162572 0.032138 -0.009429 0.083954 0.208092 -0.082999 -0.185077 0.166066 -0.088479 0.276604 -0.035132 -0.188611 -0.074619 -0.087918 0.183962 -0.108772 0.142715 0.158651 -0.153784 0.320997 -0.029845 -0.073365 -0.023162 -0.037177 0.123420 -0.150859 
-0.141724 -0.137820 -0.119398 0.173028 0.092834 0.059231 0.042212 -0.011534 0.028192 -0.150772 0.164211 -0.032469 0.049288 -0.264597 0.022623 0.181256 -0.039483 0.097323 -0.241228 -0.195985 0.048737 -0.164591 -0.289493 -0.077452 -0.039565 0.089134 -0.134001 -0.016797 -0.248743 -0.069144 -0.015542 -0.182280 0.011849 -0.057531 0.034800 0.017268 -0.031915 0.242168 -0.023750 0.130625 -0.155123 0.104784 -0.087699 0.087337 0.290824 -0.128942 0.044160 -0.342969 0.191750 -0.019913 
-0.138309 -0.037499 -0.081520 0.332180 0.100038 -0.188506 0.071688 -0.220237 -0.141541 0.236554 -0.148078 -0.069362 -0.245573 0.016016 -0.144538 0.032527 0.003534 -0.028197 0.129398 0.004155 -0.093452 -0.014958 -0.112032 0.136534 -0.215796 0.086004 0.054795 0.134488 -0.190400 -0.064666 -0.053158 0.088418 0.003233 0.071408 -0.141756 -0.155901 -0.109230 0.060555 0.019591 -0.106803 -0.080843 0.139782 0.389390 0.032693 0.061972 0.083813 -0.189309 -0.034667 -0.223704 0.201454 
-0.141935 -0.135787 -0.024322 0.243195 -0.039799 -0.037668 -0.026475 0.072970 0.061982 -0.174323 -0.131445 -0.191718 0.220239 0.226645 0.076868 -0.062041 -0.212958 -0.090006 -0.122888 0.140313 -0.160123 0.046282 -0.046074 0.028057 0.037099 -0.027309 -0.088411 0.112028 0.288487 -0.105520 0.301863 0.027674 0.001063 -0.218819 -0.131287 0.060682 0.030599 -0.172636 0.142837 0.089371 0.070908 0.069608 -0.056876 -0.093872 0.289496 -0.203949 -0.224938 0.049761 -0.034805 0.193783 
-0.126635 0.067005 0.162112 -0.015694 -0.063247 -0.173818 -0.002024 0.034733 -0.270391 -0.225935 0.012746 -0.065312 0.053950 -0.213353 -0.148445 -0.153998 -0.018849 0.010064 -0.071420 -0.037364 0.049347 0.241151 0.096007 -0.153319 -0.159509 0.222369 -0.060798 0.210071 -0.033317 -0.213308 -0.205688 -0.025113 -0.069424 -0.080659 0.027912 0.165101 0.170708 -0.157836 -0.092525 0.034948 0.279060 -0.069358 0.253532 -0.216786 0.021300 0.061098 -0.070108 -0.099565 0.125382 -0.224347 
-0.122289 0.148021 -0.327535 0.125017 0.218514 0.003467 0.030535 0.078433 -0.087127 -0.205796 0.145629 0.034372 0.009195 0.139854 -0.020092 0.148703 0.290097 -0.105325 0.003363 -0.227503 0.133189 0.092320 0.096250 0.058886 -0.216949 -0.073667 -0.015873 0.010088 -0.016094 -0.053812 0.132857 -0.040559 0.204377 0.215355 -0.005705 0.044975 -0.096766 -0.379823 -0.198267 0.113096 -0.024160 -0.044761 -0.113393 -0.053737 -0.080734 0.091264 0.000745 0.092432 0.146287 0.224771 
-0.144930 0.094600 -0.008496 0.000288 -0.056358 0.020095 0.231237 -0.098775 -0.130432 -0.150141 -0.047854 0.259035 -0.190348 0.179586 0.028886 -0.082552 -0.093568 0.306974 -0.073521 0.059840 0.210263 0.156074 0.111107 -0.134954 0.077110 -0.202967 -0.091713 -0.127691 0.080232 -0.097688 0.112496 0.006399 -0.248206 0.081695 0.055547 -0.290492 0.042082 -0.051824 -0.162378 -0.040153 -0.136981 -0.078190 0.134153 0.285509 0.233314 -0.103776 -0.091240 0.056369 0.068728 -0.111573 
-0.143829 0.168244 -0.156301 0.056007 -0.071119 -0.049295 -0.072177 0.017784 -0.092294 0.030218 -0.026486 0.159593 -0.174916 -0.048311 0.284353 -0.190837 0.004567 0.014377 0.120731 -0.222030 -0.173803 -0.192792 0.018095 0.128783 -0.121339 -0.078900 0.020663 0.194808 0.270594 0.273946 -0.119118 -0.151753 -0.140506 -0.041166 0.307071 -0.034390 -0.061702 -0.138563 0.054679 0.056978 -0.037327 -0.006481 -0.058325 -0.195832 0.140750 -0.096767 0.087222 -0.206206 -0.208441 -0.139014 
-0.149345 -0.104190 0.066561 0.078497 -0.233505 0.106622 -0.149244 -0.051430 -0.057861 -0.058076 -0.066172 -0.173870 -0.053937 0.295056 0.246681 0.043765 0.109862 -0.042860 0.046009 -0.244680 -0.138304 0.189486 0.042476 -0.240960 0.341959 0.071142 0.037139 -0.027921 -0.150062 -0.018564 -0.211067 0.140536 -0.001522 0.250756 0.028148 -0.010072 0.061142 -0.029776 -0.019930 -0.115156 -0.182636 0.314007 -0.030541 -0.169290 -0.063976 -0.073247 -0.039657 -0.070343 0.096543 -0.018885 
-0.142384 -0.010904 -0.075022 -0.002890 0.145046 0.310600 0.115426 0.185576 -0.208801 0.015555 0.189240 -0.185951 -0.100791 -0.060934 0.099087 -0.305564 0.018343 0.045728 -0.128050 0.076629 0.065511 0.022044 -0.079603 -0.075796 0.048210 -0.152686 0.007121 -0.050900 0.036015 -0.024886 -0.105421 0.138615 0.126214 -0.141235 -0.084405 -0.116984 0.149166 -0.051673 0.273839 -0.220356 -0.021487 -0.115691 0.160992 -0.056222 -0.046582 0.044055 0.357426 -0.104793 -0.022071 0.289695 
-0.136451 0.255076 -0.047834 0.024026 0.061567 0.190308 -0.009756 0.016419 0.174077 0.224497 -0.104776 0.178509 -0.121633 -0.071432 0.007402 -0.037400 -0.149780 -0.123050 -0.206818 0.078932 -0.224848 0.064774 0.058505 -0.090024 0.028874 0.153889 -0.129457 -0.004707 -0.226516 0.085346 0.161370 0.009169 0.152171 0.266791 0.116169 -0.170080 0.341174 0.106991 0.009861 0.213183 0.154013 -0.136223 0.003408 -0.232328 0.121002 0.003799 -0.030262 0.147417 0.047341 0.057916 
-0.145703 -0.136044 -0.043633 0.042059 -0.283166 -0.137374 0.158083 0.091748 0.168203 -0.170491 -0.034045 0.149388 -0.065763 0.195546 0.203155 -0.175095 0.118175 -0.284545 0.077011 0.138235 -0.030790 0.084050 -0.165977 -0.212266 -0.310123 0.015403 0.121988 0.024215 -0.057159 -0.192605 -0.062766 0.025443 0.046324 0.060684 0.088235 0.050150 -0.040851 0.236613 0.149346 0.186199 0.050092 -0.136359 -0.087806 0.239177 -0.050783 0.172960 0.134367 -0.009908 -0.062860 -0.001940 
-0.131968 -0.248223 -0.098091 -0.220202 0.138634 -0.106348 0.013466 -0.260993 0.244500 -0.226087 0.056477 0.095849 -0.072177 0.003040 0.000291 -0.131988 -0.168514 -0.110992 -0.000272 -0.301851 -0.198693 -0.145014 0.101874 -0.014290 -0.069409 -0.002482 -0.280617 0.003256 -0.045378 0.135276 0.015541 0.223121 0.004969 -0.168748 -0.032381 0.093566 -0.005331 -0.010930 -0.017712 -0.162074 -0.061522 0.032853 0.195550 0.020177 0.006991 0.089223 0.146679 0.315206 0.145820 -0.050474 
-0.137809 0.218606 0.047987 0.034934 -0.031102 -0.036659 0.017706 -0.214507 0.235357 0.256280 0.030479 -0.098475 0.172947 -0.056735 -0.033845 -0.035344 0.155843 0.134092 0.013749 -0.038830 0.019855 0.167687 0.086108 -0.206644 0.001481 -0.116710 -0.044368 0.063372 -0.072731 0.072477 -0.130020 0.367466 0.114818 -0.217170 0.074491 0.165859 -0.218435 -0.048811 -0.012880 0.198580 -0.169693 -0.331999 0.010679 0.050293 0.023688 -0.248843 -0.074331 -0.106663 -0.027601 0.065147 
-0.128544 -0.038534 0.079691 -0.173947 0.112484 -0.087764 -0.173404 -0.173965 0.076881 -0.108185 0.105596 0.235789 0.135708 0.004521 -0.121844 0.173095 0.286750 -0.021416 -0.007952 0.079484 -0.108811 -0.061473 -0.002313 0.064848 0.242328 -0.040445 0.164885 -0.191698 0.066558 -0.201309 -0.103550 0.018391 -0.220245 0.026980 -0.007304 -0.138610 -0.047433 -0.094088 0.235226 0.305076 0.071294 0.034700 0.217039 -0.165445 0.216457 0.114915 0.171480 -0.045562 -0.088000 0.140812 
-0.152845 -0.026800 0.057292 -0.113926 -0.050767 0.010403 -0.034012 -0.125317 -0.142051 -0.225374 -0.208817 -0.067239 -0.024531 -0.013805 0.048305 0.305898 -0.186037 0.096445 0.235512 -0.052160 -0.010742 -0.083200 0.104956 0.027071 -0.161433 -0.299515 0.261352 -0.054228 -0.015449 0.215244 -0.198949 0.066981 0.226834 -0.001800 -0.197795 -0.082134 0.188557 0.160256 -0.008014 0.055787 0.273676 -0.148851 -0.088851 -0.001512 0.100294 -0.084683 -0.032157 -0.071870 0.140816 0.125825 
-0.149733 0.094215 0.164784 -0.189727 0.025040 -0.071335 0.235229 0.065554 -0.042826 -0.028372 -0.195605 -0.061244 0.028915 0.109095 0.046382 -0.149426 0.009501 -0.216832 -0.052912 0.005409 -0.094372 -0.088651 0.032477 0.106161 0.078340 -0.082835 -0.055514 -0.238001 -0.396421 0.025121 0.059355 -0.252307 -0.079157 -0.170274 0.060490 -0.148297 -0.395211 -0.086562 0.006027 -0.115557 0.144618 -0.091032 -0.019956 -0.140157 -0.124170 -0.072720 -0.143064 -0.162533 0.148083 0.069855 
-0.146238 -0.017983 -0.250805 -0.278468 -0.158364 -0.057049 -0.006818 0.240675 0.273412 0.093499 0.088808 -0.079951 0.013328 0.008320 -0.041610 0.072650 -0.137953 0.185521 -0.149884 -0.108423 0.156313 -0.153597 0.059730 -0.169164 0.034716 -0.285931 0.243614 0.236868 -0.067240 -0.104882 0.107960 -0.068867 -0.008531 -0.003510 0.089011 0.025112 0.014583 0.032607 0.051139 -0.029558 -0.003453 0.106301 0.211032 -0.139125 -0.099676 0.225627 -0.300272 -0.039605 -0.077534 0.033174 
-0.149611 0.052675 -0.010968 -0.092562 -0.262761 -0.075580 -0.218422 0.023334 0.071414 0.042242 0.038255 0.189996 0.081400 -0.087020 0.116262 0.231331 0.179507 -0.013344 0.134774 0.290443 0.021436 -0.099954 -0.177346 0.092854 -0.086289 -0.002036 -0.254690 -0.004239 -0.063992 -0.076235 0.127018 0.147612 0.121678 0.040072 0.062266 0.006529 0.117490 -0.192669 0.005643 -0.526205 0.005613 -0.093679 0.021636 -0.015647 0.131691 0.000100 -0.039107 -0.162110 0.089987 -0.030189 
-0.133306 0.201818 -0.071027 0.242567 0.094323 0.095283 -0.234701 0.087890 0.076519 -0.090753 0.069180 0.070644 0.135784 -0.001593 0.038409 0.012594 -0.184097 0.275496 0.229126 0.074921 -0.119896 0.153352 0.243880 -0.077900 -0.159245 0.167299 0.205430 -0.072592 -0.125521 -0.058595 0.167239 -0.029617 -0.048300 -0.146130 -0.104192 -0.116297 -0.272048 0.124567 0.195325 -0.141738 -0.091646 0.040125 -0.067658 -0.112972 -0.023587 0.162262 0.151511 0.060479 0.124149 -0.201490 
-0.150600 -0.075180 0.147692 -0.018721 -0.000966 0.041540 -0.280904 0.178120 -0.285501 -0.045911 0.003678 0.026596 -0.107627 -0.219589 0.093915 -0.092506 -0.108798 -0.054247 0.112901 -0.001779 -0.039152 -0.166945 0.178087 0.100069 0.127349 0.036747 -0.071739 -0.126229 -0.006668 -0.095656 0.227102 0.300309 0.154506 -0.064778 0.218114 0.006405 -0.044416 -0.002709 -0.059436 0.309400 -0.082752 0.070415 0.043298 0.291617 -0.151864 0.172157 -0.196713 -0.125162 0.006860 0.067848 
-0.139531 -0.324406 -0.118098 -0.187954 0.089717 0.239528 -0.066681 0.088746 -0.036414 0.006871 -0.060862 -0.128609 0.068543 0.103420 -0.174443 0.082658 0.063635 0.155768 0.045198 0.137541 -0.355431 0.253041 -0.115773 0.199907 0.008993 -0.029663 -0.003736 0.319251 -0.016585 0.076220 0.055699 -0.103335 -0.021081 0.158404 0.176365 -0.061780 -0.115120 -0.019964 -0.045808 0.067715 0.024949 -0.177905 0.154420 0.199776 -0.122681 -0.129283 0.102635 -0.056451 0.100757 -0.160561 
-0.142129 -0.092217 0.148446 0.125423 -0.101196 0.085247 0.349571 0.060575 0.056685 0.065711 0.233193 -0.068913 0.076251 0.142338 -0.138161 0.131049 -0.064894 -0.049626 0.105383 0.159134 0.115693 0.026017 -0.013837 0.174877 -0.014725 -0.003807 -0.121613 -0.087850 0.076102 0.267579 -0.208840 0.024991 0.237826 -0.109339 0.155683 -0.148491 0.022316 -0.119347 0.089078 0.168108 -0.141053 0.144470 0.028928 -0.138264 0.106173 0.313289 -0.101670 0.039062 0.103372 -0.265364 
-0.129534 -0.128202 0.004801 -0.384981 0.214580 -0.074711 0.127392 0.091241 -0.011743 0.142564 -0.125184 0.160851 -0.028061 0.002392 0.193491 0.005908 -0.115934 0.136563 0.028887 0.135030 0.177232 0.139287 -0.100561 0.135999 -0.224491 0.203353 0.132202 0.028921 -0.090376 -0.147796 -0.049041 0.200736 0.033832 -0.098634 -0.002450 -0.013171 0.038966 -0.108563 -0.084208 0.122299 -0.145961 0.327083 -0.182385 -0.184343 -0.023379 -0.271260 0.088335 0.046278 -0.038662 0.035200 
-0.134877 -0.058816 -0.217489 0.092675 -0.020327 -0.098060 -0.159857 -0.104715 0.013714 -0.106027 -0.072700 0.059770 -0.208648 -0.295069 0.023558 0.150149 0.032006 -0.214237 -0.391877 0.134645 0.026783 0.261347 -0.018889 0.052027 0.138104 0.000658 0.216696 -0.089370 0.159203 0.044788 -0.187173 -0.066645 0.146641 -0.236725 0.108667 -0.174466 -0.085744 -0.001256 0.039875 -0.135633 -0.065250 -0.034507 -0.075596 0.036648 -0.184873 -0.078754 -0.148124 0.196182 0.000123 -0.099665 
-0.154438 -0.127619 0.003675 0.053216 -0.317145 0.242163 0.181438 -0.078944 -0.059816 0.114184 -0.063118 -0.092722 -0.120334 -0.073917 -0.009695 0.111229 0.071892 -0.074607 -0.201354 -0.043962 0.143079 -0.195582 0.315666 0.193273 0.058595 0.161570 0.251410 0.100669 -0.137758 -0.060505 0.166274 0.122415 -0.055743 0.023411 -0.073746 0.192125 -0.143446 -0.135600 -0.007520 -0.034141 0.126792 -0.061673 -0.058881 0.056225 0.238000 -0.018081 0.260347 0.114887 -0.083190 -0.149596 
-0.157088 0.143847 -0.011139 0.028544 -0.099539 0.199762 0.064351 0.027006 0.134629 -0.076672 0.047799 0.205379 -0.013788 -0.020081 -0.276272 -0.098722 -0.108401 0.028107 -0.082562 0.078936 -0.330111 0.062892 0.124593 0.147448 -0.080817 -0.206703 -0.016118 -0.240642 -0.017547 -0.138452 -0.200009 -0.111291 0.093769 0.025008 -0.152438 0.353893 0.088076 -0.065817 -0.145084 -0.064784 -0.063597 0.259165 -0.052117 0.119057 -0.087779 -0.070842 -0.010597 -0.173646 -0.249953 0.001872 
-0.141896 -0.050230 0.004296 -0.007081 0.117055 0.226140 0.080429 -0.172038 -0.108036 0.242891 0.107025 0.133962 0.040560 -0.055276 0.388990 0.212898 -0.016866 -0.175963 0.061722 -0.043736 0.042307 0.059600 -0.062499 -0.145181 -0.014798 -0.145431 -0.157402 -0.033520 0.153878 -0.089261 0.147932 -0.132452 -0.007412 -0.019847 -0.358660 0.103107 -0.069535 0.015305 0.042237 0.121229 0.141940 0.008990 0.206889 -0.041325 -0.240781 -0.032558 -0.083613 -0.048590 -0.061426 -0.301922 
-0.149826 -0.018274 0.176091 0.128918 0.054089 0.217035 -0.003941 0.091737 -0.055793 -0.054713 0.064359 0.247862 0.251710 -0.084904 -0.251495 -0.080653 0.069259 -0.377138 0.071411 -0.033966 0.180903 -0.024884 0.016519 0.003607 -0.061784 -0.212049 0.114612 0.228701 0.064409 0.074705 0.064975 0.186132 -0.203770 0.058033 0.109215 -0.081932 -0.035645 0.318701 -0.122814 -0.147497 -0.055432 0.129420 0.006692 -0.151377 -0.046319 -0.217267 -0.041589 0.068257 0.069388 0.053340 
-0.131700 0.004621 0.169126 -0.202956 -0.081750 0.021162 -0.167683 -0.147398 -0.243273 0.049496 0.090810 0.049431 0.164269 -0.100753 0.021289 -0.110915 -0.316821 -0.062520 -0.116020 0.013897 0.054277 0.096115 -0.180380 -0.021913 -0.062800 -0.014270 0.040774 0.071743 -0.046256 0.137064 -0.094250 -0.166522 -0.045197 0.323101 -0.131444 0.155089 -0.204003 -0.132571 0.134457 -0.019165 -0.302588 -0.163710 -0.142326 0.038093 0.155732 0.205566 -0.098005 0.183836 -0.038995 0.158469 
-0.141544 -0.060476 -0.043686 -0.082729 0.222250 -0.208430 0.023955 0.303675 -0.075205 0.007062 -0.215753 0.114851 -0.057549 0.076531 -0.086189 0.117725 0.085587 -0.135344 0.045048 0.202749 0.064904 -0.066808 0.317368 -0.281430 0.215398 0.131764 -0.114188 0.118815 0.082097 0.205648 -0.049454 -0.184913 0.176227 -0.000404 -0.177101 0.175583 -0.053954 0.134303 -0.048344 -0.048783 -0.241454 -0.057407 0.085654 0.016151 0.165232 0.000773 0.122138 -0.113648 -0.093881 0.000218 
-0.135057 0.153363 -0.226126 0.017642 -0.095474 0.152362 0.031533 -0.179378 0.027793 -0.066014 -0.195164 -0.167702 0.269051 -0.073715 -0.038280 -0.017212 -0.110968 -0.113896 0.229603 0.170411 0.091180 -0.374922 -0.026165 -0.132433 0.025103 0.187637 0.049475 -0.019805 -0.002398 -0.110872 -0.134227 -0.203484 -0.085291 -0.032356 0.076845 -0.101131 0.199008 -0.197696 -0.059284 0.102588 -0.227345 -0.011412 0.140502 0.117870 -0.235092 -0.138172 0.080591 0.137716 0.053969 0.021418 
-0.139856 -0.049321 -0.098237 0.165147 0.269436 0.001386 -0.175798 -0.007356 0.289061 -0.063524 -0.083598 0.001472 0.003195 0.053358 0.116623 -0.312793 -0.019573 0.023044 0.042088 0.121793 0.379969 0.013110 -0.089547 0.222214 0.151964 0.041851 0.132228 -0.121482 -0.093661 0.239587 -0.093799 0.048275 -0.069895 0.226090 -0.041141 0.262466 0.037789 -0.060334 0.066784 -0.001597 0.223129 0.006441 0.128923 0.111655 0.024736 -0.017738 -0.120864 -0.120720 0.101210 -0.139324 
-0.125352 0.019567 -0.270225 0.004018 -0.022685 -0.069614 0.123511 -0.127272 -0.089710 0.284991 -0.141265 -0.030787 0.116249 -0.008992 0.010960 0.040527 -0.174957 0.027214 0.057870 0.007897 0.039029 0.116484 0.085399 0.121716 0.127576 0.003739 -0.161812 -0.101999 0.305478 -0.227572 -0.130014 0.003322 -0.074450 0.074036 0.255390 0.199651 -0.141971 0.278505 -0.072685 -0.086094 0.176943 0.051173 -0.080960 -0.054306 0.027519 0.205106 0.126654 -0.041870 0.282247 0.226773 
-0.154787 0.095891 -0.200384 -0.088998 -0.157418 -0.158150 -0.001327 0.090996 -0.095975 0.097172 0.288415 -0.125569 0.181778 -0.165297 0.121935 -0.105198 0.155768 -0.001701 0.101510 0.121197 -0.103691 0.138358 -0.014065 -0.067980 0.090897 0.003961 -0.018045 -0.009011 -0.144617 0.319256 0.012076 -0.044246 -0.134345 -0.112576 -0.146410 -0.104782 0.009949 0.051651 -0.263434 0.062819 0.268959 0.296954 -0.021114 0.228344 0.148072 0.004148 0.041022 0.212120 -0.083358 0.106156 
-0.155292 -0.095729 -0.087557 0.150429 -0.008938 -0.000507 -0.086685 0.293600 -0.050969 0.099764 -0.199982 0.185719 0.105873 0.047103 -0.196213 -0.021488 -0.094615 0.128216 0.040010 -0.237569 0.042856 -0.150615 -0.308561 -0.080524 0.199962 -0.026164 -0.155153 -0.020878 -0.049611 -0.135172 -0.230560 0.157160 0.049520 -0.044036 -0.159785 -0.165544 -0.131580 -0.113169 -0.107519 0.016520 0.214236 -0.160452 -0.203831 -0.020051 -0.033135 0.065562 0.055853 0.190097 -0.212193 -0.165050 
-0.140174 0.133537 -0.044978 -0.120381 0.168242 0.012134 -0.008956 -0.151526 -0.129259 0.024419 0.002939 -0.009080 0.270102 0.347107 0.006240 0.060614 -0.005487 -0.104080 -0.202186 -0.170255 -0.021595 0.047039 -0.078251 0.099835 0.005371 0.228408 0.197714 -0.043572 0.013233 0.089075 0.115129 0.098132 -0.074177 -0.227314 0.035995 -0.024030 0.288020 0.122220 -0.181852 -0.141873 -0.056564 -0.155980 -0.082669 0.124205 -0.027196 0.271377 -0.040389 -0.242722 -0.227595 -0.098115 
-0.149396 -0.085898 0.184905 -0.093732 0.032403 0.254948 -0.057844 -0.003580 0.188937 -0.188371 -0.087711 -0.230550 0.078757 -0.092700 0.133857 -0.002019 0.185034 0.180264 -0.034874 -0.038470 0.134751 0.000905 0.097927 -0.006853 -0.214176 0.199420 -0.198131 -0.178840 0.190378 -0.013810 -0.063371 -0.116740 0.086115 0.129003 0.118835 -0.119768 -0.165638 0.199598 -0.171706 -0.091941 0.080850 -0.030978 0.075452 -0.091141 0.050191 0.032862 -0.119732 0.122417 -0.399073 0.116538 
-0.154259 -0.080641 -0.038232 -0.141357 -0.145715 0.051919 -0.249063 -0.069829 0.122273 0.166940 0.172843 -0.011138 -0.195842 0.126111 -0.231758 -0.111386 0.016148 -0.118406 0.172071 -0.190623 0.251786 0.134193 0.219547 0.151427 -0.028557 0.143275 -0.221176 0.103780 0.016247 -0.106116 -0.049163 -0.235439 -0.046283 -0.143679 -0.195006 -0.214061 0.134275 0.041405 0.207261 0.053079 0.025853 -0.043454 -0.215118 0.108364 -0.019916 -0.116180 -0.078915 -0.131380 0.039445 0.096905 
