-0.140250 0.000949 0.005537 -0.032557 -0.002162 0.013005 -0.081040 0.197548 -0.022142 0.141508 -0.195657 -0.117039 0.038058 0.068606 0.138611 -0.225797 -0.110258 -0.142102 0.046929 0.058190 0.170224 -0.062054 0.157234 -0.290041 -0.079766 0.053877 0.090867 0.065677 0.248691 0.001012 -0.147778 -0.022172 -0.131285 0.181440 -0.330914 -0.000404 -0.072667 0.348258 -0.066156 0.110711 -0.129671 -0.005410 0.127329 0.217453 0.029946 -0.123270 -0.031566 0.109392 0.294519 -0.001844 
-0.113476 -0.048597 -0.135141 -0.007620 0.064438 0.035132 0.189114 -0.040641 0.092838 -0.056727 0.013479 -0.018377 0.052788 -0.049120 -0.017514 -0.110602 -0.024532 -0.356484 -0.214057 0.155956 0.016958 0.096394 -0.052308 0.015070 -0.050361 0.162188 -0.132189 -0.239825 -0.076969 0.167176 0.181023 0.128141 -0.110044 0.104746 0.020622 0.440396 -0.297344 0.057652 -0.182108 -0.020843 0.076297 -0.097531 -0.093323 -0.161245 -0.004951 -0.000102 -0.020966 -0.294097 0.115808 0.055507 
-0.144511 0.173660 0.250149 0.111453 0.150541 0.162383 -0.049925 0.018527 -0.200766 -0.012010 -0.052439 0.297318 0.194179 -0.230449 0.004096 0.064057 0.041334 0.014806 -0.006161 -0.159205 0.024779 0.122812 -0.006465 -0.042039 0.112904 0.310402 0.114548 0.069473 -0.246253 0.258320 -0.132565 0.059724 -0.101080 0.169076 -0.119661 0.150029 0.110126 -0.154022 -0.068988 -0.064350 0.009517 -0.156501 0.051985 -0.048657 0.095153 0.041781 -0.016997 0.282600 0.001589 -0.184940 
-0.131637 -0.293131 -0.050389 0.037902 -0.165014 -0.017548 0.246465 -0.240879 -0.028935 -0.253487 0.045427 0.057706 -0.132400 -0.117718 0.076398 0.170711 0.267586 0.031224 0.188517 -0.079540 0.086987 0.078196 -0.087612 -0.277804 -0.116892 0.033028 0.044728 -0.225701 0.200018 -0.174007 0.096621 0.087501 -0.069326 0.240670 -0.007242 -0.026247 0.029545 0.079813 -0.070381 -0.057491 -0.046205 0.163515 -0.051368 -0.100022 0.147513 0.032151 0.174751 0.239389 -0.051755 -0.088666 
-0.133034 0.071487 -0.259219 -0.012024 0.058003 -0.110626 0.086006 0.144117 0.123038 0.019688 0.051642 -0.082814 0.140540 -0.136205 -0.218526 0.083444 -0.145068 0.330674 0.203601 0.009956 0.200427 0.045354 0.084182 -0.095422 -0.122660 0.217271 -0.150368 0.089098 -0.023235 -0.052961 -0.031118 0.049413 0.213201 0.109133 0.001767 0.129173 -0.048065 0.017807 0.113977 -0.073496 -0.089484 0.025763 0.159370 -0.315018 -0.261517 -0.116531 -0.143828 0.122778 -0.065586 0.260158 
-0.144867 0.235782 -0.024169 -0.110285 0.058941 -0.146046 0.307164 -0.063993 0.073596 0.057572 0.048655 0.290607 0.177039 -0.033370 0.063798 0.070329 -0.096694 0.144734 0.005441 -0.097895 -0.146933 -0.114689 -0.070407 0.081128 -0.123197 0.063303 -0.001672 0.028569 0.310110 0.200988 0.214038 -0.028279 0.187707 -0.194352 -0.168174 0.019164 0.042495 0.101812 0.125177 0.086212 0.043342 0.086447 -0.159638 0.095703 -0.123955 -0.075315 0.244209 -0.078537 0.163697 -0.257807 
-0.158047 -0.056398 -0.020760 -0.109502 -0.024828 0.359955 0.106463 -0.007907 0.176280 -0.004512 -0.308027 -0.001835 0.217275 0.159327 -0.067161 0.073874 0.126455 -0.035244 -0.035028 0.064019 -0.039745 0.080634 -0.038962 0.002069 -0.188401 -0.006798 -0.123273 0.198253 -0.023789 -0.074021 -0.074126 0.180071 0.030468 0.180273 0.154139 -0.153285 0.046080 -0.223442 0.027944 0.047817 -0.049255 -0.113937 0.138278 0.152535 0.018589 -0.365726 0.239869 -0.195165 -0.122346 -0.069553 
-0.137642 -0.137084 0.191409 0.136626 -0.034064 -0.006850 0.068470 -0.275015 -0.062461 0.220119 -0.121803 0.127714 0.003490 -0.030075 -0.308353 -0.114737 -0.031154 -0.240369 0.175710 -0.078999 0.152267 0.013144 -0.171286 -0.021344 -0.042747 -0.043405 -0.000672 -0.011324 -0.152311 -0.088983 -0.114603 -0.437999 0.117478 0.020948 -0.113483 0.021857 0.056599 0.068306 0.179959 -0.199062 0.220183 0.126239 0.064921 0.014032 -0.096110 -0.031748 0.078051 -0.191553 0.053482 0.107812 
-0.158486 -0.106781 0.085178 0.190563 0.118395 -0.213688 -0.007812 0.010545 -0.029486 0.047165 -0.129089 -0.071556 0.109567 -0.026397 0.089321 -0.067086 -0.023434 0.325468 -0.014672 -0.140691 -0.042048 -0.137914 -0.020214 -0.000728 -0.134544 -0.229524 -0.173643 0.018200 -0.087083 0.178530 -0.009808 -0.224974 -0.172007 0.302948 0.230141 -0.008156 -0.006155 -0.051213 -0.041339 0.396323 -0.031657 0.052699 -0.012871 -0.179382 0.172640 0.142855 0.034843 -0.176803 0.127415 -0.001454 
-0.138630 -0.041971 -0.089459 0.138476 0.016036 0.010924 -0.275878 0.248260 -0.011939 -0.033296 -0.016789 -0.086427 -0.044049 -0.105144 -0.156970 0.048017 0.033864 0.081322 -0.111972 -0.192752 -0.023784 0.239283 -0.010441 0.145408 0.116301 0.103030 0.005489 0.023316 -0.000852 -0.038788 0.212153 -0.030811 -0.049178 -0.066491 0.061662 0.061933 -0.071547 0.249339 0.240357 -0.251706 -0.302465 0.224856 0.120503 0.049138 0.280820 -0.025337 0.198248 -0.208224 0.015729 -0.178306 
-0.147089 -0.058748 -0.093455 -0.202690 -0.082925 -0.106260 0.009929 0.006839 0.186157 0.120384 -0.068987 0.161757 -0.263031 -0.284090 -0.062324 -0.086795 -0.155206 -0.017127 -0.041251 0.079186 -0.111726 -0.005690 -0.165917 0.021296 0.051860 0.108949 -0.098528 0.003561 0.035088 -0.191200 -0.338132 -0.130272 -0.104796 -0.111308 0.071362 0.033910 0.102171 -0.079026 -0.183585 0.041594 -0.407038 -0.230186 -0.038947 -0.002127 -0.095573 0.209820 0.194059 -0.015484 -0.015511 -0.077214 
-0.131103 0.062518 -0.160249 -0.288238 0.166849 0.161860 -0.024589 -0.030096 -0.037711 -0.188043 -0.002574 0.042346 -0.004924 0.030423 0.163710 -0.021494 -0.252685 0.063783 -0.165755 -0.048728 0.114530 -0.025374 -0.376918 -0.033259 -0.050421 0.136168 0.022375 -0.195404 -0.206979 0.067477 -0.012805 -0.079900 -0.249305 0.035015 0.060702 -0.213386 0.001710 0.137327 0.132955 0.072165 0.062047 0.303330 0.026961 0.203172 -0.146854 0.040772 -0.107842 0.040323 -0.198643 0.106014 
-0.153802 0.126238 0.048258 0.024542 0.044226 -0.171565 -0.235766 -0.342392 -0.021101 0.036855 0.148807 -0.213186 0.175799 -0.070235 -0.118465 -0.019932 0.099607 -0.034602 -0.198721 0.246729 -0.111449 -0.194257 -0.151223 -0.041673 -0.118502 -0.053171 0.221272 0.121341 -0.021312 -0.128977 -0.022478 0.102619 -0.073353 0.049128 -0.031856 0.167275 -0.084024 0.143017 0.337995 0.123828 -0.066628 -0.176240 -0.098340 -0.031399 0.039612 -0.058726 0.139260 0.172587 -0.209844 0.020290 
-0.136406 -0.032087 0.124275 -0.070722 -0.126725 -0.043254 0.023784 0.183150 -0.057275 -0.081672 0.170512 0.022740 -0.168192 -0.292131 0.197130 -0.209569 0.000569 -0.042731 0.051169 0.099533 -0.029597 -0.264761 0.017499 0.092876 -0.032902 -0.136496 -0.210328 -0.037985 -0.298465 -0.116163 -0.140314 0.247713 0.222467 0.156488 0.008477 0.039483 -0.046007 -0.093229 0.236480 -0.094837 0.043578 0.190762 -0.070058 0.089184 0.004391 -0.196357 -0.086085 -0.001109 0.182893 -0.216162 
-0.150175 0.057479 -0.024411 -0.007079 -0.031959 -0.143882 -0.011804 0.189479 0.240877 -0.068283 -0.239173 -0.127538 0.027938 -0.190794 0.108439 0.201667 0.101372 -0.022351 0.087203 0.062610 -0.085750 -0.182739 -0.277298 -0.260780 0.253074 0.072672 -0.025779 0.067017 -0.033675 -0.008149 0.210204 0.020020 0.001138 -0.071579 -0.084806 -0.136055 0.063316 -0.098756 0.121204 -0.138928 0.261307 -0.235212 0.013821 0.083876 0.198976 0.157964 -0.050594 -0.085867 0.154008 0.232681 
-0.137244 -0.048990 -0.117599 0.058390 0.008698 0.298024 -0.190566 -0.195649 -0.087017 0.178453 0.017030 -0.179303 -0.163898 0.055964 0.048732 0.026391 -0.101289 0.059726 -0.076482 -0.191531 -0.173207 0.026895 0.034334 -0.102504 0.234430 0.080481 -0.434272 0.043193 0.005976 -0.144348 0.087646 0.109590 0.145890 0.036832 -0.326352 0.086169 0.133691 0.049152 -0.025653 0.238604 0.191042 0.023578 -0.068905 -0.076052 -0.078844 0.103545 0.064873 -0.003715 -0.104577 -0.088072 
-0.116008 -0.246120 0.195217 0.139969 0.166594 0.105171 0.225245 0.023217 -0.016828 -0.117916 -0.164767 -0.019452 -0.027952 0.073503 -0.137265 0.004357 -0.118980 -0.032335 -0.020638 0.092686 0.057226 -0.127164 -0.226795 0.157350 -0.010285 -0.066412 -0.104020 0.150409 0.252452 -0.033874 0.010110 0.162806 0.024466 -0.217158 0.118068 0.236245 0.185237 0.129495 0.073132 0.049015 -0.049350 0.000039 0.182154 0.035093 0.092157 0.128610 -0.420238 0.136034 -0.064065 -0.157107 
-0.179866 0.147058 0.071846 0.055193 -0.148702 0.129182 0.233454 -0.077559 -0.074869 0.124447 0.164595 -0.241254 0.170689 -0.216082 0.245519 0.178918 0.022130 0.082808 -0.073708 -0.059569 -0.019633 0.304598 -0.061076 -0.019679 0.139720 -0.340482 -0.099167 0.049775 0.013795 -0.096356 -0.034354 -0.191676 -0.197644 -0.129524 0.097650 -0.000614 -0.144414 0.103070 -0.065847 -0.139561 -0.032441 -0.140288 0.043916 0.058225 -0.198969 -0.158186 -0.174189 0.050493 0.082104 -0.065282 
-0.133695 0.257069 -0.135471 0.153067 0.005378 -0.048175 -0.028938 -0.135406 0.208171 -0.008513 -0.158896 0.050163 -0.082441 0.129710 0.129509 -0.191588 0.278862 0.018915 0.091025 0.399244 -0.100889 0.145379 0.056574 0.110780 0.045958 0.178890 -0.118645 0.130199 -0.021490 0.053891 -0.115755 -0.111437 -0.068557 0.000274 0.065374 -0.223241 0.024523 0.198003 -0.028104 -0.109048 0.132338 0.181516 -0.053581 -0.240291 0.015803 0.054009 -0.162962 0.048832 -0.031494 -0.249159 
-0.148199 -0.048053 0.053036 0.032008 0.063281 -0.172960 0.204046 0.003835 -0.126823 -0.124664 -0.135791 -0.242151 -0.099699 0.133175 -0.025185 -0.112324 -0.297950 0.109324 0.212347 -0.073587 -0.043045 0.217599 0.089713 0.034787 0.066242 0.136861 0.226809 0.177898 -0.033240 -0.173860 -0.140726 0.188598 -0.289292 -0.142405 -0.060001 0.044054 -0.125132 -0.229640 0.085468 -0.009470 0.180322 0.068808 -0.315161 -0.012237 0.014050 -0.039122 0.095763 -0.096244 0.008557 -0.042769 
-0.140711 -0.037073 0.201874 -0.082137 0.003030 -0.048338 -0.139511 -0.018364 -0.069638 -0.209334 0.124180 -0.054173 -0.226060 0.061509 -0.209755 0.282848 0.013055 -0.026295 0.030510 -0.053464 -0.044535 -0.245311 -0.013306 0.008619 -0.137663 0.096362 0.042955 0.086446 -0.059309 0.025730 0.086494 -0.007611 -0.151352 -0.020607 -0.172497 -0.278597 -0.229036 0.048860 -0.181959 0.008389 0.001754 -0.147268 0.228352 -0.214649 -0.248076 -0.084902 -0.111649 -0.212493 0.081490 -0.274381 
-0.122703 0.245999 0.035918 -0.147047 -0.043901 0.138190 -0.064831 0.051495 0.008369 -0.099482 0.030651 -0.150556 0.018964 0.001665 -0.381047 -0.083915 -0.003564 0.153663 -0.069977 0.167859 -0.043927 0.195456 -0.166079 -0.149609 0.018115 -0.296625 0.138013 -0.201411 0.098383 0.092874 -0.193740 0.113530 0.191300 -0.039760 -0.054749 0.022321 -0.065974 -0.157048 -0.150903 0.052583 0.152787 0.218350 0.184696 -0.045021 0.084603 0.227102 0.104269 0.032600 0.208022 -0.081747 
-0.129169 -0.087491 -0.115264 0.140567 -0.072861 0.054364 -0.247379 -0.043378 -0.108382 0.030276 -0.128915 0.011172 0.205624 0.032426 0.016769 -0.173612 0.191586 -0.029964 -0.000216 -0.243352 0.110603 -0.000546 -0.256079 0.235261 0.018405 0.099119 0.041686 -0.280639 0.209021 -0.062436 -0.085984 0.156082 0.089190 -0.123750 0.017849 -0.237902 -0.108733 -0.152239 0.073535 0.062847 -0.118719 -0.123934 -0.228980 -0.157712 -0.148804 -0.066161 -0.178083 0.042417 0.269877 0.062939 
-0.138001 -0.143764 -0.260402 0.093558 -0.200708 0.005041 0.183005 0.040642 -0.032135 -0.075621 0.179741 -0.078281 0.302456 0.095271 0.049464 -0.103920 0.003396 -0.007179 0.008156 0.052854 -0.214383 -0.163644 0.197732 0.033154 0.045557 0.082186 0.123901 -0.295418 -0.112368 -0.017340 -0.113700 -0.141166 -0.127898 -0.170330 -0.252744 -0.003241 0.245898 -0.154848 0.112599 0.044037 -0.050716 -0.034387 0.332212 -0.052746 0.116808 0.015996 -0.068100 -0.120866 -0.095189 -0.093586 
-0.133929 0.066865 -0.057907 -0.220734 0.003620 0.063167 0.149277 0.066450 -0.272642 0.021234 0.076300 -0.178977 0.125647 0.288041 -0.177162 -0.079439 -0.033603 0.030889 0.002640 0.110673 0.137379 -0.175138 -0.042235 0.075658 0.021709 0.081389 -0.117977 0.045149 -0.224157 -0.165984 0.276261 -0.219356 0.097921 0.031498 0.087414 -0.080784 0.102296 0.025191 -0.222227 -0.152872 -0.131435 -0.130449 -0.247596 -0.005245 0.208767 0.044056 0.077934 0.233962 0.178667 -0.080992 
-0.170239 0.001363 -0.027428 0.002017 -0.171220 0.269688 0.009298 -0.159363 -0.181935 -0.082389 -0.027674 0.140474 0.025361 -0.094520 0.040863 -0.115607 0.111304 0.003466 0.246587 -0.011205 -0.220754 -0.062257 0.141044 -0.092250 -0.148326 0.031579 0.057150 0.272210 -0.189810 0.071846 0.105252 0.095674 0.077422 -0.300982 0.100727 0.004156 -0.247560 0.106514 -0.054970 0.128362 -0.195444 0.116561 0.037590 0.104498 0.014699 0.255696 -0.034073 -0.053173 0.072336 0.322168 
-0.146726 -0.009984 0.086627 0.198199 0.122054 0.090185 -0.050130 -0.004406 0.221794 0.153761 0.249932 0.082035 0.107451 -0.105362 -0.127881 -0.152311 -0.122285 -0.173278 0.020198 0.089312 0.273554 -0.140911 0.204342 -0.114354 0.107759 -0.068351 -0.161817 0.005009 0.113999 0.008114 0.246856 0.141769 -0.326667 -0.138894 0.126929 -0.241557 -0.018904 -0.246196 0.028582 -0.020902 -0.000095 0.152649 0.038680 -0.004696 -0.095657 0.104445 0.182266 0.145585 -0.007716 -0.016611 
-0.144412 0.226272 0.090582 0.333409 -0.101958 0.171853 -0.124418 -0.137622 0.071725 -0.319996 0.013030 -0.135736 -0.219493 0.054237 -0.012167 0.001186 -0.139625 0.139233 0.006247 0.058002 0.073312 -0.088691 0.166650 -0.139976 -0.080748 0.090682 0.042045 -0.211537 0.077203 0.143914 0.003810 -0.108664 0.084086 0.032003 0.193604 0.117706 0.299871 -0.021791 0.021894 -0.108376 -0.104599 -0.167089 -0.188357 0.239362 -0.156176 -0.069453 -0.022127 -0.154778 0.068644 0.046097 
-0.140218 -0.132485 -0.015832 -0.194279 -0.301348 0.059230 -0.094258 -0.141859 -0.066617 0.162242 -0.211149 0.203688 0.014759 -0.132255 -0.063739 -0.004592 -0.271038 0.232273 -0.267278 0.073853 -0.055109 -0.044092 0.299781 0.116692 -0.087345 -0.046133 0.098257 -0.049760 0.183035 -0.018429 0.130883 0.032720 -0.048083 0.189352 0.030608 -0.098245 -0.100879 -0.014198 0.047313 -0.282889 0.208721 -0.092344 -0.044860 -0.018229 0.120092 0.123863 -0.213409 0.001623 -0.070531 0.004147 
-0.133190 -0.093475 0.152941 -0.272994 0.107887 0.218730 0.005600 0.147198 0.258907 0.056386 -0.126171 -0.140058 -0.007731 -0.017290 0.082285 -0.031383 -0.009944 -0.162626 0.053725 -0.220973 -0.072124 -0.072784 0.223067 -0.162705 0.069686 -0.068413 0.281877 -0.152649 -0.081195 0.055964 -0.003359 -0.114309 0.167801 -0.145309 0.262032 0.025640 0.031685 0.181709 0.133845 0.073117 0.051811 -0.038596 -0.140366 -0.370627 -0.047944 -0.016736 0.024357 0.099102 -0.097120 -0.144691 
-0.130268 0.069347 -0.119923 -0.033247 -0.231636 -0.142904 -0.001859 0.149217 0.103183 0.030534 0.177365 0.043607 -0.045147 -0.035590 -0.201643 -0.416208 0.196005 0.042178 0.030425 -0.337895 0.108516 0.043633 -0.127642 -0.109083 -0.078597 -0.091044 0.069645 0.161872 -0.025596 0.085430 0.109003 0.096222 -0.054710 0.000453 0.016136 0.023893 0.136886 0.102840 -0.216517 0.045910 0.179340 -0.149201 -0.080792 0.149030 0.016035 -0.072270 -0.176906 -0.091674 -0.334152 -0.101743 
-0.143569 -0.122055 0.252317 0.172147 -0.107126 -0.026054 0.124838 0.214139 -0.026460 0.050798 0.039279 0.139398 -0.131433 0.112966 -0.105934 -0.001508 -0.010107 0.072240 -0.344828 0.133931 -0.215912 0.024832 -0.087498 -0.207113 0.079603 0.026512 -0.061384 -0.025032 0.002697 0.157643 -0.038126 -0.065974 0.045972 -0.136145 -0.154364 -0.141468 -0.052717 -0.025596 -0.068512 0.022340 -0.144875 0.157030 -0.215239 -0.156316 0.099047 -0.357291 -0.039370 0.103523 -0.150157 0.297024 
-0.115039 0.015420 0.220256 -0.190576 0.109864 -0.115068 0.054801 -0.064256 0.055117 -0.082793 0.060299 0.143881 -0.002008 0.387840 0.164347 -0.181235 0.157332 0.082635 -0.076193 -0.055898 0.080600 0.158186 0.040943 -0.202195 0.151589 -0.111968 -0.066516 0.025946 0.013267 -0.042286 0.083100 0.009168 0.094819 0.150502 -0.155883 0.049188 -0.109307 -0.177672 0.271243 -0.169416 -0.304923 -0.109516 0.052316 -0.009364 -0.144842 0.291591 -0.115765 -0.153714 -0.074236 -0.009718 
-0.138310 0.184822 -0.144979 0.254350 0.010989 0.135947 0.022786 0.197481 0.081496 0.205576 -0.044101 0.250887 -0.172920 0.306708 0.118746 0.144008 -0.009834 0.066854 0.006724 -0.086656 -0.033638 -0.176171 -0.121539 0.103394 -0.171655 -0.291425 0.181317 -0.062701 -0.171485 -0.208505 -0.012288 0.195968 -0.176707 0.028299 -0.076949 0.174621 0.057885 0.099279 -0.051833 -0.188533 0.040806 -0.026729 0.027245 -0.154944 -0.083477 0.084948 0.134692 0.061641 0.058113 0.106664 
-0.112370 -0.072652 -0.178637 0.179745 -0.194007 0.072366 0.017426 0.156277 0.024591 0.008192 -0.105141 0.010079 -0.064699 0.004943 0.086643 0.201871 0.090123 0.021583 -0.133738 0.134050 0.408075 -0.115249 0.004266 0.040750 0.111873 0.022255 0.195684 0.127040 -0.040641 0.010875 -0.002337 -0.253367 0.201697 -0.042026 -0.077256 0.138051 -0.333195 -0.215437 -0.001013 0.236146 0.026533 0.082688 -0.100535 0.134435 -0.076563 0.121075 0.017743 0.031825 -0.195903 -0.223636 
-0.152885 -0.140103 -0.115446 -0.009840 0.237206 -0.154153 -0.322977 0.101495 -0.110298 -0.195261 0.047045 0.171019 0.174950 0.115217 0.105223 0.030206 0.042413 -0.028371 -0.072734 -0.060101 -0.145438 -0.033411 0.082968 -0.246106 -0.194114 -0.015478 -0.210099 0.029340 0.129366 -0.169939 -0.185924 -0.187527 0.046778 -0.233129 0.173885 0.185174 -0.125683 -0.098210 -0.151973 -0.215547 0.257170 0.009628 0.001824 0.106686 -0.009673 -0.054825 0.037990 0.094800 -0.029781 -0.060985 
-0.143753 -0.141791 -0.025364 0.103750 0.333404 0.128388 0.180551 0.091394 -0.077648 0.031667 0.359270 -0.007412 -0.046924 -0.105834 0.082023 0.027099 0.073665 0.055804 -0.178430 0.066926 0.169632 0.087522 0.088636 0.080391 -0.097471 0.077438 0.111731 0.081399 0.067645 -0.038790 -0.265583 0.085045 0.212734 0.026075 -0.007388 -0.304638 0.044285 0.207720 0.008167 -0.017848 0.158110 -0.219434 -0.066961 0.014095 0.142485 0.209480 0.094397 -0.236247 0.001489 0.130794 
-0.150959 0.181032 -0.041882 -0.040609 -0.064723 -0.065037 0.080203 0.083918 0.013164 -0.170105 0.088362 0.183489 0.136326 0.080786 -0.280709 0.234707 0.073422 -0.240257 -0.036275 -0.133757 -0.147655 -0.100746 0.193759 0.101182 0.386265 -0.005631 0.003227 0.054163 0.121541 -0.215437 -0.179722 -0.002210 -0.067297 0.301044 0.161628 0.007785 0.021249 0.128419 0.018519 0.185595 0.015617 0.160902 -0.132993 0.113297 -0.065033 0.052563 -0.140750 -0.050141 0.057032 0.139795 
-0.147197 0.209627 0.041446 0.063750 0.044080 -0.153970 -0.046765 0.021908 -0.032121 -0.213235 -0.186495 -0.135339 0.130757 -0.192793 0.155449 0.046109 -0.163010 -0.370490 -0.092179 -0.079728 0.037927 0.095495 0.073206 0.142727 -0.255953 -0.199572 0.009185 0.081663 0.017802 -0.098691 0.107684 -0.004817 0.187824 0.035306 -0.241915 -0.137788 0.197314 -0.109438 -0.215137 -0.057489 -0.163633 0.165193 -0.063187 -0.145031 0.014465 0.117047 -0.034987 -0.034597 -0.233039 0.084438 
-0.144799 0.178985 0.317512 -0.005041 -0.020478 -0.072888 0.097863 0.109777 -0.054996 0.296188 0.016816 -0.272266 -0.102206 0.044928 0.119840 -0.053302 0.173627 0.005579 0.025962 -0.095431 -0.152112 -0.119334 -0.012027 0.201806 -0.099147 0.358017 0.003224 -0.203837 0.198032 -0.083974 0.026746 -0.025022 0.059702 0.087263 0.164318 0.057541 -0.140023 -0.115446 -0.119053 -0.050457 0.077001 0.121787 0.237356 0.162912 -0.053158 0.106589 0.071476 0.060018 -0.209433 0.130538 
-0.152646 -0.204451 -0.089368 0.069355 0.074423 -0.215164 -0.023955 0.066670 -0.231743 0.115510 -0.167614 -0.059914 0.098977 0.048283 -0.075021 0.110156 -0.032671 -0.036213 0.251568 0.174350 -0.095208 -0.001418 0.028276 0.015717 0.201986 -0.195592 -0.055359 -0.213372 -0.098618 0.357748 -0.044826 0.227232 0.097622 0.055506 0.043490 -0.117490 -0.031634 0.190779 -0.089194 -0.136819 -0.069868 -0.087240 -0.065588 0.192253 -0.258654 0.079427 0.137050 0.023152 -0.258409 -0.077540 
-0.136377 0.171197 0.006997 -0.245271 0.304110 0.091906 -0.085640 -0.025394 -0.159627 0.113316 -0.070494 0.115679 -0.128645 -0.150311 -0.039724 0.091207 0.242143 0.127776 0.267436 0.159423 0.187209 -0.070858 0.133732 0.065173 0.056053 -0.148809 -0.036820 -0.228658 0.110391 -0.081994 0.037963 -0.049972 -0.157335 -0.149859 -0.157245 0.129805 0.043136 -0.082515 -0.032883 0.097009 -0.064804 0.012894 -0.113814 0.001331 0.224861 -0.228487 -0.152738 -0.226376 -0.173415 0.093313 
-0.117195 -0.074236 0.188753 -0.093046 -0.179859 -0.016534 -0.100479 0.223502 -0.128466 -0.318184 -0.037750 0.144035 -0.030560 -0.013113 0.079717 -0.156455 0.049815 0.045951 0.025753 0.195992 0.095647 0.213826 0.038761 0.291147 0.075769 -0.047403 -0.068921 -0.015760 0.048558 -0.069905 0.184144 -0.096945 -0.067665 -0.037566 -0.022206 0.069884 0.125435 0.134619 0.092247 0.232163 0.226028 -0.199648 0.162503 -0.106136 -0.202973 -0.028648 0.307257 0.121211 0.004509 0.190279 
-0.131994 -0.086555 -0.095603 0.041592 0.304102 -0.176946 0.116362 -0.267241 0.261755 -0.101183 -0.177133 -0.022571 -0.171278 -0.053732 -0.094498 -0.102456 0.132229 0.125417 -0.235880 -0.165372 -0.020847 0.018458 0.231036 0.184947 0.116806 -0.079539 0.089246 -0.087023 -0.247108 -0.059403 0.095898 0.010007 0.105483 -0.077951 -0.099500 -0.044167 -0.074942 -0.000432 -0.144960 0.040321 0.007475 -0.035789 0.180986 0.248260 -0.027697 -0.155728 -0.005021 0.261076 0.157425 0.090573 
-0.155193 -0.296518 0.147210 -0.146135 -0.059116 -0.091812 -0.210268 0.041686 0.223692 0.226633 0.157671 -0.049626 0.117876 0.061185 0.013383 0.259320 0.139195 0.044064 0.003283 0.158489 -0.007865 0.249526 0.028127 0.061442 -0.203085 0.105644 0.118959 0.025706 -0.166708 -0.001407 0.090334 0.061103 -0.052925 -0.024055 -0.056167 0.117780 0.322177 -0.045739 -0.091094 0.092329 -0.001039 0.207845 -0.180332 0.164111 -0.154922 0.087860 -0.169847 -0.032898 0.213434 0.009267 
-0.147098 -0.132699 -0.012570 -0.015301 0.057536 0.022341 -0.170793 -0.188612 0.068992 -0.005199 0.200659 0.067543 0.062624 0.045859 0.261035 -0.113215 -0.221006 0.065269 0.154113 0.087257 -0.014848 -0.091368 -0.197097 0.085201 0.377340 -0.007542 0.311795 0.182779 0.126885 0.003969 0.083977 -0.000494 0.183206 0.152088 0.095231 0.081408 0.036192 -0.048056 -0.323264 -0.084717 -0.036900 0.111818 0.156741 -0.109987 0.056478 -0.234843 0.033428 -0.131549 0.002426 0.069626 
-0.134906 -0.089686 -0.245261 -0.203905 0.004457 0.058712 0.021453 -0.026328 -0.117295 -0.016708 0.053218 -0.198644 -0.245052 0.014396 0.007080 0.025263 0.214856 -0.133973 -0.092262 -0.112722 0.005232 -0.120030 0.028940 0.159279 -0.008405 -0.096438 -0.019529 0.289578 0.195357 0.466440 -0.125163 -0.093201 -0.154662 0.053137 -0.034141 0.109428 0.157882 -0.197486 0.142766 -0.210343 0.005390 0.087809 -0.002310 -0.090904 -0.075754 -0.007182 0.084699 0.125690 0.109298 0.159104 
-0.154154 0.053494 0.127912 -0.090377 -0.230101 -0.074893 -0.102453 -0.148220 0.312472 -0.059267 0.154447 0.001694 0.026251 0.233735 0.068447 0.186598 -0.188589 -0.057900 0.192071 -0.147657 0.204579 0.040862 0.013833 0.221302 -0.039027 -0.016758 -0.250473 -0.078247 -0.054095 0.214568 -0.249725 0.050179 0.030772 -0.118612 -0.079266 0.008541 -0.182686 0.096254 0.013441 0.012865 0.012071 -0.105363 -0.000766 0.036087 0.395749 -0.005092 0.040004 0.126499 -0.063699 0.089286 
-0.157731 0.024611 -0.206177 0.084406 0.132242 0.013534 -0.031281 0.092517 -0.031737 0.105078 0.175601 0.100518 -0.263987 0.051159 -0.042572 0.028872 -0.187362 -0.242468 0.224023 0.066048 -0.271757 0.302729 -0.061458 0.005407 -0.157075 -0.060958 0.084706 -0.047398 0.057462 0.032242 0.214914 -0.169312 0.102110 0.183868 0.072283 -0.105682 -0.099128 -0.202949 0.204097 0.198496 -0.005603 -0.197320 0.060945 0.095904 0.120587 -0.062082 -0.185683 0.185342 0.027958 -0.048949 
-0.138690 0.154253 -0.086273 -0.058743 -0.147267 -0.313775 0.021372 -0.147852 -0.309997 0.190998 -0.079391 0.082176 -0.163440 0.111563 0.105165 0.135093 -0.036414 -0.150049 -0.207285 -0.016835 0.255024 0.095900 0.068354 -0.221775 0.053173 0.079513 0.018780 -0.005223 -0.085386 0.003404 0.001236 0.216262 0.093524 -0.196630 0.311523 -0.034470 0.203565 -0.012255 0.059781 0.156021 0.025314 0.017713 0.255210 -0.110287 0.077687 -0.103001 0.001586 -0.089298 0.109946 -0.024942 
