-0.126102 -0.201803 -0.001663 0.020547 -0.204387 -0.045989 -0.192524 0.307032 -0.247535 0.095560 0.212855 0.086512 0.027133 0.054258 -0.013744 0.037129 -0.101278 0.023550 -0.138509 0.092458 0.106981 0.154202 0.046577 0.024083 -0.061690 -0.119157 -0.000789 0.212373 0.061493 0.059220 0.009453 -0.174795 0.054927 0.374786 -0.015989 0.086520 -0.212780 -0.108739 0.031210 -0.011135 -0.166677 -0.006585 -0.006878 -0.066226 0.072890 0.042401 0.132032 0.069694 0.234428 0.368362 
-0.145107 0.068719 0.189545 0.301768 -0.199660 0.082358 -0.005045 -0.151098 0.124111 0.123668 0.105752 -0.014769 0.184177 -0.168760 -0.175395 0.246285 0.154955 -0.048219 0.016764 0.142343 0.133436 0.004115 -0.001908 0.129612 0.075503 0.160392 0.139701 0.218297 -0.047547 0.026483 0.133572 0.038963 -0.060006 0.247321 0.061984 -0.107236 0.111258 -0.019327 0.007550 0.057564 -0.008999 0.092999 0.372501 0.161002 -0.115000 0.137385 0.132612 0.060973 -0.108079 -0.211329 
-0.152487 -0.078115 0.096549 -0.191875 -0.048729 -0.018902 0.126014 0.074237 -0.017699 0.276798 -0.126764 -0.259958 0.075503 0.001472 -0.266655 -0.106870 -0.122289 0.024798 -0.229885 0.019439 -0.182213 0.005561 0.309148 -0.019743 -0.254615 0.085974 -0.309338 0.053127 -0.060213 0.216571 0.070823 0.080528 -0.058571 -0.167368 0.055899 -0.037730 -0.050918 -0.032539 0.162115 -0.031089 -0.064770 -0.122060 0.110985 -0.086431 -0.105691 -0.169349 0.225367 0.014044 -0.012769 -0.155095 
-0.132447 -0.028002 0.130518 0.108299 -0.270781 -0.044661 0.130708 0.106737 0.020400 0.065377 0.277796 -0.013530 0.064244 -0.075801 0.049287 -0.320908 -0.103523 0.230609 -0.108394 0.158727 -0.187171 0.004305 -0.098406 0.088961 -0.033584 -0.143427 0.154148 0.027534 -0.084428 -0.018898 -0.226270 -0.071441 -0.050525 -0.074427 0.016246 -0.069444 0.185542 -0.087184 -0.126272 -0.035351 0.171290 0.109407 -0.307191 -0.107006 -0.020338 0.026485 -0.062268 0.301554 -0.223337 -0.151520 
-0.124247 0.207490 -0.246866 -0.045707 -0.059776 -0.003879 -0.037526 0.011012 -0.134306 -0.086132 0.062881 0.067796 -0.022747 0.178308 -0.308477 -0.354653 0.034648 0.094609 -0.003722 -0.083990 0.016481 0.040222 -0.195827 0.038019 0.111082 0.116569 -0.055832 -0.132111 -0.020739 -0.018502 0.065925 0.095000 -0.032483 0.018847 -0.122225 -0.185100 0.212614 0.135239 -0.115884 -0.331213 -0.325672 0.122468 0.087212 0.012271 -0.034393 0.173415 0.163506 -0.014489 0.198314 -0.054581 
-0.151828 -0.092269 -0.227687 -0.087256 -0.084734 -0.174059 0.161364 0.132962 0.095054 0.021341 -0.212432 0.029849 0.014006 0.076172 0.079111 0.052106 0.180191 0.157863 -0.049453 0.019766 -0.060065 -0.063039 -0.087317 0.034568 0.134398 -0.155681 -0.379481 0.015959 -0.156689 -0.099479 0.011814 0.128835 -0.110125 0.099856 0.334772 0.122436 -0.059092 -0.217489 -0.105728 -0.130364 0.089895 0.217000 0.196911 0.203822 0.126693 0.094772 -0.169144 0.031045 -0.127818 0.091506 
-0.136185 0.238492 -0.118551 -0.115245 -0.162808 -0.200838 -0.028097 -0.155646 0.224090 0.002388 0.094112 -0.094924 0.040280 0.108918 -0.138010 0.107798 0.044840 -0.248640 0.145587 0.048698 -0.008989 0.146589 0.162299 0.332920 -0.041617 -0.019247 0.031816 -0.045506 0.147530 -0.148071 0.144925 -0.110557 0.204983 -0.216987 0.104317 0.098740 0.015200 -0.082414 -0.154967 -0.112511 0.236624 -0.097126 -0.103920 -0.018888 0.192347 -0.006150 0.195072 0.150836 0.103849 0.162044 
-0.140085 -0.145099 -0.307203 -0.066477 0.227284 -0.072658 -0.216034 0.015754 -0.067711 -0.063516 -0.081382 -0.137406 0.092645 0.118744 -0.092328 0.068739 -0.194815 -0.280418 0.019343 0.196798 -0.303046 -0.106301 0.026181 0.199712 -0.113136 -0.006838 0.204978 0.229466 -0.153919 0.031820 -0.093693 0.109541 -0.124407 -0.033737 -0.213212 0.038989 0.045806 0.144961 -0.040328 0.102317 0.020829 0.155669 0.090553 0.018052 -0.095630 0.181180 -0.194847 0.074024 -0.097706 0.085243 
-0.151746 -0.211536 -0.118955 0.204578 -0.035243 0.051730 0.179602 0.060443 -0.185669 0.083602 -0.107793 -0.204373 0.110903 -0.122656 0.191740 -0.025866 -0.047789 -0.168072 0.108673 -0.146745 0.169066 0.009420 0.075547 -0.242228 0.092048 0.111761 -0.005112 -0.007251 0.060905 -0.039979 0.131305 -0.300323 -0.200668 -0.247711 -0.047822 -0.170928 -0.093136 0.164971 -0.370275 -0.094385 0.080720 0.132698 0.080523 -0.011314 -0.035641 -0.048282 0.063438 0.142794 0.004323 0.110672 
-0.133575 0.017938 -0.056786 0.236144 0.094592 -0.140519 -0.112468 0.053451 0.119820 0.054369 -0.204789 0.129962 -0.127537 -0.265008 -0.057431 -0.022843 0.167180 0.073578 -0.190999 0.359649 -0.199710 0.089868 0.088808 -0.207275 -0.021389 -0.097669 0.047696 -0.264111 -0.026283 0.034057 0.342032 -0.046572 -0.091508 0.060403 0.016248 0.020931 0.073017 0.251024 0.047366 0.036631 0.117649 -0.087576 -0.185773 0.055391 -0.002503 0.125606 -0.021860 0.016254 0.221758 0.041378 
-0.134235 -0.140057 0.196973 -0.171476 -0.149557 0.107819 0.109490 0.078011 0.270764 -0.114983 -0.099299 0.040239 -0.106796 -0.079766 0.109024 -0.018033 -0.068154 -0.204453 -0.066481 -0.272832 -0.229640 -0.004059 -0.172610 0.010193 -0.086651 0.101226 0.100450 -0.239389 -0.022583 -0.108083 0.034518 0.046612 -0.043466 0.161382 -0.165968 0.292470 0.027739 -0.065510 -0.058352 0.073971 -0.029728 0.183764 -0.011883 0.167907 -0.285439 -0.008252 0.291584 0.065682 0.076969 0.103431 
-0.124798 -0.021332 -0.004616 -0.100878 -0.133376 -0.032708 0.048850 -0.264123 0.137474 0.204934 -0.060706 -0.139930 -0.151594 0.015746 0.277975 -0.146578 -0.211224 0.056632 -0.003033 0.127894 -0.030266 0.016787 -0.113861 0.007189 0.025017 -0.118739 0.106692 0.033723 -0.048656 -0.022208 0.132314 0.037434 0.295077 0.061722 0.141185 -0.044979 -0.125121 0.026803 -0.285780 0.104424 -0.164017 -0.104141 0.190399 -0.304174 -0.179977 0.155769 -0.139628 -0.253819 0.126496 -0.065735 
-0.148844 -0.081361 -0.047686 0.220889 -0.302043 -0.036397 -0.036995 -0.221890 0.047022 -0.076054 -0.117607 -0.074917 0.020191 0.159336 -0.108252 0.064086 0.161387 -0.010410 0.155695 -0.010513 -0.160560 0.027610 0.106931 0.002646 0.080715 -0.116487 -0.086651 -0.029503 -0.019859 -0.187616 -0.134908 0.163661 -0.165243 0.206049 -0.145671 -0.166655 -0.056674 0.065996 -0.074070 0.108985 -0.209414 -0.119615 -0.195711 -0.062758 -0.047533 -0.490454 -0.101439 -0.077997 -0.018165 0.082535 
-0.128852 0.305814 -0.051869 -0.119663 -0.019208 -0.247067 -0.132012 0.019059 -0.087086 0.038649 0.028336 -0.130542 0.130968 -0.004288 0.284346 0.002964 -0.121595 -0.013457 0.198531 0.154620 0.118534 0.041114 0.054014 -0.205722 0.106460 0.030413 -0.103300 -0.141884 -0.070607 -0.087926 0.089291 0.020027 0.101236 0.098638 -0.273716 -0.070388 -0.105542 -0.223317 0.304492 -0.108812 0.036284 0.025574 -0.013658 0.121291 -0.340485 -0.044532 -0.084343 0.219273 -0.037270 -0.092239 
-0.161746 0.219117 -0.114545 -0.211396 0.096698 0.140368 -0.020469 -0.269775 -0.046005 0.174852 0.120998 0.243176 -0.103347 0.036407 -0.018187 -0.112750 0.298185 -0.080270 -0.025579 -0.140613 -0.176295 -0.010959 -0.093082 -0.089448 -0.140458 -0.044682 -0.000376 0.181510 0.008029 0.043866 -0.129205 -0.271138 -0.148248 0.112980 0.090433 -0.148787 -0.330120 0.053579 0.059031 0.070040 0.252200 0.145489 0.005072 0.004139 -0.124696 -0.069321 -0.018056 0.050618 0.145261 -0.096322 
-0.147149 -0.324548 -0.084758 0.087018 -0.050743 -0.015313 0.039722 0.022798 0.007577 -0.263277 0.123464 0.202160 0.081728 0.003852 0.008502 0.121143 0.071387 0.318608 0.049900 -0.040066 -0.116727 0.047940 0.152680 0.149804 0.040505 0.040547 0.008940 -0.020328 0.306241 0.050663 0.034342 0.070377 0.214074 -0.286595 -0.066394 -0.012623 -0.079607 -0.013177 0.144688 -0.023038 0.111134 0.208201 0.162947 -0.077880 -0.254472 -0.062818 -0.138922 -0.029527 0.271573 -0.127824 
-0.147072 0.230801 0.013939 0.268937 0.063377 0.280557 0.007763 -0.073255 0.117234 -0.244465 -0.212667 -0.007944 0.081340 0.087145 0.060538 -0.192350 -0.029129 0.148083 -0.058202 -0.166429 -0.062801 -0.012815 0.126924 0.101853 -0.083898 -0.195338 -0.197313 0.149090 0.061002 0.090755 0.185150 -0.288288 0.130804 0.108362 -0.294313 0.187222 -0.028637 -0.011991 0.043911 -0.044583 -0.006529 -0.058735 0.083998 -0.097877 0.062026 0.114390 -0.049097 0.030042 -0.266009 0.063680 
-0.131880 -0.016100 -0.172516 -0.299519 -0.158235 0.270778 0.008794 0.174788 0.005745 0.032981 -0.185941 0.025080 0.132258 0.087926 0.008903 -0.089263 0.071369 0.018284 -0.018558 0.099878 0.156016 -0.047758 -0.089928 -0.207500 -0.014166 -0.062970 0.244159 0.080294 0.400695 -0.125485 0.054205 0.219963 0.016858 0.117733 0.059788 0.026826 0.195810 0.184465 0.120228 -0.012712 0.231607 -0.194797 0.124972 -0.105532 0.008154 -0.118832 0.003702 0.087939 -0.160955 0.036349 
-0.139596 -0.038751 0.005134 0.157986 0.139620 -0.092353 -0.125632 0.114173 0.115297 0.001373 -0.117792 0.311690 0.346379 0.026966 0.019147 -0.153577 -0.085618 0.018685 0.199329 -0.048391 -0.024781 0.111526 -0.154244 -0.182388 -0.099481 -0.074990 0.024559 0.085814 -0.191558 -0.153278 -0.101309 0.175506 0.144403 -0.180172 0.017659 0.014169 -0.236662 -0.001401 -0.067291 0.213927 -0.063621 -0.150491 0.087218 0.049307 0.215953 -0.011518 0.296626 0.099185 0.057217 -0.197157 
-0.136961 0.162019 -0.052165 -0.017246 0.021472 0.041160 -0.124388 0.186084 0.102739 -0.000883 0.048232 0.013069 -0.111427 0.049123 0.190224 -0.093159 0.018137 0.174404 0.288208 -0.149209 -0.046597 0.135905 0.402641 -0.001125 0.049046 0.135247 0.238561 -0.067479 -0.239072 0.162322 -0.168397 -0.105059 -0.219385 0.037472 0.227846 0.170772 0.259982 0.005688 0.005635 0.052863 -0.048801 -0.103687 0.237401 -0.053691 0.009631 -0.102667 -0.058083 -0.001129 0.116474 0.045457 
-0.157340 0.207375 0.172969 0.022586 -0.183306 0.053114 -0.200236 0.273844 0.054794 -0.048528 -0.147883 0.039501 0.030659 -0.198447 -0.120006 0.101933 -0.116166 -0.055133 -0.070378 -0.256701 0.136541 -0.103313 0.021069 0.066343 -0.287149 0.013847 0.058890 -0.049347 -0.065973 -0.064897 -0.053084 0.167244 -0.088712 -0.037202 -0.051259 -0.237961 -0.150618 -0.109436 -0.137717 -0.201519 0.184081 -0.065359 -0.044369 -0.041496 0.024565 0.110084 -0.362156 -0.191417 0.146742 -0.017671 
-0.125889 -0.153946 0.090940 -0.121364 -0.162625 -0.025381 -0.168267 -0.244943 -0.117487 -0.024058 0.008207 0.367008 -0.172023 -0.025841 0.043999 -0.083927 -0.140733 -0.135316 0.056548 0.211812 0.108261 -0.243111 0.067063 0.014360 -0.215652 -0.027477 -0.041930 -0.248857 0.124666 -0.007491 0.098690 -0.150616 -0.195541 -0.113044 -0.065042 0.047664 0.071915 -0.164108 0.005191 0.011220 -0.194759 0.042657 0.225270 0.035532 0.271920 -0.090135 -0.102475 0.082759 -0.127605 -0.125537 
-0.152938 0.075367 -0.019974 -0.173930 0.049527 0.338212 0.016958 -0.049473 0.067415 -0.192007 0.199323 -0.026803 0.143993 0.060338 0.057849 0.267175 0.002283 0.125420 -0.004385 0.006958 -0.023392 -0.137307 0.080144 -0.123885 -0.121865 -0.028970 0.026976 -0.039419 -0.058000 0.094884 0.212885 0.092645 0.020794 -0.105971 0.285335 -0.139000 -0.092856 0.034363 -0.097226 0.074987 -0.387668 -0.045113 -0.277340 0.152299 -0.053901 0.120009 -0.073242 0.272821 -0.043004 0.099299 
-0.153315 -0.028780 0.183005 0.071920 0.062390 0.256068 -0.114663 -0.087255 -0.191237 0.177972 -0.020273 -0.096713 0.204446 0.246835 0.106139 -0.235126 0.099951 -0.013565 -0.125549 0.018715 0.161974 0.023834 -0.105824 0.272258 0.167912 0.134851 -0.009592 -0.089212 -0.128766 -0.117110 0.243604 0.132452 -0.181730 -0.174994 0.035965 0.151467 0.018284 -0.130783 0.156357 0.243469 0.115920 0.070586 -0.143997 -0.007614 0.037141 -0.015507 -0.119652 -0.082338 0.200425 0.091224 
-0.154869 -0.030960 0.130450 -0.080496 0.000305 0.226127 0.332752 -0.040288 -0.156111 -0.058236 -0.005395 0.031536 -0.157573 -0.098976 0.052663 0.083871 0.020194 -0.066921 0.213780 0.185797 -0.072352 0.022832 0.074660 0.012753 0.111968 -0.090765 -0.227201 0.161986 0.007250 -0.158022 -0.245504 0.072444 -0.133080 -0.052855 -0.203376 0.007512 0.109771 -0.061310 0.025174 -0.013592 0.036047 -0.359184 -0.004757 0.064356 0.033228 0.354137 0.026793 0.043930 0.293844 -0.023343 
-0.131452 -0.061722 -0.092635 -0.034090 0.292467 -0.132190 -0.105045 -0.145072 0.046023 0.228172 0.135550 -0.016412 -0.080637 -0.214797 -0.022531 0.189034 -0.071458 0.193810 -0.064777 -0.382921 0.100502 -0.201716 0.000315 0.046725 0.140078 -0.325207 0.027861 0.056064 0.024699 -0.093483 0.146978 0.179431 -0.179616 0.050299 -0.148036 0.032609 0.171228 -0.106284 -0.013524 -0.011112 0.003246 -0.033051 -0.014494 -0.261802 0.041762 -0.039448 0.138941 0.194995 0.060166 -0.025743 
-0.130963 0.016200 -0.081626 0.218913 -0.004549 0.126581 -0.038410 -0.024616 0.273836 0.002671 0.233868 -0.137432 -0.172204 0.123745 -0.000271 0.078088 -0.239305 -0.207645 -0.237554 -0.064799 -0.002726 0.272552 -0.129967 -0.311902 -0.040817 -0.130220 -0.100259 0.067565 0.033435 -0.199692 -0.097851 -0.049869 0.000875 -0.184551 0.091655 -0.076778 0.204300 -0.026359 0.309880 -0.005857 -0.054034 0.118793 0.135040 0.075853 0.115679 -0.050501 -0.141755 -0.051290 0.085923 0.023443 
-0.143708 0.197726 -0.228984 -0.202839 -0.192127 -0.160734 0.123735 0.013428 -0.038196 -0.114303 -0.068209 0.117619 0.033812 -0.263493 0.101021 0.045140 0.080118 -0.050962 -0.407658 -0.065026 0.119100 0.146352 0.042028 0.013379 0.227003 0.115670 0.094275 0.233900 -0.022845 0.138436 -0.034758 -0.025947 0.003828 -0.177120 -0.207605 0.097778 0.040645 -0.050163 -0.061896 0.285076 -0.195821 -0.031963 -0.100008 0.100574 0.119284 -0.090679 -0.069204 -0.112131 -0.020986 -0.111827 
-0.142528 -0.171075 -0.050219 -0.101516 0.015316 -0.185979 0.075826 0.077496 0.191442 -0.072593 0.249104 0.107897 -0.076232 -0.026384 -0.087513 -0.165659 -0.224502 0.030391 0.224914 -0.124812 0.090310 0.001789 0.053815 0.039261 0.032413 0.303365 -0.191716 0.176088 0.042467 -0.177914 0.278324 -0.064370 -0.155106 0.169910 0.061862 -0.042349 -0.055736 0.211751 0.127981 0.151667 0.082298 -0.096860 -0.225368 0.023608 0.002487 0.131138 -0.081633 -0.211983 -0.201951 -0.069505 
-0.140664 0.036106 0.253480 -0.055010 0.085493 0.001021 -0.126386 -0.159660 -0.074736 -0.015828 -0.016810 0.037785 -0.136012 -0.055860 -0.279286 -0.135090 -0.093716 0.135604 -0.000937 0.008521 -0.195528 -0.081412 0.157285 -0.335875 0.328168 0.172543 0.121927 0.113674 0.057037 -0.031361 -0.020165 0.111185 0.184144 -0.089310 -0.014383 -0.080169 -0.043170 -0.240003 -0.115257 0.035873 0.128570 0.082964 0.059012 0.117503 0.065998 0.014457 0.008520 -0.067287 -0.152147 0.387243 
-0.139155 0.139032 0.094226 0.061037 0.014288 -0.148710 -0.179634 -0.029482 -0.261808 0.088619 -0.308274 -0.009722 -0.137599 0.068083 0.185633 0.200888 -0.082854 0.211461 -0.008449 -0.115506 -0.064711 0.065186 -0.085286 0.117526 -0.213219 0.207881 -0.185399 0.047262 0.257477 -0.134272 -0.162558 -0.062809 0.113134 0.024470 0.151108 -0.160953 0.282561 0.122382 -0.018447 0.262730 -0.030584 0.121835 -0.102346 0.048814 -0.015860 0.102741 0.120207 0.083099 -0.037455 0.017858 
-0.154083 -0.005244 -0.157127 0.121422 -0.014007 0.108619 -0.058127 -0.110996 -0.121196 0.105154 0.182594 0.109360 0.055933 -0.076097 -0.058069 0.030323 0.005162 -0.175287 -0.157158 -0.089273 0.125732 0.094704 0.225810 -0.027439 0.094062 0.068206 -0.185794 -0.430116 0.015963 0.016473 -0.334376 0.203313 0.138361 0.085268 0.060705 0.203604 -0.137536 0.179549 -0.045491 0.071990 0.066455 -0.012966 -0.005352 -0.176332 -0.080803 0.241324 -0.005956 0.015549 -0.259812 0.002731 
-0.136802 0.191813 0.085464 -0.027098 0.154774 -0.074109 0.145539 0.080859 0.112014 -0.096889 0.134711 -0.294224 0.048576 -0.308987 0.071892 -0.119041 0.054399 0.087740 0.099491 0.137298 -0.055746 -0.007019 -0.194189 0.175885 -0.042075 0.029556 -0.002021 -0.186664 0.263242 0.074007 -0.131759 0.106491 -0.160618 0.015726 -0.040140 -0.111654 -0.256557 0.114512 0.146661 0.150480 -0.135255 0.121045 0.211228 -0.094916 0.271816 -0.053021 0.015884 -0.008363 -0.007762 0.237551 
-0.156227 0.038951 -0.140165 0.039825 -0.098580 0.278680 -0.118495 0.059324 -0.241944 -0.124820 0.049071 -0.130925 -0.312924 -0.241372 0.047300 0.059799 -0.170193 0.039841 0.086301 0.074637 -0.024592 -0.176399 -0.085277 0.134932 0.094038 -0.014327 -0.048007 0.047725 -0.285653 -0.020280 0.078534 0.066792 0.258547 0.012822 0.083219 0.093297 -0.093748 0.208955 0.075605 -0.099014 0.167977 0.085320 -0.031781 0.119305 0.163712 -0.302983 0.189006 -0.054274 0.009548 -0.162758 
-0.155509 0.140589 -0.137476 0.189041 -0.038473 -0.074824 0.032280 -0.023075 -0.120666 0.083890 0.222292 -0.054325 0.041814 0.215996 0.062519 0.191841 -0.100881 0.162269 0.039916 0.037728 -0.116585 -0.110263 -0.216329 -0.140526 -0.138188 -0.009111 0.066268 -0.066172 0.198100 0.251358 0.014672 0.048733 -0.227226 -0.084829 -0.068601 0.250851 -0.037247 -0.125832 -0.146293 -0.053308 0.126658 -0.197915 -0.041863 0.210326 -0.055560 0.004963 0.158070 -0.400877 -0.079518 -0.025510 
-0.142501 0.010436 0.229023 -0.018988 -0.085145 -0.093239 -0.181768 0.321815 -0.045122 0.139878 0.023039 0.043269 -0.102133 0.033781 -0.037290 0.007365 0.220227 -0.247537 0.143250 -0.133896 -0.118873 -0.122920 -0.122196 0.105885 0.308474 -0.342122 -0.033604 -0.007835 0.083549 0.122889 0.038905 -0.141969 0.072642 -0.277183 0.083256 -0.054560 0.004858 0.161739 0.130429 0.044819 -0.174693 -0.115024 0.026089 0.045772 -0.184676 0.072265 -0.022363 -0.090992 -0.211067 -0.007176 
-0.131205 0.123113 -0.010116 0.136418 0.322459 0.109918 0.215972 0.132625 -0.095898 0.012053 -0.146727 0.285088 -0.060973 -0.039979 -0.000631 0.086800 -0.223996 -0.220295 -0.001141 0.116377 -0.129492 0.244203 -0.055971 0.176872 0.154114 0.095479 0.093147 0.016836 0.162556 0.002233 0.086536 0.047651 -0.083777 0.093031 0.225475 -0.047947 -0.055362 -0.265947 -0.027774 -0.216589 -0.129222 -0.001081 -0.109535 -0.209823 -0.108629 -0.209052 -0.011037 -0.003339 -0.127733 -0.087060 
-0.129835 -0.109934 -0.161031 -0.021872 0.198318 0.099544 -0.042663 0.097600 0.079316 0.036950 0.040155 -0.034383 -0.120495 -0.159077 -0.285027 0.015207 0.176395 0.141764 0.060296 0.140382 0.243776 0.064781 -0.290351 0.065416 -0.193028 0.122042 -0.106350 -0.082152 -0.152794 -0.087120 -0.084913 -0.239485 0.145661 -0.105866 -0.082357 0.044297 0.112261 -0.205920 -0.142776 0.151957 -0.020842 -0.231757 0.066271 -0.008323 -0.283464 -0.176555 -0.107074 0.029891 -0.106051 0.162651 
-0.144630 0.012097 0.081673 -0.044908 0.167627 -0.122031 0.376290 0.147876 -0.215854 -0.043883 0.178980 0.063894 0.023945 0.251242 0.051086 0.107349 0.085362 -0.032722 -0.186448 -0.075659 -0.084012 -0.062887 0.127669 0.043405 -0.102957 -0.086562 0.170415 -0.242295 -0.215992 -0.185739 0.141415 -0.070863 0.217808 0.153759 -0.129730 -0.295473 0.105236 0.036737 -0.016873 0.137912 0.110106 -0.081349 0.195631 0.055811 0.138980 -0.074405 -0.004886 -0.116645 -0.075243 0.007963 
-0.147425 -0.026218 -0.089813 0.027353 -0.044530 -0.078551 0.104400 -0.045106 -0.187936 -0.223416 -0.111001 -0.177894 0.092846 -0.139796 -0.147527 -0.028705 0.184411 -0.108178 0.179138 -0.013659 0.069031 -0.124271 0.057483 -0.204044 -0.171973 -0.124625 0.175687 0.007475 -0.060387 -0.118018 -0.020684 -0.113370 0.034102 0.010858 0.202023 0.105655 0.098609 -0.267670 0.236174 0.070652 -0.094979 0.238435 -0.182133 -0.289356 -0.008817 0.184418 0.151212 -0.277753 -0.008342 -0.073264 
-0.137368 -0.111827 0.099539 0.083598 0.158443 -0.073237 -0.077856 0.036608 0.018262 0.128746 0.116896 -0.105551 -0.206343 0.020620 0.253251 -0.085775 0.441743 -0.034918 -0.079338 0.000630 -0.022845 0.005842 0.101951 -0.036762 -0.217419 0.245440 0.110203 0.212419 0.066205 -0.214651 -0.001490 0.182813 0.119035 -0.052871 -0.103927 0.179283 -0.086429 0.021313 -0.033310 -0.367762 -0.210498 -0.029580 -0.069453 0.033573 0.101087 0.004997 -0.052984 0.006511 -0.129424 -0.094166 
-0.122564 -0.149965 -0.101846 0.041767 -0.040036 -0.019025 0.034703 -0.040818 0.136862 0.047691 -0.262101 -0.138240 -0.149990 0.210216 -0.114782 0.111518 -0.092151 0.196061 -0.142816 -0.045315 0.075739 -0.134358 -0.050585 0.096356 0.214225 0.153081 0.330399 -0.164086 -0.011719 -0.069948 -0.192253 -0.265097 -0.056405 -0.005724 0.007680 -0.064071 -0.324560 -0.047108 0.262324 -0.090345 -0.060190 -0.194271 -0.053533 0.064169 0.105479 0.173021 0.055689 0.136368 -0.018912 -0.135471 
-0.158021 -0.045185 -0.019993 0.027172 -0.013814 0.065872 0.261259 0.043617 0.142835 0.388311 -0.122474 0.088133 -0.118869 0.119373 -0.102139 0.071278 -0.001549 -0.024234 0.321495 -0.027064 0.167604 0.043700 -0.023345 -0.054707 -0.070554 -0.001427 0.045835 -0.018294 -0.024287 0.409673 0.001044 0.114993 0.232371 0.050635 -0.232949 0.002496 0.074230 0.019151 0.065779 0.051198 -0.022733 0.296107 -0.212573 0.046229 0.214211 0.009010 -0.151211 0.034446 0.045633 0.027463 
-0.150050 -0.268177 0.042722 -0.192912 0.188315 0.102205 -0.286687 -0.022941 0.104309 -0.192368 -0.019342 -0.196136 -0.031456 0.032976 0.113522 -0.070286 0.094745 -0.030626 -0.016138 0.049885 0.124464 0.331323 0.077852 0.054846 0.070554 -0.176184 -0.037547 -0.095325 0.090285 0.234646 -0.055348 0.003679 -0.033403 0.151712 -0.044714 -0.299794 0.049660 -0.178980 -0.173368 -0.010023 0.128233 0.034339 -0.102142 0.162419 0.092157 0.051006 0.178059 -0.167718 -0.081994 -0.242312 
-0.146611 0.076384 0.195537 -0.191186 0.193869 0.048713 -0.011721 0.018353 0.185262 0.133736 -0.019193 0.082162 0.306037 0.010988 -0.025031 0.129431 -0.116191 0.126770 -0.065413 0.234609 0.135219 -0.156189 0.132300 0.010586 0.109910 -0.091439 -0.051069 0.010341 0.008970 -0.233672 -0.238563 -0.257215 0.005454 0.007559 -0.048444 0.146817 0.072485 0.254112 -0.100630 -0.200950 -0.100082 0.237923 -0.099131 0.054880 -0.037025 -0.135100 0.042119 -0.292049 0.077840 -0.018338 
-0.134100 -0.042078 0.039609 0.025211 -0.052457 -0.075314 -0.035053 -0.061332 0.203155 -0.174518 -0.013699 0.207833 -0.016489 0.126446 0.265705 0.113249 0.083201 -0.072368 -0.111759 0.134615 0.110494 -0.195979 -0.129653 -0.020573 0.026517 0.195429 -0.124754 0.088538 -0.256910 0.251333 -0.074783 0.062101 -0.045929 -0.107254 -0.034321 -0.232425 0.096763 0.040403 0.140423 -0.155024 0.133243 -0.040858 -0.029523 -0.370822 -0.036299 0.001449 0.261332 -0.050776 -0.054475 0.285956 
-0.139290 0.027403 0.334967 -0.158479 0.012195 -0.142681 -0.034445 -0.000045 -0.119942 -0.247085 0.012754 -0.132123 -0.038539 0.193163 -0.193246 0.245294 0.037218 0.031606 0.015824 0.010882 -0.007794 0.219518 -0.238323 -0.218198 0.085804 0.083319 -0.062080 -0.005164 -0.086193 0.094281 0.079994 -0.056439 -0.072288 0.046495 -0.028142 0.284039 -0.054531 0.169395 -0.143579 -0.010766 0.076561 0.027939 0.064117 -0.320130 0.122463 -0.034336 -0.180975 0.193806 0.025189 -0.224401 
-0.126112 -0.097658 0.151737 -0.047897 0.023215 -0.183665 0.141989 -0.349992 -0.184645 -0.089731 -0.101317 0.071130 0.041907 -0.116745 -0.021403 -0.077312 -0.098260 0.081768 0.013342 -0.120025 0.207129 0.322536 -0.069585 0.110243 -0.164912 -0.225704 0.183718 0.050584 -0.144221 0.089435 -0.031180 0.085157 -0.047755 -0.074012 0.130272 0.060769 -0.004228 0.236981 0.182932 -0.248933 0.007684 -0.094838 0.016016 0.250487 -0.141116 -0.032536 -0.045395 -0.010410 -0.112565 0.242487 
-0.128677 0.086344 0.091641 0.204341 0.174465 -0.207977 0.114775 0.050002 0.059219 -0.236569 -0.007849 -0.067764 -0.185983 0.172760 -0.066153 -0.243325 -0.051005 -0.176304 -0.128565 0.055083 0.344430 -0.347881 0.106514 -0.007835 -0.007500 -0.090392 -0.020124 0.110381 0.158158 0.139006 -0.126966 0.115230 0.046287 0.097118 0.174050 0.085520 -0.013901 0.024518 -0.129565 0.147573 0.043498 -0.019113 -0.020924 0.152590 -0.182374 -0.115302 -0.011770 0.175117 0.217536 -0.079139 
-0.143033 -0.174456 -0.014611 0.014830 0.066651 -0.065995 -0.044220 -0.148323 -0.027398 0.013444 0.027765 -0.070240 0.369878 -0.186249 0.061278 -0.074509 -0.007888 -0.172426 -0.008305 -0.176337 -0.233571 -0.194043 -0.182981 -0.026642 0.082434 0.191781 -0.078518 -0.052816 0.067904 0.201168 -0.079933 -0.160945 0.239334 0.219689 0.137631 0.018959 0.234666 -0.047821 0.070660 -0.162995 -0.007632 -0.259792 -0.041408 0.088248 0.160579 -0.083036 -0.224090 0.033746 0.189148 -0.024395 
