-0.144136 0.062092 -0.008100 -0.034847 -0.170561 -0.067615 -0.225866 -0.129792 0.130284 -0.098187 0.158587 -0.164271 0.063360 0.059501 0.143865 -0.118204 0.151910 0.101423 -0.042676 -0.157912 -0.224860 -0.032119 0.011004 0.128349 0.288719 0.032713 -0.054895 0.212346 -0.177944 0.097867 -0.223307 0.033126 0.067000 0.089543 -0.075322 0.029885 0.063302 0.014296 0.148190 -0.031628 0.053818 0.150681 0.054077 0.116076 -0.464833 0.001289 -0.149105 0.230231 -0.109355 0.083855 
-0.146746 0.240582 0.091399 0.029790 0.128861 -0.147262 0.082016 -0.048097 0.083176 0.055868 -0.068223 0.082511 0.161009 -0.162190 0.203713 0.072748 -0.105428 0.094619 0.382347 -0.135714 0.025523 -0.044982 0.170320 0.087117 0.174183 -0.160605 -0.060189 0.119438 -0.020454 0.004307 -0.130629 0.048768 0.044273 -0.033555 -0.164845 -0.279424 -0.001193 -0.098958 0.019097 -0.043893 -0.130529 -0.208054 0.090137 -0.151884 0.308902 -0.039372 -0.303709 0.028266 0.040896 0.148390 
-0.168701 -0.074927 0.226451 -0.046679 0.249000 -0.004866 -0.079749 -0.082133 0.157043 -0.138078 0.025503 0.225603 -0.011069 -0.240698 -0.238083 -0.094264 -0.059959 -0.089711 -0.143211 -0.268474 0.019535 0.094321 0.088001 -0.163612 -0.020262 -0.076627 0.080465 -0.090679 -0.074324 0.085730 0.141560 -0.042639 -0.051892 0.111084 -0.026172 -0.089512 -0.192590 0.062808 0.191703 -0.119681 0.153452 -0.054472 0.310388 0.353312 0.010335 0.141921 -0.077634 -0.037647 -0.015694 -0.152442 
-0.130997 0.116567 0.244185 -0.056440 0.089236 -0.073639 -0.175421 -0.091023 -0.005469 0.033002 -0.052725 0.122370 -0.045581 0.072528 -0.176599 -0.090440 -0.124191 0.098810 0.017533 0.358567 0.055998 0.210788 0.211724 0.114138 -0.030472 -0.279347 0.159124 0.134270 -0.095600 -0.075140 -0.166042 -0.033762 0.041338 0.077096 0.201638 -0.069676 0.039294 -0.157183 -0.071884 0.033554 0.018230 -0.097260 -0.259014 0.062273 -0.204137 0.202893 0.203204 -0.071123 0.206702 0.157305 
-0.147575 -0.051308 -0.059940 -0.258898 0.274759 0.121565 -0.240116 0.083421 0.152516 0.005052 0.185888 0.104640 0.119226 0.088827 0.175809 0.022842 -0.228629 -0.056109 -0.064681 0.063011 0.043300 -0.057534 0.005508 -0.126851 -0.063820 0.031363 -0.019935 0.105147 0.116627 -0.176354 0.108606 -0.041615 -0.161825 0.022702 0.037539 -0.054725 -0.150318 -0.118013 -0.171336 0.002493 -0.346047 0.051808 -0.026409 -0.212045 -0.237572 -0.112001 -0.129825 0.133124 0.006573 -0.315353 
-0.132819 0.165745 -0.115812 -0.057738 0.138073 -0.019979 0.079713 -0.010833 -0.142905 0.009332 -0.083146 0.077853 0.129084 0.161363 -0.219533 0.183634 -0.279170 0.007130 0.155894 -0.218996 0.091507 0.045639 -0.033480 -0.037858 0.025946 0.034520 0.130080 0.005561 0.239673 0.281300 -0.125985 -0.222534 0.071786 -0.074480 0.162714 0.095178 0.044191 0.046356 0.107229 0.099100 0.260027 0.346868 -0.148967 -0.029245 -0.017869 -0.096159 -0.079305 0.241950 0.104135 -0.046816 
-0.131069 0.092122 -0.282187 0.100420 0.084625 0.060350 0.072488 -0.076409 0.000805 -0.239027 -0.182473 -0.026556 -0.038597 0.137097 -0.180214 -0.067067 0.090079 0.401408 -0.140657 -0.157548 0.107694 0.163868 -0.141778 -0.122893 0.165387 -0.153489 -0.084268 0.041923 -0.120692 -0.319346 0.066871 0.160383 0.037777 0.061158 -0.177849 -0.013857 -0.010909 -0.098633 0.148007 0.172243 -0.103233 0.051889 -0.211055 0.005109 0.129842 0.011526 0.026424 -0.003970 0.039887 -0.211388 
-0.156888 0.107647 0.122330 0.327622 -0.077478 -0.065217 -0.131579 -0.110026 -0.062760 0.066500 0.039745 0.019202 -0.088886 0.323414 0.128466 0.078845 -0.160281 0.095680 -0.125407 -0.047458 0.071903 -0.194432 0.141203 -0.112063 -0.086329 0.046596 -0.005030 -0.035137 -0.180598 -0.019587 0.108504 0.065822 -0.071125 -0.210923 0.201197 0.223457 0.317001 0.058990 0.132220 -0.247606 -0.108676 -0.072155 0.131097 -0.027752 0.126083 0.216444 -0.074670 0.103256 0.091200 -0.151722 
-0.156883 -0.206754 -0.156170 -0.028942 0.008158 -0.176298 0.168161 -0.109184 -0.203303 -0.003054 -0.282994 -0.105253 -0.026247 0.070729 -0.101228 -0.067514 0.068868 0.036510 -0.066996 -0.007925 -0.174983 -0.147310 0.054319 -0.112693 0.124196 0.016785 0.251362 0.020729 0.090168 -0.139311 -0.007874 -0.084229 0.026204 -0.002950 0.073050 -0.037647 -0.108083 -0.133938 -0.316718 -0.443987 -0.161501 0.103367 0.097609 0.174503 -0.038231 -0.131988 -0.134256 -0.025366 0.141558 0.147023 
-0.139488 -0.140299 -0.116204 -0.111533 -0.149302 0.090474 -0.040768 -0.100659 0.110454 0.103406 0.219879 -0.166018 0.012367 0.011157 -0.148660 0.247481 -0.032263 -0.117597 0.062960 -0.172752 -0.100746 0.350896 -0.111327 -0.027071 -0.080493 -0.284758 -0.178805 -0.198811 -0.137821 -0.097842 0.138626 -0.124064 0.039423 -0.287414 -0.104950 0.072659 0.048515 -0.093889 -0.183614 0.015280 -0.013784 0.004157 0.111874 -0.063731 -0.032742 0.139393 -0.075028 0.053077 0.209485 0.240228 
-0.148149 0.235451 -0.146329 0.012298 0.061256 -0.128833 -0.126361 0.130818 0.008374 0.092684 0.154584 -0.144999 -0.242601 0.023789 0.057196 -0.295104 -0.119562 -0.203734 0.049302 -0.086853 0.066809 -0.231555 -0.123769 0.077373 0.183347 0.067566 0.066330 -0.220552 0.094603 -0.093439 -0.182435 -0.108537 0.150480 -0.194099 -0.151063 0.062533 -0.085390 -0.195933 -0.164959 0.150802 0.096211 -0.159981 -0.006280 0.227694 0.059209 0.138484 0.130572 -0.057662 0.064938 -0.168636 
-0.120650 0.037084 -0.009973 0.172640 0.266711 0.094692 -0.136378 -0.175071 0.027178 0.127332 0.198598 0.045341 0.121611 -0.061040 -0.187438 0.012315 0.098270 0.181265 -0.098511 0.065032 -0.096984 -0.101299 0.060596 0.305075 0.089483 0.180457 0.127584 -0.038304 0.122741 0.047270 0.161776 -0.033730 0.140456 -0.175766 -0.148537 0.192630 -0.101945 0.008865 0.173021 -0.003189 -0.097230 0.114231 0.062330 -0.215934 -0.032685 -0.124654 0.032131 -0.410168 0.080074 0.145839 
-0.121195 -0.143082 0.097127 0.072253 0.124060 0.206375 -0.169025 0.161570 0.004590 -0.307484 -0.048763 0.035123 -0.224690 0.218117 -0.016145 -0.104822 0.162716 0.151041 0.286840 -0.000094 -0.035488 -0.051647 -0.204878 0.079559 0.105314 -0.124513 -0.119087 -0.121401 0.133031 0.107484 -0.019117 -0.118968 -0.127305 -0.118436 0.249319 -0.009083 -0.247852 0.009596 0.067827 -0.128343 -0.052279 -0.092208 0.082114 -0.139732 0.079903 0.040494 0.143987 0.150593 -0.188131 0.218074 
-0.134266 -0.203591 0.148904 -0.111484 0.020350 0.108249 0.200546 -0.079576 0.140362 0.185536 0.018987 -0.050267 0.129550 0.321479 0.000888 -0.256041 -0.059397 0.082808 -0.087367 -0.067087 0.064196 -0.246925 0.005957 0.014015 -0.002990 -0.177134 0.119626 -0.112823 0.044717 0.080294 0.111565 0.208180 0.211224 0.174589 -0.099209 -0.163226 0.099681 0.170894 -0.111371 0.223408 0.063971 -0.021161 0.212915 -0.123544 0.021419 -0.073712 0.220601 0.196556 0.111753 0.100906 
-0.160896 0.022454 0.090891 -0.059696 -0.005510 -0.129074 0.218604 0.049077 0.120927 0.055880 0.022237 -0.128082 0.015240 0.259579 -0.090926 -0.094641 0.151241 -0.223446 -0.060561 -0.013756 0.261453 0.220246 0.142737 -0.164266 0.147183 0.290727 -0.078760 -0.002926 0.016340 0.109174 0.096471 -0.241647 0.125265 0.012861 0.072994 -0.145201 0.056950 -0.020178 0.119336 0.091695 -0.352198 0.013824 -0.101151 0.004652 -0.002328 0.152564 -0.060427 -0.134912 -0.264721 0.154863 
-0.149307 0.022302 -0.257566 0.209284 -0.325381 0.132901 -0.154251 0.150714 0.085762 0.027056 -0.096525 0.185471 0.246200 0.012739 0.108086 -0.077886 0.016174 0.039053 0.012324 0.002734 0.177000 0.122712 0.072315 -0.095161 -0.008356 -0.171497 -0.014096 -0.141364 0.441669 0.074285 -0.067048 0.087357 -0.026691 0.023029 -0.078464 -0.158350 0.141651 0.004074 -0.020768 -0.190852 0.078753 0.027227 0.094354 0.013123 -0.197640 0.119546 0.027797 -0.276400 -0.067302 -0.034889 
-0.151317 -0.153496 0.281368 0.177676 -0.165828 0.196985 0.121403 0.007722 0.001640 -0.066516 -0.064566 -0.202666 -0.161955 -0.191666 0.055380 0.091961 -0.135703 0.012395 0.077697 0.128707 0.016557 0.033379 -0.123263 -0.028069 0.304154 0.119319 0.092991 -0.025204 0.080071 0.174757 0.048401 0.239042 -0.178693 0.021402 0.120974 -0.033303 -0.031762 -0.171063 -0.052215 0.296089 -0.082920 0.194836 0.066885 0.013573 -0.052588 0.119172 -0.190659 -0.118221 0.258612 -0.118625 
-0.154910 -0.075741 -0.141987 -0.033955 -0.042168 -0.177144 -0.037137 0.023609 0.273557 -0.052914 0.148889 -0.270803 0.159382 -0.217302 0.102605 -0.039425 -0.169222 0.313137 -0.163584 -0.044280 0.197976 0.071766 -0.250051 -0.031279 -0.170698 0.185430 0.170965 0.149717 -0.110155 0.084204 -0.057507 0.005008 0.007230 -0.032633 0.324160 -0.082489 -0.049193 -0.072647 -0.086551 -0.090706 0.174605 -0.063908 0.008985 -0.077420 0.191150 -0.012352 0.113896 -0.078387 -0.086291 0.121315 
-0.122476 -0.049300 0.106225 -0.026667 -0.131359 0.087400 -0.209264 -0.185023 -0.011668 -0.281117 -0.119176 -0.014430 -0.012810 0.046694 -0.019573 0.397923 0.030180 0.008592 -0.089057 -0.045335 0.167155 -0.079272 0.121376 0.208296 -0.029127 0.307837 -0.013267 -0.213069 0.050596 -0.149245 -0.073397 -0.006074 0.275739 0.105775 -0.055519 -0.160412 -0.143541 0.231557 -0.248431 0.014155 0.102810 -0.174463 -0.141083 -0.032431 0.000239 0.089501 -0.103358 0.057937 0.003445 -0.045282 
-0.156121 0.169861 0.026603 -0.057469 -0.071566 0.046005 -0.047348 0.132719 0.036432 0.124284 -0.135746 -0.093637 0.300878 0.204008 -0.090258 0.276890 0.232322 -0.060305 -0.109759 -0.157110 -0.224459 -0.192750 0.052728 0.005142 -0.159576 -0.081325 0.025097 0.085506 -0.052137 0.062098 -0.172529 0.129246 -0.284231 -0.134979 0.151485 -0.040694 -0.235668 -0.009482 -0.014045 0.271851 -0.108868 -0.082951 0.008419 0.237380 0.081123 -0.019291 0.110299 -0.169020 -0.021887 -0.018237 
-0.155930 0.085648 0.114272 0.017716 -0.026967 -0.110809 -0.069255 0.122792 -0.135161 0.117578 0.231046 0.114089 -0.011058 -0.048942 -0.084471 0.266077 0.209910 -0.050062 -0.034171 0.094770 0.037083 0.032347 -0.346727 -0.101342 0.191809 0.126509 -0.006992 0.227634 0.237891 -0.141823 0.167689 0.047701 0.015531 0.016860 -0.021048 -0.225988 0.174279 0.047567 0.139790 -0.103149 0.014664 -0.188399 0.026067 0.154208 0.004608 -0.168549 0.208693 0.201354 0.227055 0.051582 
-0.137054 0.231409 0.025629 0.275240 -0.059062 -0.059451 0.113536 0.039746 0.150410 0.012824 0.025798 -0.007588 -0.116984 -0.090599 -0.238762 0.009812 0.057277 0.122534 -0.135382 0.133795 -0.200097 -0.078927 0.030006 -0.030920 -0.043953 -0.103259 0.088312 -0.082433 0.093081 -0.043965 0.179279 -0.285591 -0.175034 0.130906 0.029401 0.006377 0.158893 -0.040917 -0.246857 0.216707 0.157162 -0.206318 0.033271 -0.131326 -0.105095 -0.156882 -0.249236 0.134387 -0.296677 -0.011859 
-0.158705 0.105832 -0.022974 0.054572 -0.301926 0.060020 0.067013 0.185836 -0.191307 -0.055953 -0.085142 0.161452 0.068999 -0.069282 0.039402 -0.204073 -0.231655 -0.094576 0.057996 -0.251775 0.124404 0.081358 -0.061881 0.206644 0.036890 0.051468 0.176888 0.018934 -0.286425 -0.010640 0.254308 -0.077299 -0.140260 0.025926 -0.007498 0.120702 -0.158064 0.237298 0.002363 0.012923 -0.158132 -0.210796 -0.114978 -0.033209 -0.187044 -0.215118 0.060732 -0.028485 0.116380 0.120669 
-0.130063 0.123105 0.064908 -0.080357 -0.123401 -0.201195 0.120725 -0.018702 0.304591 -0.124919 0.025503 -0.168485 -0.126664 0.042668 -0.030472 0.028123 0.138078 -0.211645 0.188509 -0.031719 0.149371 -0.163472 0.038066 0.170649 -0.114933 -0.252955 -0.153663 0.191492 0.173862 -0.080048 0.292529 0.149210 0.108233 0.148995 0.148504 0.249327 -0.122942 0.011361 0.042866 -0.169494 0.123790 0.122378 -0.118892 -0.020376 -0.006217 -0.093439 -0.048429 -0.149023 0.088411 -0.133186 
-0.152260 -0.167750 -0.151154 0.133370 -0.028746 0.107025 0.395415 0.125770 0.075027 -0.019028 0.196634 0.215587 0.092337 -0.166170 0.066891 0.121595 0.108867 -0.083146 -0.135494 0.145228 -0.031387 -0.111556 0.171414 0.143454 0.145713 -0.138129 -0.011137 -0.174222 -0.214701 0.038564 -0.082475 -0.009361 0.212979 -0.211573 0.219350 -0.129438 -0.095667 -0.133278 0.130583 -0.106366 0.021166 -0.002074 -0.172946 -0.003957 -0.055795 -0.047884 0.087768 0.172924 -0.025149 -0.214229 
-0.146677 0.341352 0.113205 0.054478 0.182039 -0.051149 -0.041676 -0.109486 -0.031980 -0.006232 -0.065342 -0.159992 0.006306 -0.224228 0.157072 -0.087567 0.167385 -0.066969 -0.036705 0.022674 0.038842 0.049524 0.019580 -0.308082 -0.034288 -0.006081 -0.185113 -0.446985 -0.106359 -0.033957 -0.114717 0.090917 -0.070525 0.020008 0.131017 -0.051530 -0.002087 0.207431 -0.047334 -0.060366 -0.017567 0.207933 -0.056586 -0.127896 -0.111776 -0.274299 0.158341 -0.001323 0.145222 0.095996 
-0.151171 -0.242474 -0.024455 0.214922 0.139044 0.092022 -0.069514 0.039930 0.073833 -0.042897 -0.201781 -0.120326 0.080776 0.161957 -0.039194 -0.121840 -0.093351 -0.327416 -0.143624 0.146736 -0.009887 0.082531 -0.157074 0.061681 -0.153384 0.040293 -0.197219 0.044669 -0.049419 0.000830 -0.273474 -0.049088 0.034355 0.095806 -0.044124 0.035926 0.084974 -0.109798 0.240008 -0.006740 0.132642 -0.253800 -0.004889 -0.027349 0.034782 -0.324505 -0.251640 -0.061206 0.197351 0.027230 
-0.132132 -0.127844 -0.026366 -0.097694 -0.117194 0.052127 -0.051633 -0.054080 -0.150596 -0.227354 0.113495 -0.186771 -0.013002 -0.185539 -0.262225 -0.295309 0.140658 -0.032888 0.151526 0.004267 -0.094067 -0.093977 0.225685 -0.170749 -0.170379 0.024819 0.032713 0.244274 0.070844 0.087121 -0.060639 -0.018455 -0.024784 -0.349302 -0.058362 -0.184541 0.155524 0.251507 0.012274 0.051784 -0.015043 -0.105135 -0.112392 -0.183137 0.036075 0.017748 -0.009889 -0.005374 0.123166 -0.218783 
-0.124887 -0.112376 0.161636 0.029381 -0.094754 -0.349974 0.072942 -0.160185 -0.139901 0.030806 -0.002074 0.163660 -0.229414 0.052816 0.078955 0.136477 0.134761 -0.011757 -0.112574 -0.133798 0.102188 -0.023197 -0.281553 0.012742 -0.198594 -0.165208 0.108593 0.004875 -0.064744 0.231934 -0.220832 -0.122462 -0.079654 0.023485 -0.268690 -0.093534 -0.102151 -0.122477 0.022048 -0.016989 -0.074738 0.046656 0.003880 -0.332935 -0.129339 0.018809 0.090776 -0.134245 -0.042214 -0.193311 
-0.136396 -0.154575 -0.105651 -0.051061 -0.143572 -0.277295 -0.110095 -0.067683 -0.063463 -0.126052 0.109032 0.013455 -0.019378 -0.002691 0.032132 0.083369 -0.003913 -0.015566 0.026578 0.265978 0.195312 0.167822 0.289752 -0.115160 0.044937 -0.059128 0.197307 -0.102301 0.112197 -0.006114 -0.085655 0.196933 -0.078051 -0.070483 -0.132025 0.338240 -0.165358 -0.009378 0.129138 0.211379 -0.057796 -0.054894 0.178910 0.077494 0.136162 -0.266888 0.035050 0.209112 -0.146117 0.090290 
-0.120412 0.040049 0.046353 0.221554 0.012317 0.251763 0.005632 0.296182 0.264947 0.135623 -0.058549 0.046824 -0.323280 0.005055 -0.071997 0.120748 0.000486 -0.002876 0.096676 -0.005376 0.089436 0.095803 0.138852 -0.088724 -0.107965 0.096465 0.094801 0.311417 -0.189108 -0.099057 -0.217863 -0.024155 0.130425 -0.047034 -0.218894 0.012083 -0.038981 0.137409 -0.185476 -0.084840 -0.006336 0.289201 0.158142 0.026058 0.045255 -0.150358 0.148904 0.024079 -0.048169 0.014854 
-0.132103 -0.229424 -0.131789 0.042317 0.036732 0.008994 -0.228575 -0.135555 0.174739 0.188566 -0.025904 0.045253 0.092110 0.016028 0.120538 0.051183 0.119484 -0.138390 0.214862 0.166708 -0.043292 -0.117327 -0.141420 -0.162275 0.237861 -0.113492 0.245168 -0.039672 -0.216108 0.045003 0.099027 -0.180318 -0.149898 0.148775 -0.090004 0.041209 0.050517 0.285480 -0.010137 -0.002272 0.098880 0.080665 -0.348374 0.052204 0.227062 0.092268 -0.040819 -0.082647 -0.050518 -0.049008 
-0.146018 0.104222 0.124548 -0.190901 0.038688 0.205707 0.060486 0.282682 -0.084355 -0.153406 0.000287 -0.082362 0.176862 -0.119417 0.083673 0.023003 0.192994 0.163523 -0.161785 0.119121 0.137934 -0.127652 0.025154 -0.085850 -0.068487 -0.035638 -0.046221 0.002910 -0.024253 0.311834 0.018954 -0.175665 0.029465 0.149266 -0.320485 0.357362 0.070624 -0.159062 -0.095166 -0.141446 -0.036857 -0.059804 -0.096274 0.054150 0.102705 0.151528 -0.033981 0.113239 0.174663 0.071438 
-0.101646 -0.088343 -0.126226 -0.099609 -0.084086 0.055556 -0.030314 -0.141060 -0.053309 0.191595 -0.141877 0.247844 0.029411 -0.125321 -0.045840 -0.009408 0.221455 0.139223 0.351041 -0.011377 0.127061 -0.150746 -0.036792 -0.223442 -0.070368 0.185177 -0.165039 0.042877 -0.161220 -0.065877 -0.027927 -0.118389 0.224452 0.119113 0.251107 0.217181 0.024483 -0.178206 -0.004701 0.220209 0.030237 -0.153771 0.249864 -0.031749 -0.173057 -0.003111 0.009249 -0.078583 0.065537 -0.074938 
-0.135782 0.047521 0.020009 0.305146 0.101173 -0.023966 0.180111 -0.240889 -0.094905 -0.064840 0.008828 -0.033374 0.217265 0.157955 0.186928 -0.049458 -0.070524 -0.039695 0.195133 0.145972 -0.176959 0.167203 0.015935 -0.129297 -0.128881 0.206510 -0.163411 0.165477 -0.009851 0.096589 0.238443 0.044638 -0.013884 -0.068195 -0.217913 -0.010735 -0.297905 -0.110303 -0.163502 -0.027151 0.240173 -0.053674 -0.047448 0.074684 -0.098677 0.110673 0.222341 0.086212 -0.070851 -0.060653 
-0.148315 -0.083222 -0.027079 -0.177307 0.150276 -0.278732 0.042942 0.274338 0.049989 -0.041395 -0.153657 0.343074 -0.095094 0.072560 0.200769 -0.082320 0.145478 0.017751 -0.209065 -0.008040 -0.171854 0.170175 0.040159 0.037578 0.146202 0.122410 -0.131615 0.082190 0.013335 -0.004561 0.051599 0.149138 -0.027987 -0.214036 0.064161 0.119484 0.063591 0.197509 -0.194602 0.149989 0.275000 0.027383 0.016029 -0.157016 0.030736 0.133064 -0.146687 -0.098291 0.134474 0.068515 
-0.109574 0.073678 0.183131 -0.331312 -0.036186 0.182341 0.118304 -0.089900 -0.042792 -0.018547 0.001219 -0.002165 -0.132427 0.124521 0.132852 0.099636 -0.208279 0.187545 0.041493 0.117267 -0.136319 0.081539 -0.145640 -0.143738 0.068196 -0.106214 -0.006537 -0.035939 -0.019114 0.110810 -0.000081 0.043742 0.213656 -0.216248 -0.022991 0.053408 0.129236 0.103494 -0.000880 -0.098317 0.044761 -0.176090 -0.062721 0.215564 -0.058203 -0.313129 -0.064177 -0.331852 -0.279347 -0.129874 
-0.159980 0.006120 -0.188445 -0.197058 0.146393 0.158426 0.066557 -0.221355 0.050237 0.170006 -0.075733 0.047633 -0.205934 -0.013237 -0.089993 -0.024998 0.139118 -0.013742 0.072739 -0.026894 0.254549 0.019946 0.057985 0.317541 -0.081120 0.193194 -0.038093 -0.064088 -0.057640 0.161138 0.047707 0.259852 -0.425445 -0.074926 -0.077753 -0.079570 0.237616 -0.156198 -0.076664 -0.132356 0.084782 -0.048307 -0.087598 0.119986 -0.054500 -0.065048 0.003373 0.111261 -0.103757 0.025275 
-0.142633 0.038455 -0.082446 -0.066581 -0.207182 -0.090377 0.025894 0.067127 -0.027392 0.183348 0.120842 0.155043 -0.130858 0.008375 -0.181779 -0.104620 -0.202737 0.186588 -0.020710 0.278506 -0.030112 -0.244449 -0.121923 -0.075902 -0.231588 0.079779 -0.293479 -0.088707 -0.032323 0.005915 -0.018296 0.098415 -0.017061 0.016400 -0.110162 -0.156298 -0.292215 0.138874 0.160785 -0.011144 -0.038148 0.178104 -0.124537 0.127822 0.022528 0.117339 -0.281767 0.043039 0.026949 0.217123 
-0.145620 -0.125850 -0.036916 0.225503 0.181038 0.025873 -0.028451 -0.160143 -0.286544 0.019899 0.100791 0.050167 0.007430 -0.200906 0.109279 -0.049885 -0.010336 -0.057778 -0.138277 -0.069211 0.162242 -0.011578 -0.100331 0.170323 -0.071102 -0.251716 -0.260353 0.230367 0.113677 0.068775 -0.048746 -0.016708 0.116438 0.027855 0.145829 0.087257 0.097667 0.213207 -0.280321 0.185509 -0.227244 0.108241 -0.019660 0.272962 0.078819 0.009559 -0.043126 0.005179 -0.190222 0.067237 
-0.136734 -0.101192 0.049309 -0.033804 -0.044652 -0.143449 -0.065550 0.196987 -0.148698 0.303246 0.055753 -0.199134 0.030627 0.042586 -0.058937 -0.066028 0.042094 0.248374 0.133003 0.020850 -0.180097 0.337847 0.123060 0.292615 -0.001475 0.062203 -0.163316 -0.165029 0.003066 0.066376 -0.021894 -0.095185 -0.006428 0.274297 0.057989 -0.004728 -0.038332 0.116692 -0.025954 -0.112158 -0.059565 0.012662 0.078085 0.029639 0.165568 -0.055250 0.041608 0.029197 0.036860 -0.426195 
-0.150659 -0.088374 -0.198725 -0.069076 0.123530 -0.227370 -0.042622 0.183162 -0.047068 -0.268593 -0.190831 -0.136867 -0.010344 -0.076442 -0.029213 0.246446 -0.275836 -0.030805 0.083845 0.154330 -0.072222 -0.232468 0.081443 0.103861 0.024242 -0.022678 -0.182693 -0.032239 -0.167793 0.038704 0.172678 -0.116392 -0.044408 0.066440 -0.115490 -0.155273 0.272892 0.009759 0.104311 0.095783 -0.040201 0.115763 0.209232 0.029456 -0.128869 0.034648 0.300882 -0.142043 -0.064852 0.043934 
-0.129912 -0.148570 0.023002 0.073032 0.126664 0.017541 -0.060998 0.215415 -0.188886 -0.047784 0.186593 -0.028638 -0.149695 0.042722 0.287891 0.021009 0.130289 0.069975 0.161659 -0.232347 -0.131863 0.018905 0.138097 -0.042205 -0.381973 0.030407 0.263002 -0.125168 0.022175 -0.128217 0.153975 0.076185 0.120301 0.126720 0.017811 -0.130175 0.134355 -0.207806 0.151670 0.144510 0.074255 0.087284 -0.214696 0.138792 -0.046326 -0.044883 -0.144076 -0.073356 -0.014322 0.164165 
-0.138823 -0.024762 0.168815 -0.042526 -0.240110 0.008325 -0.285173 -0.020937 -0.020113 0.006100 -0.102244 0.206183 0.051200 -0.118991 -0.175061 -0.109521 -0.125608 -0.184842 -0.092302 -0.145667 -0.254362 -0.031748 0.015843 -0.054922 0.066437 0.091298 -0.136818 -0.012058 -0.021437 0.069928 0.089310 0.183878 0.149198 0.061787 0.006580 0.039609 0.112711 -0.368451 -0.099388 -0.050192 -0.037083 0.166619 -0.193352 -0.148169 0.296480 -0.126457 0.179262 0.066485 -0.226292 0.037544 
-0.138852 0.022539 0.141190 -0.140983 -0.073715 0.140989 -0.097192 -0.016359 -0.203944 0.273015 -0.355169 -0.210789 0.016494 -0.149015 0.198072 -0.056600 0.053203 -0.031102 -0.176114 0.095334 0.143749 -0.003218 0.016801 0.106562 -0.005889 -0.114374 0.041272 0.104717 0.042810 -0.271307 0.182738 -0.197200 0.028108 -0.236369 -0.021954 -0.085922 -0.134152 -0.056991 0.253509 0.035025 0.226481 0.141480 0.097023 -0.097416 0.014474 0.080009 -0.037479 0.136560 -0.187949 -0.023826 
-0.145166 -0.227728 0.224701 -0.032921 0.011559 0.032484 0.266424 0.007144 -0.063947 0.054512 0.189456 -0.023303 0.096284 -0.058357 -0.050937 0.039315 -0.165876 0.055404 0.041311 -0.196639 0.012079 -0.121158 0.103303 -0.068360 0.129906 0.071198 -0.161113 0.002717 0.139554 -0.428343 -0.292998 -0.053738 -0.311115 0.105361 -0.064401 0.222105 0.063840 0.040674 0.056238 -0.072431 0.161524 -0.030413 -0.132847 -0.081887 -0.050252 0.093020 0.143440 -0.125564 -0.131736 0.102361 
-0.145859 0.122942 -0.351797 -0.076754 0.045899 0.206184 0.036355 -0.086053 -0.143534 0.140133 0.039975 -0.115702 -0.344575 -0.063979 0.080759 0.136946 -0.107501 -0.133926 -0.177942 -0.066039 -0.204976 0.046214 0.161940 -0.149487 0.086225 -0.050610 0.019604 0.148341 0.093693 0.172010 -0.021465 0.107872 0.056141 0.322563 0.099555 0.029362 -0.157036 0.079215 0.137362 -0.044234 0.016995 -0.243452 0.017353 -0.240045 0.040047 0.169501 0.089910 -0.033440 0.004287 0.097123 
-0.131433 0.132265 -0.003441 -0.026309 0.158196 0.003310 0.064633 0.175082 -0.220714 -0.039104 0.040275 -0.068759 0.214204 -0.008415 -0.238752 0.008441 0.044143 -0.211953 0.154679 0.149049 0.001690 0.055424 -0.284354 0.045209 -0.056255 -0.010259 0.244242 -0.058702 -0.161071 -0.125259 -0.091321 0.389750 0.136504 0.063270 0.011989 0.099874 0.061200 0.077177 -0.043601 -0.113101 -0.004169 0.020338 0.146810 -0.178502 -0.081564 0.257690 -0.165636 0.016160 -0.288999 -0.050292 
-0.140593 0.227416 -0.070581 -0.163706 -0.183498 0.190581 0.130083 -0.214118 -0.080874 -0.288597 0.229512 0.192406 0.023705 0.147199 0.148828 -0.113345 0.067062 -0.127622 -0.026310 0.166768 -0.094018 0.067489 -0.049508 0.154593 -0.069315 0.065738 0.075278 0.027640 -0.052272 -0.171690 -0.092572 -0.228428 -0.132387 0.164541 0.071762 -0.096185 0.088630 -0.034669 0.003845 0.047507 0.051239 0.247035 0.278606 0.010705 0.309125 -0.011098 0.009173 -0.116284 0.092274 -0.012433 
-0.138958 0.016473 0.002996 -0.035002 -0.011726 -0.023488 0.163365 -0.130369 0.333839 -0.011820 -0.274992 0.068780 -0.022003 -0.209211 0.123583 -0.026219 -0.041782 0.001375 0.058097 0.018145 -0.305973 0.090983 -0.175234 0.119884 -0.249744 0.118639 0.143811 -0.083274 0.266463 -0.090491 -0.094100 -0.033808 0.077504 -0.049744 -0.037671 0.180401 0.128845 0.133618 0.181264 0.032442 -0.334240 -0.048503 -0.065456 0.092132 -0.018905 0.184134 0.139800 0.211462 0.025337 -0.012708 
