-0.136815 -0.154800 0.194403 0.000335 -0.072916 -0.105139 0.049586 0.182307 -0.023375 -0.044615 -0.008715 0.080246 0.172457 -0.169913 -0.020554 0.126454 0.057197 -0.128036 0.215521 0.199862 -0.036046 -0.119967 0.122777 0.261880 -0.149002 0.051139 -0.162746 -0.194298 -0.072501 0.306658 0.093232 -0.042966 0.038666 -0.202180 -0.226353 0.017128 0.271956 0.186658 0.232985 0.127448 0.082928 0.189444 -0.064281 0.025040 0.066008 -0.058236 -0.094686 0.049220 -0.192871 -0.044736 
-0.152650 -0.157507 0.111050 -0.005963 0.231075 0.184945 0.269163 0.114952 0.157812 0.037571 -0.088780 -0.092560 -0.084175 -0.140217 0.082764 0.062025 -0.117150 -0.020018 0.021572 0.234451 0.000578 0.173832 0.005273 -0.032064 -0.030870 -0.008365 0.025665 -0.033107 0.403747 -0.081098 -0.077077 -0.132778 0.070158 -0.472754 0.157892 0.035472 -0.054834 -0.072288 -0.241549 0.041287 -0.002820 -0.076954 -0.141897 0.053273 -0.139663 0.115501 0.029609 0.034346 -0.010654 0.049734 
-0.118560 -0.229492 -0.138004 -0.160627 -0.235154 -0.004623 0.106481 -0.263963 0.041893 0.049485 -0.032929 0.074530 -0.094694 -0.101228 0.223696 -0.215389 -0.115935 0.079246 -0.153496 -0.047891 -0.170181 0.160058 0.112251 0.081904 -0.097717 -0.239807 0.148878 -0.046645 -0.061892 -0.028206 -0.119667 -0.230825 0.058176 -0.052648 -0.254604 -0.158042 -0.044274 -0.199854 -0.021878 0.067584 0.179583 0.093084 0.099835 -0.227995 0.107816 -0.075044 -0.173068 -0.167171 -0.084857 -0.119986 
-0.133236 -0.107564 -0.018209 -0.019654 -0.071622 -0.269756 -0.030177 -0.067331 -0.181738 0.112608 0.100572 0.081792 0.018811 -0.091093 -0.067126 -0.070513 -0.070708 0.035985 0.004242 0.180697 0.076621 0.143619 -0.351173 0.037105 -0.226937 -0.143069 -0.270518 0.083077 0.023792 -0.279371 0.001588 0.082996 -0.009513 0.010008 -0.012005 -0.041152 -0.025407 0.110128 0.059307 0.149400 0.154611 -0.027114 0.248838 0.007445 -0.021164 0.322636 0.318591 0.191964 0.034321 -0.083261 
-0.137444 -0.071480 -0.103581 0.235401 0.073027 0.216934 -0.160072 0.016920 0.091616 0.071579 -0.022760 0.048415 -0.159278 0.047631 0.018913 -0.146261 0.082612 -0.117635 0.023105 0.095958 0.060773 -0.095881 -0.096505 0.262372 -0.135075 0.047320 0.186291 -0.145780 0.055857 0.155592 -0.000099 0.236235 -0.193518 0.036026 0.133617 -0.107794 -0.218186 -0.274359 0.125636 0.297720 0.055138 -0.198418 0.115151 0.196320 0.201256 -0.082513 -0.078447 0.158496 -0.006952 -0.128066 
-0.116041 -0.083951 -0.105348 -0.016206 0.273418 0.008009 0.131235 0.291721 -0.033165 0.233620 -0.016355 0.022239 0.092817 -0.033458 0.052185 -0.121727 0.175353 -0.334303 0.022612 -0.049059 -0.136900 0.047182 0.050048 -0.233388 -0.109449 -0.030603 0.159381 -0.207192 -0.225509 -0.283896 -0.048293 -0.025747 0.231829 0.171431 0.082893 -0.094515 0.119885 0.077075 0.073834 -0.041254 -0.014237 0.021593 -0.020553 0.208294 0.125300 0.113903 -0.025309 -0.211677 0.071985 -0.134237 
-0.143895 0.023404 0.037921 0.003614 -0.154381 0.131928 0.143919 0.183063 -0.170428 0.337929 0.233879 -0.049510 -0.053840 0.108660 0.046735 0.184085 0.062975 -0.098679 0.137159 -0.126918 -0.185396 -0.129012 -0.233195 0.072448 0.245461 -0.052916 0.036100 -0.187489 0.046245 0.009249 -0.000595 0.126798 -0.222425 -0.026729 -0.120226 -0.052823 0.057355 -0.053217 -0.292575 -0.062300 0.203851 0.161760 0.173790 -0.128528 -0.115304 -0.089165 -0.004253 0.001808 0.176235 0.154211 
-0.136444 -0.087494 -0.151758 -0.027411 0.130633 0.045929 -0.301358 -0.037231 -0.104694 -0.222152 -0.175696 -0.156554 -0.006867 -0.212036 -0.092109 -0.028346 0.297442 0.172056 0.004793 0.132318 0.170012 0.019856 -0.049263 -0.125726 0.189316 -0.039712 -0.118883 -0.228367 -0.124116 -0.195972 -0.161819 0.054485 -0.100410 -0.188827 0.010700 -0.005959 -0.031220 0.069039 -0.102978 0.073169 -0.002162 0.245893 0.055907 -0.048559 -0.021649 -0.361054 0.068906 -0.095979 0.090361 -0.110846 
-0.140289 0.044548 0.104587 -0.204847 -0.257732 -0.113594 0.067280 -0.000379 0.093334 0.015503 -0.243907 0.243833 0.253480 0.061163 -0.071210 -0.071987 -0.095319 -0.273747 -0.105453 -0.306866 0.139515 0.109936 -0.086563 -0.068348 -0.127486 0.353433 0.027018 -0.123572 0.033309 -0.067046 -0.107269 0.142493 -0.022710 -0.142825 0.210740 0.049397 -0.012846 0.029670 -0.100986 -0.003908 -0.004525 -0.069928 0.091048 -0.152961 -0.030752 -0.259353 0.025042 0.096283 -0.093137 -0.073635 
-0.126483 0.063464 -0.119879 0.093115 0.164579 -0.253252 0.100776 -0.041328 0.016105 0.012632 -0.125764 -0.209389 0.167153 0.186151 0.015338 -0.025170 -0.133944 0.280458 0.080940 0.070544 0.067179 0.084481 -0.244244 -0.073141 -0.081900 -0.058644 0.123121 -0.092960 -0.092919 0.107494 0.096328 0.135822 0.076786 0.060365 -0.023816 -0.048243 0.235633 0.090041 -0.117803 0.228889 0.011326 -0.257598 0.049230 -0.039401 -0.257619 -0.079419 -0.402618 -0.096823 -0.034810 0.074208 
-0.159904 -0.118273 -0.021344 -0.079872 -0.012264 0.074767 -0.147545 -0.346019 0.074784 0.109315 -0.168383 0.010851 -0.187451 -0.004660 -0.212861 0.116347 -0.332003 -0.101709 0.238545 -0.098491 -0.047533 -0.122163 0.136981 -0.046362 0.114159 0.070664 0.010651 -0.126305 -0.020507 -0.026491 0.251578 0.100108 0.278243 -0.088854 -0.106471 0.004366 -0.123800 0.165765 0.082381 0.057274 -0.057375 0.006457 0.055974 0.048216 -0.049572 0.088367 -0.033727 -0.009622 0.401485 -0.039126 
-0.138610 0.105078 -0.119808 -0.097521 0.198847 0.106433 0.173837 0.055745 0.176633 -0.188293 0.025437 0.166734 0.180689 -0.230118 -0.212387 -0.277306 -0.176348 -0.029791 -0.002979 -0.161303 0.031062 -0.108439 -0.007075 -0.067078 0.173947 -0.188282 0.068507 -0.005684 -0.010362 0.175920 -0.170641 -0.018246 -0.223431 0.152272 -0.253222 -0.038379 0.123615 -0.005221 -0.025433 0.086235 0.038807 -0.017496 -0.144473 0.048282 -0.190236 0.087132 0.163626 0.252754 0.140859 -0.106582 
-0.155373 0.153662 0.095493 -0.043951 0.068831 -0.113467 -0.007466 -0.004759 0.150601 -0.216112 0.181937 -0.137658 -0.049693 0.100229 -0.047212 -0.064904 0.032914 -0.093016 -0.103856 0.011280 -0.351717 0.068331 -0.156101 0.030968 0.005155 0.146421 -0.091217 0.166974 0.066360 -0.167307 0.142449 -0.175856 0.120083 -0.058838 -0.175025 0.199705 0.246774 -0.260925 0.035524 0.110543 -0.082560 -0.025757 0.142306 0.175063 0.151389 -0.314128 0.019028 0.105255 0.209546 -0.036107 
-0.125313 0.050776 -0.195280 -0.212925 -0.121579 0.192179 -0.122089 -0.110053 -0.121831 0.126588 -0.082742 -0.183193 0.135291 0.124814 0.109996 -0.118496 0.164791 -0.113978 0.139294 -0.122197 0.105862 0.213377 0.072443 0.107256 -0.062413 0.074857 -0.255023 0.119812 0.124453 0.087011 0.159056 -0.283930 -0.252872 0.080653 0.070482 0.112220 0.053995 0.043458 0.020153 0.063241 0.201173 -0.052560 -0.178217 0.252769 -0.186747 0.063302 -0.054596 -0.156858 0.106812 -0.091659 
-0.153868 0.043195 0.194616 0.271915 -0.011269 0.099911 -0.004805 0.027329 0.130197 0.115577 -0.124932 0.021567 0.092667 0.107128 0.019454 -0.063314 0.034105 0.170098 -0.170267 0.057272 -0.123528 -0.125485 -0.023997 0.081162 -0.261961 0.120212 -0.225394 -0.171372 -0.159597 0.067122 -0.184879 -0.187380 0.110715 0.166887 -0.110238 0.146505 -0.298980 -0.097589 -0.046927 -0.114016 -0.146919 0.159814 0.073570 0.035071 -0.397746 0.048042 0.026295 -0.032396 0.099530 -0.064175 
-0.136853 -0.000081 0.186980 0.097461 -0.038255 -0.131864 -0.081483 0.020187 -0.116331 0.160887 -0.163200 -0.303380 0.078796 0.136488 -0.076817 -0.324594 -0.281043 0.101362 -0.113202 -0.037062 -0.237266 -0.182794 0.140172 -0.072713 0.055693 -0.147669 -0.102503 -0.045738 0.085657 -0.113977 0.041076 0.175916 -0.214762 -0.158252 0.085449 -0.159483 0.048956 -0.058541 0.219627 -0.220712 0.061215 0.009122 -0.198356 0.110867 0.057843 -0.089846 0.112120 -0.028278 -0.142191 0.031814 
-0.157922 0.232155 -0.025848 -0.162562 -0.140602 0.171345 -0.061963 0.107989 0.085005 0.073543 -0.047563 -0.075865 0.198051 -0.212325 -0.016507 0.115324 -0.043590 0.270822 0.052338 -0.071936 -0.049783 0.119441 0.231687 0.056647 0.019897 -0.173390 0.035548 -0.037973 0.099670 -0.173204 0.061240 0.060354 0.144640 0.190720 0.148650 0.042758 -0.042584 -0.000631 -0.036467 0.036373 -0.041223 0.203627 0.262808 0.241329 0.084058 0.029003 -0.194199 0.330636 -0.200329 0.149661 
-0.145988 -0.342032 0.066272 -0.036122 0.219425 0.186356 -0.104297 0.065294 -0.238325 -0.083075 0.007483 0.215672 0.150894 0.101185 -0.207607 0.082464 -0.074312 0.301093 0.247022 -0.052487 -0.103811 0.016513 0.109085 0.189919 -0.071055 0.262391 0.118069 0.171048 0.089441 -0.219110 -0.039023 -0.047957 -0.091559 0.173322 -0.001479 -0.082898 0.165612 -0.155577 -0.013900 -0.114763 -0.051869 -0.098494 0.047408 -0.168068 -0.013173 -0.000824 0.030252 -0.094839 -0.048938 -0.057029 
-0.141818 0.098276 0.028873 0.032214 0.026146 0.001685 0.154358 0.007963 -0.042467 -0.170260 0.137419 0.024595 0.103375 0.320354 -0.087688 -0.175636 0.225320 -0.100222 0.175865 0.202748 0.016774 0.342774 0.231120 -0.060679 -0.056159 -0.104242 0.010361 -0.069277 0.089116 -0.015856 0.191444 0.096387 0.041574 0.038540 -0.187741 -0.195814 -0.351516 0.116682 0.043946 -0.146123 -0.017658 -0.027826 -0.056817 -0.219931 -0.006675 -0.139156 0.015680 0.189301 0.075333 0.098765 
-0.128234 -0.059362 -0.087987 0.081565 0.031632 -0.164744 0.012592 0.167695 -0.093144 0.127497 -0.348434 -0.024846 -0.079393 -0.145161 0.126392 0.154110 0.297956 0.027824 -0.033197 -0.213129 0.099622 -0.088192 0.003010 -0.193537 -0.003616 0.019801 0.188795 0.273038 0.130555 0.007692 0.118159 -0.040974 0.024672 -0.098142 -0.253102 0.019722 -0.061744 -0.185895 0.359861 -0.068313 0.065140 -0.050145 0.085785 -0.081834 -0.206485 -0.007678 0.014408 0.200563 0.035272 0.090332 
-0.128816 -0.024644 0.236163 -0.002955 -0.042498 -0.257413 -0.134131 -0.083046 0.066206 0.079927 0.350159 0.189456 0.006450 -0.036343 0.028997 0.082814 0.118147 0.042923 -0.197616 -0.030326 0.157028 -0.106189 0.241878 0.128280 -0.040425 -0.191839 0.290501 -0.068569 0.079592 -0.206195 -0.003224 -0.150537 -0.226701 -0.078847 0.090915 0.003227 0.024223 0.214305 0.058259 0.055544 -0.123466 -0.154266 -0.006403 0.157688 -0.224674 -0.108963 -0.075753 -0.070050 0.183736 0.020543 
-0.130899 0.087312 -0.131786 0.200089 -0.339748 -0.032250 0.217064 0.038262 0.084253 -0.017766 -0.183536 0.138604 -0.017730 0.040446 -0.208229 -0.084824 0.042540 0.060595 0.106173 0.200233 0.175160 -0.015941 -0.038405 0.092121 0.264501 -0.032010 0.014983 -0.152054 -0.039971 -0.052680 0.034850 -0.329465 0.048738 0.053436 0.234601 -0.065448 0.187692 -0.183325 0.175480 -0.000401 -0.085698 -0.066536 0.039259 -0.040242 0.083736 0.048929 0.163699 -0.152316 0.107381 0.289340 
-0.145765 0.183534 0.173220 0.134862 0.080081 0.122357 0.171948 -0.122277 0.149013 0.194439 -0.051157 -0.096238 -0.153436 -0.145827 -0.184332 -0.007592 0.191795 0.188051 0.174418 -0.225273 -0.004020 -0.058835 -0.041866 0.005426 -0.256727 -0.125677 -0.071347 0.131438 -0.032695 0.005264 -0.143226 -0.080788 -0.036251 0.016868 0.046370 0.167462 0.012142 0.294801 -0.015767 -0.033681 0.147842 -0.195967 -0.069001 -0.223375 0.365437 -0.127288 0.013172 -0.035821 0.054156 -0.013004 
-0.166276 0.019730 -0.033316 -0.126728 0.083383 -0.074376 -0.032000 0.224363 -0.146075 -0.039662 -0.010131 0.082235 -0.159121 0.245896 0.317900 0.123581 -0.308972 0.117625 0.100398 0.030419 0.150462 0.071122 0.188986 -0.079296 -0.104516 -0.190553 0.054337 -0.075001 -0.167977 0.158591 -0.083100 0.011282 0.031831 0.065142 0.123657 0.388850 0.018529 -0.099557 0.037654 0.049166 0.106667 0.018286 -0.045220 -0.029422 0.081983 -0.179629 0.303557 0.054636 0.135090 0.001044 
-0.136220 0.186867 -0.002720 -0.115939 0.174643 -0.063066 -0.222315 0.035602 0.153156 -0.155448 -0.036433 -0.149155 -0.020623 0.075554 0.008156 0.134858 -0.020888 -0.064714 -0.000189 -0.179491 -0.224262 0.086900 -0.201401 0.219211 -0.006625 0.045209 0.247164 -0.129506 -0.158307 -0.094043 0.076867 -0.185409 -0.117422 -0.057693 0.097248 -0.048819 -0.174350 0.075500 0.145340 0.195051 0.027608 0.170596 -0.191370 -0.268413 -0.036384 0.255997 0.143450 -0.029961 -0.169358 0.187375 
-0.130371 0.057697 -0.286804 0.056160 -0.082565 0.157144 -0.195530 -0.030690 -0.034624 0.077169 0.134774 0.395851 0.028291 0.173599 -0.002966 -0.061807 0.074395 0.098921 0.083115 -0.033515 -0.232457 -0.143713 -0.124849 -0.397943 -0.164669 -0.144709 -0.055003 0.061977 0.097711 0.122965 0.071958 -0.065093 -0.025783 -0.282925 0.052709 0.036399 0.061851 0.074617 -0.008934 0.104431 -0.310537 0.092570 -0.059026 -0.008524 0.021319 0.022313 -0.024312 -0.008462 -0.166400 0.052420 
-0.144943 -0.006438 0.100078 -0.214590 0.066786 -0.080891 0.062660 -0.347599 -0.022296 0.152206 -0.049031 -0.155119 0.186805 0.125999 -0.137647 0.112435 0.173437 -0.195017 0.034318 0.322085 -0.016678 -0.113139 0.102981 -0.095471 0.029445 -0.079635 0.133031 0.202477 -0.200855 0.111221 -0.212936 0.056951 -0.151948 -0.030040 0.162626 0.160575 0.066348 -0.255704 -0.018234 -0.020166 -0.131266 0.127728 0.044752 -0.133869 0.050914 0.201832 -0.113961 0.143699 0.037295 -0.055135 
-0.167476 -0.123009 0.094939 0.107250 -0.167823 -0.053993 -0.223789 0.162778 0.228400 -0.111720 -0.059830 -0.058502 -0.015735 0.280351 0.053324 0.085027 0.138139 -0.047807 0.037005 -0.164190 -0.068497 0.133546 0.179244 -0.007256 0.269772 -0.095865 -0.167835 0.134779 0.056768 0.051504 -0.443609 0.152061 0.121177 -0.033378 -0.132892 -0.085922 0.076857 0.091438 -0.052978 0.180496 -0.015653 -0.194272 0.090398 0.039879 0.045131 0.243263 0.025644 -0.093730 -0.025643 -0.005695 
-0.160513 -0.088361 -0.161718 -0.003587 0.005213 0.038043 -0.108073 -0.148106 0.127662 0.090077 0.013719 0.117265 -0.156661 0.126417 -0.173158 0.231933 0.128998 0.111990 -0.433433 0.129182 -0.022324 0.098047 0.040218 -0.081472 -0.039348 0.166209 0.002222 -0.189521 -0.003842 0.039816 0.034067 0.063498 0.075105 0.117562 -0.063173 -0.029448 0.252301 0.025566 -0.081798 -0.182663 0.350706 -0.031623 -0.295730 0.072177 0.041585 0.044454 0.045245 0.230175 -0.069083 0.098385 
-0.147555 -0.240243 0.140947 0.112388 0.152363 -0.215355 -0.062028 0.030240 -0.074552 -0.011873 -0.041304 0.103163 0.056314 -0.061653 0.031762 -0.117231 -0.080533 -0.014349 -0.074024 -0.017122 0.014456 0.036519 -0.025919 -0.234930 0.277911 0.143460 -0.080462 -0.093583 0.019527 0.109878 0.152329 -0.270068 -0.246138 0.132845 -0.063432 0.244935 -0.258924 0.087771 -0.169823 -0.001172 0.044555 -0.037493 0.120875 0.047152 0.332964 0.141163 -0.225021 0.038610 -0.073358 0.167381 
-0.146609 -0.052610 -0.120857 -0.058486 0.008176 -0.193407 -0.101896 0.147809 0.222494 0.020628 0.086427 0.150971 0.194989 -0.094276 0.043910 0.015786 0.046670 -0.018660 0.077593 0.018439 0.036067 -0.309453 -0.012427 0.151659 0.089357 -0.140763 -0.237045 0.237813 -0.129583 -0.127050 0.198728 0.078058 0.224553 -0.006969 0.137107 -0.026589 -0.233378 -0.228697 -0.226639 -0.037526 0.197884 -0.093105 -0.317065 -0.107265 0.007065 -0.078679 -0.107547 -0.051819 0.020642 -0.016239 
-0.131084 -0.146730 0.013948 -0.130622 0.105929 0.005140 0.187153 -0.118049 0.156785 -0.378394 -0.001084 0.028396 -0.298209 0.204607 0.088590 -0.041278 0.022881 -0.101928 0.147726 -0.093919 0.115926 -0.297288 -0.078437 -0.059219 -0.153885 -0.045754 -0.118594 0.067061 -0.009205 -0.085799 -0.075342 -0.024051 -0.072971 0.067441 0.153083 -0.139291 0.029490 0.083046 0.059830 -0.203535 0.182953 0.190227 0.214233 0.200967 -0.119641 -0.010009 -0.147521 0.011814 -0.143732 0.213154 
-0.142268 0.264665 0.045727 -0.132739 0.146882 0.074322 0.041930 0.131758 0.103320 0.091987 0.249082 0.069041 0.001131 -0.070563 -0.041367 0.055350 -0.106954 0.184219 -0.157036 0.097237 0.061089 0.077212 0.122384 -0.205131 0.091885 0.274451 -0.142332 0.146284 -0.132241 0.197913 0.020866 0.014199 -0.056264 -0.166234 0.123950 -0.288691 -0.090431 -0.036591 0.262579 0.048024 0.225527 0.020479 0.269427 -0.067037 -0.005273 0.042522 -0.049984 -0.249044 0.081155 -0.086829 
-0.142111 -0.178864 0.008989 -0.241636 -0.135001 0.140482 0.182051 -0.073634 -0.061730 -0.099099 0.198146 -0.155870 0.160997 -0.064955 0.166500 0.151081 0.020903 0.089418 -0.101149 0.035034 -0.025077 -0.174827 -0.221712 -0.143667 0.074877 0.064332 -0.100911 -0.175246 0.254520 -0.028977 -0.155236 0.102900 0.088820 0.252383 0.019805 0.065154 -0.162197 0.033510 0.383850 0.125531 -0.141028 -0.143652 -0.221885 -0.088846 0.074881 -0.049997 -0.039884 -0.063627 0.052206 0.047327 
-0.137960 0.192250 0.263516 0.037538 0.223024 0.074301 -0.041600 -0.320387 -0.254967 0.012495 0.130050 0.163374 0.045737 -0.020740 -0.006296 -0.133978 0.125521 -0.041432 0.017541 -0.188312 0.188472 0.066092 -0.098334 0.081223 0.194461 -0.108835 0.024831 -0.116886 0.066892 0.082084 0.002482 0.107011 0.352336 -0.082283 -0.071751 0.157232 0.026352 -0.222553 0.052861 -0.035002 0.116126 -0.011644 0.005099 0.115613 -0.068836 0.049488 0.090565 -0.197518 -0.290212 0.086988 
-0.151704 0.228285 -0.154621 0.282997 -0.036898 -0.156192 0.150112 -0.163547 0.055527 -0.090685 -0.134820 0.199683 0.024801 -0.071931 0.153365 0.147547 -0.054466 -0.047478 0.093048 0.215061 -0.234384 0.032513 0.029993 0.035146 0.140112 0.106033 0.156094 0.156117 0.237811 -0.106587 -0.049129 0.204907 -0.131642 0.162780 0.003877 0.175527 -0.068750 0.175361 0.030731 -0.034047 0.153535 0.193684 -0.039753 0.084963 -0.037867 -0.043898 0.042000 -0.248414 -0.089045 -0.241525 
-0.141726 -0.089178 -0.070175 0.029614 -0.087241 -0.002514 0.066222 0.214579 -0.324248 -0.171778 0.030327 -0.071700 -0.232661 -0.090907 -0.365837 -0.174012 0.031940 -0.127876 -0.318949 -0.052208 -0.123622 -0.007582 0.128532 0.098059 -0.066638 -0.077074 0.021241 0.159604 0.105988 0.161815 0.046934 0.123727 0.142844 0.082365 0.249825 0.205845 -0.019686 0.093537 -0.042766 0.176469 0.024774 0.121217 0.016995 -0.168075 -0.151650 0.048438 -0.153931 -0.114871 0.056224 0.055122 
-0.134275 0.102797 -0.268006 -0.042825 -0.087804 -0.222886 0.050122 0.042451 -0.049650 0.044828 0.231516 -0.322411 -0.041987 0.092813 -0.151212 -0.058126 -0.012919 0.061403 0.099015 -0.026946 0.223284 -0.316714 0.160927 -0.027060 -0.084811 0.276878 0.181431 -0.073456 0.170239 0.020603 -0.079731 -0.171216 0.137549 -0.031765 -0.181023 -0.014946 -0.113640 -0.004353 -0.215440 0.031771 -0.030244 0.021961 0.048259 0.052282 0.089317 0.074458 0.193766 -0.024936 -0.237768 -0.175869 
-0.128198 0.148224 -0.146890 0.195972 -0.107365 -0.002815 0.046358 -0.016575 -0.093340 -0.251526 0.166207 -0.067994 -0.127164 -0.206599 0.027721 0.166174 -0.058750 -0.090040 0.083233 -0.144352 -0.015988 0.082398 0.161119 -0.069163 -0.103795 0.009302 -0.206642 -0.266979 -0.172979 -0.179419 0.034730 0.103358 -0.207762 -0.130620 -0.018204 0.145503 0.069208 -0.249148 0.038990 -0.213284 -0.093576 -0.268336 -0.014437 -0.118690 -0.062939 0.241566 -0.210314 0.030288 -0.057638 -0.137086 
-0.128242 0.131293 0.087360 0.029057 0.013751 -0.066177 -0.160127 -0.088075 -0.216372 0.076841 0.026788 0.010914 -0.251526 -0.183894 0.245830 -0.121999 -0.018549 -0.112651 0.155278 0.116521 -0.178840 -0.038003 0.032391 -0.039324 0.184640 0.152242 -0.062093 0.026482 -0.029267 0.084222 -0.153091 -0.235448 0.164903 0.183833 0.235157 -0.262187 0.093646 0.120351 -0.052073 0.004967 -0.043809 -0.177835 -0.063799 -0.144143 -0.185368 -0.140199 -0.025036 0.340052 -0.105050 -0.088303 
-0.139306 0.030531 0.060699 0.046927 -0.265286 0.212917 -0.110607 0.082322 -0.215065 -0.172088 0.012036 -0.061560 0.117609 -0.072737 -0.147579 0.143742 -0.185231 -0.115377 0.006105 0.159226 -0.004789 0.033297 -0.232395 -0.086280 -0.060258 -0.050078 0.282317 0.233012 -0.289981 0.012026 -0.161968 -0.132912 0.062011 -0.127054 -0.130138 -0.031843 -0.200494 0.103360 -0.022158 -0.173450 0.148422 -0.202192 -0.072222 0.290705 0.007077 -0.094019 -0.055312 -0.032768 -0.035558 0.086631 
-0.141362 0.033731 0.125492 -0.070739 -0.133019 0.117836 -0.176491 0.210199 0.161800 0.027903 0.058243 -0.012622 -0.156029 0.088163 0.107132 -0.290311 -0.024689 0.095124 0.015175 0.109632 0.270030 0.040474 -0.266979 0.071211 0.128247 0.033608 0.177115 0.053823 0.060422 -0.057868 0.076699 0.059750 0.061970 -0.022742 -0.046381 0.164240 0.151113 0.103429 0.104030 -0.314782 -0.083883 0.175443 -0.080157 -0.159242 0.048390 0.190911 -0.246411 0.060313 0.058961 -0.313970 
-0.149412 -0.070477 0.102777 0.428145 -0.066319 0.030185 -0.064440 -0.127870 -0.016294 -0.073958 0.167458 -0.134608 0.166317 -0.117361 0.178943 0.017601 -0.123234 -0.075471 0.008898 -0.170447 0.248159 0.099620 0.028341 -0.156721 -0.187743 0.110398 0.048897 0.155875 0.030223 0.018620 0.002502 0.039429 0.037832 0.078711 0.062812 -0.225586 0.156389 -0.109111 -0.092511 0.136044 -0.016432 0.384964 -0.192145 -0.051137 0.116914 0.027937 0.007372 0.033936 0.221466 0.157922 
-0.132435 0.091162 0.168867 -0.177280 -0.026747 -0.237669 -0.042531 0.053408 -0.069656 -0.137625 -0.169433 0.037091 -0.096447 -0.074871 -0.092144 0.243778 0.082173 0.064853 0.011012 -0.086389 -0.051180 0.097017 -0.177674 -0.025489 -0.132848 -0.204281 0.002837 -0.109652 0.206030 0.331380 0.093519 -0.037091 -0.025571 0.142644 0.081048 -0.323227 -0.041455 -0.159018 -0.170671 -0.206483 -0.186433 0.029392 -0.043953 0.146438 0.142206 0.051690 0.040766 -0.154715 0.128918 -0.253241 
-0.144594 -0.141755 -0.296349 -0.067331 0.106563 -0.174420 -0.106756 -0.022634 0.178121 0.205809 0.164783 -0.070710 -0.055462 -0.244392 -0.011194 -0.091228 -0.071540 -0.078113 0.078255 -0.000787 -0.018706 0.255204 -0.062992 0.203425 -0.045748 0.081768 -0.039960 0.089816 -0.015529 0.216111 -0.172969 0.163261 -0.031834 0.023977 -0.028198 0.068362 -0.022037 0.031712 0.071965 -0.344377 -0.285190 -0.000777 0.044962 0.058691 -0.032021 -0.140218 0.074566 -0.122619 -0.029951 0.352179 
-0.139812 0.182259 -0.229448 0.010383 0.185654 0.072990 0.089044 -0.059153 -0.270379 -0.103354 -0.157889 0.051964 0.196740 0.099108 0.282646 0.012617 -0.010119 0.000580 -0.308301 -0.031461 0.030817 -0.196931 0.026466 0.362137 0.020909 0.022363 -0.070260 0.033366 0.014245 0.013377 -0.052827 -0.012843 0.068817 -0.205751 -0.032762 -0.119956 0.046854 0.218428 -0.067351 -0.162398 -0.133453 -0.069668 0.112028 -0.026048 0.248114 0.124112 -0.038930 0.083931 0.235179 0.071747 
-0.154844 -0.072668 0.073736 -0.083967 -0.087330 -0.033613 0.382953 -0.020193 -0.112503 0.071776 -0.019614 0.073348 -0.258443 0.039524 0.045089 -0.026464 0.103766 0.237699 -0.014500 -0.123161 0.024623 0.125092 -0.007720 0.101515 0.154934 0.176019 -0.036365 0.159172 -0.377467 -0.076649 0.088188 0.156838 -0.087798 -0.083524 -0.058090 -0.073257 -0.095613 0.029869 -0.073685 0.201028 -0.290507 0.096902 -0.271050 0.265743 0.016246 0.012784 0.025569 0.075051 -0.096300 -0.054520 
-0.148429 0.181169 0.186278 -0.204214 -0.069579 0.168873 -0.126596 0.044890 0.043917 -0.019166 -0.179696 0.015613 -0.136089 -0.160714 0.162290 -0.106209 0.016066 -0.115907 -0.078895 0.261268 0.072624 -0.163110 0.108904 -0.098306 -0.170940 0.065401 -0.002604 0.053040 -0.005266 -0.103350 0.192312 0.188581 -0.128198 0.189066 -0.273819 -0.031853 0.124498 -0.012490 -0.226830 0.125951 -0.132110 -0.158107 0.035105 -0.105831 0.000537 0.067316 0.150402 -0.250256 -0.079633 0.277923 
-0.119497 -0.284315 0.015461 0.101700 -0.095548 0.153005 0.077960 -0.102044 0.168476 -0.143673 0.083478 -0.191476 0.183238 -0.075605 0.177436 -0.030113 0.147826 0.068883 -0.071753 -0.065707 -0.127143 -0.025318 0.013357 -0.040892 0.089330 -0.045669 0.151506 0.023234 -0.169901 0.206260 0.381218 0.050637 0.043487 -0.015139 0.214410 0.052541 0.071939 0.137741 -0.087285 -0.134347 -0.006077 -0.150948 0.248076 -0.037915 -0.084770 0.025168 0.372976 0.006458 -0.096910 -0.174695 
-0.148509 -0.038491 -0.056156 0.134076 0.149482 0.164561 0.043512 0.015142 0.051452 0.160698 -0.016101 -0.069187 -0.048693 0.133538 -0.121064 0.301263 -0.226556 -0.279000 -0.214792 -0.011109 0.256138 0.046863 -0.045435 0.047105 0.120778 -0.245866 -0.191419 0.127862 0.007049 -0.088941 0.129501 -0.161427 -0.056264 0.151038 -0.088419 -0.082225 0.018199 0.054384 0.054554 0.039034 -0.228929 0.031858 0.068172 -0.127060 -0.018172 -0.229253 0.005378 -0.022524 -0.317461 -0.203847 
