-0.128868 -0.134706 0.147967 -0.073726 -0.081908 -0.156874 -0.035978 0.039079 -0.210315 0.038517 -0.024660 0.102952 -0.246491 0.091492 0.079088 0.040596 0.070188 -0.051961 0.083357 -0.042287 -0.063767 0.037954 -0.077052 0.168110 -0.031904 -0.261997 -0.059532 -0.111488 0.057354 -0.343730 0.185280 -0.189923 0.080579 0.150484 -0.253697 0.061523 -0.114213 0.003968 -0.277147 0.001092 -0.067244 -0.187336 -0.140964 -0.117916 0.234191 0.234398 -0.046560 0.091079 0.128532 0.197387 
-0.128163 -0.130029 0.343839 0.000102 0.141077 0.113138 0.076044 0.084818 0.074054 0.133300 0.114880 -0.033352 0.250951 -0.117238 -0.026495 -0.033900 -0.134097 0.327256 0.092960 0.001366 0.195248 0.071429 0.096757 0.038756 -0.178148 -0.057540 -0.173042 -0.074438 -0.122575 -0.114316 -0.043759 0.315596 -0.152426 0.011699 -0.041174 0.050236 0.014224 -0.138216 0.045822 0.070011 0.102888 -0.042240 -0.121550 -0.031079 -0.104772 0.384534 -0.137772 0.099397 0.033309 -0.166900 
-0.146418 -0.066186 0.030376 0.206427 0.066656 0.120916 -0.397480 -0.023171 0.037153 0.087680 -0.037536 -0.164709 -0.038166 0.010237 0.206503 -0.159009 0.085709 -0.058172 -0.067802 -0.173824 -0.166007 -0.002493 -0.122824 0.039662 0.206636 -0.232645 -0.189003 0.300150 -0.085602 -0.203196 0.016653 0.102885 -0.000514 -0.170696 0.064699 -0.118192 -0.050410 0.178437 -0.158708 -0.009867 0.133788 0.019873 -0.036174 0.146102 -0.285966 -0.007782 0.112932 0.072362 -0.146992 -0.068853 
-0.138198 -0.030166 0.069556 -0.181188 -0.264859 0.046701 0.088027 -0.097206 -0.026492 0.394582 -0.167609 0.062744 -0.050454 0.072282 -0.159805 -0.284170 -0.144255 -0.221651 0.064318 -0.014603 -0.167325 0.049091 -0.056598 -0.143354 -0.023954 0.143884 -0.003265 -0.059238 -0.128292 -0.150154 0.066031 0.114277 -0.195722 0.103440 -0.058049 -0.164028 0.179286 0.135675 0.247142 -0.120707 -0.032168 0.010530 0.181077 -0.048101 -0.044475 -0.051962 0.037521 0.295600 0.032187 0.066371 
-0.122140 -0.020402 -0.104926 0.209520 -0.287795 0.177871 -0.053497 -0.086907 0.103733 0.006495 -0.208970 0.161342 0.163159 -0.066701 0.214827 0.142258 -0.168903 -0.049482 0.032852 0.033414 0.181471 0.187912 -0.132110 0.017698 -0.020844 0.216436 0.298404 -0.148031 0.102068 -0.140171 -0.061804 0.130994 0.087856 -0.239032 0.077485 0.058774 0.089401 -0.042699 -0.273802 -0.013879 -0.089399 0.076201 -0.085887 -0.039976 0.026400 0.143229 0.289717 0.057192 0.070357 0.054984 
-0.151898 -0.092819 -0.162144 -0.154012 0.191819 0.043920 0.155567 0.145004 -0.021918 -0.125275 0.187501 -0.109048 0.214443 -0.028295 0.064160 -0.079257 -0.096014 0.014211 0.121213 -0.074614 0.137657 -0.294293 0.082074 0.102081 -0.069169 -0.064664 0.015094 -0.059876 -0.063319 -0.041761 0.003167 -0.092164 0.179379 0.115117 0.122194 -0.070462 0.082753 0.318819 0.025402 -0.196156 -0.196001 -0.029473 0.047070 0.308613 0.058179 0.103779 0.350584 0.169298 0.011034 0.137773 
-0.154713 0.131666 -0.045474 -0.077928 0.142752 0.148294 -0.134516 -0.004688 0.444089 0.119375 0.047611 0.029065 0.030100 0.070713 0.087479 -0.086824 0.040885 -0.009729 0.148570 -0.150670 0.104759 0.105252 -0.101141 0.013904 -0.042039 -0.244986 0.161153 -0.190485 -0.028215 0.092730 0.182426 -0.259035 -0.134188 0.221716 0.250085 0.145743 -0.079450 -0.083933 -0.063703 -0.183408 -0.029967 0.017131 0.020245 -0.261982 0.026173 -0.151548 -0.054881 0.077309 -0.065171 -0.180201 
-0.121946 0.028115 -0.028123 -0.168016 0.330187 0.058078 -0.251968 0.187358 0.019974 0.045446 0.298601 0.111850 0.057093 -0.068246 -0.024320 0.236972 -0.022264 -0.228048 -0.108032 -0.101123 -0.064782 0.044196 -0.014200 0.128795 -0.092923 0.067610 -0.022780 -0.063327 0.192396 -0.153309 -0.009134 0.150683 -0.110958 -0.168466 -0.178591 -0.052242 0.037000 -0.152746 0.099612 -0.014380 0.207146 0.183267 0.200452 -0.077937 0.103461 -0.183166 0.119387 0.013312 0.236576 0.172038 
-0.140572 -0.014445 -0.144419 -0.176123 -0.041954 -0.342827 0.101308 0.194855 -0.008971 -0.111300 -0.040210 -0.020546 -0.143176 -0.033053 0.126628 -0.355776 -0.120132 0.056207 0.093632 -0.085758 -0.070985 0.007551 0.159969 0.036621 -0.003243 0.020816 -0.181265 -0.076521 -0.014197 -0.072708 -0.018088 -0.085260 -0.090073 -0.387182 -0.018334 0.337904 0.127796 -0.120866 -0.031805 0.115505 -0.127636 0.213728 -0.046063 -0.103013 -0.089486 -0.096036 0.120419 -0.020886 0.016229 -0.197422 
-0.145221 0.022796 -0.087525 0.265783 -0.001800 0.021106 0.156623 0.069690 -0.027277 0.135664 0.115664 0.095320 -0.042506 0.055690 -0.037779 0.104797 -0.083758 -0.092627 -0.044269 0.030040 0.051997 -0.283627 0.048355 0.303765 0.041644 0.277346 -0.148873 -0.246473 -0.264593 -0.062307 -0.106852 -0.000962 0.129488 0.171853 -0.111569 0.028679 -0.032168 0.122830 -0.273348 0.037538 0.133840 0.013866 0.030221 -0.193901 -0.245355 -0.243093 -0.136844 0.001701 -0.111441 -0.096698 
-0.139768 -0.005738 -0.053747 0.045738 -0.122661 -0.058720 -0.003219 0.129037 0.044529 -0.182729 -0.055097 -0.270458 0.159345 -0.172975 -0.076539 0.050742 0.070131 -0.033739 -0.029945 -0.061639 -0.259130 0.076135 -0.286531 0.113007 0.051590 0.093823 -0.216321 0.047402 -0.244876 0.101074 -0.282092 0.057214 -0.101560 0.057847 0.004186 -0.028151 -0.031744 -0.113731 0.020433 -0.382174 -0.169477 -0.159247 -0.046526 -0.249402 0.162439 0.064954 0.051840 -0.147987 0.154689 0.020831 
-0.140470 -0.194961 0.067427 -0.090219 0.245270 -0.153150 -0.119566 -0.227631 -0.110811 -0.018403 -0.090585 0.184502 0.079649 -0.215185 0.331307 -0.063935 0.033175 0.143487 -0.045996 0.006088 -0.073254 -0.163067 0.062200 -0.074732 -0.050135 0.123036 0.187716 0.037014 -0.165883 -0.014248 -0.001349 0.037620 -0.251490 0.150855 0.084371 -0.208734 0.001299 0.018028 -0.051812 0.160326 -0.268795 0.072511 -0.021834 -0.191578 -0.047029 -0.107919 -0.056841 -0.230946 -0.056576 0.236883 
-0.140162 0.203926 0.095943 0.216564 0.215719 -0.168126 0.029003 0.000755 -0.172928 -0.110257 -0.158892 0.074147 0.089707 -0.187345 -0.087465 0.021125 -0.089995 -0.274270 0.076935 -0.069299 -0.012846 0.005459 0.074786 -0.100929 0.121599 -0.031295 -0.143477 -0.065532 0.172254 0.039122 0.240530 0.249267 0.137731 0.076944 0.237871 0.100509 0.009670 -0.113181 0.100002 0.140582 -0.060658 -0.390850 0.058694 -0.153305 0.003078 -0.045688 0.156307 0.105185 -0.160425 -0.012508 
-0.151897 -0.045693 0.083011 0.022083 -0.131302 -0.075124 -0.229545 0.269117 0.117007 0.022283 -0.346131 0.201151 0.248251 0.080899 0.052903 -0.011827 -0.065949 0.041204 0.019490 -0.167851 0.061750 -0.150810 0.090194 0.138348 0.120739 -0.048213 0.087747 0.113249 -0.126745 0.247267 0.029193 -0.113685 0.102833 0.071297 -0.305869 0.025680 0.206895 0.024019 0.214772 0.115644 0.246027 -0.048178 -0.012959 0.044294 0.228865 0.004652 0.023651 -0.137831 -0.085307 -0.009074 
-0.131977 0.063960 -0.037517 0.057737 0.224596 0.331685 0.069624 0.034799 -0.125563 0.054633 -0.024148 0.153559 -0.014921 0.101965 -0.062775 -0.114622 0.061260 -0.001865 0.335683 -0.068832 -0.273541 0.012548 0.055412 -0.070799 -0.205049 0.309922 0.077136 0.246862 0.027663 -0.174905 -0.129597 -0.105237 -0.011383 -0.074541 0.045899 0.249820 -0.029104 -0.054443 -0.041559 -0.109648 0.076813 -0.133760 -0.107130 0.146930 0.184393 -0.000212 -0.119760 -0.166698 -0.214790 0.035728 
-0.145579 -0.053797 -0.116874 0.023175 0.172659 -0.047096 0.087159 -0.093160 0.165502 -0.071163 -0.327220 -0.155690 0.061455 0.257449 -0.051260 0.175041 -0.367299 0.013062 -0.076804 -0.060760 -0.164234 -0.055712 0.043801 -0.134394 -0.121873 -0.119914 -0.044163 -0.026088 -0.077044 0.043714 -0.113771 -0.050468 0.014098 -0.073149 -0.124654 -0.074032 -0.320249 -0.275127 -0.126851 0.095403 -0.095722 0.053033 0.215196 0.164553 -0.004184 0.006783 -0.119831 0.209069 -0.064875 0.136650 
-0.149263 -0.063245 -0.258770 -0.067839 0.043982 0.005011 -0.048012 -0.036648 -0.210950 -0.054725 -0.255087 -0.120425 0.061090 0.073235 -0.071895 0.167658 0.179299 0.236517 0.069254 0.078412 0.147463 0.117911 -0.260400 0.038189 -0.231019 -0.208072 -0.045045 -0.147329 0.058781 -0.076954 -0.110901 0.176590 -0.013296 -0.059046 0.000403 0.153444 0.112092 0.278203 0.196836 0.083017 0.054088 -0.015761 -0.131603 -0.060936 -0.013367 -0.326694 -0.147606 0.114119 -0.112257 0.092576 
-0.138246 0.198935 -0.041297 -0.085579 -0.204098 -0.132519 -0.087583 0.010910 -0.206737 -0.040914 0.150118 0.147679 0.096684 -0.123659 0.052189 -0.134576 -0.136429 -0.077626 0.092406 0.121204 0.093800 -0.073508 0.149783 0.020801 0.233167 -0.205910 0.160319 -0.006205 0.089266 0.147839 -0.284340 0.174377 -0.249322 -0.019114 0.041569 0.040783 -0.230140 -0.013360 -0.157843 -0.236483 0.159502 -0.013086 -0.086454 0.159129 0.081788 -0.083205 -0.251819 0.172899 -0.068268 0.112386 
-0.137077 -0.117561 0.262504 -0.066103 0.028390 -0.005659 0.061110 0.078136 0.018172 -0.137181 -0.036933 -0.149510 0.091826 -0.005487 -0.232849 0.036880 0.199383 -0.321807 0.047192 0.057976 0.055584 -0.128828 -0.111721 -0.157297 -0.177131 -0.025270 0.229131 0.038727 0.037151 0.238077 0.071147 -0.054096 -0.275042 -0.112256 -0.227132 0.132008 0.121960 0.107070 -0.336314 0.054548 -0.018925 -0.123406 -0.008410 0.070778 -0.299368 -0.023473 0.046603 -0.036577 0.057936 -0.035486 
-0.131242 -0.233411 -0.182993 -0.172421 0.018850 -0.113382 0.152785 -0.228667 0.034954 0.096469 0.091818 0.132517 -0.170102 -0.064301 0.256471 -0.009149 0.190223 -0.038359 0.176498 0.030867 0.133583 0.022495 -0.253138 0.117560 -0.043437 0.050598 -0.029115 0.137584 -0.105196 0.215733 -0.046696 0.082650 0.136328 -0.037937 -0.032884 -0.098580 0.030974 -0.339498 0.005332 0.044036 0.185498 -0.304304 0.141197 0.194177 -0.017639 -0.049681 0.050957 0.112187 0.064217 -0.167888 
-0.153249 0.343024 -0.001268 -0.137621 0.087070 -0.057017 -0.102042 0.114178 -0.091039 0.096371 -0.102993 0.042131 0.103813 0.014647 -0.134552 -0.049128 0.220258 0.149994 -0.146610 -0.017151 0.023661 -0.245268 -0.175615 -0.102015 0.077477 0.078385 0.060957 0.031719 0.139802 -0.135317 -0.125906 -0.064093 0.206145 -0.038099 0.096610 -0.231762 0.260960 -0.144233 -0.205853 0.063368 -0.192970 0.053944 0.063120 0.027949 0.062215 0.099487 -0.256706 0.159403 0.124238 -0.258840 
-0.136639 -0.023698 -0.171646 -0.128247 -0.223026 0.305362 -0.082198 0.113292 -0.039677 -0.241702 0.051390 0.041966 0.068123 -0.017549 0.024474 -0.055121 -0.008098 0.215560 0.072768 0.028899 0.056256 -0.094274 0.089457 -0.336977 0.135441 0.042971 -0.009625 0.093788 -0.051829 -0.138316 0.288258 0.124487 0.154280 0.073163 -0.193697 0.073284 -0.246619 -0.045556 0.025440 -0.021472 -0.041620 -0.153241 0.146771 -0.097509 -0.185734 -0.175437 -0.064884 -0.088338 0.304413 -0.035649 
-0.149289 -0.113568 -0.009713 -0.054361 0.021479 0.086502 0.024266 0.141319 0.166277 -0.058662 -0.202148 -0.167335 -0.183059 -0.371177 -0.034017 -0.060515 -0.073560 -0.065157 0.136526 0.434122 -0.072346 -0.042149 -0.067572 0.077495 0.078700 -0.064312 0.036678 -0.205965 0.208406 -0.183280 0.028273 0.012087 0.008933 0.092762 -0.026440 -0.172217 -0.047591 0.019918 0.017266 0.021434 0.109178 0.100443 0.188606 0.148991 0.098520 0.044975 -0.050708 -0.297144 -0.188995 -0.173911 
-0.148018 0.109432 0.129969 0.032882 -0.017238 0.018085 -0.020630 -0.313553 0.028143 -0.215859 0.202921 -0.082086 0.172422 0.165036 0.180660 -0.288973 -0.029651 -0.064623 0.018857 0.026963 -0.314050 0.126471 -0.010312 -0.108470 -0.150127 -0.048784 -0.036116 -0.257991 0.162144 0.136718 -0.116058 0.102121 0.311259 0.201383 -0.215150 -0.070089 0.144289 0.020128 -0.023555 0.078008 0.110036 0.119089 -0.161596 0.018930 0.019323 -0.063454 0.010966 -0.068341 0.061598 -0.061804 
-0.122350 0.034942 -0.120913 -0.141730 -0.149897 -0.076389 0.044648 0.070334 0.296498 -0.121253 -0.008310 0.178336 0.088904 0.164755 -0.088398 0.044692 0.201444 -0.079419 -0.116969 0.021838 -0.129941 0.072058 0.276396 0.203580 -0.168340 0.065653 -0.054244 -0.085373 0.022748 -0.073865 0.198877 0.115629 -0.076000 -0.211892 0.126677 -0.387325 -0.133968 0.061141 0.033659 0.004684 -0.062461 -0.230670 -0.321051 0.103695 -0.047616 -0.024367 -0.091469 -0.064583 -0.062301 -0.044436 
-0.146377 -0.023398 -0.296296 -0.210263 0.137084 0.081900 0.119579 0.015836 0.059160 0.043488 0.102638 -0.053154 -0.176750 0.119781 -0.177136 0.027741 -0.199648 0.008509 -0.112537 0.004258 0.102837 0.240319 0.145203 -0.111546 0.238480 -0.149477 0.065854 0.192071 -0.009541 0.038396 -0.089007 0.134861 0.052778 0.097878 -0.083739 -0.102617 0.372341 -0.023859 -0.210103 0.001397 0.030579 -0.102981 -0.115810 -0.228022 -0.057030 0.132464 0.030736 -0.193226 -0.192397 0.143517 
-0.129724 0.006495 -0.090920 0.188990 0.039281 -0.023164 -0.000994 0.229316 0.048683 0.204822 0.124383 0.063319 -0.017897 0.068973 -0.282667 -0.333105 0.251080 0.121904 0.001862 0.069168 -0.049894 0.126669 -0.177820 0.052693 0.119898 -0.026107 0.143675 -0.160317 -0.116588 0.178535 -0.010865 0.134875 0.084850 -0.001210 0.052229 0.054518 -0.248683 -0.080871 0.015140 0.310882 -0.110155 0.088882 0.045029 0.109371 -0.017931 0.089947 0.124932 -0.082778 0.051002 0.343923 
-0.116318 -0.111674 0.116562 0.025800 -0.122000 -0.310127 -0.171186 -0.104327 0.032249 -0.008134 0.141390 -0.070601 0.012115 0.004419 -0.231030 0.164976 0.045827 0.243887 0.053424 0.238313 -0.232980 -0.129974 0.122944 -0.072321 -0.096759 -0.027159 0.247978 0.034993 -0.173956 -0.105105 0.136015 -0.030825 0.240185 -0.098825 0.197051 0.084519 0.126041 -0.165810 0.002055 -0.241597 0.255765 0.052687 0.059590 -0.103115 -0.074999 -0.016842 0.124832 0.086647 -0.135103 0.102590 
-0.133746 -0.049406 -0.046324 0.143854 -0.031754 -0.020132 -0.201878 -0.008966 -0.113604 0.005583 0.196858 -0.270485 -0.048694 0.341961 0.046787 0.084258 -0.160126 -0.059844 0.337454 0.138069 0.040082 -0.074284 0.058628 -0.026570 0.092967 0.062252 0.078474 -0.048479 -0.026366 0.045443 -0.094883 -0.126192 -0.170281 -0.166828 0.197087 -0.192466 0.021846 0.135587 0.120257 0.307408 0.015482 -0.183564 0.074423 -0.169317 0.157918 0.105487 -0.050562 -0.061108 0.224857 -0.131897 
-0.136985 -0.060130 0.270313 0.076782 -0.047777 -0.031284 0.101264 0.181685 -0.085438 0.128116 0.016087 -0.145739 -0.108474 0.018065 0.080349 0.075457 -0.213793 0.214756 -0.000819 -0.126780 -0.125833 0.282665 0.069310 0.324274 -0.009506 0.023828 0.211651 0.155405 0.213109 0.145813 0.096500 0.076545 0.112200 0.051442 0.095969 -0.023530 0.096634 0.045177 -0.044068 -0.099799 -0.236593 -0.071707 0.127722 0.168631 -0.109574 -0.305349 -0.165555 -0.058429 0.164168 -0.021543 
-0.148994 -0.202431 -0.139495 0.225355 0.066598 -0.087855 0.101942 -0.169696 0.260812 -0.148921 0.064582 -0.089939 0.033079 -0.150867 0.009327 -0.030361 0.115757 -0.192422 -0.034368 -0.113749 0.028930 0.001545 0.044028 0.026277 0.234071 0.112115 0.093262 0.045816 0.052999 -0.106688 0.111485 -0.039820 0.059849 -0.057813 -0.011643 0.202825 0.170040 0.079894 0.207165 -0.017081 -0.009602 0.090555 -0.006237 0.051274 -0.005763 0.178981 -0.516567 0.146002 0.142087 0.188300 
-0.148954 -0.022549 -0.165323 0.104463 0.096319 -0.070756 -0.034160 0.092155 -0.328521 -0.102361 -0.050613 0.036964 0.040502 0.234358 0.094973 -0.042278 -0.023048 -0.130441 -0.417185 0.137218 0.030480 0.181037 -0.017340 0.015503 -0.058463 0.008804 0.188706 -0.076404 -0.150661 -0.136664 0.079557 -0.082534 -0.179177 0.251660 0.108666 0.130974 0.016427 -0.146014 0.166441 -0.124545 0.104523 -0.001399 0.012884 0.219902 -0.143650 0.163865 0.031681 -0.120143 0.088872 -0.248624 
-0.134257 -0.152665 0.094014 -0.110137 -0.087676 -0.092920 -0.283131 0.151148 0.067188 0.173821 0.093038 -0.227398 -0.050360 0.036340 0.188035 0.036676 0.163977 -0.010465 -0.214110 0.042158 0.198735 0.156007 0.175697 -0.284010 -0.024946 0.361951 -0.186458 -0.148324 0.141631 0.077825 -0.130266 -0.076786 0.087234 0.070086 -0.030949 0.127581 -0.084637 0.028794 -0.027207 -0.052276 -0.105116 -0.158469 0.072905 0.074111 0.082173 -0.006669 -0.029034 0.076379 -0.293764 0.085983 
-0.151461 0.232135 -0.096191 -0.031757 0.161085 -0.244065 -0.055009 -0.196242 -0.002075 0.285082 -0.169180 -0.096687 0.053188 -0.123487 -0.084454 -0.079447 -0.132939 -0.023385 0.014126 0.110965 0.213195 0.110333 0.026714 -0.043439 -0.179712 0.128637 -0.171169 0.169930 -0.027864 0.128041 0.200080 -0.076799 0.139168 -0.056161 0.009169 -0.001089 -0.190577 0.241144 -0.126684 -0.142621 0.191781 0.084153 -0.101189 0.021962 0.032229 0.058700 -0.020222 -0.228407 0.326448 0.048274 
-0.157280 -0.375942 0.000982 -0.068099 -0.067453 0.049674 0.069522 -0.163509 -0.034583 0.104848 0.072792 0.064966 0.260509 0.101613 -0.199284 -0.035874 0.012579 -0.107452 -0.182972 0.168258 -0.000324 -0.080736 0.012256 0.152308 0.067006 -0.036875 -0.046090 0.355677 0.258772 0.012853 -0.025770 0.023959 0.057967 0.079864 0.063172 0.147120 -0.232466 0.026647 0.000081 0.104998 -0.148758 0.188043 -0.047362 -0.203560 0.209957 -0.073299 0.106261 0.059140 -0.054916 -0.272072 
-0.143849 0.142115 0.070255 0.032647 -0.271568 0.127415 0.021183 -0.061192 -0.021100 -0.198260 0.188253 0.016895 0.010272 -0.219372 -0.070048 -0.184598 -0.123882 -0.049186 -0.272714 -0.068238 0.167155 0.096537 -0.054111 0.084978 -0.375747 -0.131970 -0.049089 0.164235 -0.152886 -0.090909 -0.043881 -0.224657 0.031850 -0.099373 0.136033 -0.035867 0.054250 0.024396 -0.024488 0.247589 0.065111 -0.115865 0.310630 -0.049158 0.123029 -0.035806 -0.103328 -0.052815 -0.135104 0.138530 
-0.124736 0.108850 0.028819 0.069564 -0.099088 0.004676 0.090009 -0.057351 -0.209424 0.079513 0.024050 -0.206183 0.014868 -0.000184 0.021915 0.150308 0.282339 -0.239167 0.228184 -0.211465 0.216945 0.103505 0.243759 -0.029174 -0.050757 -0.147669 0.107201 0.015368 -0.255513 -0.062637 0.067505 0.150125 0.126425 -0.049554 -0.145899 -0.143461 -0.076060 -0.153163 0.072292 -0.070555 -0.199170 0.343554 0.069552 0.007555 0.108896 -0.015326 -0.018205 -0.154148 -0.173439 -0.127861 
-0.156985 0.265678 0.204498 -0.248863 0.087753 0.006360 0.147228 -0.233439 -0.016432 -0.031281 0.018760 0.098903 0.111110 0.136794 0.090389 0.114520 0.074807 0.111422 -0.043055 0.071365 -0.042035 0.103794 -0.103111 0.180209 0.296012 0.036455 0.060357 -0.072723 0.011923 -0.016288 -0.054462 -0.123732 0.037534 -0.263890 -0.157111 0.113020 -0.166167 0.213912 0.188658 -0.075072 -0.050267 -0.096280 0.282818 -0.102289 -0.199787 0.207649 0.053090 -0.117012 -0.176954 0.002679 
-0.144972 0.165678 0.093130 0.202720 0.011066 -0.048725 0.096563 -0.097578 0.217269 -0.037810 -0.138564 -0.120602 -0.313436 0.085145 0.006465 -0.140710 0.161061 0.098360 -0.104215 -0.051569 0.212306 -0.243248 0.199544 0.060943 -0.118726 -0.025007 0.165381 0.141556 0.228638 -0.182040 -0.326124 0.089209 -0.082778 0.118387 -0.105386 0.001519 -0.086401 -0.060907 0.195727 -0.079566 0.055200 -0.118539 -0.023761 -0.118418 -0.051905 -0.045740 0.244093 -0.006340 0.163144 0.058815 
-0.157749 -0.068031 0.137581 -0.178314 -0.121242 0.210750 -0.177214 -0.038271 -0.110110 -0.082755 -0.136584 0.111642 -0.113692 0.048571 -0.102098 0.080981 -0.031033 -0.165728 0.158875 0.017199 0.119652 -0.071932 0.031101 0.131733 -0.001120 -0.013169 -0.267129 -0.025879 0.106221 0.132648 -0.147122 -0.193572 0.139783 0.085121 0.276094 -0.006041 0.043908 -0.243034 0.161067 -0.017796 -0.058389 0.193284 -0.150854 0.025865 -0.390818 0.097535 -0.041992 -0.097393 0.088467 0.240050 
-0.135620 0.011524 0.118569 0.288906 0.035641 -0.238444 0.151543 0.138445 0.120612 -0.136470 0.125626 0.297741 0.106928 0.080533 -0.024317 0.088450 0.003611 0.069160 0.204060 0.193124 0.159938 0.272722 -0.139734 -0.249780 0.091645 -0.012355 -0.215261 0.192756 0.036734 -0.164158 -0.075838 -0.251272 -0.106797 0.087588 -0.102923 -0.223521 0.056067 0.011480 0.039892 -0.061373 -0.064806 0.126491 -0.012180 0.081487 -0.060906 -0.189671 0.073907 0.052889 -0.033234 0.024803 
-0.139790 0.172900 -0.167990 -0.000194 -0.171703 -0.088129 -0.068422 -0.129758 -0.026012 0.140618 0.247263 -0.181222 0.011443 -0.201569 -0.113786 0.157053 -0.219772 0.114547 0.013769 -0.212334 -0.038246 -0.138735 -0.245068 0.020822 0.008962 0.120330 0.087637 0.022074 0.158911 -0.053398 0.156961 -0.161797 -0.159668 0.108120 -0.216767 -0.001751 -0.070754 -0.149406 0.186567 0.157974 -0.089464 -0.031498 -0.328167 0.155456 -0.127542 0.019608 0.087936 -0.039001 -0.203290 -0.043280 
-0.156166 0.003001 0.108220 -0.020030 0.171969 0.158682 0.043723 0.206198 -0.084603 -0.097997 -0.005578 0.040987 -0.293756 -0.229003 0.063999 0.029706 -0.085448 -0.062665 -0.126287 0.104140 -0.064617 0.098637 -0.022492 -0.111088 -0.032689 0.051736 0.227876 0.061085 -0.193375 0.201459 -0.049415 -0.128682 0.211209 -0.139786 -0.077882 -0.143176 -0.190085 0.122677 0.194310 0.029514 0.020984 0.076099 -0.332211 -0.189333 0.011756 0.022394 0.006496 0.361440 -0.000390 -0.129145 
-0.132782 -0.111023 0.020963 -0.079331 -0.068522 -0.087816 0.001452 -0.108434 0.078788 0.051611 0.010051 0.226117 -0.119366 -0.204018 -0.203180 0.275269 0.033753 0.024373 -0.019987 -0.344308 -0.165717 0.105331 0.129967 -0.236945 0.072810 -0.116626 0.015736 -0.153406 -0.092030 -0.065553 -0.321079 -0.019920 0.032542 0.105449 0.163270 0.122090 -0.068091 0.253193 -0.032203 0.159868 0.053318 -0.030364 0.043877 0.198995 0.021832 0.004260 0.083091 -0.133324 0.202124 -0.233467 
-0.140889 0.059642 0.135409 0.007078 0.029289 0.278563 0.211010 -0.167712 -0.055769 0.133923 -0.071739 -0.195294 0.105728 -0.095249 0.032078 0.052107 0.136310 0.095163 -0.168528 0.161302 -0.026455 0.011226 0.203415 0.005511 0.307764 -0.060110 -0.131015 -0.134249 -0.141887 -0.031089 0.087704 -0.239982 -0.146506 -0.113153 0.040556 0.036631 0.151600 -0.191920 -0.058415 0.099174 0.094728 -0.067184 -0.186718 0.159786 0.203454 -0.289784 0.143910 0.057805 0.162840 0.120186 
-0.137454 0.016526 -0.010724 -0.060245 -0.027216 0.020753 0.019680 -0.070140 -0.115995 -0.360530 -0.106638 -0.081369 -0.123660 0.030677 -0.126679 -0.010367 0.143646 0.229647 0.081589 -0.237101 0.016357 0.146746 0.044671 0.136572 0.095765 0.325952 -0.058558 0.021820 0.089808 0.138387 0.185608 0.024165 -0.226902 0.198775 0.074997 -0.130439 -0.051267 0.061452 -0.191230 0.065468 0.283123 0.246402 0.132907 -0.028638 0.101260 0.120188 0.115401 0.230683 -0.070167 -0.011017 
-0.145417 0.020257 0.218181 0.034288 0.049768 0.054124 -0.141604 -0.167210 0.101023 -0.173121 0.088522 0.155329 -0.360452 0.199722 -0.123952 0.017357 -0.170756 0.039654 -0.122546 0.039151 0.169437 -0.197542 -0.223847 -0.041993 0.058350 0.047649 -0.124591 -0.064856 -0.178453 0.083201 0.172313 0.286637 -0.052874 -0.120130 0.010098 0.121262 0.089175 0.043771 0.014741 -0.150684 -0.209961 0.072324 -0.072551 0.205630 0.296524 -0.076069 -0.020567 -0.120934 -0.045875 -0.056286 
-0.152786 0.298832 -0.029722 -0.071031 -0.175363 0.003621 0.186405 0.187437 0.152562 0.084347 0.044635 -0.014881 -0.077754 0.055814 0.355457 0.309265 0.097850 -0.059261 -0.006181 0.210539 -0.229407 -0.126566 -0.029702 -0.072986 -0.108864 -0.062313 -0.115788 0.246015 -0.036858 0.089128 0.085408 0.194264 -0.088897 0.195665 0.139922 0.221282 0.068479 0.096280 -0.003484 0.207901 0.011947 0.173745 0.021319 0.018890 0.028358 0.152209 0.005678 0.046947 0.030120 0.102635 
-0.151375 -0.192538 0.035626 0.119797 -0.084011 0.020032 0.361999 0.140118 -0.140869 0.129834 0.036629 0.028837 -0.000382 0.090483 0.140309 -0.007438 0.001934 0.067032 -0.154830 -0.274831 -0.003280 -0.223088 -0.185439 -0.283209 -0.011804 -0.102122 -0.045738 -0.150783 0.259741 0.120532 0.104835 -0.030375 -0.009611 -0.213513 0.172272 -0.171201 -0.063059 -0.001370 0.035244 -0.190988 0.259779 0.069663 -0.007844 -0.139544 0.035037 0.053456 -0.056003 -0.217547 -0.061632 0.072071 
-0.134295 -0.007701 -0.259125 0.326679 -0.008441 0.158261 -0.144098 -0.119436 -0.106493 0.109323 0.038102 0.210669 -0.102813 -0.147022 -0.044989 0.050842 0.105041 0.168397 -0.023568 0.122471 -0.156735 -0.027681 0.250870 0.026623 -0.167863 -0.162474 -0.171209 -0.075597 0.148771 0.320516 0.065051 -0.103900 -0.146432 -0.091794 -0.216069 -0.023195 0.154206 0.040674 0.011999 -0.169553 -0.215318 -0.021128 0.192336 -0.029904 -0.031648 0.186857 0.034431 0.085962 0.007390 -0.088862 
