-0.138263 0.184482 -0.150502 0.107326 -0.024210 -0.011384 0.090407 -0.274749 -0.081564 0.088971 0.272955 0.058480 -0.172318 0.057111 -0.165890 -0.079281 -0.040669 -0.002435 0.059511 0.353312 -0.071134 0.100144 0.084362 0.233733 0.114805 0.062818 0.113165 -0.138284 -0.048489 0.118834 -0.149082 -0.100186 0.116885 0.232503 -0.118469 -0.014017 -0.062193 0.103386 0.109845 0.039527 -0.027431 0.228595 -0.008255 0.169582 0.154946 0.075254 -0.061854 -0.068327 0.348135 -0.114277 
-0.123386 0.014491 0.042940 0.119439 -0.027327 -0.235039 -0.255387 0.247348 -0.004114 0.060113 -0.134062 0.207831 -0.038510 -0.008298 0.156849 -0.011585 -0.040504 -0.020158 -0.061324 0.089211 -0.052751 0.274396 0.089572 -0.077951 -0.110353 0.197554 -0.157344 -0.190511 -0.033599 0.039412 0.025417 -0.307038 -0.053548 -0.272040 -0.237668 -0.042920 0.143368 0.076194 0.066397 -0.116006 -0.094266 0.209010 0.007974 -0.110630 -0.186963 0.111227 -0.193434 0.141138 0.132849 0.112098 
-0.136204 0.029702 -0.301609 0.243487 -0.020917 0.098484 0.206182 -0.105811 -0.074619 0.320666 0.017166 0.077419 -0.154532 -0.128661 -0.035533 -0.075800 -0.145064 0.248104 0.106941 -0.084819 0.015709 -0.024544 -0.008309 0.057210 -0.186411 -0.008854 0.168455 -0.029753 0.104877 0.176342 0.043276 -0.201861 -0.086372 -0.132286 -0.082960 -0.036287 -0.183648 -0.204615 -0.006779 -0.068350 0.064452 -0.135944 0.003155 -0.340463 -0.065807 -0.027143 0.069741 0.092969 -0.266709 -0.091531 
-0.154716 -0.112654 0.041471 -0.118726 -0.142178 0.130848 -0.087510 -0.072997 0.162048 -0.091241 -0.019283 0.009689 -0.254448 0.130182 -0.154275 0.031484 -0.226163 0.047006 -0.193581 -0.138807 0.268660 -0.107881 -0.292324 0.059990 0.100484 -0.000406 0.165225 0.092688 -0.178696 -0.197277 0.185208 -0.209362 0.195781 -0.215907 -0.019494 0.054160 -0.067023 -0.225824 0.065332 0.080923 -0.053468 0.247400 -0.057460 0.049761 0.135951 -0.011660 -0.045594 0.114438 0.054953 0.128601 
-0.150864 0.141069 -0.041989 0.291401 -0.088884 -0.074106 -0.007202 0.309939 -0.105095 -0.041055 -0.064251 0.031849 0.107953 0.036607 -0.014395 0.039190 -0.203245 0.103374 0.154465 -0.206773 0.249175 0.220823 -0.069022 0.001424 -0.235988 -0.055697 0.010826 -0.005614 0.031089 0.010646 0.115373 0.214629 0.146648 0.127686 0.132518 0.235903 -0.137913 0.217792 -0.140471 0.140106 0.197326 0.011134 -0.145425 0.115376 0.160193 0.076123 0.001148 0.151133 0.164060 -0.057881 
-0.136179 -0.086991 -0.080471 -0.336814 -0.229909 -0.009001 0.078411 0.065910 0.132738 0.092996 -0.041575 -0.001730 0.114889 -0.128537 -0.303616 0.262245 -0.096926 0.024490 -0.062247 0.192321 -0.125693 0.151313 0.128107 -0.097278 -0.010158 0.029845 -0.087727 0.282991 -0.035516 -0.142000 -0.019551 0.008207 0.163610 0.021767 -0.179999 0.124411 0.014656 0.148823 0.029821 -0.009450 0.162171 -0.108702 0.045768 -0.334328 -0.022099 0.065507 0.248521 0.027300 0.146332 -0.081484 
-0.136074 0.316038 0.115477 0.195666 0.039122 -0.063510 0.123514 -0.011060 0.304355 -0.068750 0.098133 0.204907 0.101105 -0.128120 -0.071461 -0.037210 -0.084694 -0.132598 -0.125636 -0.103042 0.001311 -0.161550 -0.081192 0.037260 0.069811 0.145415 0.037462 0.170435 -0.021349 0.099528 -0.115919 0.007891 -0.084441 -0.282095 -0.057239 -0.030092 0.135374 0.272416 -0.203732 0.005343 0.110929 0.066275 0.207029 -0.031392 0.246775 0.074810 0.011104 -0.279416 -0.176504 0.004189 
-0.144374 -0.217868 0.056769 0.029660 -0.151741 -0.171912 -0.057095 -0.100067 0.247313 0.216021 -0.029608 0.039365 0.315981 -0.191123 0.303252 0.000720 0.125864 0.141795 0.065357 0.100301 -0.130960 -0.103630 -0.058103 0.334019 0.118083 0.054393 0.008456 -0.093384 0.011832 0.055123 0.139667 -0.075529 0.017951 -0.106263 0.221541 0.039504 0.041946 -0.075836 0.109002 0.073043 0.202059 -0.053802 -0.249517 0.099662 0.131479 0.011253 0.176063 -0.013165 0.104772 0.116141 
-0.134662 -0.257046 0.103088 0.005975 0.100699 -0.115489 0.047470 0.056187 0.150741 0.038377 0.021211 0.207621 -0.296010 0.140245 0.022488 -0.004925 0.079452 -0.031567 0.196124 0.133695 0.173187 -0.136395 -0.220054 0.121450 -0.179433 -0.059852 -0.290403 -0.165364 -0.118945 -0.105759 -0.268412 0.069777 0.002882 0.101708 0.015624 -0.099028 -0.204829 0.078368 -0.130914 0.178630 0.026488 -0.135881 0.162079 -0.168840 -0.102743 0.019328 0.118417 -0.118456 0.061429 0.203222 
-0.143851 0.179303 0.177955 0.051481 0.125431 0.051598 0.149576 -0.186976 0.281606 -0.157192 -0.263786 -0.104153 0.024442 0.012347 -0.004470 0.088726 -0.102780 0.089164 -0.029999 -0.090025 -0.065879 0.045123 0.066713 0.012856 -0.054391 -0.007260 0.160001 -0.138680 -0.117484 0.047749 -0.146821 0.118559 -0.158224 -0.111320 0.069018 -0.056741 -0.137795 0.101066 0.208651 -0.058511 0.035455 0.010774 0.134809 0.078813 -0.305615 -0.323992 0.166357 0.267041 0.241162 -0.055976 
-0.155579 0.050272 -0.047956 -0.103159 -0.102229 -0.218115 -0.003202 -0.326526 0.128512 -0.105637 -0.154440 0.115222 0.029770 -0.212770 -0.071504 0.023159 0.019620 0.050211 0.096932 -0.203271 0.221299 0.285444 0.138376 -0.074679 0.024119 -0.078568 -0.131393 0.182195 -0.056055 0.150893 -0.110075 0.027809 -0.040435 0.182302 -0.002213 -0.275892 0.054538 -0.149783 -0.058780 0.267160 -0.153323 0.082754 -0.273870 0.024354 -0.103603 0.018945 -0.125624 -0.113070 -0.127190 0.035115 
-0.143708 0.080546 0.085441 0.238641 0.090514 0.017807 -0.046053 -0.090559 0.114867 0.121652 -0.060419 -0.022685 -0.151656 -0.239765 0.054221 -0.166223 0.020880 0.006119 -0.038863 0.106637 0.036636 0.029890 0.064365 -0.249505 -0.122663 -0.398976 -0.116427 0.011003 0.075219 -0.296174 0.166415 0.047445 0.050554 0.039078 -0.223384 0.110499 0.219452 -0.248130 0.033478 -0.104503 0.143102 -0.062491 0.089319 0.174444 0.042518 -0.128766 0.064057 -0.236845 0.154915 -0.003008 
-0.117295 -0.385565 0.071313 -0.017628 0.099697 -0.040022 -0.019597 0.044916 0.119690 -0.066951 -0.070332 -0.051732 0.100146 0.034002 -0.089723 -0.190288 -0.369129 -0.035553 0.130839 -0.126818 -0.093632 0.017855 0.166855 0.052904 0.154038 -0.157352 -0.092103 -0.115517 0.171584 -0.013642 0.050380 -0.200864 0.179803 0.033736 -0.031682 -0.213013 -0.083186 0.204281 0.141293 0.016991 0.020593 -0.143854 0.190897 0.104004 0.133417 -0.035583 -0.216717 -0.018925 -0.137689 -0.283935 
-0.150297 0.220976 0.007674 -0.071480 0.038116 0.212002 -0.202903 -0.045868 -0.002409 -0.266067 0.097085 0.018174 -0.110439 -0.218671 0.172499 0.130862 -0.139791 -0.081008 -0.099619 -0.092669 -0.100082 -0.165100 0.311002 0.158990 0.005675 0.135702 -0.322403 -0.136164 0.107293 -0.081064 0.215846 -0.061825 -0.054143 0.120299 0.121265 0.120528 -0.313830 -0.137302 -0.097194 0.076763 0.010862 0.061438 0.033177 -0.131805 -0.061771 0.109717 0.052160 -0.081181 0.025801 -0.073922 
-0.132358 0.021382 0.223013 0.027042 -0.309212 -0.078646 -0.124920 -0.067098 -0.034123 0.101789 0.214943 -0.127428 0.105209 0.072231 0.023295 -0.140727 -0.297277 0.014101 -0.022702 0.271752 0.159340 0.002650 -0.223211 -0.130229 0.065556 0.072846 -0.021819 0.028109 -0.050605 0.111121 0.187720 0.223239 -0.255294 -0.010271 0.150357 0.055903 -0.004179 -0.040076 0.089582 0.038394 -0.145432 -0.132615 0.102379 -0.112333 -0.272151 0.023122 -0.138291 -0.166558 0.012279 -0.217939 
-0.123923 0.204356 -0.224943 -0.206235 0.236209 0.044050 -0.231713 0.158076 0.211952 -0.055959 0.075248 0.037001 0.167843 0.147704 -0.051041 0.037755 0.073902 0.048919 0.192856 -0.008200 -0.032586 -0.078573 -0.110257 0.221518 -0.325164 0.019629 0.030903 0.154386 -0.057470 0.021825 -0.047994 0.113539 0.156576 -0.093203 -0.066890 -0.031149 -0.020021 -0.190279 0.246461 -0.176292 0.005596 -0.120579 -0.083843 0.066117 -0.109601 0.019151 -0.259543 -0.218697 0.019084 -0.140677 
-0.146239 0.000156 0.108179 -0.176894 0.082702 0.143624 0.073594 0.000631 -0.195738 0.033429 -0.199178 -0.087015 -0.112464 -0.242949 -0.162237 -0.024456 0.022442 -0.097805 0.214650 0.282217 0.104051 -0.133582 0.064498 0.029068 -0.140642 0.035680 0.008243 0.054807 0.238119 -0.049608 0.034777 0.133017 -0.143288 -0.208189 0.270137 -0.159872 0.103307 0.078520 0.028475 0.018081 0.149124 0.179171 -0.066648 -0.132529 0.182698 -0.090913 -0.339261 0.105691 0.072394 0.126225 
-0.155620 0.003137 -0.195434 0.038976 -0.153312 0.379627 0.015475 0.026372 0.002555 -0.068307 -0.016731 -0.217793 -0.084759 -0.027883 0.117375 -0.091871 0.189825 -0.128158 -0.075090 -0.044912 -0.105814 0.210437 -0.326180 0.036321 0.120641 -0.106312 -0.208271 0.175047 0.109540 0.034409 -0.060705 -0.119914 -0.248588 -0.098412 -0.173918 -0.047378 -0.155525 0.239543 0.115104 0.129464 0.159772 -0.135903 -0.101556 0.168585 -0.100441 0.098256 -0.084099 0.002293 0.023132 0.069784 
-0.149498 -0.141538 -0.092172 0.112593 0.270793 -0.182992 -0.100127 -0.044131 0.018512 -0.233106 0.035384 -0.165248 0.059557 -0.040596 -0.015974 -0.100931 -0.136887 0.095740 0.041052 0.066658 -0.055161 0.044509 -0.122036 -0.147951 0.191579 0.243450 -0.010202 0.159867 0.087080 -0.110666 -0.270533 -0.044763 -0.195939 0.032944 -0.032330 0.151134 -0.126081 -0.180538 -0.235302 -0.239548 -0.098828 -0.184673 -0.196097 -0.101141 0.227176 -0.103409 -0.039849 0.077495 0.188804 0.059869 
-0.137029 -0.066553 -0.210324 0.144502 -0.016078 0.193742 0.046190 0.098632 0.270196 -0.121359 -0.007974 0.047470 0.367528 0.199798 -0.019848 -0.008738 0.075190 -0.111054 0.021055 0.220198 0.034385 -0.071186 0.108839 -0.090330 -0.081280 -0.175828 0.103245 -0.007484 0.122941 -0.004454 -0.055288 -0.176531 -0.176169 0.192494 0.070602 0.226186 0.121601 -0.145184 -0.005598 0.306114 -0.166338 0.182996 0.184577 -0.112440 0.007310 -0.015508 -0.076154 0.141286 -0.071390 0.113507 
-0.130241 -0.051844 0.209400 -0.074919 0.022346 -0.175841 -0.129302 0.160915 -0.091961 0.131099 0.207084 -0.082211 -0.104399 0.095982 -0.095798 0.004526 0.075693 -0.028189 -0.080175 -0.134021 -0.078407 0.222357 0.123463 0.427556 -0.100706 -0.014905 0.035323 0.286168 0.020608 0.034881 0.099612 0.010675 -0.327304 0.121447 -0.119098 -0.018615 0.034358 -0.147211 -0.069861 0.080191 0.059412 0.037738 0.238485 0.077006 0.111931 -0.293611 0.053820 0.122482 -0.072199 0.048484 
-0.145365 0.053249 0.119882 0.013934 -0.029865 0.014072 -0.080315 0.075044 -0.191112 -0.143823 0.012019 -0.206280 0.110985 -0.163482 0.015055 -0.021312 0.146265 0.207844 -0.033222 0.015145 -0.161240 0.093400 -0.241994 -0.190430 -0.197998 0.236109 0.110199 -0.134819 -0.054200 -0.063508 -0.038180 -0.198538 0.218489 0.169321 0.023773 -0.102582 -0.068663 0.068417 0.151296 0.209169 -0.013199 0.126460 0.092055 -0.114690 0.107859 -0.328823 0.076757 -0.288486 -0.166853 0.045131 
-0.144015 0.000769 -0.070160 -0.176564 0.196117 -0.066857 0.092134 0.030513 0.115162 0.139657 -0.034523 -0.130048 -0.150592 0.256518 0.115625 -0.343608 0.102525 -0.213484 -0.186964 0.077176 0.106316 0.188327 0.185889 -0.138337 0.028059 0.222490 0.066167 0.032371 0.046181 0.073391 -0.015487 -0.063006 0.202895 -0.090353 0.238992 0.131720 -0.026032 -0.061312 -0.167182 0.122270 0.304414 0.041733 -0.097096 0.024612 -0.176039 -0.067634 0.072038 -0.089042 -0.090882 -0.150339 
-0.151678 -0.241394 0.290499 0.005788 -0.007934 0.234405 -0.003496 0.064252 0.020841 0.040613 -0.056600 0.016492 -0.011675 -0.047249 -0.134711 0.083726 0.206574 0.200010 -0.110123 -0.025129 0.246939 0.018972 0.118981 0.009222 -0.182031 0.095882 0.094777 -0.040812 0.029804 -0.044438 -0.210222 -0.164233 -0.243072 0.088777 0.072826 0.099723 0.006757 0.047756 0.020745 -0.257747 -0.075245 0.081527 -0.109646 0.194538 0.015352 0.311495 0.112525 -0.152315 -0.078414 -0.301976 
-0.152801 -0.201034 -0.107453 -0.003154 0.214665 -0.053523 0.049611 0.027617 -0.100312 0.120641 0.062249 -0.014255 -0.069553 -0.309406 0.217513 -0.007604 -0.076106 -0.219213 -0.110381 -0.157399 -0.094680 -0.141264 -0.023171 0.089984 -0.023183 -0.142742 0.219133 0.100212 -0.390845 -0.118735 -0.053618 0.040815 -0.045937 0.152687 0.015561 0.240073 0.105636 0.265326 0.050510 0.047833 -0.117461 0.109280 -0.144970 -0.156756 -0.162660 -0.036939 -0.191963 -0.014007 -0.000778 -0.106068 
-0.152777 -0.147614 0.038789 0.023091 0.114113 0.146751 -0.098605 -0.205207 0.093023 0.214045 0.005281 -0.014334 -0.079752 0.026882 0.243430 0.216387 0.105482 0.055343 0.191527 0.008718 -0.040139 0.165266 0.076578 -0.120509 0.077648 0.223788 0.090972 0.049528 0.144459 -0.043109 0.048015 0.404968 0.159070 -0.160466 -0.215309 0.170827 -0.138373 0.071059 0.014493 0.122255 -0.268075 0.076446 0.175854 0.094599 0.121354 0.062734 -0.052687 0.058838 -0.182388 0.027452 
-0.135518 0.006719 -0.030981 -0.054243 -0.328159 -0.041735 -0.169340 -0.030208 0.038405 -0.181268 0.038673 0.144420 -0.224844 0.214926 0.270457 0.175489 0.001015 -0.113063 0.165709 0.102925 -0.130980 -0.087490 0.112187 -0.261200 -0.049793 -0.104655 0.137354 -0.037318 -0.214852 0.034465 -0.093840 0.016500 -0.159360 0.062595 -0.017653 -0.074429 -0.002676 0.000214 0.030509 -0.144327 0.297541 -0.020443 -0.125952 0.009907 0.267231 -0.131601 -0.030460 0.090484 -0.217891 -0.165978 
-0.151199 0.067193 -0.127767 -0.024076 0.300199 -0.011760 -0.153810 -0.003744 -0.181606 0.268859 -0.363194 -0.097937 0.087273 0.126220 0.074481 0.297523 -0.099124 0.024678 -0.202653 0.122376 0.133668 -0.161374 -0.029134 -0.129534 0.087551 -0.050029 -0.075265 0.110869 -0.205377 0.302164 0.116141 -0.118085 -0.080846 0.135730 0.019336 -0.161082 -0.074364 0.017050 -0.014699 0.030545 0.027205 -0.078598 0.169671 0.107769 0.169758 0.079842 0.060785 -0.089188 0.071709 0.052900 
-0.127497 0.158357 0.155862 -0.261988 -0.058011 -0.001731 0.091570 0.166479 0.047460 0.141723 -0.025906 0.193391 -0.074892 -0.113921 0.051848 -0.053784 0.206835 0.074908 -0.206956 -0.180366 -0.088373 -0.114416 -0.178960 -0.122544 0.105099 -0.031209 0.006755 -0.192713 0.149839 0.172183 -0.145270 0.040041 0.058141 0.095855 -0.060461 0.062716 0.061389 -0.182457 -0.038266 0.194418 -0.090058 -0.220248 0.063040 -0.065047 0.181089 -0.000124 -0.233447 0.233092 0.219241 -0.273842 
-0.127253 0.097265 0.069188 0.047827 0.180707 0.033054 -0.100333 -0.172305 -0.064170 0.012524 0.009994 0.107830 0.083004 0.065684 -0.147205 0.055474 0.007011 -0.197163 -0.220804 0.199612 -0.163506 0.256959 -0.232674 0.118672 -0.118079 -0.262460 -0.203032 -0.143914 -0.025472 -0.062058 0.021649 0.053542 0.099760 -0.136882 0.197137 -0.027176 0.028390 0.030837 -0.072773 -0.071567 -0.238311 -0.034658 -0.215443 -0.070444 0.148605 -0.037290 0.180693 0.208060 -0.275902 -0.187999 
-0.141512 0.162441 0.044468 -0.257709 -0.060441 -0.307686 0.022760 -0.237681 0.081231 0.001582 -0.052863 -0.271465 -0.086649 0.133277 -0.052565 -0.181636 0.024211 0.015046 0.031293 -0.106039 -0.046622 -0.215278 -0.014149 -0.044461 -0.262863 -0.069278 -0.026055 -0.088217 0.176286 0.103177 0.147001 -0.111648 -0.044690 0.134028 -0.111081 0.278847 0.009798 0.273163 0.072403 -0.138277 -0.143932 -0.053308 -0.059464 0.017509 0.066442 0.174046 0.034504 0.081139 -0.126008 0.262622 
-0.156302 0.127839 0.049619 -0.245376 -0.072392 0.120406 0.059702 0.005823 -0.270851 0.029436 -0.161073 0.000399 0.252859 -0.014572 0.047212 -0.091710 -0.232916 0.054845 0.123296 0.120136 0.066525 -0.097881 -0.021983 0.188749 0.100876 0.027414 -0.027288 -0.216939 -0.116554 -0.141518 -0.221135 0.017193 0.009554 -0.038056 -0.355809 0.132435 0.100704 -0.096863 -0.301407 0.043906 0.104882 0.006565 -0.032395 0.238766 -0.158259 -0.075066 0.020220 0.040835 -0.241415 0.039874 
-0.141653 -0.174087 -0.151453 -0.158453 0.164647 0.169396 -0.056727 -0.001578 -0.135834 -0.088218 0.212189 0.374752 -0.068230 0.062735 -0.169663 -0.023300 -0.189081 0.198997 -0.120321 -0.116878 -0.095034 0.051170 0.070881 -0.158551 0.022383 0.039934 -0.020618 -0.164956 0.067807 0.186553 0.049585 0.146957 -0.162678 -0.073899 0.090971 0.133621 0.259661 0.095505 0.180595 0.094175 0.059756 -0.121590 -0.106386 0.126770 -0.022475 -0.126564 0.125575 -0.147659 0.023816 0.279221 
-0.136320 0.083183 0.069637 0.144108 -0.103754 0.142770 -0.278240 0.003349 -0.056396 0.166085 0.148311 0.127985 0.135521 -0.071506 -0.115240 -0.308922 0.178010 0.043646 -0.066286 -0.022267 0.169472 -0.221575 0.215324 -0.098592 0.129666 0.026922 -0.177616 0.215328 -0.147805 0.014090 -0.161738 0.029709 0.229263 0.080086 0.067880 -0.039505 -0.155517 0.123633 0.150494 -0.168442 -0.014106 -0.056061 0.010222 0.013330 -0.055550 -0.152510 -0.006102 0.305727 -0.099155 0.181953 
-0.132573 -0.071504 -0.283172 -0.011101 -0.172310 -0.178175 0.006153 -0.173400 -0.151277 -0.075571 -0.104006 0.036058 0.146690 0.045561 -0.188897 -0.035727 0.332809 0.052547 -0.173636 -0.110127 0.026979 0.109201 0.120407 0.052695 0.052829 -0.062005 0.074259 -0.257948 -0.198081 -0.240786 0.102029 0.113577 -0.104917 -0.195768 0.115681 0.067434 -0.199440 0.015191 -0.109586 -0.098920 0.052378 -0.124845 0.280924 -0.021269 0.060096 0.021745 -0.255125 -0.143544 0.045144 0.025997 
-0.147021 -0.018691 -0.253191 -0.060593 -0.028240 -0.045764 -0.203656 0.089002 0.076330 0.051110 0.143698 -0.236176 -0.018434 -0.216680 -0.087847 0.144988 0.039624 -0.293061 0.150322 -0.186814 0.268302 0.060720 -0.173565 -0.001777 0.207132 0.004866 0.014044 -0.319345 0.137568 0.126142 -0.106709 0.081940 0.026829 0.082294 0.059914 -0.051274 0.215248 -0.064463 0.049111 -0.245067 0.073373 0.149453 0.191261 -0.047719 -0.041666 -0.012353 0.219659 0.056180 -0.041080 -0.007138 
-0.149284 -0.086148 -0.025821 0.230805 -0.106107 0.031342 -0.100719 -0.258333 -0.233144 0.003233 -0.001580 -0.223015 0.031707 0.305626 0.024611 0.051605 0.007527 0.002679 -0.023986 -0.273178 -0.090357 -0.228521 0.088029 0.057749 -0.153951 0.102405 -0.175477 0.070915 0.059843 -0.091510 -0.206249 0.042040 0.096299 -0.154432 -0.006196 -0.098842 0.405728 -0.040909 -0.002135 0.194064 0.036385 -0.009948 -0.007419 -0.149623 -0.016844 0.077998 0.068295 0.017440 0.202608 -0.171190 
-0.141419 -0.196198 -0.143987 0.112378 -0.011908 -0.014276 0.005796 -0.001228 0.050069 -0.327909 -0.147849 0.072450 -0.151865 -0.082210 -0.066766 -0.074110 0.182015 0.223632 -0.057128 0.185788 -0.112089 -0.158388 -0.156040 0.094266 0.004964 0.123774 -0.039358 0.120916 0.003671 0.217477 0.320694 0.145059 0.144248 0.170288 -0.064445 -0.061745 0.210690 0.071368 -0.276641 -0.124441 0.033159 0.087523 0.106596 0.094960 -0.213618 -0.016592 -0.004250 0.170452 -0.071257 -0.166938 
-0.131624 -0.016446 0.062157 -0.126991 -0.074179 0.177934 -0.004959 -0.049285 -0.112577 -0.183351 0.102165 0.068608 0.076442 0.026075 0.314144 -0.009196 0.058256 -0.093129 0.012202 0.036130 0.285790 0.093534 0.113853 0.112203 -0.074511 -0.165456 0.282775 0.061419 0.127466 0.137597 0.094815 -0.149380 0.172921 -0.098147 -0.062790 -0.144898 0.051826 0.166062 -0.240665 -0.148042 -0.247742 -0.260892 0.009964 -0.137816 0.013483 -0.164018 0.111915 -0.108156 0.251717 0.075173 
-0.140433 -0.000520 0.062905 0.137561 -0.126101 0.050879 0.454459 0.104907 -0.007956 -0.102000 -0.012881 -0.147531 -0.114768 0.002799 0.103773 0.196500 -0.068483 -0.061079 -0.078967 0.049505 0.029484 0.142280 0.101768 0.131634 0.006808 0.131012 -0.236579 0.009303 -0.170569 0.127530 -0.074649 -0.010268 0.205849 0.063238 0.154379 0.153703 0.192136 -0.185485 0.194110 -0.206398 -0.092998 -0.235136 0.076511 0.057075 0.084801 -0.020028 -0.208841 -0.023666 -0.142641 0.213567 
-0.149811 0.034188 0.143839 0.060428 -0.030409 -0.002372 -0.116551 -0.062434 -0.176815 -0.047340 -0.166047 0.208582 -0.039638 -0.087588 -0.114518 -0.070822 -0.044292 -0.322994 0.196742 -0.049333 -0.286831 0.068254 -0.097546 -0.046020 -0.022139 0.098840 0.343189 0.144153 0.018048 -0.065532 -0.022736 -0.100601 0.082295 0.097923 0.195284 -0.016993 0.000357 -0.181311 0.025348 0.030153 0.019343 -0.237950 0.189276 0.150041 -0.153356 0.353544 0.107794 0.051339 0.017578 0.154893 
-0.152632 -0.023996 -0.069481 -0.012408 -0.007228 -0.325621 0.134942 0.222008 -0.279476 -0.277543 -0.038287 0.027598 -0.038144 -0.057870 0.112518 -0.084842 0.046978 0.027054 -0.074978 0.120442 0.067828 -0.141552 0.067217 0.023226 0.113626 -0.230493 0.014722 0.159237 0.151120 0.085548 -0.156003 0.135054 0.030979 -0.273105 -0.056530 0.049518 -0.179571 -0.119232 0.331194 0.090740 -0.118633 0.168389 0.045608 0.041693 0.006791 0.119417 0.277112 -0.040257 -0.060484 -0.101163 
-0.139925 -0.031081 0.123653 0.080824 0.207238 -0.084114 0.124366 -0.001145 0.016279 -0.112509 0.330398 -0.115743 0.146613 -0.006724 0.005565 0.135078 0.023883 -0.021962 -0.281614 0.088809 0.119234 -0.037432 0.056030 -0.071261 -0.049949 0.036126 0.201528 -0.153144 0.041714 -0.133146 0.112412 0.134924 0.021062 0.091131 -0.246209 -0.350484 -0.033626 -0.050411 0.069910 0.086644 0.259355 -0.131886 -0.145674 -0.048435 -0.078116 0.282775 -0.096834 0.206535 -0.095054 0.151501 
-0.138743 0.202965 -0.001817 0.155102 0.009820 -0.125796 0.030236 0.104956 -0.028808 0.077544 -0.169888 0.162484 -0.116030 0.212961 -0.093357 0.238190 0.127053 -0.023358 0.051122 0.004417 0.103241 -0.113468 -0.005722 0.108178 0.368283 0.103392 0.082091 0.008058 0.291277 -0.334080 0.138577 -0.092088 -0.045710 0.153433 -0.006763 0.020107 0.078704 0.158445 0.141986 0.013585 -0.084413 -0.151966 -0.222858 -0.062403 -0.166795 -0.220114 -0.022749 -0.121588 -0.111499 -0.062558 
-0.138429 0.009727 0.103572 -0.102048 0.168445 0.098347 0.336458 -0.067953 -0.123356 -0.034901 0.027448 0.181043 0.215377 0.163313 0.074930 -0.201643 0.140727 -0.108353 0.304895 -0.182935 0.052125 0.067321 -0.111715 -0.101247 0.103679 0.127363 -0.197795 0.037181 -0.207404 -0.055169 0.329080 -0.015257 -0.126528 0.089167 -0.117585 -0.048007 0.011395 -0.073864 0.161501 -0.152112 0.035495 0.182918 0.018343 -0.175016 0.125988 0.055496 0.143793 0.043948 0.101439 -0.109499 
-0.136467 0.210097 0.051822 -0.033676 0.115779 0.073537 -0.065794 0.241547 0.094644 -0.021214 0.104064 -0.272232 -0.171119 0.036860 -0.042686 -0.082214 0.082950 0.371648 0.272798 0.024813 -0.127682 0.080828 0.156203 -0.010907 0.284026 -0.213454 0.067093 -0.052932 -0.292478 -0.063864 0.053614 -0.043762 -0.022853 -0.131151 0.162622 -0.094032 0.182143 0.051635 -0.126382 0.125525 -0.123362 -0.075694 -0.007882 -0.110718 0.011142 0.242486 0.077653 0.028290 -0.038939 0.043606 
-0.132554 0.083535 -0.258913 -0.171702 -0.110292 -0.043602 0.192061 0.086313 0.039177 0.180741 0.118702 0.076543 0.020260 0.039667 0.267776 -0.035031 -0.180416 0.168625 -0.133595 -0.046670 -0.118055 0.001934 -0.064986 -0.088297 -0.112318 0.040138 -0.050031 0.114870 0.153533 -0.374202 -0.070185 0.038775 -0.048757 0.116960 0.266873 -0.344140 0.026417 0.057834 -0.099470 -0.176444 -0.172832 0.162838 0.134059 0.219256 -0.022715 0.038678 0.048342 0.067844 0.023666 0.042626 
-0.139805 -0.037229 0.238614 0.000691 0.062131 -0.050859 0.070674 -0.100199 -0.113094 0.053118 0.204124 0.034452 0.104758 0.131274 -0.010810 0.292782 0.053103 0.135229 0.070833 -0.104214 -0.184480 0.004425 -0.112011 -0.118301 0.145781 -0.329192 -0.048166 0.096137 0.173554 0.155581 -0.080106 -0.132172 0.151299 -0.038721 0.115631 0.130827 -0.134712 -0.037185 -0.189773 -0.193757 0.208576 0.283736 0.022171 -0.040311 -0.262798 -0.016030 -0.221772 -0.088899 0.025844 0.100017 
-0.132769 -0.079285 -0.050175 0.051418 -0.069608 -0.082265 0.175742 0.157926 0.010249 0.097342 0.219256 -0.099404 0.028493 -0.090789 -0.245512 0.175584 0.097394 -0.245751 0.172182 -0.019156 -0.094935 -0.228909 0.095663 -0.232590 -0.129462 0.089819 -0.084986 -0.052731 -0.116858 0.068750 0.167805 -0.137723 -0.024043 -0.234783 -0.039843 -0.074845 -0.136998 -0.039529 -0.187899 0.116360 -0.240602 -0.071919 -0.168054 0.359667 -0.078551 -0.180845 0.064146 0.013946 0.096418 -0.075401 
-0.148128 -0.080362 0.067969 0.103265 -0.178542 0.153672 0.014682 0.235076 0.089609 0.119857 -0.240389 -0.080709 0.009747 0.155446 -0.116213 -0.169063 -0.065995 -0.141418 -0.139206 -0.093870 -0.275504 -0.043675 0.086958 0.053320 0.053109 -0.054705 0.106805 -0.123467 0.022128 0.140089 -0.000832 0.339240 0.019458 0.118225 -0.129466 -0.182898 -0.143185 -0.109838 -0.094560 -0.164062 -0.132663 0.185641 -0.244704 -0.174584 0.044347 0.011275 0.037001 -0.255246 0.065992 0.188414 
