-0.127501 0.027469 0.059393 -0.092465 -0.078636 -0.162837 -0.106060 -0.061044 -0.162393 -0.025673 0.074595 0.251281 -0.217088 -0.186405 0.360360 0.300293 0.065813 -0.148276 -0.129628 -0.022865 -0.093097 -0.093173 -0.094903 0.075341 -0.030485 -0.236835 -0.074166 -0.256293 -0.063715 -0.010005 -0.053710 0.005443 0.031443 -0.243634 0.020049 0.081943 0.032848 0.005127 -0.046603 0.268924 0.027545 0.146366 0.050866 -0.092704 -0.001013 0.296324 0.112616 0.060249 -0.077698 0.167493 
-0.142865 0.126790 -0.169753 0.107755 -0.047372 0.070835 -0.115910 -0.198737 0.044557 0.048734 0.154470 -0.115973 0.100777 -0.203023 0.135103 0.061865 -0.063650 -0.179450 0.081725 -0.188542 0.194907 -0.008185 0.014267 0.067693 -0.190707 0.185125 0.163611 -0.115697 0.118979 -0.089261 0.096070 0.192507 0.281268 -0.344928 0.060286 0.008119 -0.089715 -0.088013 0.138674 -0.025899 -0.104114 0.050189 -0.142211 0.186552 0.040430 -0.206105 -0.295259 0.017052 0.096549 -0.021609 
-0.151140 -0.107230 -0.034737 -0.172431 0.009523 -0.003620 -0.074122 0.086971 -0.252042 0.020695 0.134189 0.126663 0.086918 -0.112662 -0.066170 0.014576 -0.093475 0.321460 0.298597 -0.029211 -0.129049 0.119389 -0.459599 -0.032255 -0.027521 0.069242 0.064333 -0.025590 -0.039855 0.076251 0.168627 -0.073332 -0.043270 -0.057228 -0.031125 -0.076939 -0.127769 0.049474 -0.024629 0.029114 -0.162232 -0.224820 0.067128 0.153314 0.362754 0.118855 -0.003665 0.018161 0.022150 -0.134902 
-0.137714 -0.043914 0.204601 0.187775 0.102768 -0.131874 -0.002648 -0.085256 -0.048245 -0.159781 0.007923 -0.178043 0.220028 -0.063117 -0.054990 0.050473 0.000414 -0.087169 0.001792 0.165482 -0.075275 -0.001766 0.218080 0.114680 -0.064707 0.130163 0.093215 -0.237878 -0.164698 -0.152076 -0.027131 -0.012984 0.097696 0.179554 -0.189946 0.066839 -0.158357 0.358383 0.030237 0.250772 -0.115595 -0.241752 -0.030158 -0.082450 0.171654 -0.155097 0.126779 0.102357 -0.192795 0.117651 
-0.133713 -0.044309 0.012531 -0.210650 -0.039029 -0.030749 -0.012405 0.191875 0.087547 -0.014464 -0.075179 0.075450 -0.138472 -0.032547 0.118692 0.171484 -0.289568 -0.049658 -0.006843 -0.118279 -0.311399 -0.026524 0.250486 -0.265122 0.255320 0.043408 0.108141 0.035454 -0.099459 -0.025939 -0.213334 -0.201292 0.019853 -0.015322 0.076839 0.175144 -0.035861 0.017900 0.026112 -0.131914 -0.192943 -0.181719 0.028073 0.076776 -0.086055 -0.136988 -0.328943 0.181155 -0.051550 -0.043423 
-0.130787 -0.005508 0.005814 -0.029543 0.073340 0.028755 0.045536 0.016243 -0.229929 0.359354 0.029717 -0.125002 -0.149562 -0.173593 0.004622 0.097921 -0.153066 -0.209622 0.215283 -0.020502 -0.070861 -0.001477 0.116329 0.068987 -0.054896 -0.021390 -0.211214 0.069213 -0.063663 0.111175 -0.039430 -0.105978 -0.161322 -0.018186 0.142126 -0.090117 -0.329984 0.025875 0.096839 -0.070809 0.278999 -0.105970 -0.138985 -0.222232 -0.007611 -0.203181 0.142964 -0.290870 0.101972 0.009073 
-0.127840 0.114267 -0.065630 -0.107612 0.072616 0.166574 -0.035552 0.058807 -0.031112 -0.128834 -0.024182 0.023592 -0.075790 0.026018 -0.097420 -0.092721 0.100250 -0.274913 -0.223405 0.061170 -0.055948 -0.031145 -0.038529 -0.171667 -0.224752 -0.067549 -0.176377 0.237759 0.024708 -0.146190 0.256569 -0.311191 0.033146 0.109747 0.106452 0.257087 -0.060302 -0.071320 0.092004 0.224461 -0.149363 0.206530 -0.115895 -0.011832 0.286715 -0.103666 0.031726 0.030930 0.005604 -0.201087 
-0.135770 -0.253251 -0.189409 -0.012657 -0.073216 0.057674 -0.078093 -0.028135 0.165735 -0.299248 -0.087445 0.020849 0.130481 -0.219335 -0.009892 0.199076 -0.217216 -0.120370 -0.038541 -0.173371 0.107453 -0.219386 -0.210627 -0.011877 0.162215 0.055957 -0.057324 0.161669 -0.140314 0.042034 0.184314 0.138463 -0.055997 0.338623 0.090509 -0.089788 0.077700 0.136423 0.184664 0.117343 0.200355 0.007885 -0.058602 0.070754 -0.126002 0.068566 -0.026553 -0.139249 -0.068302 0.066614 
-0.141012 0.333190 -0.052747 0.006596 -0.082417 -0.061603 0.113049 0.317165 -0.166778 -0.100478 0.106645 0.149346 0.179127 -0.046570 -0.263196 0.028659 -0.258884 -0.017574 -0.032691 0.079442 -0.072895 -0.023770 0.128096 -0.121023 -0.099318 0.062664 0.017718 -0.116009 0.176085 0.081180 -0.080184 0.003068 -0.057641 0.090803 -0.271441 -0.099178 0.077315 -0.171607 0.110216 0.094231 0.163028 0.175760 0.012926 0.104259 0.059426 0.028123 -0.053326 -0.032053 0.194296 0.342266 
-0.148427 -0.003916 0.043206 0.034660 0.303657 -0.062143 -0.065900 0.044783 0.137800 0.283578 -0.171733 -0.187316 0.026853 0.022175 0.078989 -0.190394 -0.076503 0.068422 0.016072 -0.031118 -0.054497 -0.071111 -0.256226 -0.150370 0.117709 0.028384 -0.336110 0.053406 0.212557 -0.257336 -0.098394 0.240099 -0.027095 -0.092638 -0.092532 0.303751 0.096616 0.005880 0.068130 0.174075 0.112496 -0.128742 0.061246 0.043771 0.033344 0.028559 -0.045474 0.060735 0.048521 0.219375 
-0.130041 0.015375 -0.132500 -0.043812 -0.051556 0.053174 0.053981 -0.058530 0.019182 0.247305 0.056089 -0.181655 0.047720 0.027341 0.146889 0.097332 0.145870 -0.156700 -0.184795 0.099234 -0.263052 -0.031965 -0.172810 0.254894 0.181969 -0.044357 0.337611 0.253840 0.107866 -0.029851 -0.257242 0.018441 -0.131960 0.150046 -0.303601 -0.080683 -0.076135 0.012937 -0.050453 0.025238 -0.027834 0.149034 -0.149858 0.246581 0.081145 0.025019 0.035335 -0.048013 -0.004109 -0.087197 
-0.146061 0.192945 -0.017952 0.142613 0.004081 0.004339 0.337492 -0.084038 0.126907 0.034818 -0.188206 0.003954 -0.079475 0.160759 0.122018 -0.041477 -0.388763 0.000047 0.040298 -0.221084 0.188318 -0.018633 -0.142266 -0.025960 -0.160406 -0.251895 0.088445 -0.011683 -0.196823 0.082626 -0.043049 -0.035903 0.100917 0.024976 -0.206235 0.064823 0.028021 0.147723 -0.273415 -0.064478 0.081534 0.113719 0.108896 -0.092108 0.227358 -0.038305 -0.066337 -0.105437 -0.116349 -0.113333 
-0.129899 0.084854 0.029750 0.163360 0.053929 0.022475 -0.011063 0.237636 0.040702 0.034471 -0.083224 0.061072 0.122589 0.246770 0.225316 0.012119 0.008353 0.184542 -0.255434 0.033220 -0.246407 0.200115 0.137822 -0.086366 -0.086245 -0.034597 -0.048615 -0.069711 -0.045943 0.188960 0.075727 0.359076 -0.023745 -0.061060 0.265418 -0.194531 -0.057612 0.097509 0.174853 0.134523 0.149609 0.011613 -0.153252 0.093285 0.079962 0.020166 -0.056326 -0.065523 -0.130438 -0.268155 
-0.146280 0.001197 0.143005 0.002505 -0.062899 -0.014281 0.196079 -0.067288 -0.232184 -0.063877 -0.183631 -0.184404 0.070940 0.047780 0.199336 0.160862 0.112131 0.085321 0.033388 -0.243061 0.056071 -0.060958 0.048405 -0.333821 -0.188772 0.159877 0.050036 0.292135 0.244336 0.078192 0.001117 -0.011745 0.090732 0.063066 0.031858 -0.185172 -0.010087 -0.077008 -0.229004 0.125172 -0.153903 -0.136852 -0.181356 -0.074098 -0.161643 0.127705 0.162693 0.098625 0.047775 0.115410 
-0.153052 -0.136359 -0.195547 0.099708 0.195733 -0.067434 -0.292785 -0.309314 -0.182513 -0.093348 0.022395 0.080806 -0.028884 0.220522 0.075743 -0.154594 0.017531 -0.117842 0.123891 0.150506 -0.030717 -0.095602 0.140210 -0.259537 -0.050585 0.017984 -0.117268 0.027209 -0.144365 0.088165 -0.287888 -0.047267 0.152945 0.049159 -0.047800 -0.142919 0.158986 -0.112108 0.035454 -0.168627 -0.040690 -0.003504 0.007317 0.197876 0.146745 0.121099 0.020934 -0.262583 -0.102758 0.062522 
-0.151434 0.117710 -0.121146 -0.081293 -0.272675 -0.132436 0.056519 -0.117726 0.330189 -0.057592 -0.134988 -0.009708 -0.002168 -0.233950 -0.012988 -0.176531 0.203119 0.008881 0.108229 0.082308 0.011740 0.016655 -0.075224 -0.162474 -0.110951 -0.068487 -0.175681 -0.099235 -0.084972 0.023619 -0.206563 -0.026617 -0.277736 -0.058904 -0.082218 -0.247603 0.047299 0.044470 0.146242 -0.119115 -0.014113 -0.048467 -0.305758 -0.168259 0.133075 0.004507 -0.038116 0.285864 -0.013879 -0.034464 
-0.149174 0.192265 0.109142 -0.095970 -0.259289 0.031882 -0.153434 -0.145976 0.099353 -0.017487 -0.004934 -0.268063 -0.142714 -0.020041 -0.066512 0.205637 0.082712 0.091762 -0.006790 0.227811 0.082737 0.037577 0.102512 -0.243191 0.191552 -0.164013 0.218603 0.017643 0.172581 0.002236 0.207837 0.019499 0.089561 -0.041366 -0.077905 0.060021 0.131829 -0.095558 0.122295 0.003472 0.243845 -0.249747 0.198280 -0.106730 0.170237 0.037648 0.024170 -0.220524 -0.052950 -0.104941 
-0.155066 0.013247 -0.008486 -0.138385 0.149581 0.309080 0.228583 -0.102082 -0.092111 -0.037912 0.253950 -0.054725 0.136712 -0.013368 -0.168367 0.005763 0.141927 0.100782 -0.106355 -0.233793 -0.138486 0.118563 -0.044056 -0.061188 -0.070351 -0.287274 0.009101 -0.135847 -0.082356 -0.037863 -0.038996 0.003195 0.169039 0.011308 -0.061523 0.230100 0.073998 0.086503 0.228194 -0.302241 0.069215 -0.097393 -0.215963 -0.006845 -0.220971 0.156479 0.096114 -0.010195 -0.093665 0.078534 
-0.132531 0.138277 -0.151763 0.044480 -0.083080 0.141786 -0.239213 -0.246240 -0.015952 0.108239 0.023857 -0.090861 0.194845 0.021406 -0.063944 -0.074443 -0.077291 0.248274 0.049393 -0.239655 -0.157254 -0.082078 0.123308 0.040833 0.290559 -0.008088 -0.028618 -0.172162 -0.077253 0.184950 0.012658 0.067762 -0.081811 0.159469 0.090657 0.133063 -0.017741 -0.258864 -0.126514 0.168932 -0.194842 0.242668 -0.002016 -0.294422 0.038365 -0.089437 0.139899 0.077539 0.014322 -0.013266 
-0.144951 0.374534 -0.005230 -0.063118 0.048536 0.007085 -0.210219 -0.082922 -0.009492 0.041348 -0.194434 0.196516 0.154175 -0.046936 -0.012360 0.045842 0.150425 0.217197 -0.050885 0.047236 0.012125 -0.263458 0.012329 0.095171 -0.066602 0.042299 0.049621 0.002203 -0.012841 -0.220507 -0.101589 -0.143031 0.101128 0.139889 0.273413 0.012777 -0.103300 0.303419 -0.190504 -0.181433 0.223591 -0.018533 0.062627 0.105706 -0.058485 0.058214 -0.020966 0.014231 0.283866 -0.054853 
-0.139663 0.025888 0.147919 0.241605 -0.101891 -0.168241 0.003993 -0.090119 0.004929 0.004000 0.197248 0.257285 -0.059597 0.179374 -0.276972 -0.139012 -0.053887 0.033274 -0.230788 -0.091514 -0.027993 -0.409852 -0.123975 0.024806 0.087651 0.055303 0.058118 0.197341 -0.105157 -0.018412 0.002374 -0.032620 0.000925 -0.291318 -0.097517 -0.037694 -0.158196 -0.167873 0.059288 0.082828 0.086229 -0.256007 -0.112388 -0.066440 -0.138261 -0.046200 0.049848 0.046458 -0.085673 -0.131453 
-0.153024 0.107883 0.056496 -0.104234 0.251844 -0.089566 -0.098885 0.250554 -0.057312 -0.147265 -0.057450 -0.295951 -0.050788 0.142205 -0.080456 0.128272 -0.018211 0.003485 -0.152036 -0.086281 0.178623 -0.067980 -0.094416 0.102289 0.162571 0.136995 0.063119 -0.194138 -0.091102 -0.230407 0.065613 -0.098956 -0.251312 -0.193640 0.112265 -0.177430 0.144856 -0.085115 -0.122937 -0.225033 -0.123245 0.089161 -0.235106 -0.081963 0.098205 0.036260 0.011472 -0.176922 -0.154784 0.077022 
-0.138437 -0.113058 0.234794 0.023513 0.068770 0.033945 0.033144 -0.120094 0.064760 -0.184045 0.325614 -0.067525 0.057095 -0.116590 0.269367 0.045855 0.015657 0.405137 -0.117964 0.070274 0.030978 0.067990 0.004993 -0.038381 -0.110951 -0.037307 -0.127682 0.168284 -0.135816 -0.136441 -0.104224 -0.150332 -0.198427 -0.044719 -0.113406 -0.080098 0.049009 -0.035777 0.037236 0.078883 -0.006892 0.187011 0.161169 -0.034004 -0.110133 -0.295754 -0.165621 -0.191488 0.183965 0.002602 
-0.136797 -0.260561 0.005760 0.055045 -0.262035 -0.030365 -0.180286 0.048183 -0.053888 0.015082 -0.145544 -0.082141 0.120861 0.230055 0.014809 0.111632 0.003219 -0.138052 -0.208806 -0.022081 0.018331 0.180553 -0.203095 0.073626 -0.334109 -0.010162 0.036809 -0.205213 -0.134184 -0.048419 -0.101040 -0.003846 -0.112663 0.172315 0.035378 0.174965 -0.023478 -0.355942 -0.069325 -0.135318 0.135029 -0.216380 0.110313 -0.024283 -0.039486 -0.099213 -0.025115 0.099923 0.203362 0.017774 
-0.135338 -0.150380 0.447986 -0.074432 0.078373 0.111816 -0.104309 0.119738 0.180925 0.033880 -0.217890 -0.001867 -0.132369 -0.067666 -0.073499 -0.058592 -0.001705 0.086554 -0.058147 -0.031516 0.200613 -0.083298 -0.066475 0.159486 0.063132 -0.115394 0.028281 -0.104054 0.074817 0.337669 -0.207809 -0.117069 0.332508 0.071900 0.022485 -0.098971 -0.071653 -0.092343 0.240694 0.040140 -0.131254 0.096294 -0.107319 0.119922 0.109238 -0.041897 0.089198 -0.014980 0.161746 0.051646 
-0.118041 -0.034195 0.005577 0.165249 0.253174 0.238111 0.050132 -0.324552 -0.067338 -0.005940 -0.168353 0.076063 -0.070180 -0.054128 0.026723 -0.066621 -0.264173 -0.027121 -0.147340 0.222944 -0.117316 0.149084 -0.121453 0.094303 -0.024152 0.207049 0.200594 -0.062005 0.246193 0.102234 0.077409 -0.264376 -0.135651 -0.062127 0.096587 -0.125099 0.142452 0.014814 0.149340 -0.028303 0.096736 0.008174 0.081729 -0.215739 -0.104772 0.119566 -0.103001 0.220921 -0.049261 0.023234 
-0.151493 -0.006213 0.028787 0.141403 0.077044 -0.114391 -0.109056 0.263128 -0.135828 0.008933 0.281215 -0.259915 0.025214 -0.259107 -0.044185 -0.233063 0.065614 -0.179209 -0.030331 -0.140719 -0.018792 -0.076295 -0.034756 0.020854 -0.015824 -0.198318 -0.032985 0.003433 0.130144 0.044688 -0.110297 -0.026814 0.145893 0.167411 0.121904 -0.239074 0.168724 0.008342 -0.141923 -0.023154 0.082762 -0.016289 0.293311 -0.113170 -0.059151 0.042850 -0.147844 0.204937 -0.121857 -0.262355 
-0.126100 -0.167690 -0.197255 -0.025540 0.008222 -0.073875 0.108771 0.060649 0.168407 0.201010 0.115074 0.002878 0.128058 0.260836 0.159356 -0.195393 0.053251 -0.009494 0.047359 0.080981 0.091778 -0.041224 0.076850 -0.039955 0.129247 -0.283929 0.122976 -0.146427 -0.010695 -0.120790 0.304799 -0.285007 0.089323 0.071817 0.072176 -0.224680 -0.177432 -0.012531 0.004715 0.173253 -0.043272 -0.085081 -0.064183 -0.065984 -0.077651 0.141200 -0.203366 -0.034176 0.172036 0.259052 
-0.150625 0.157079 0.064384 0.055036 0.060854 0.063669 0.018385 0.093490 -0.046231 -0.067119 -0.113903 0.001627 -0.017903 0.027404 0.145151 0.089969 0.186230 0.010318 0.176119 0.113304 -0.052147 0.125390 -0.020580 0.185879 0.180372 0.154438 -0.210394 0.212355 -0.313363 -0.008447 0.227333 0.009022 0.296333 0.047013 -0.230561 -0.063980 -0.143762 -0.280399 0.014150 -0.183196 0.184051 0.101580 0.041365 -0.067657 -0.028289 0.044430 -0.139606 0.268067 -0.130359 0.094943 
-0.143586 -0.007526 0.269126 -0.246559 -0.122749 -0.164525 0.154076 -0.132527 0.067480 0.282203 0.176944 0.106018 0.098702 0.177061 0.034350 0.030116 0.071411 -0.092510 0.003943 0.024790 -0.027800 -0.227394 -0.055480 -0.012260 -0.136279 0.187945 -0.037169 -0.018142 0.106811 0.093744 0.171359 0.121653 -0.081120 0.188019 0.173650 0.005549 0.064083 0.066087 0.139038 -0.265295 -0.116538 0.184477 0.227653 -0.014584 0.086312 -0.109452 -0.052202 0.016634 -0.285960 0.169190 
-0.130509 0.068074 0.019235 0.052766 -0.157927 -0.189325 0.271165 -0.092156 -0.348475 -0.017722 -0.061353 0.050765 -0.143758 0.049356 -0.065123 -0.142275 0.261614 -0.013052 0.015688 -0.071474 0.165986 0.197516 -0.082057 0.094720 0.269352 0.171446 0.001238 -0.051873 -0.073890 0.076385 -0.134623 -0.023452 -0.007172 0.135666 0.162109 0.206482 0.191331 0.090498 0.104509 0.215810 0.026562 -0.016034 -0.104557 -0.008926 -0.000203 -0.029704 -0.355188 -0.168474 0.086024 -0.037298 
-0.145741 -0.003881 0.012067 -0.079113 0.120435 -0.097924 -0.033929 -0.017583 0.041530 -0.307538 0.102801 -0.072857 -0.216191 0.134379 -0.065964 -0.140526 0.028104 -0.170132 0.050514 0.090073 -0.205281 0.056109 -0.128976 -0.057375 0.043284 -0.074104 0.226194 0.149902 -0.089652 0.175631 0.076686 0.354294 0.023364 -0.100480 0.119742 0.029216 -0.051744 0.201116 -0.114139 -0.106346 -0.035035 0.079808 0.036150 -0.186386 0.014551 -0.134492 0.073220 0.091731 0.418073 0.212150 
-0.137489 -0.034274 -0.202695 -0.240858 -0.106656 0.269358 0.117432 0.124683 -0.164371 -0.037025 0.075437 0.030893 0.071754 -0.066467 0.214085 -0.248844 -0.091431 0.076421 -0.184591 0.218015 0.343935 -0.084003 0.146724 0.153177 0.083959 0.001284 0.015186 0.146785 -0.064459 0.097176 -0.108003 0.088409 -0.029146 -0.133407 0.153853 0.081925 0.073497 -0.019558 -0.096601 0.012059 0.065801 -0.215722 0.046306 0.069291 0.140564 -0.151728 0.200984 0.180846 -0.141549 0.170690 
-0.130850 -0.052472 -0.137637 0.162881 0.015244 -0.235395 0.233919 -0.096920 0.100631 -0.141869 -0.053109 0.098752 -0.268659 -0.224283 -0.014159 -0.034065 -0.013728 0.181599 -0.075241 0.029914 -0.240928 0.057536 0.038355 0.175098 0.018394 -0.113633 -0.102701 -0.104774 0.265691 -0.122919 0.159002 0.025166 0.116853 0.175889 0.153484 -0.017363 0.008231 -0.241557 -0.200891 -0.149727 -0.039132 -0.108615 -0.089689 0.219138 0.049826 -0.235384 0.144606 -0.111850 -0.092233 0.098862 
-0.138591 0.172916 0.063257 -0.322377 0.142214 0.142294 -0.004042 -0.016162 0.172664 -0.056191 0.190981 0.042460 -0.238874 0.181835 0.050660 -0.042750 -0.073943 -0.066511 0.297176 0.126063 0.032113 -0.041247 -0.035455 0.084044 -0.147922 0.146483 0.010021 -0.215979 -0.008342 -0.018272 -0.023458 0.094444 -0.034538 0.209621 -0.061789 -0.031661 0.113635 -0.128500 -0.148905 0.290553 0.070627 -0.126790 -0.139181 0.104220 -0.324156 -0.039522 0.043785 0.017437 -0.039301 -0.252319 
-0.141041 -0.097909 -0.102111 -0.173018 -0.033047 0.083969 0.134388 0.002781 0.097994 0.155222 -0.267034 -0.137998 -0.060363 -0.157444 -0.231956 -0.135636 0.175719 0.002708 -0.102227 -0.128231 -0.260908 -0.056336 0.144499 0.061233 -0.185990 0.188180 0.040324 -0.036643 -0.322031 0.049222 0.116174 -0.035887 0.042864 -0.258685 -0.055621 -0.145257 0.179046 0.003212 -0.067898 0.189979 -0.015823 0.004268 0.318423 0.142293 -0.090757 0.043613 0.030716 -0.169223 0.034572 0.056466 
-0.152258 -0.075319 -0.090247 -0.194503 -0.177636 0.114770 -0.117962 -0.027178 -0.063395 -0.065351 -0.140216 0.157148 0.090993 0.184086 -0.227283 0.061628 0.002321 -0.054049 -0.014016 0.016245 0.012355 0.263906 -0.154624 -0.009368 0.105764 -0.095340 -0.177846 -0.001059 0.254389 -0.170493 -0.165002 0.027014 0.200868 -0.157144 -0.056984 -0.248384 -0.144995 0.185439 -0.119769 0.091804 -0.038228 0.120065 0.102818 -0.135648 -0.190075 -0.298331 -0.021815 -0.091441 -0.237818 0.033962 
-0.147688 -0.110124 -0.273503 0.141090 -0.059308 -0.001596 0.038977 0.146883 -0.008310 0.039212 0.101026 0.011556 -0.237764 0.198946 0.153080 0.103874 0.098133 0.068801 -0.041891 -0.170956 0.088345 -0.062396 0.038476 -0.060058 0.120535 0.264836 -0.114661 -0.198911 0.121046 -0.003736 0.079595 -0.141097 0.060837 0.011328 -0.234588 -0.022134 0.104159 0.247957 0.209045 -0.119493 0.036768 0.069323 0.137263 -0.001090 0.012382 -0.135350 0.347578 0.158907 0.223991 -0.180744 
-0.131129 -0.193269 -0.107552 -0.176937 0.066270 -0.223411 0.142696 -0.000834 0.085853 -0.320814 -0.065925 -0.154247 0.262649 0.097006 0.014112 0.001637 0.052640 0.028805 0.135130 0.053981 -0.050146 -0.159855 0.131186 0.204423 -0.034017 0.041089 -0.100190 -0.036431 0.288804 0.260665 -0.054834 -0.118562 -0.036704 -0.231275 -0.041063 0.284506 -0.207128 -0.036044 -0.040084 -0.033991 0.170587 0.099607 0.045595 -0.041500 -0.008655 0.167496 -0.090024 -0.069346 -0.019583 -0.218487 
-0.155123 -0.020981 -0.102833 0.080156 0.263421 -0.226217 -0.112482 0.214226 0.129016 0.163742 -0.085134 0.311468 0.229167 -0.166888 0.037004 0.069534 0.205316 -0.017570 0.146276 0.042000 0.119357 0.141633 -0.042268 -0.099407 -0.052102 -0.035410 0.328337 0.124920 -0.027789 0.151622 0.040791 -0.091222 -0.006873 -0.049406 -0.046808 0.192909 0.235384 -0.062053 -0.010945 0.013632 0.006962 0.019497 -0.067166 -0.150322 -0.160335 -0.252198 0.166347 -0.095763 -0.130093 -0.017446 
-0.132596 -0.241550 0.025007 0.046844 -0.102904 -0.113637 -0.065077 -0.011224 -0.156197 0.067462 -0.063122 -0.138324 -0.196037 0.075318 -0.192447 -0.018440 -0.100087 0.226782 0.267261 0.013126 0.068976 0.007177 0.146447 -0.030918 -0.123058 -0.148466 0.241342 0.099894 -0.060244 -0.247019 -0.007407 0.013524 -0.077486 -0.037815 0.139568 0.072714 -0.012002 0.028519 0.113858 0.084486 0.234415 0.382451 -0.095609 0.207804 -0.047261 0.015747 0.065222 0.301391 -0.156453 0.020881 
-0.144409 -0.332108 0.211143 0.044560 -0.109962 0.153794 0.043899 0.025189 0.166027 0.137794 0.193985 0.176165 0.062783 -0.146547 -0.084636 -0.040945 -0.035179 -0.087922 -0.063192 0.071701 0.003700 0.133563 0.124634 -0.166109 0.128002 0.279441 -0.025587 -0.057554 0.012871 -0.122829 0.002297 0.057503 0.119882 -0.028979 -0.006544 0.062751 0.065480 0.028038 -0.419594 -0.072026 0.201747 0.157081 -0.231647 -0.097726 0.198417 0.206893 -0.002211 -0.059150 0.103181 -0.089416 
-0.137831 0.029211 0.136068 0.067077 -0.181592 0.149675 -0.042241 0.164148 0.012768 -0.179370 -0.115807 0.179536 -0.020068 -0.034646 0.230001 -0.368315 -0.001599 -0.076814 0.212318 -0.195129 -0.080879 0.039208 0.106113 0.149227 -0.029941 0.054273 0.190558 0.064060 0.112980 -0.346163 -0.050393 0.094320 -0.111426 0.042540 -0.028768 0.035886 -0.094855 -0.072239 0.228888 -0.093951 -0.123674 -0.012109 0.143329 -0.172498 -0.003447 0.198205 0.133994 -0.263607 -0.030911 -0.026962 
-0.146487 0.031172 0.112488 0.123442 -0.023627 0.110868 -0.180269 -0.050452 0.142969 -0.011076 0.096507 0.111774 0.008382 0.193288 -0.096790 0.159677 0.053990 -0.096954 0.165176 -0.277389 -0.016263 0.160447 0.238816 0.341652 -0.031299 -0.155619 -0.178227 0.239257 0.128175 0.106933 0.083915 -0.111684 -0.225552 -0.084394 -0.003241 -0.019341 0.295914 0.141586 -0.092655 0.044579 -0.003064 -0.197104 -0.030694 0.149309 0.163217 0.033567 -0.077183 0.101008 0.048358 0.155894 
-0.159078 0.009295 -0.099778 -0.085514 0.216401 -0.075257 -0.158928 -0.068144 0.042517 0.045774 0.032233 0.100666 -0.259958 -0.117277 -0.121993 -0.047749 0.102682 0.074375 -0.267528 -0.164165 0.309188 0.212608 0.180874 -0.085310 -0.060584 0.059160 0.037404 0.016946 0.056556 0.121284 0.042786 0.150089 -0.236292 0.166024 -0.200699 0.042364 -0.438391 0.029229 -0.070064 -0.032958 -0.053550 -0.023350 0.134890 0.050634 -0.045468 0.180254 -0.132089 0.026815 -0.106355 0.046314 
-0.151102 0.114246 -0.051109 0.326646 0.032137 0.173649 0.260045 0.052439 0.253024 -0.047983 0.134180 -0.043417 0.029574 0.028557 -0.138855 0.240801 0.119865 -0.109823 0.163880 0.118443 0.101916 0.083633 -0.122785 -0.135121 0.105884 0.049974 -0.019407 -0.016941 -0.076146 -0.007836 -0.258801 -0.050645 -0.099803 -0.069248 0.352250 0.032829 -0.212396 -0.105897 0.006876 0.077544 -0.129872 0.023797 0.287302 0.162037 -0.017730 0.141076 0.163994 0.008436 -0.041081 0.053582 
-0.152116 0.126826 0.211025 -0.051726 -0.085596 -0.243511 -0.001996 -0.158317 -0.086204 0.035391 -0.069977 -0.049491 0.237605 -0.076092 0.047136 -0.163717 -0.243850 -0.207177 -0.061840 0.080283 0.104684 0.255193 0.035916 -0.046130 0.216303 -0.103271 -0.145270 -0.003473 -0.090769 0.009399 0.215725 -0.042166 -0.090111 -0.086778 -0.034765 0.001455 0.015081 0.033826 0.000708 -0.106122 -0.147821 0.055390 0.034275 0.337080 -0.271361 0.074803 0.268559 0.046317 0.149651 -0.205186 
-0.135459 -0.021218 -0.192748 -0.072387 0.003588 -0.205686 0.062621 0.024248 0.056334 0.155921 0.054836 -0.010147 -0.030450 0.015350 -0.157772 0.217575 -0.234686 0.139593 -0.070815 0.210744 0.090276 0.077970 0.113059 0.250553 -0.151064 0.012461 -0.104570 0.245259 -0.055412 -0.144775 -0.111329 0.163561 0.217318 0.064960 0.050835 -0.006324 0.150636 -0.015014 0.152584 -0.007066 -0.331441 -0.043488 -0.011057 -0.294657 -0.022592 0.271724 0.010591 -0.021692 0.148598 -0.144762 
-0.139497 0.031030 -0.030399 0.296212 -0.296330 0.164832 -0.196863 0.213794 -0.030480 0.054787 0.002373 -0.150862 -0.153311 -0.042207 0.017811 -0.080854 -0.024616 0.107947 0.033629 0.291598 -0.040613 -0.129410 -0.107447 0.009276 -0.138427 0.012267 -0.110849 -0.017861 0.024712 0.229567 0.128880 -0.061442 -0.031363 -0.018677 -0.081400 0.227298 -0.006369 0.234106 -0.144745 -0.114049 -0.239343 0.044168 -0.143492 0.039660 -0.297664 0.079318 -0.132633 -0.158912 -0.127124 0.121839 
-0.138808 -0.177360 0.059255 0.100766 0.143718 0.245241 0.176863 -0.001147 -0.240863 0.023829 -0.225452 0.172868 0.043206 -0.052596 -0.089436 0.173636 0.142009 -0.074038 0.101926 0.168937 0.084492 -0.315583 0.127815 -0.045354 0.078197 -0.273745 -0.034595 -0.135680 0.039396 -0.087567 0.115494 0.298258 -0.214766 -0.012074 -0.146660 -0.056895 0.051788 -0.064213 -0.035235 -0.070848 -0.189924 -0.012769 0.052228 -0.000733 0.004720 -0.098396 -0.178918 0.063631 0.159066 -0.213231 
