-0.153949 -0.101934 -0.119009 -0.009042 -0.081241 -0.285725 -0.080751 0.214714 -0.116776 0.006401 -0.136364 0.057228 0.074818 0.247463 0.145609 -0.010636 -0.348281 0.151433 0.000999 0.103488 -0.008059 0.256306 0.010270 0.122448 0.178750 -0.060714 -0.134503 -0.129272 0.041641 0.033508 -0.027643 0.149746 0.123189 -0.101716 -0.013114 0.413584 -0.048725 0.140294 -0.109218 -0.141108 -0.049760 -0.191298 0.045397 -0.027737 -0.015285 0.049211 -0.155123 0.020921 -0.183524 -0.037940 
-0.148002 -0.296877 -0.191002 0.052110 0.035360 -0.015407 -0.004647 0.259112 -0.187627 0.020952 0.010687 -0.091492 0.137508 -0.360938 0.040032 -0.191289 -0.013660 0.001348 -0.065213 0.013025 0.143487 0.169370 0.133731 -0.000432 0.116866 0.291817 -0.050116 -0.261067 -0.207857 0.062245 -0.051868 -0.027550 -0.021256 -0.042814 -0.266732 -0.205479 -0.051530 -0.176518 -0.102147 0.025514 0.041822 0.210458 0.139528 0.081872 -0.018124 0.078352 0.092519 -0.043820 0.095419 -0.003250 
-0.124148 -0.014264 -0.131932 -0.001757 -0.278268 0.363178 -0.012642 0.140597 -0.048992 0.066663 -0.085014 0.247589 -0.131054 -0.021325 -0.363346 0.007906 0.063740 0.003155 0.089466 0.126828 0.108963 -0.135290 -0.162501 -0.056243 0.183692 -0.118557 0.152920 -0.211269 -0.012892 -0.019735 -0.101603 -0.074924 -0.084531 -0.062185 0.121171 0.058323 0.059463 0.186212 0.005720 -0.016374 -0.204638 0.117691 0.277941 -0.167784 -0.140598 0.010324 -0.178845 -0.079990 0.069174 -0.025145 
-0.144793 0.089100 -0.041003 0.183343 0.245424 -0.076673 -0.221772 -0.015614 0.076483 0.081016 0.142484 0.111224 -0.194318 -0.193105 -0.105531 -0.030951 -0.330197 0.057527 -0.216436 0.209910 0.005336 -0.063129 -0.121141 0.164977 0.024196 0.011374 0.067379 0.090453 0.098535 -0.001191 0.068638 -0.154267 -0.003382 -0.110013 0.080621 0.093121 -0.088225 -0.146747 0.250462 0.017404 -0.172453 -0.013957 0.085655 -0.106490 0.315274 0.151525 0.241484 0.002471 0.130388 0.145925 
-0.135100 -0.122183 -0.061730 -0.083601 0.182888 0.260461 0.098343 0.039009 -0.003424 0.012260 -0.169999 0.031951 0.260554 0.140226 0.073735 0.117455 -0.077400 -0.278127 -0.024972 0.093685 0.063757 0.066047 -0.008126 -0.209324 -0.270792 0.328902 -0.025761 0.002478 0.282406 -0.109890 0.093471 -0.239435 -0.047383 0.102317 0.058660 0.176582 -0.055952 -0.147588 0.004157 0.091135 -0.231126 -0.112464 0.017672 -0.077830 -0.023063 -0.042086 0.047371 -0.054547 -0.049154 -0.242071 
-0.146753 -0.010158 0.067568 -0.197829 -0.133379 0.148106 -0.012943 -0.027112 0.080586 0.152397 -0.284240 -0.044007 -0.115852 0.123317 -0.222759 0.013246 0.092470 0.086277 -0.341920 -0.240926 -0.153751 0.101610 0.089998 0.073569 0.105619 0.027221 0.028708 0.186392 -0.171417 0.180754 0.046668 -0.262556 0.028217 -0.027849 -0.170216 0.193482 -0.125872 -0.192601 -0.134779 -0.111432 0.172540 -0.025084 -0.015746 -0.160724 0.008947 -0.097071 0.120629 0.204048 0.099231 -0.024134 
-0.126608 -0.046991 -0.282198 0.157194 -0.173241 -0.027612 0.161895 -0.001508 -0.025454 0.208756 0.084524 -0.214780 -0.000148 0.029493 -0.074040 0.028124 0.027276 -0.172002 0.009067 0.026787 0.116568 -0.032334 -0.152981 0.044572 -0.239914 -0.181045 -0.317040 0.115606 0.102250 0.166392 -0.006195 0.094535 -0.294135 -0.139380 -0.019594 -0.027589 0.103110 0.016222 0.011260 -0.184763 0.043295 -0.222680 0.037181 0.070328 -0.214340 0.149239 0.234921 0.181633 0.162755 0.019592 
-0.150854 0.001691 -0.095626 0.284744 0.056995 -0.210522 -0.058899 -0.009676 0.195118 -0.125592 -0.126694 0.063318 0.106860 0.234927 -0.155663 -0.006490 -0.081078 -0.166036 0.040577 -0.207624 -0.087766 0.077783 -0.039993 -0.142628 0.224136 0.066113 0.113200 0.231955 0.100384 -0.240358 -0.102146 -0.084388 -0.295914 -0.037538 0.075865 -0.122136 0.067377 -0.036999 -0.295442 0.037788 0.129061 0.168636 0.094848 0.156859 0.073490 0.183174 -0.099317 -0.027700 0.032365 0.127595 
-0.115601 -0.049037 -0.143560 -0.143958 0.003199 0.012240 0.015165 -0.203336 -0.109017 0.129541 0.253177 -0.007203 0.203846 -0.072615 0.119640 -0.072158 -0.106954 -0.247062 -0.151225 -0.113541 0.002627 -0.309674 0.014428 -0.047939 0.261566 0.009278 0.022676 0.228176 -0.107494 0.027815 -0.080101 0.065564 0.031861 0.039462 -0.092128 -0.114892 -0.188716 0.214319 -0.081100 0.076239 -0.179849 -0.047577 -0.079342 -0.296420 0.027717 0.158800 -0.151808 0.227375 -0.205534 -0.035843 
-0.138980 0.087380 0.065866 -0.058064 0.026276 0.041918 -0.028484 0.098161 -0.075853 0.128534 0.086733 0.067649 -0.215181 -0.008892 0.186727 -0.149785 0.068634 -0.203602 0.298644 -0.243366 -0.082385 -0.082234 -0.267986 0.062803 0.238846 0.168302 0.122178 0.013930 -0.018372 -0.170836 0.029978 0.225988 0.023390 -0.201333 0.060067 0.080720 -0.156396 -0.271397 0.094257 0.004866 0.088351 -0.216240 0.105069 0.152444 -0.047953 -0.175687 0.058059 0.070015 0.095108 -0.225725 
-0.146505 -0.227988 0.074060 -0.125510 0.106586 0.005286 -0.045777 0.015193 0.092912 0.095369 0.326438 -0.116401 -0.003815 0.158576 -0.031581 0.170252 -0.117540 0.235007 0.283854 -0.034188 -0.175817 -0.276496 0.242088 -0.079955 -0.001153 0.056217 -0.098942 -0.088782 0.032409 0.074507 -0.028678 -0.121752 0.029579 0.165762 0.033477 0.078819 0.038946 0.134176 -0.123717 0.141505 0.076530 -0.030466 0.361152 0.114034 0.066299 -0.091872 0.096788 0.169509 0.196064 0.047562 
-0.123442 -0.164179 -0.125010 -0.016640 0.177762 -0.027386 0.003152 -0.063128 0.067442 0.210173 -0.228578 -0.403111 -0.123933 0.104570 -0.080461 0.177522 0.052272 0.067239 -0.072323 0.054253 0.122547 -0.163766 -0.046272 0.098091 0.174962 0.078303 0.169962 0.011805 0.107091 0.065029 0.124673 0.256563 0.182817 -0.006229 0.176626 0.058641 -0.061161 0.038922 0.049389 0.196675 -0.041221 0.293350 -0.188339 0.147743 -0.249103 0.079017 0.065310 -0.108959 -0.038820 0.021936 
-0.149892 -0.048544 -0.128847 -0.094818 -0.057344 0.010745 0.398752 -0.046641 0.175634 -0.083727 0.129494 0.013916 -0.148898 0.197839 0.295837 0.140699 0.131375 0.089447 0.064892 0.176312 0.148783 -0.048194 -0.094037 0.123778 -0.041807 0.106606 0.105750 0.090822 -0.218330 -0.262282 0.037274 -0.011151 0.106433 0.060405 -0.139425 0.049470 0.020770 -0.099181 -0.063336 -0.247694 0.064734 0.064237 0.073613 -0.221402 0.103416 0.204483 0.000386 -0.196685 0.108900 0.153475 
-0.134085 0.298751 -0.021746 0.102933 0.018516 -0.024331 0.242012 -0.068189 -0.072784 -0.001984 -0.098596 0.164342 0.024072 -0.085481 0.043362 -0.194137 -0.170989 -0.145713 -0.091002 0.061789 0.030723 -0.143716 0.265182 -0.100766 -0.105817 0.005672 0.048862 -0.014381 -0.199694 0.104020 -0.278446 0.138105 0.067020 0.238531 0.279648 0.295832 0.002855 0.019149 0.031981 0.012839 0.265326 0.160813 0.012758 0.081169 -0.067818 0.082255 0.105770 -0.000162 0.157399 -0.152586 
-0.124876 -0.021460 -0.178576 0.089667 0.252520 -0.026498 0.111976 0.100221 -0.109906 0.086290 -0.094036 0.183744 0.078053 0.117071 -0.142465 0.218216 0.189267 0.220680 0.065188 0.053008 -0.118348 -0.083361 0.169351 0.081761 0.008111 -0.133752 0.125366 -0.063943 -0.185545 0.107095 -0.089576 0.181360 -0.224551 0.161270 0.101585 -0.219095 -0.017959 -0.328168 0.080405 -0.070424 -0.105883 -0.215947 -0.060428 -0.003108 0.162168 -0.001441 -0.010541 0.065679 -0.277224 -0.106632 
-0.142338 -0.177661 -0.065512 -0.080744 -0.077037 -0.056170 -0.049158 0.053296 0.217146 -0.415247 -0.063297 -0.038563 0.215255 -0.099353 -0.276526 -0.176314 0.112258 0.093887 0.107597 -0.077724 0.147354 -0.021256 -0.029650 -0.146059 -0.016791 -0.143596 0.008857 0.077788 0.010004 -0.097770 0.255179 0.215489 0.172034 0.096669 -0.030388 0.100199 -0.013491 -0.028656 0.289270 0.089662 0.126580 -0.102921 0.023142 -0.100316 0.118496 0.198029 0.033392 0.194482 0.069265 -0.160306 
-0.136206 0.117359 0.125844 0.172396 -0.128985 -0.136633 -0.098767 0.179517 -0.043608 0.031604 -0.025619 -0.085995 -0.087552 0.231576 0.147286 -0.123072 0.344308 -0.041789 -0.325685 0.143168 0.009277 -0.201662 -0.024418 -0.276757 0.048458 0.087109 -0.041945 -0.085529 -0.072179 0.098619 0.114010 -0.010077 -0.144029 0.108327 -0.161223 0.049739 -0.100531 0.138067 0.153815 0.248918 0.030061 -0.232135 0.124493 0.089977 0.110415 0.026223 -0.039875 -0.206465 -0.034441 0.107197 
-0.140197 0.300511 0.053049 -0.231348 0.109302 -0.023632 0.122110 0.166298 -0.025022 0.019261 0.183827 0.138066 -0.184492 0.024935 -0.111403 -0.074980 0.026808 0.054150 -0.033570 0.186591 0.052538 0.039554 -0.168605 -0.104549 -0.119834 -0.063603 -0.102263 -0.082117 0.066201 -0.047545 0.273232 0.024854 -0.056802 0.009165 -0.127750 0.014205 -0.037475 -0.036643 -0.315140 0.110702 0.017285 0.307664 -0.071984 0.185405 0.012567 0.109319 0.012399 0.336118 -0.267509 -0.076343 
-0.150008 -0.090128 0.041636 -0.281772 -0.084170 0.033387 -0.218252 0.201442 -0.148299 0.255534 -0.043803 0.069752 0.058284 -0.012719 -0.058372 -0.085833 -0.135434 0.041581 0.251449 0.131206 -0.112008 -0.016987 -0.005674 -0.113672 -0.169604 -0.090739 0.213397 0.232722 -0.062232 -0.145678 -0.090336 -0.139178 -0.042548 0.029601 -0.113603 -0.085635 -0.045795 0.148891 0.112616 -0.034159 0.243067 -0.067646 -0.295467 0.095762 -0.059662 0.192090 0.171559 -0.253111 -0.082609 0.076507 
-0.135950 -0.094950 -0.058535 -0.126869 0.046688 -0.238961 -0.059874 0.012843 -0.228581 -0.164393 0.057244 0.050695 -0.055001 -0.079526 -0.106961 0.141718 0.009001 -0.119291 -0.028841 -0.072955 0.032317 -0.125809 -0.140730 0.017419 -0.121023 0.102584 -0.192615 0.194252 -0.023637 0.176218 0.164364 -0.140806 0.005437 0.052221 0.225530 -0.033003 -0.115223 -0.035910 0.192391 -0.266882 0.250576 0.202628 0.226041 -0.012036 -0.079911 -0.218971 -0.232630 -0.171037 -0.229515 0.071174 
-0.139827 -0.107157 0.033258 -0.152406 0.083179 -0.322971 0.100085 -0.249225 0.071827 0.075749 -0.324804 0.162981 -0.156029 0.031978 0.015518 -0.061677 0.021899 0.010374 0.175689 -0.101314 0.014295 0.007707 -0.162491 -0.214635 0.013012 0.082997 -0.291386 -0.230534 -0.196905 -0.053040 -0.117279 -0.080370 -0.086801 -0.064857 0.020440 -0.094590 0.051083 0.201755 0.167649 0.037452 -0.191903 0.109112 -0.157911 -0.124556 0.113934 -0.121622 0.214056 0.088845 0.037367 0.039345 
-0.127102 -0.098456 -0.121985 0.010225 0.242439 0.209576 -0.038230 0.136779 -0.130242 -0.292506 0.061562 0.070820 -0.274927 0.034632 0.030033 -0.003450 -0.122972 -0.048676 -0.187474 -0.163234 -0.220569 -0.013026 0.154497 -0.228701 -0.093584 -0.174554 -0.130364 0.013028 -0.117887 -0.136064 0.133176 0.224057 0.061199 -0.166770 0.060251 -0.054441 0.116897 0.012910 -0.159962 0.096163 -0.037138 -0.097068 -0.095466 -0.199416 -0.219291 -0.094942 0.124232 -0.173555 0.056981 0.183985 
-0.146746 -0.011233 -0.150224 -0.163399 -0.060767 -0.095480 -0.047072 -0.143650 0.032817 0.090827 -0.002524 0.035374 -0.314773 -0.250014 0.180025 -0.013337 0.071895 0.000799 0.034150 -0.229309 -0.082151 0.132952 0.264704 0.095713 0.019070 -0.191727 -0.038762 0.020696 0.270509 -0.016241 0.118218 -0.013832 -0.282322 0.273989 -0.147985 0.133930 0.103455 -0.034928 0.080240 0.084030 -0.128981 0.076346 0.022252 0.008697 0.009392 0.146682 -0.206923 -0.218893 0.058787 -0.201393 
-0.150222 -0.076094 -0.218003 -0.021373 0.112389 -0.132089 -0.070982 -0.133686 0.091220 0.031294 0.148120 0.179757 -0.077535 -0.093454 0.058874 -0.087286 0.323632 0.128560 -0.202208 -0.061004 0.105008 0.185135 0.029263 -0.175676 -0.119392 -0.014238 0.272430 -0.057035 0.214828 -0.061463 -0.218452 -0.134565 0.279854 -0.006712 0.131043 -0.046317 -0.133116 0.138766 -0.058690 -0.192941 -0.039047 -0.195232 0.035202 0.207748 -0.186899 -0.054478 0.015158 0.153666 -0.011574 0.097289 
-0.128787 0.019198 -0.007303 -0.127319 -0.023559 -0.157512 0.239185 -0.148663 -0.231273 -0.216332 -0.068445 -0.144251 0.082657 -0.029327 -0.093023 -0.075276 -0.033247 0.005690 -0.005929 -0.032675 0.080912 -0.215224 -0.031379 0.037006 -0.079805 -0.243380 0.263315 0.044070 0.174753 0.080647 -0.182519 -0.043645 0.035143 -0.283984 -0.265657 0.094169 0.115276 -0.060289 -0.151149 0.113811 -0.103398 -0.008277 0.136537 0.104434 0.207170 -0.246109 0.172867 -0.216610 -0.103002 -0.049572 
-0.157302 0.083045 0.170556 0.193377 -0.046308 0.075553 0.003486 0.118896 0.168438 0.024829 -0.043517 0.031195 -0.162618 -0.024115 -0.013216 0.241630 -0.069308 -0.134373 0.033928 -0.020159 0.074281 -0.038065 0.211589 -0.111856 0.082909 0.053173 -0.049158 -0.103623 0.397836 0.012618 -0.183966 0.185088 0.134693 -0.019569 -0.300563 -0.187023 -0.052117 0.083870 0.130382 -0.222093 0.235310 0.091882 0.012405 -0.225509 0.056327 -0.065312 0.151974 0.036563 -0.229316 -0.072002 
-0.159572 0.119085 -0.097221 -0.075815 -0.237385 -0.047799 -0.320793 -0.090269 -0.025514 0.045974 0.136464 0.080897 -0.001297 0.120972 0.004486 0.112338 0.105035 0.008802 0.033642 -0.047793 0.187761 -0.081043 0.163415 -0.000416 -0.137321 0.206850 -0.114126 -0.056189 -0.015584 0.064288 -0.146006 -0.032166 0.172852 -0.318293 0.105114 0.018971 0.389014 -0.303872 0.004218 0.228502 0.067106 0.014884 -0.178129 -0.080899 0.068087 0.133370 -0.162577 0.023528 -0.039687 0.012899 
-0.146410 -0.097105 0.275384 0.242344 -0.092367 -0.149143 -0.045411 -0.048774 -0.280204 0.075746 -0.019143 -0.085292 0.049252 -0.148938 0.022283 0.026850 0.152214 -0.071136 -0.024137 -0.088935 -0.120327 -0.024952 -0.128829 0.182266 -0.028590 -0.042366 0.127121 -0.196356 0.018193 -0.219012 0.174982 -0.132757 0.105794 0.228954 0.189950 0.043397 0.296200 0.032277 -0.203755 -0.014466 0.067958 -0.056071 0.048067 -0.254488 -0.059474 0.135840 0.242466 0.077527 -0.174371 -0.044879 
-0.136342 -0.164815 0.294850 -0.136396 0.117264 -0.047552 -0.018880 0.045544 0.078830 -0.123409 0.020334 0.014938 -0.033638 -0.018654 -0.028316 0.033585 0.062845 -0.374465 0.133986 0.092508 0.001476 0.073598 -0.152708 0.041593 0.001813 -0.201544 0.042594 -0.188903 0.076932 0.371219 -0.199469 0.040187 0.034250 0.157292 0.005569 0.050135 -0.143580 -0.226656 -0.153442 0.048349 -0.018539 -0.076049 -0.158253 -0.071989 -0.006031 0.147111 -0.164257 -0.011164 0.178404 0.311580 
-0.162900 0.092551 -0.109150 -0.007510 -0.152500 0.145310 0.163644 -0.011680 0.167761 -0.119416 0.201470 -0.330226 -0.129368 0.079438 -0.178274 -0.203562 -0.149089 -0.157560 0.056869 -0.126017 -0.007298 0.080026 0.153831 0.098889 0.086941 0.042288 -0.005493 -0.300887 -0.090338 -0.004916 0.084564 -0.248193 0.010726 0.035245 0.229640 -0.076912 -0.072666 0.064029 0.061076 -0.115418 -0.032748 -0.155292 -0.234046 0.160579 0.185625 -0.032251 0.011226 -0.128609 -0.255286 0.029883 
-0.142478 -0.019888 0.001058 0.052937 0.132759 0.095381 -0.116948 -0.090904 0.164825 0.204487 -0.115253 -0.086316 0.119001 0.104958 0.008851 -0.397363 -0.129832 0.010982 -0.080498 -0.052894 -0.180655 -0.209987 -0.098616 0.075735 -0.319778 0.005418 0.090244 -0.185854 0.007716 -0.083628 0.043794 0.170279 0.023802 0.067043 -0.212986 -0.028674 0.223885 -0.076975 0.085433 -0.248389 -0.016808 0.104249 0.058797 0.007485 -0.012472 -0.140103 -0.334975 0.077843 -0.014816 0.156069 
-0.115592 0.127168 -0.200248 0.123239 0.010932 0.043447 -0.138683 -0.017597 0.128481 -0.110729 0.059934 0.193403 0.230328 0.040352 0.175952 -0.093809 0.220371 -0.061749 0.276205 0.018900 -0.091993 0.036274 0.124092 0.189987 0.012549 0.079270 0.187446 -0.004751 0.013223 0.318384 0.272228 -0.005384 -0.164452 -0.105302 -0.048088 0.180026 -0.040043 0.177795 -0.008984 0.006408 -0.009638 0.191370 -0.101996 -0.149347 -0.085376 -0.190055 0.257648 0.009656 -0.053139 0.183107 
-0.149584 0.299558 -0.036612 -0.112917 0.093887 -0.061503 -0.220574 -0.289561 -0.085171 0.055692 0.048833 -0.076655 0.182791 0.071324 -0.181900 -0.057670 0.013109 0.122954 0.014708 0.180629 0.144394 0.057814 -0.011776 0.006460 0.116801 -0.002783 -0.147036 -0.132141 0.091464 -0.095820 0.109211 0.123006 -0.033036 0.114721 0.016254 -0.195059 -0.180106 -0.021393 -0.270201 -0.110427 0.129817 -0.126089 -0.038194 -0.205661 -0.023436 -0.162526 0.017721 -0.279443 0.297926 -0.155043 
-0.135628 -0.143790 0.242945 -0.004895 0.403233 0.017065 0.033331 0.119255 0.166304 -0.000466 0.089932 -0.043736 0.023343 0.011830 0.078161 -0.064939 0.116278 -0.027509 -0.113507 0.111499 0.200428 0.017905 0.078993 0.194266 0.050316 -0.165303 0.020840 0.006612 -0.109435 -0.029170 -0.064693 -0.194228 -0.223703 -0.323327 0.069673 0.008818 0.156061 0.229566 0.065557 0.014523 0.219814 -0.017766 -0.068406 -0.089746 -0.062790 -0.044229 -0.184843 0.015033 0.041792 -0.348385 
-0.133264 0.027607 0.143275 0.092424 -0.097590 -0.211725 0.159863 0.166998 -0.067240 0.125457 0.108399 -0.009580 0.114431 0.052529 -0.141125 -0.101921 0.136458 -0.136380 0.060750 0.216456 -0.072698 0.030533 0.327804 0.009709 0.168107 -0.153034 -0.145701 0.219558 0.036529 -0.262765 0.048298 -0.107114 0.185047 0.000201 -0.023858 0.006596 0.019913 -0.177091 0.170837 -0.041872 -0.305883 0.138741 -0.106233 0.014867 -0.172434 -0.254114 -0.061740 0.067512 0.148524 0.113640 
-0.156046 -0.030461 0.178432 -0.002378 -0.138868 0.176137 0.015771 -0.164185 -0.127632 -0.141481 0.020262 -0.164723 0.008904 0.152158 0.281422 -0.238394 -0.106826 0.342936 0.013997 0.048618 0.073459 0.146429 -0.026317 -0.095548 0.051960 -0.109384 0.011839 0.039100 0.149909 0.005001 -0.159050 -0.048729 -0.248094 -0.004606 0.192115 -0.122918 -0.155584 -0.241632 0.185980 0.114669 0.034278 0.150564 0.105318 -0.165851 -0.205728 0.013513 0.053051 0.138282 -0.149920 0.119296 
-0.170989 -0.138864 0.016296 0.132113 -0.095689 0.308459 -0.127998 0.005276 -0.062907 0.113709 -0.149517 0.084653 0.119016 -0.095836 0.269182 0.113530 0.069704 0.000881 -0.022721 -0.095828 0.256683 -0.082903 0.003048 0.012380 -0.014779 -0.326753 -0.205800 0.043359 -0.016374 -0.141348 0.087500 0.027005 0.059741 0.009884 0.153560 0.044126 -0.152939 0.033222 -0.145058 -0.049699 0.040792 0.126833 -0.107299 0.242063 0.424262 -0.165638 -0.020107 0.035010 0.048787 0.118758 
-0.145939 0.022551 0.053461 0.077506 -0.076699 0.005236 -0.339411 0.011596 -0.128864 -0.275318 0.113167 -0.151397 -0.086313 0.253400 0.090258 0.155565 -0.016933 -0.085187 -0.038130 -0.003586 -0.065074 0.073721 -0.091509 -0.024821 -0.108940 -0.049331 0.137180 0.041527 -0.218252 0.093565 -0.116017 0.009114 0.033631 0.120515 -0.102114 -0.090512 0.007831 0.073771 0.060487 -0.253592 -0.315309 0.243440 -0.059908 0.138420 0.015673 0.033540 0.090603 0.084816 0.175335 -0.383150 
-0.144385 -0.205683 -0.065329 0.280534 -0.089873 0.091644 -0.022449 -0.312263 0.184730 0.073476 0.125769 0.016471 -0.099936 -0.094556 -0.112783 0.005592 0.019532 -0.056157 0.067106 0.290016 -0.218081 0.275091 -0.159824 0.006833 -0.100025 -0.033767 -0.110518 0.156689 -0.210364 -0.002685 -0.127858 0.077801 0.123357 0.049556 -0.126962 0.075134 -0.063862 -0.020233 -0.063544 0.308821 0.111783 -0.001488 0.056300 0.018004 -0.003823 -0.204393 -0.056668 -0.105109 -0.233925 -0.162665 
-0.135327 0.079660 0.193260 0.079682 -0.142961 -0.127921 0.082178 -0.185310 0.025052 0.065346 -0.000178 -0.035877 0.123946 -0.171425 -0.022101 0.357000 -0.134003 0.000846 0.002610 -0.064491 -0.084796 0.039359 0.158352 -0.156484 -0.231610 -0.047058 0.227381 -0.230591 -0.188419 -0.109217 0.237053 0.046458 -0.127408 -0.349556 -0.028480 0.036969 -0.333990 -0.004262 0.059796 0.007349 -0.031233 -0.015635 0.053086 0.033646 -0.121705 0.112181 -0.178343 0.034834 0.070145 0.040413 
-0.135763 0.161950 0.123702 -0.267245 -0.064338 -0.015664 -0.060912 0.071323 0.324067 0.106141 -0.167159 -0.082195 0.079907 -0.164922 0.181119 0.018810 -0.079745 -0.115661 -0.020870 0.128288 0.029665 0.170305 0.058887 -0.118698 0.072038 -0.072556 0.067077 0.183349 -0.152841 0.179308 0.127270 0.128428 0.087087 -0.022880 0.215321 -0.256948 0.281206 -0.003965 -0.091144 -0.058076 -0.168437 -0.101719 0.362138 0.051779 0.010344 -0.027184 0.111645 -0.063067 -0.124528 0.016244 
-0.120794 0.168819 0.023307 0.211810 0.054405 -0.051510 0.151760 0.226935 -0.032134 0.134969 -0.065662 0.038613 -0.044711 0.139429 -0.017237 -0.106500 -0.071731 0.116390 0.165298 -0.347211 0.164210 0.126431 -0.047846 0.191298 -0.299322 -0.033900 -0.000948 0.149635 -0.013075 0.168434 0.033153 -0.091000 0.277996 0.047530 -0.005225 -0.270586 -0.181924 0.139285 -0.036596 0.285994 -0.108978 -0.011582 0.091791 -0.167233 0.001133 0.050442 -0.122557 -0.080020 0.097435 -0.059065 
-0.140550 -0.024545 -0.027364 0.173550 -0.154549 -0.041927 0.127320 0.081542 0.144164 -0.148890 -0.136783 0.048872 -0.013782 -0.236964 0.190944 -0.031618 -0.075194 0.266194 0.038590 0.158519 -0.294125 -0.333462 -0.135046 -0.117132 0.092430 0.065629 -0.065101 0.048764 0.148941 0.215345 0.088401 -0.211110 0.101311 -0.077978 0.063245 -0.151634 0.009819 -0.071335 -0.179380 -0.090496 -0.012499 -0.079306 -0.281640 0.034133 -0.085258 0.018213 -0.148476 -0.022297 0.120577 -0.220724 
-0.142529 0.139275 0.106755 -0.040761 0.071724 0.087885 0.149339 0.136037 0.085771 0.128479 0.299175 -0.041671 0.353834 -0.101444 -0.059080 0.113531 0.135041 0.213477 -0.136704 -0.297160 -0.226139 0.156043 -0.285064 -0.139294 0.084870 0.008370 -0.155492 -0.022666 0.046116 0.060118 -0.181250 0.112685 0.012690 -0.039973 0.048105 0.194406 0.094110 0.020549 0.125255 -0.068042 -0.083662 0.162252 -0.075608 -0.008600 0.059839 0.074792 0.052449 -0.271615 -0.002616 0.009186 
-0.137527 0.254477 -0.012768 0.094553 0.181149 0.111323 -0.074579 -0.108124 0.049446 -0.132548 -0.072809 0.053536 0.096491 -0.082940 0.045296 0.207506 -0.148645 0.051371 0.076949 -0.118927 0.245571 -0.093727 -0.117420 0.050083 0.204558 -0.108793 -0.110705 -0.037675 -0.184015 -0.049469 -0.006148 -0.262468 0.074128 0.196819 -0.324005 0.070249 0.139077 -0.073771 0.123175 0.062777 -0.003030 -0.174263 -0.002355 0.217070 -0.382466 -0.002659 0.010752 0.011833 -0.109832 0.135478 
-0.153764 0.274811 -0.180041 -0.178620 0.050660 0.082505 -0.039172 0.092024 -0.079081 -0.209480 -0.245238 -0.220331 0.054569 -0.134779 0.065058 0.134129 0.184247 -0.067073 -0.001217 0.147248 -0.368908 0.033432 -0.012838 0.314621 -0.070277 0.050836 -0.144565 -0.034494 0.068184 -0.220160 -0.244347 -0.029879 0.038477 -0.066786 0.032345 -0.084714 -0.097765 0.180257 0.094296 0.154329 0.064717 -0.014440 0.118723 0.007596 0.069029 0.069063 -0.084658 0.181548 0.064644 0.117544 
-0.112628 0.014546 0.052221 -0.034111 -0.174513 -0.128820 -0.038661 0.254254 0.149095 -0.090401 0.066004 -0.104217 -0.065074 -0.233244 -0.054669 0.119207 -0.115634 0.128067 -0.085457 -0.045653 0.229894 -0.037298 -0.073816 0.086238 -0.151062 0.240656 0.145794 0.125795 -0.049908 -0.136960 -0.168724 0.171490 -0.308238 0.224125 0.049796 0.099209 0.024802 0.063927 -0.124836 0.094062 -0.096351 -0.100960 -0.211065 -0.109365 -0.031632 -0.393833 -0.045938 0.110716 0.027782 0.106822 
-0.145668 -0.147711 0.028517 -0.144084 -0.205608 0.015433 0.196239 -0.083874 -0.053364 -0.042280 0.091943 0.367804 0.127339 0.183218 0.020675 0.115504 -0.191623 -0.067106 -0.312332 0.012493 -0.078283 0.102471 -0.085503 0.265934 0.088275 0.043170 0.095620 -0.107073 0.130488 0.034882 0.148469 0.100525 0.000929 0.083699 -0.012718 -0.295454 0.152610 0.091491 0.196608 0.196474 0.145230 -0.019371 -0.069209 0.202180 -0.020502 -0.111089 0.049817 0.032476 0.185342 0.001766 
-0.159181 -0.087919 0.385825 0.018317 0.012074 0.161761 0.014846 -0.194430 -0.068935 -0.146808 -0.062620 0.170377 -0.049869 -0.042178 -0.175506 -0.141966 0.110098 0.119005 0.029981 -0.003119 0.048096 -0.069165 0.171226 0.253719 -0.050385 0.336797 -0.198690 0.197507 0.025218 0.021248 -0.020111 0.200898 -0.058892 -0.085733 -0.019293 0.030095 -0.052023 0.139287 -0.104102 -0.150331 -0.231471 -0.116160 0.030608 0.232447 -0.063422 0.240120 0.031197 -0.101027 -0.089504 0.063873 
-0.142401 0.081781 0.009234 0.111552 0.150433 0.148827 0.158377 -0.125220 -0.374681 0.029919 -0.022881 -0.155188 -0.111338 -0.076513 -0.042879 0.054569 -0.013417 0.053870 0.161860 0.088053 0.033922 0.282561 -0.015106 -0.259978 0.136094 0.171834 0.173716 0.164401 0.031675 0.166795 0.142427 0.034349 0.010605 0.012063 -0.051818 0.039192 0.286078 0.166572 0.092572 -0.067652 0.080473 -0.101825 -0.099866 -0.007561 0.222523 -0.048693 -0.243740 0.186521 0.153878 0.144123 
