-0.112271 -0.211849 -0.027173 0.158387 -0.145361 -0.036645 0.154673 -0.016364 -0.145779 -0.065646 -0.148563 -0.164663 0.160689 -0.131753 -0.168087 -0.105673 -0.059710 0.168102 0.105997 0.044544 0.114598 -0.006204 0.066118 0.294197 0.009002 -0.072361 -0.000012 -0.019182 -0.030223 -0.064964 -0.054653 0.156229 0.211569 0.264378 0.239046 0.040523 -0.044227 -0.148408 0.209831 -0.151176 0.101154 -0.089394 -0.037276 0.160069 0.034472 -0.126085 -0.346408 -0.185355 -0.066326 0.199872 
-0.145287 0.070075 0.023068 0.163592 -0.119421 -0.182414 -0.146008 0.101359 0.112367 0.237406 -0.061866 0.113727 -0.086670 0.115509 0.058653 -0.078968 0.018749 -0.025152 0.165702 -0.003034 -0.023077 -0.028574 -0.047213 0.161693 -0.152462 0.092920 -0.328978 0.082466 0.017126 0.331513 0.163964 -0.029852 -0.054739 -0.084216 0.167417 0.194029 -0.069983 0.062000 0.045923 -0.001203 0.315516 -0.195274 -0.088078 0.122064 0.289922 0.036277 0.113923 0.110107 0.211719 0.077310 
-0.126290 0.033086 -0.062999 0.150588 0.028198 0.194605 0.041189 -0.088592 -0.065230 0.002460 -0.313762 -0.180745 0.177980 0.026284 -0.233288 -0.120183 -0.106574 0.103350 0.070233 -0.167398 -0.100820 -0.366872 0.121429 0.088973 -0.007522 0.104663 -0.101387 -0.020956 0.013853 0.165456 0.232944 -0.002256 -0.041321 -0.014034 -0.151360 0.027037 0.187175 0.145472 -0.293539 0.119477 -0.108796 -0.075480 0.037654 -0.047178 -0.204657 0.297034 0.016581 0.000885 -0.106193 0.021952 
-0.139392 -0.167357 -0.051436 -0.022683 0.021498 -0.095462 0.247293 0.213251 -0.087063 0.063088 -0.177805 0.013322 -0.079788 0.031128 0.351607 -0.071067 -0.134093 -0.294260 -0.061861 -0.198740 0.101515 0.020354 0.211484 -0.191261 -0.037507 0.022731 0.147504 0.211770 0.214104 0.056492 0.009681 -0.180181 -0.006038 -0.129248 -0.049322 0.011470 0.023868 -0.152566 -0.106466 -0.100618 0.207268 -0.105832 0.028997 0.062573 -0.204624 0.028563 -0.101268 -0.294229 0.027441 0.000117 
-0.142285 0.032761 -0.111815 -0.096248 0.206365 0.215485 -0.051027 0.001544 -0.117769 -0.114384 -0.085210 -0.020841 -0.296191 -0.027688 -0.283649 0.266519 -0.097794 -0.109807 0.160046 -0.113417 -0.079346 0.221683 -0.070646 -0.178002 -0.082457 0.139660 -0.074750 -0.015540 -0.222139 0.180165 -0.138315 0.246420 0.071945 -0.032712 -0.102784 -0.044652 0.065806 -0.221108 0.166013 -0.100274 0.084578 -0.112561 0.030831 0.217841 0.001494 0.207060 -0.018444 -0.045081 0.033356 -0.142898 
-0.153308 0.151511 -0.100181 0.049961 -0.207705 0.082951 0.316565 0.060520 0.126958 -0.192304 0.188830 0.012745 -0.148650 0.054460 -0.093805 0.041639 -0.290454 -0.061422 -0.110465 0.047710 0.159224 -0.033897 0.159857 0.048108 0.136008 -0.135400 -0.148060 -0.094933 -0.073764 -0.032710 0.187355 0.149152 -0.051819 0.095829 -0.223437 -0.123188 0.155157 0.047849 -0.004227 -0.124843 0.066399 0.057806 0.026190 -0.052664 0.086673 -0.200982 0.321293 -0.124444 0.212331 0.179268 
-0.149908 0.056209 0.128449 -0.113249 0.081476 -0.015505 -0.197665 -0.019885 -0.230406 0.293325 -0.050612 0.072350 -0.185542 0.042036 -0.058278 -0.235276 -0.264466 0.175100 -0.096614 0.096144 -0.059741 0.073863 -0.007064 -0.120983 0.166508 0.100851 0.085181 0.102854 0.103676 -0.201193 0.056230 0.164757 -0.140280 -0.040428 0.113063 -0.111687 0.015071 -0.108584 -0.106396 0.050250 -0.131599 0.167693 -0.204118 0.253429 0.004083 0.055423 0.071721 0.001675 0.044846 0.377713 
-0.144530 0.087263 -0.079489 -0.071852 -0.253798 0.018984 -0.062765 -0.420744 0.059747 0.118898 -0.063274 0.040151 -0.200273 -0.010906 0.048850 0.011764 0.071091 -0.002506 -0.188474 -0.117936 0.177449 -0.084191 0.073749 -0.144746 -0.128484 0.018832 0.040938 0.119138 0.147367 -0.037246 -0.007219 0.256747 0.135670 0.172165 -0.227218 0.345907 -0.195839 0.048600 0.073454 -0.098382 -0.046466 0.059644 -0.194900 -0.209117 -0.012300 0.091229 -0.157903 0.069583 0.059221 -0.051284 
-0.137553 -0.030430 -0.133369 0.108199 -0.154996 -0.015788 0.053791 -0.185082 -0.250610 0.027538 0.129524 -0.121495 -0.133400 -0.099275 -0.187152 0.110902 0.044198 -0.045839 -0.020129 -0.031451 -0.252854 -0.109104 -0.111211 -0.051982 -0.109205 -0.074715 0.131172 0.108447 0.205701 -0.368936 -0.079394 -0.167298 0.023883 -0.107369 0.214645 0.198329 0.218379 0.031502 0.003930 0.011309 0.134943 -0.089513 0.349968 -0.011413 0.113536 0.030893 0.201481 0.053100 0.105478 0.007954 
-0.144335 0.182007 -0.215351 0.181177 0.022045 0.159089 -0.051980 0.371174 -0.073514 -0.035929 0.068055 -0.051005 0.055470 0.007184 0.069377 -0.200776 0.053169 0.000930 0.001711 -0.029931 -0.229167 0.054143 -0.053647 0.041806 -0.172617 -0.272119 0.180672 0.127550 -0.257534 -0.077593 -0.027144 0.189155 0.032808 -0.169528 -0.018051 0.218408 -0.065965 -0.072225 -0.075091 -0.120810 0.059153 0.068663 -0.269441 -0.211029 -0.008786 -0.049312 0.101472 0.043782 -0.253594 0.030811 
-0.151050 0.025381 0.016286 -0.157506 -0.297013 -0.108887 0.228214 -0.050328 0.055366 0.064867 -0.029894 -0.128581 -0.062879 -0.060695 0.047573 -0.029746 -0.169942 0.024505 -0.039799 -0.046777 -0.066185 0.108469 0.031461 -0.003793 -0.404277 0.179060 0.132180 -0.020404 -0.363168 0.212431 -0.055402 -0.052726 -0.177757 0.026651 0.195413 -0.032686 -0.032031 -0.078651 -0.072301 0.204634 -0.186679 0.167912 0.187789 -0.020558 -0.109411 -0.178081 -0.065636 0.202501 0.002005 0.031980 
-0.124056 0.300883 -0.038821 0.122794 0.071318 0.056833 -0.071026 0.008318 -0.058675 -0.153654 0.008129 -0.070105 -0.234201 -0.050694 0.141828 0.025373 0.223252 -0.057979 0.178477 -0.028049 0.173200 -0.005948 0.048285 0.293188 0.006843 0.061325 0.107012 0.291908 0.078229 0.006939 0.209094 -0.192101 0.025235 0.152651 -0.022123 -0.031168 -0.194866 -0.129612 0.102982 0.023987 -0.406976 -0.006737 0.143236 0.203753 0.007856 -0.014863 0.173589 -0.054508 -0.099681 0.006345 
-0.136960 -0.099076 0.013236 -0.169271 -0.112559 0.202374 0.022118 0.038653 0.020743 -0.033064 0.022010 -0.013881 0.367547 0.130499 0.035607 -0.113919 0.187734 -0.439671 -0.068336 -0.013228 0.128065 0.034641 -0.002708 -0.075582 -0.067773 -0.050810 -0.096898 0.105521 -0.060383 -0.087577 -0.085206 0.219115 -0.123046 0.040549 0.155165 0.025889 0.028942 0.322276 0.097905 -0.013849 -0.147172 0.112342 0.078639 0.315663 0.119064 0.217266 0.076487 -0.027342 -0.018193 0.054703 
-0.130356 -0.201641 0.138217 0.040906 -0.147873 -0.013079 -0.172517 0.204212 -0.066087 0.166673 -0.152766 -0.049339 0.091799 0.109083 0.048095 0.130080 -0.152689 0.084303 0.071256 0.208141 0.068591 0.135544 0.330560 -0.097020 -0.137187 -0.173207 -0.112188 -0.230711 0.131815 -0.117241 -0.023713 0.026983 0.011851 0.011902 -0.079867 0.027191 -0.089555 -0.161627 0.115081 -0.109927 -0.282697 -0.223754 0.160856 -0.131729 0.001812 0.095218 0.240942 0.171301 -0.100141 -0.128006 
-0.138841 -0.006046 -0.072540 -0.077978 0.154553 0.156260 0.057153 0.114246 -0.100150 0.371473 -0.036668 -0.040976 0.104639 0.155920 -0.070023 -0.019474 0.009661 0.074831 -0.011164 0.051176 0.114569 0.202819 -0.067039 0.190929 0.021230 0.193847 0.067657 0.105611 -0.184543 -0.151376 -0.097429 -0.108857 0.052033 0.085280 -0.192006 0.054074 0.000004 0.143195 0.075464 0.297360 -0.037947 -0.106371 0.052427 -0.301303 0.150742 -0.049349 -0.018858 -0.323412 0.262040 -0.089218 
-0.146049 0.179146 -0.099517 0.278423 0.064258 -0.119207 0.051323 -0.003387 0.051143 0.005923 -0.120158 -0.001026 -0.022210 0.073786 0.095684 -0.117407 0.389154 0.142069 -0.289841 -0.001361 -0.026784 0.248467 0.032325 -0.047181 -0.010916 -0.020112 -0.163888 -0.189808 0.021075 -0.093096 -0.048956 0.138503 0.064214 -0.154653 -0.124901 -0.036425 0.190286 0.038465 0.095015 0.151279 -0.026075 -0.125253 0.123317 0.229404 -0.332782 -0.139734 -0.107107 0.110133 0.143245 0.059849 
-0.119126 0.167990 0.098460 0.004571 -0.037234 0.023550 0.006214 -0.067924 -0.169297 0.101652 -0.033421 -0.103264 0.035826 -0.123013 0.261832 -0.027167 0.106603 0.173283 0.370447 0.112704 -0.241076 -0.108281 0.286365 -0.201624 0.257961 -0.031466 -0.015292 0.014690 -0.054884 0.167362 -0.203715 0.116513 -0.013841 0.012700 -0.115099 0.016072 -0.038698 0.202650 0.044169 -0.070657 0.119250 0.286319 0.214093 0.053870 0.083616 -0.152108 -0.012524 -0.110675 0.049993 -0.116418 
-0.145461 -0.104347 -0.161155 -0.156019 -0.139217 0.268815 -0.144378 0.101618 0.123904 0.250560 0.096467 -0.281349 -0.142918 -0.071652 0.000953 -0.067346 0.178414 0.036594 -0.156742 0.039862 0.099443 -0.237412 -0.106873 -0.186561 -0.012207 -0.108944 -0.055656 -0.060466 0.068528 0.141081 0.002955 -0.167534 0.111351 0.016169 -0.128107 -0.267311 0.115126 -0.113897 -0.008524 0.112036 0.060886 -0.080540 -0.021097 0.132412 0.253267 -0.202045 -0.102120 0.017060 -0.267322 0.013485 
-0.139057 -0.079866 -0.334725 -0.055078 0.020254 -0.095745 -0.079820 0.088676 0.255766 -0.154035 -0.230747 0.003167 0.170155 -0.080634 -0.089355 -0.004234 0.084051 -0.004400 -0.117853 0.317973 0.011119 -0.157511 -0.048234 0.010248 0.144853 0.248812 0.049340 0.070786 0.124148 0.053846 -0.144793 0.093226 -0.031596 -0.058599 0.009977 0.006984 -0.207036 -0.310687 0.077599 0.113539 0.154684 0.246357 0.163034 -0.125573 -0.051512 0.095434 0.217414 0.006183 0.070497 0.088930 
-0.143416 0.226070 0.163065 0.074453 0.058601 -0.198314 -0.140477 0.048599 0.083813 -0.018239 0.150991 0.129139 -0.058963 0.191466 -0.150151 -0.059139 0.033503 -0.011227 0.146106 0.103957 0.353397 -0.283345 0.143623 -0.235994 -0.131672 -0.022807 0.163942 -0.017050 -0.174112 -0.023006 -0.087851 0.004640 0.317294 -0.006189 0.271318 -0.114287 0.186045 0.033046 0.051357 0.124794 0.081797 0.012717 0.021321 -0.120291 -0.149221 0.124749 0.007452 -0.128648 -0.047840 -0.003212 
-0.160788 0.132781 0.005689 0.027509 -0.124141 0.103875 -0.053409 -0.184360 0.342791 -0.012290 -0.154966 0.239770 0.142570 -0.154818 -0.042592 0.100695 0.008757 -0.142104 0.176161 -0.025429 -0.117365 0.178111 0.175406 -0.146046 0.227433 -0.120749 0.097742 -0.002193 -0.187312 -0.271770 0.208361 -0.072064 -0.032880 -0.051792 0.055999 -0.019851 -0.100497 -0.157234 -0.204151 0.215864 0.063850 -0.219159 0.013811 0.028892 0.168360 -0.027186 -0.194514 -0.009943 -0.046422 0.040229 
-0.135349 0.315610 0.062787 0.130326 -0.123382 0.030039 0.008530 0.058419 -0.014781 -0.031295 -0.056613 -0.041632 0.171572 -0.287243 0.099534 -0.072648 -0.313242 0.054211 -0.124711 -0.310540 0.205018 0.109337 -0.154371 0.026611 0.233926 -0.055637 -0.075613 -0.022545 0.088924 0.047919 -0.342054 -0.202635 0.078209 -0.073156 0.060260 -0.077475 0.049940 -0.015193 0.177183 0.073539 -0.016255 0.056620 -0.073406 -0.045696 0.109139 0.226512 0.025391 0.186690 0.012089 -0.118099 
-0.132067 0.031816 0.128118 -0.189068 0.104111 -0.301054 0.142240 0.015882 -0.091589 0.031499 -0.140319 0.020741 -0.121158 -0.212172 -0.116254 0.124783 0.276910 -0.079240 -0.105202 -0.052125 -0.032760 0.018462 0.137793 0.044720 0.028739 0.035719 -0.375068 0.031075 -0.132070 -0.087591 0.017953 -0.121761 -0.109216 -0.136196 -0.000722 -0.018303 0.131014 0.011537 0.116873 -0.121281 -0.068332 0.122620 -0.070417 -0.302656 0.144618 0.091497 -0.031848 -0.108502 -0.316688 0.225587 
-0.155138 0.059757 0.086148 -0.033426 0.145279 -0.110140 0.161394 -0.006471 0.216791 0.029312 0.259040 -0.305553 0.094513 0.100269 0.067958 -0.084057 0.097696 0.124679 0.232113 -0.173069 0.026245 -0.060798 -0.193254 -0.062005 -0.128057 -0.020137 -0.010569 -0.299703 0.075807 -0.162179 0.045624 0.020024 -0.112241 -0.127613 -0.098416 0.019720 -0.163592 -0.256266 -0.103683 -0.176948 -0.091307 0.091087 0.060623 0.003380 0.130894 0.262189 -0.143071 -0.118424 0.217232 0.091681 
-0.131213 -0.001745 -0.243680 -0.095654 -0.066674 -0.278101 0.071075 -0.052135 0.068586 0.306955 0.015512 0.089303 0.102034 0.103631 -0.016782 -0.010260 -0.023800 -0.047552 0.042899 -0.013728 -0.179285 -0.070456 -0.089648 0.067669 0.185181 0.008646 0.216957 -0.132939 -0.200242 -0.072264 0.207719 -0.211889 0.004338 0.187525 -0.117643 -0.053498 0.108482 0.024549 0.325162 -0.244179 0.033898 0.062922 -0.133268 0.189496 -0.181859 0.129752 0.093863 0.100399 -0.094126 -0.207166 
-0.134981 -0.171291 0.046626 -0.017221 -0.167560 -0.221614 -0.131969 0.203900 0.100724 -0.077132 -0.120296 -0.180222 -0.168905 0.134447 -0.136373 0.031465 -0.007711 -0.077213 0.120926 -0.248229 -0.008246 0.267452 -0.218900 -0.024260 0.261361 0.044881 0.019741 -0.121752 0.156646 0.017731 0.175319 0.131244 0.268200 -0.003390 0.088327 0.124126 -0.005941 0.197472 -0.172871 0.115358 -0.075199 0.256955 0.061913 -0.053557 -0.008769 -0.147717 0.043235 -0.089190 -0.134827 -0.134821 
-0.152030 0.039983 -0.066726 0.032016 0.324655 0.098944 -0.040327 0.039710 -0.092104 -0.126691 -0.296937 0.223425 -0.020150 0.206309 0.151334 0.049315 -0.116865 0.102606 -0.143655 0.016293 0.111745 -0.039784 -0.208444 -0.141775 -0.069532 -0.160434 0.002267 -0.108403 -0.071839 -0.004040 0.150847 -0.160670 -0.038260 0.269912 0.054628 0.115863 0.039496 0.065789 -0.039146 -0.167471 0.063584 0.202359 0.321047 -0.052019 0.217896 -0.058988 -0.195633 0.167041 -0.026474 0.083134 
-0.146203 -0.075887 0.060485 -0.001675 -0.258579 0.064041 0.104081 0.157875 -0.154729 -0.172302 0.004746 0.458741 -0.094805 -0.072311 -0.075754 -0.019489 0.177018 0.242179 0.014001 -0.096152 -0.038607 -0.067355 -0.121744 -0.044673 -0.101899 0.008256 0.200784 -0.310145 0.130919 0.087829 -0.051590 -0.037455 -0.241232 0.030903 -0.090376 -0.021685 -0.184144 0.130027 0.101745 0.186308 0.023659 -0.072491 -0.055972 0.062122 0.034485 0.125604 0.068455 -0.262214 -0.111536 0.024245 
-0.134440 -0.218027 0.131666 0.102172 0.141857 0.112408 0.007466 -0.078943 0.045316 0.009145 0.178532 0.145241 0.152293 0.071795 -0.068560 0.045643 -0.087748 0.044683 0.042990 -0.234331 0.159778 -0.193279 0.008920 -0.076526 0.136909 0.278885 -0.037801 0.007923 -0.129242 -0.036168 -0.087514 -0.086242 -0.004858 -0.283284 -0.118205 0.369899 -0.053022 -0.073153 0.151069 -0.041242 -0.085309 -0.019268 0.027755 0.132459 -0.059257 -0.391366 0.103244 0.103541 -0.175466 0.111200 
-0.138264 0.131679 0.065244 -0.365231 0.055076 0.195294 -0.164895 -0.059236 -0.035040 -0.169412 0.163146 -0.033893 0.105704 -0.069203 -0.134093 -0.306553 -0.011221 0.141257 -0.130195 -0.012398 -0.030275 0.224788 0.224151 0.044321 -0.131447 0.096800 -0.180779 -0.085621 0.089638 -0.057247 0.214054 -0.247652 0.090244 0.015306 0.116440 0.081690 -0.148156 0.006091 0.009557 -0.113689 0.285090 0.066993 0.045311 0.027041 -0.186624 -0.050948 0.067952 -0.078000 -0.019313 -0.204420 
-0.131749 -0.188989 0.041542 0.014794 0.012228 0.379952 0.254191 -0.134711 -0.076758 0.006673 -0.022604 0.102112 -0.122708 0.085275 0.167741 -0.147751 0.243725 -0.114689 0.205966 0.026909 -0.027376 0.094017 0.001754 0.045430 0.156512 0.159734 0.061205 -0.186965 0.073939 0.085346 0.036373 -0.040190 0.195024 -0.011313 0.249365 -0.151512 0.106180 -0.090715 0.033970 -0.070578 -0.017970 0.029718 -0.172119 -0.299851 -0.041117 0.042925 0.104496 0.295850 0.116870 0.107040 
-0.165061 -0.097190 -0.100491 -0.244659 -0.017672 -0.088611 -0.101025 0.046269 -0.249919 -0.043198 0.169606 0.184876 0.047968 -0.155357 0.223156 -0.005140 -0.106358 0.006103 0.030164 -0.071505 0.022010 -0.232261 -0.157777 0.155864 0.067723 -0.077793 -0.138645 0.085718 -0.064371 -0.063093 0.289282 0.330542 0.096186 -0.255711 0.003557 -0.210018 -0.066297 -0.010796 0.095179 0.114512 -0.052074 -0.127856 0.212383 -0.137660 -0.090788 -0.012481 -0.187271 0.106388 0.097100 -0.131411 
-0.150834 -0.011758 -0.059448 -0.039864 0.060265 0.007382 0.179430 -0.098211 0.129460 0.095964 0.278159 0.072762 0.152667 -0.078925 0.098177 0.163484 -0.054526 0.248235 0.190604 0.219164 0.143990 0.323714 -0.180709 -0.037392 -0.026902 -0.037888 -0.032434 0.249095 0.224981 0.168201 0.066932 0.100823 -0.060497 0.089616 -0.033107 0.109420 0.245345 0.043965 -0.078147 0.057332 0.090692 -0.044995 0.072334 -0.029559 -0.156669 0.135464 0.015587 0.017004 -0.342322 0.106427 
-0.120582 0.073374 0.146397 -0.100065 -0.067714 0.079934 -0.121227 0.017806 0.095255 -0.014973 0.143495 0.139728 0.113160 0.183086 0.233144 0.313220 -0.068535 -0.026297 -0.216940 -0.064167 -0.444942 -0.095922 0.036694 0.228283 -0.035857 0.022994 -0.081758 -0.059563 0.047159 0.100758 -0.145330 -0.038647 0.367432 0.135026 0.005189 0.068222 0.112663 -0.159937 -0.057961 0.059122 -0.103494 0.063034 0.000579 0.057029 -0.030225 0.078458 -0.025227 -0.200874 0.005369 0.202815 
-0.145657 0.258208 -0.064406 -0.174249 -0.170768 -0.172816 0.002334 0.101074 -0.223595 -0.149545 0.032635 0.077030 0.209870 0.198519 -0.239513 -0.002922 0.063761 -0.097633 0.082144 0.144578 -0.010639 0.045610 -0.055845 -0.026503 0.051087 0.204051 0.094214 0.069964 0.165410 0.098613 -0.175052 -0.098925 0.056582 -0.046686 -0.187578 -0.104961 -0.009882 0.047102 -0.260927 -0.291084 -0.110429 -0.228480 -0.037468 -0.031352 0.085830 -0.169814 -0.214726 0.204456 0.042537 0.077153 
-0.153951 -0.235774 -0.236491 0.051475 -0.019186 -0.115433 -0.171989 -0.024293 -0.197733 -0.225225 0.104107 0.057500 0.071230 -0.050203 0.044580 0.047974 0.034617 -0.013259 0.202292 0.054203 0.086222 0.014265 0.091730 -0.060946 -0.097148 -0.115700 -0.219647 0.005773 -0.027553 -0.052053 -0.037722 -0.222793 -0.089819 0.113189 -0.094272 0.109835 0.253405 -0.153848 -0.124746 0.244375 -0.116543 0.265303 -0.368405 0.078937 0.003958 -0.037324 -0.070710 0.020068 0.241878 -0.124716 
-0.143840 -0.147584 0.257341 -0.060162 -0.036597 0.063914 -0.003204 -0.054768 0.219763 -0.026413 -0.088098 0.102509 -0.163969 0.282148 -0.219774 -0.153711 -0.000168 0.012609 0.136606 -0.071194 -0.095994 -0.018795 -0.040531 0.256342 -0.018311 -0.374907 -0.055254 0.324916 0.074723 -0.049529 -0.245988 -0.084272 -0.138922 -0.056847 -0.200853 -0.175005 -0.019405 -0.045278 0.102089 0.024085 0.104230 0.144503 0.092336 -0.032249 -0.164722 -0.019804 -0.106619 0.132923 0.021783 -0.048147 
-0.123258 -0.147965 -0.203796 0.165943 0.277741 -0.103951 -0.021597 0.052678 0.178613 -0.023584 0.202058 0.085464 -0.003705 -0.035858 -0.056488 -0.008343 -0.072219 0.070828 -0.063153 -0.237759 -0.128681 0.063967 0.426985 0.095825 -0.161898 0.198259 0.175943 0.041497 0.216602 -0.030812 -0.033099 0.131883 0.002847 0.050480 0.006586 -0.264826 0.015386 0.208777 0.049560 0.015497 -0.013632 0.081486 -0.001817 -0.014853 0.306844 0.015732 -0.106091 0.171330 -0.071042 -0.060806 
-0.147336 -0.054287 -0.058789 0.375204 0.049163 0.007422 -0.039855 -0.228539 0.014189 0.042457 0.042352 0.048577 0.050938 -0.088606 -0.049535 -0.087417 -0.206477 -0.220313 0.026876 0.192153 -0.193214 0.060761 -0.243944 -0.217670 -0.189462 0.017533 -0.222691 0.005719 0.053838 0.045124 0.021125 -0.151876 0.113205 -0.057152 -0.018129 -0.271563 -0.290665 0.175548 0.098066 -0.088775 -0.165212 0.057945 -0.036024 -0.108721 -0.118392 -0.104722 -0.023211 -0.246234 -0.048796 0.043095 
-0.141897 0.058642 0.257849 -0.051807 0.070685 0.040788 0.315815 0.038123 0.068465 -0.023776 -0.284009 -0.003699 0.098244 -0.065067 0.031581 0.262264 0.013755 0.170750 -0.042256 0.173145 0.008995 -0.132104 -0.120819 0.013563 -0.238197 0.068350 0.030245 0.126856 0.097065 -0.204562 0.111824 0.068893 0.189012 -0.173700 0.020250 -0.107542 0.006056 0.056985 -0.063162 -0.018522 0.031447 0.109654 -0.296900 0.205980 0.118026 -0.135006 0.120258 0.042613 0.044854 -0.331552 
-0.137840 0.179952 -0.043361 -0.097536 0.153504 0.002682 0.122588 0.039179 -0.021263 -0.136356 0.039434 -0.260994 -0.165363 0.217244 0.106529 0.109995 -0.197710 -0.193925 0.070230 0.188224 -0.096103 -0.146084 0.031227 0.046687 0.098985 0.041738 -0.086577 -0.195644 0.165990 -0.146264 -0.083047 0.007770 -0.221280 0.076682 0.109583 0.136539 -0.159922 0.149273 0.190909 0.328940 0.107952 -0.159776 -0.191889 -0.017488 -0.099585 -0.048449 -0.179142 0.117683 -0.189235 -0.007442 
-0.119118 0.124143 0.170669 0.234328 0.025958 0.119554 -0.010345 0.089628 -0.047442 0.277090 0.154480 0.131677 0.004398 -0.116647 -0.199358 0.070762 0.060414 -0.267653 -0.172199 0.123234 0.049745 -0.059144 0.013928 0.168479 0.090449 0.020195 0.028369 -0.134893 0.162746 0.131159 0.057586 0.135813 -0.293057 0.040126 0.144037 0.094803 0.113003 -0.230026 -0.111542 -0.093687 -0.042751 0.188090 0.062724 -0.051927 -0.059677 -0.096512 -0.216532 -0.076210 0.004908 -0.351240 
-0.141262 -0.154436 0.141975 0.201775 -0.144546 -0.040630 -0.021557 -0.153488 -0.075862 -0.277113 0.120457 -0.197652 -0.002033 0.333226 0.088935 0.000377 0.033231 0.210612 -0.313988 0.130154 -0.069465 0.073190 0.023548 -0.110851 0.239244 0.089169 0.073107 0.222313 -0.195640 0.133648 0.140298 -0.038748 -0.156881 -0.128897 0.093141 -0.051540 0.013592 -0.074649 0.081385 -0.039372 -0.016134 -0.093294 -0.052442 -0.064562 0.185034 0.180802 -0.080943 -0.100043 -0.043384 -0.211299 
-0.157963 -0.047010 0.286955 -0.015361 0.127589 -0.004106 -0.143411 0.136453 -0.024491 -0.047605 0.027560 -0.225811 0.179154 -0.232563 -0.140052 0.232804 0.095783 -0.075353 -0.073511 -0.057070 -0.062278 0.023252 0.001841 -0.151348 -0.006162 -0.166513 0.291258 0.075307 0.055846 0.223558 0.249382 -0.052926 -0.056495 0.092910 -0.077881 0.011162 -0.027571 0.104365 0.255200 0.064388 0.060704 -0.033002 -0.102048 -0.104332 -0.133484 -0.064946 -0.005100 0.135100 0.303966 0.274310 
-0.133750 -0.004731 -0.052173 0.060655 -0.020149 -0.009446 -0.279000 -0.315102 -0.178859 0.053405 -0.070507 -0.128694 0.088602 0.109322 0.141086 0.322337 0.043878 -0.058490 -0.001916 -0.104271 0.252488 0.091625 0.004317 0.300338 -0.080974 -0.036593 0.148997 -0.202258 -0.076650 -0.018981 -0.089177 0.027251 -0.151517 -0.158286 -0.022927 -0.252272 -0.090901 0.064853 -0.190970 -0.079130 0.309564 0.081793 -0.052468 -0.002738 -0.073816 -0.060691 0.153536 -0.056932 -0.119751 0.102992 
-0.140209 -0.100281 0.253315 0.129922 -0.035484 -0.040424 -0.139355 0.146004 0.061447 -0.079075 0.053219 -0.043435 -0.044175 -0.171438 0.166253 -0.070126 0.073577 -0.029635 0.003882 -0.089093 -0.053902 -0.086134 -0.168009 -0.063049 -0.004864 0.322819 -0.132011 0.100216 -0.151195 -0.287607 -0.118391 0.096763 -0.127865 0.497766 -0.098991 -0.127535 0.035191 -0.011355 -0.190456 -0.099225 0.179007 -0.179120 0.014149 -0.070841 -0.127953 -0.015702 0.111073 0.092953 -0.033449 -0.061589 
-0.142544 0.033988 -0.015490 -0.201378 0.247254 -0.171482 -0.053416 -0.278620 0.096861 -0.087126 -0.154594 0.001304 0.100090 -0.009368 0.049549 -0.225473 -0.007237 -0.008160 -0.004900 -0.134110 -0.089770 -0.038157 -0.092693 -0.009434 -0.013534 -0.186995 0.083883 -0.052130 0.107034 0.187593 -0.131958 0.167528 -0.148170 0.113147 0.165512 0.009718 0.203326 -0.106872 0.020741 -0.021932 -0.182071 -0.299346 -0.082671 -0.102548 0.103444 -0.285586 0.272676 -0.212599 0.009727 -0.145427 
-0.144054 -0.163317 0.210282 0.013167 0.196513 -0.190501 0.116806 -0.135422 -0.095860 -0.051921 0.091023 -0.004781 -0.111523 -0.206238 -0.000777 -0.256381 -0.048372 -0.221464 -0.133198 0.277576 0.024857 0.038260 0.006322 0.179138 0.036863 -0.116544 0.155729 -0.159922 -0.144704 0.125464 -0.065728 -0.017436 0.253613 -0.015228 -0.295365 0.160532 -0.089683 0.028889 -0.215848 0.146459 0.066421 -0.050018 0.073604 0.156562 0.162051 0.165541 0.082379 0.127375 -0.074018 -0.021427 
-0.147529 -0.110250 -0.055658 -0.083147 -0.030823 0.121419 -0.234155 0.085231 0.321757 -0.102666 -0.065995 -0.024294 -0.245276 -0.243370 0.124310 0.014066 -0.093715 0.083598 0.025442 0.236898 0.046091 -0.031278 -0.015476 0.180340 0.024012 0.071146 0.132885 -0.075930 -0.071418 -0.039194 -0.116914 -0.109669 -0.092681 -0.231961 0.077538 0.138280 0.213714 0.326714 -0.023776 -0.308015 -0.178675 -0.098081 -0.030699 0.016996 -0.099087 0.062550 -0.168836 -0.108264 0.146731 0.028016 
-0.168560 -0.107490 -0.174622 -0.046216 0.152297 -0.024628 0.176031 0.068296 0.008578 0.145151 0.124479 0.023132 -0.076119 -0.021536 -0.126177 0.209340 0.108454 0.177475 -0.144665 -0.088171 0.040144 -0.075657 0.072864 -0.058187 0.218377 -0.245366 -0.145369 0.084809 -0.122442 0.094218 -0.179738 -0.073867 0.030109 0.112700 0.299095 -0.007984 -0.389635 0.134609 -0.321989 -0.076414 -0.103812 -0.117366 -0.056152 0.072187 -0.173245 0.046057 0.091022 0.059804 0.128711 -0.053642 
