-0.126020 0.100279 0.098353 0.145406 0.134154 -0.233757 0.097053 -0.328961 0.002438 0.032386 0.079718 0.100586 -0.028079 -0.102132 -0.159592 -0.106224 0.074614 0.062881 -0.045889 -0.005871 -0.026804 -0.127462 -0.147661 -0.095845 -0.197691 -0.026135 0.247108 0.074324 0.282990 -0.033672 0.159790 -0.031883 0.022913 0.043203 0.183051 0.028649 0.073622 0.351896 0.113313 0.328278 -0.187719 0.020527 0.114667 -0.084241 0.003146 -0.006787 0.138202 0.033656 -0.204825 -0.094947 
-0.143773 -0.036379 -0.148772 -0.052017 0.186462 -0.135542 -0.092473 0.189800 -0.145360 -0.047320 -0.216344 0.131565 -0.187253 0.097176 0.049720 0.169055 0.246716 0.013030 -0.189847 0.143709 -0.138520 -0.136198 -0.142929 0.077856 0.189690 0.000394 0.060528 -0.181306 -0.118407 -0.102329 -0.024330 -0.339349 0.042433 -0.071635 -0.156034 -0.050089 0.206975 0.128819 -0.136956 -0.049414 0.009450 -0.061544 0.070216 -0.004903 0.026820 -0.032331 0.305348 -0.073317 -0.167968 0.214124 
-0.122483 -0.040981 -0.023174 0.171880 0.060443 0.079576 -0.122184 -0.183057 0.137092 0.039349 -0.002873 -0.014164 0.113825 -0.000443 0.083315 0.316344 0.064345 -0.390275 -0.042264 0.197896 -0.020115 -0.255384 0.414695 -0.233035 -0.164955 0.010403 0.056858 0.062914 0.058130 -0.000707 -0.168743 -0.071716 0.028937 0.068948 -0.032335 -0.070328 -0.149062 -0.202664 -0.098986 0.112263 0.099167 0.054175 0.119098 0.045653 0.019055 0.213618 0.082615 -0.047393 -0.108225 0.019617 
-0.138158 -0.036620 -0.208934 0.115361 -0.307280 0.019952 -0.011748 0.050070 0.027378 0.212621 0.156722 0.144410 -0.048767 -0.083535 0.087205 -0.150246 0.116632 -0.086960 -0.297155 -0.050627 0.398009 -0.026968 0.047455 -0.281494 0.126078 0.108624 0.132517 -0.032688 -0.106410 -0.069391 0.022983 0.140827 0.151496 -0.204652 0.035039 -0.201993 -0.017463 0.061342 -0.099463 -0.084864 -0.003775 0.034100 -0.096028 -0.027378 -0.088236 -0.300554 0.021677 0.070280 -0.095799 -0.082932 
-0.144805 0.096886 -0.027517 0.066791 -0.224797 -0.137146 0.027237 -0.036483 0.186253 -0.260176 -0.284742 0.069949 -0.085797 -0.233873 -0.265421 -0.106062 0.134611 -0.082553 -0.047029 0.177663 -0.023994 0.017838 0.023958 0.151731 -0.061221 -0.001438 -0.009526 -0.043333 0.082281 -0.062225 -0.156844 0.235854 -0.138675 0.097220 -0.154446 -0.085469 0.106697 -0.153576 0.036690 -0.035853 -0.002174 -0.096750 0.068792 0.005883 0.277475 -0.148948 -0.160020 0.342668 -0.039989 0.160422 
-0.141292 0.032871 0.042624 0.019018 -0.007119 0.214687 0.027975 -0.098689 0.090678 -0.058427 -0.025022 -0.074285 0.234396 -0.077025 0.358319 -0.385670 0.104612 -0.066380 -0.190502 -0.198069 -0.221418 -0.087469 -0.083176 0.096917 -0.127652 0.152065 -0.003110 0.001583 0.156047 -0.157021 -0.110529 -0.216841 0.053684 -0.085203 0.070404 0.117000 -0.046704 0.089669 -0.101659 -0.207656 0.023305 -0.239038 -0.158633 0.150171 0.098755 0.128216 -0.117792 0.040141 -0.098283 0.059929 
-0.160126 0.164390 -0.106074 -0.168285 -0.059312 0.086583 0.067711 0.085749 0.106781 0.094348 -0.248632 0.080508 0.050462 -0.144503 0.053683 0.053883 0.208783 0.225487 -0.156572 0.098620 0.033074 0.211465 0.270391 -0.096945 0.067636 -0.146895 -0.044380 0.222333 -0.007611 -0.034501 0.037143 -0.217820 -0.047384 0.119466 0.223272 -0.038205 0.128302 -0.016826 0.219340 0.039288 -0.131755 -0.201463 0.058666 0.034954 -0.256986 0.161523 0.002846 0.068803 0.257878 -0.148867 
-0.141502 -0.007407 0.064744 -0.224652 0.022826 -0.199332 0.096705 0.195233 -0.074011 0.141205 0.110155 -0.005867 0.003244 -0.122282 0.033063 0.073237 -0.146908 0.261365 0.194540 0.047092 0.136076 -0.347432 0.110194 0.010940 -0.209389 -0.052038 -0.012898 -0.033895 -0.042356 -0.225489 -0.029227 0.086222 0.029649 0.366466 0.057222 -0.110575 -0.129876 -0.017880 -0.118512 -0.084972 -0.053319 -0.258617 -0.303437 0.061320 -0.002245 -0.039161 0.069200 0.019788 -0.125770 0.105205 
-0.152536 0.047475 -0.023244 0.234491 0.082041 0.110980 0.098759 0.169622 -0.235614 0.153546 0.102111 -0.005497 0.117775 -0.018135 -0.211909 -0.329644 -0.030937 0.014803 0.195637 0.139639 -0.095919 -0.151678 0.192632 0.077832 0.240963 -0.100191 -0.125678 0.123687 -0.007030 -0.002535 -0.068132 -0.070870 -0.177389 -0.184369 -0.117295 0.107269 0.066686 -0.147542 -0.195198 0.115706 -0.057304 -0.192471 0.074723 -0.231602 -0.021323 -0.032623 -0.010352 -0.002877 -0.156895 -0.258061 
-0.154783 0.089034 0.151356 0.027984 -0.203491 0.262367 0.059782 -0.022892 -0.172899 0.205399 -0.179288 0.080001 0.238694 0.086783 -0.102332 0.038807 0.162340 0.068171 0.024422 0.003146 0.006532 0.301667 -0.114351 -0.096219 0.134955 0.123456 -0.087238 -0.047416 0.063640 -0.059329 0.071103 0.051882 0.137907 0.364890 -0.152962 0.046456 -0.281059 0.040031 -0.009257 0.039766 -0.006579 0.118362 -0.006876 -0.233686 0.144915 0.091726 0.102437 -0.091109 -0.187340 0.165396 
-0.120506 -0.064756 0.216908 0.094342 0.002436 0.042602 -0.143565 0.142748 -0.019879 -0.270936 0.069854 -0.072635 0.009779 -0.255576 -0.054921 0.021692 -0.142202 0.006764 -0.160385 -0.228910 -0.108141 -0.019923 -0.020426 0.160055 0.209107 -0.037542 0.105072 0.247142 0.065656 -0.137157 -0.108457 -0.103331 0.038561 0.097496 -0.258004 -0.205813 -0.290258 -0.019834 0.051015 0.115543 -0.122392 0.190562 -0.005414 0.143498 -0.275804 -0.139694 0.173801 0.055566 0.066581 -0.067797 
-0.122761 0.109024 -0.001288 -0.038674 0.108366 -0.051942 0.004726 -0.281810 0.118225 0.232495 -0.091103 0.022865 -0.005754 0.082224 0.002233 0.195032 -0.204981 0.229859 -0.116658 -0.104289 -0.193110 -0.043796 0.019594 -0.209540 0.112939 0.101787 -0.152245 0.015515 0.189022 -0.203129 -0.110571 0.197008 -0.235077 -0.228804 -0.270568 -0.065497 0.149887 -0.050551 -0.015672 -0.178319 -0.275279 0.112937 -0.149656 -0.040175 -0.003904 -0.007929 -0.044446 -0.123493 0.074741 0.031070 
-0.154693 -0.131858 0.021420 -0.002312 0.008478 0.306683 0.140864 -0.197731 0.058203 -0.064825 0.100207 -0.035762 -0.257556 -0.053027 -0.005467 0.129462 0.077681 0.377155 0.114250 0.124416 -0.055643 -0.135359 0.003679 -0.034485 0.276653 0.127493 0.048012 -0.141857 0.134406 0.060573 0.069401 0.071228 0.171198 -0.186371 0.069035 0.080408 -0.199503 -0.063176 -0.072390 0.239897 0.184556 -0.180969 0.078090 0.182088 0.002294 -0.053861 -0.059687 0.099478 0.152926 0.162341 
-0.128507 -0.048902 0.112230 -0.126718 -0.162995 0.176026 -0.239287 0.104766 -0.049857 0.082123 -0.003494 0.024204 0.168149 -0.322007 0.032823 0.103335 -0.093489 0.004419 -0.037503 0.208508 -0.077002 -0.297241 -0.341927 0.049343 0.032422 0.066386 0.045975 -0.034968 -0.032721 0.070074 0.236740 0.126243 -0.278029 -0.127664 0.244695 -0.105456 0.021920 -0.072853 0.117265 -0.177961 0.060260 0.126078 0.165227 -0.105843 -0.000473 0.194373 0.049560 0.005884 -0.030281 -0.063672 
-0.134649 -0.064385 -0.002233 -0.059950 0.182895 -0.109513 0.184878 0.094613 0.087211 0.084666 0.133388 0.028735 0.022592 -0.213858 0.017037 0.095252 -0.083885 -0.222883 -0.030855 0.054523 -0.050452 0.186464 -0.143952 0.008148 0.076843 0.331339 -0.226522 -0.032534 -0.208792 -0.133871 -0.207455 -0.106921 -0.041237 -0.067074 0.231196 0.003366 0.007039 -0.025955 0.045505 0.384468 0.008918 0.102793 -0.275365 -0.133350 0.195039 0.027753 0.044031 0.132058 0.144248 -0.015494 
-0.147657 0.259263 0.056226 -0.049764 -0.278121 0.037978 -0.138881 0.079580 0.231731 -0.038782 -0.044810 -0.167182 -0.163740 0.019348 0.006649 0.172181 -0.059457 0.106077 0.039368 -0.031926 0.017697 0.106193 -0.183215 -0.030236 -0.232153 -0.024157 -0.013914 0.102156 0.131722 0.181617 -0.096731 -0.145143 -0.059016 -0.101754 -0.120540 0.027939 0.053561 -0.003435 -0.150004 0.145533 0.339213 -0.148763 -0.200311 -0.117896 0.055061 -0.121015 0.176246 -0.188870 -0.092929 -0.299366 
-0.127003 -0.011645 -0.132688 0.115831 0.204631 0.094672 -0.171958 -0.048717 0.081566 0.003842 0.056567 0.181732 -0.123705 -0.213491 -0.183010 0.072070 0.090760 -0.056351 0.009388 -0.328787 -0.001038 0.081097 0.060417 0.055276 -0.051358 -0.004955 -0.259918 0.051500 -0.117960 -0.109919 0.239789 0.043546 -0.237196 0.134826 0.054884 -0.062507 0.019007 0.177697 -0.158129 0.028636 0.293602 -0.060445 0.045472 0.015590 -0.158940 -0.027658 -0.303065 -0.228020 -0.108520 0.152931 
-0.142077 0.054639 -0.211314 -0.053202 0.024139 0.021815 -0.170841 0.221353 -0.186374 0.118160 0.137166 0.362562 -0.010134 0.034296 -0.068730 0.126009 0.011803 -0.074652 -0.030380 -0.091929 -0.210496 0.097143 -0.024320 0.011941 -0.216364 0.057212 0.138828 0.143588 0.124265 0.396345 0.058881 0.036003 -0.032854 -0.068728 -0.019113 0.115670 -0.200870 -0.068346 -0.104129 0.021839 -0.303440 -0.107590 -0.078290 0.184640 0.175401 -0.073309 -0.055569 0.074352 0.146507 0.080254 
-0.131052 -0.220654 -0.056161 -0.082867 0.048338 0.133102 0.172414 -0.069118 0.062223 -0.301016 0.137587 -0.084552 0.208019 0.180689 0.043133 0.064281 0.000350 0.094555 -0.241314 0.176725 0.054363 0.196435 0.155395 0.269213 -0.085462 -0.180270 0.049154 0.134629 -0.053542 0.076824 0.073521 0.199889 -0.187118 -0.168074 0.131725 -0.159712 -0.039558 0.042837 -0.025806 0.052238 -0.109224 -0.054124 -0.149331 -0.168052 0.053363 -0.074581 0.139325 -0.205772 -0.174739 0.192430 
-0.145020 0.037203 -0.067207 -0.168664 -0.050983 -0.222982 0.095524 -0.044560 0.196645 0.173434 0.012497 0.042707 0.256780 0.150426 -0.197902 -0.129653 0.080972 -0.048809 -0.100413 0.091258 0.017423 -0.271302 -0.061323 0.189606 0.149740 -0.180144 0.087403 0.143520 0.008507 -0.005115 0.151603 -0.131737 0.117862 0.002520 -0.128543 -0.021532 -0.093148 0.027240 -0.023226 0.062717 0.238141 0.210934 -0.098733 0.075988 0.172181 -0.008389 -0.194564 -0.231196 0.344524 0.013519 
-0.127263 0.031354 -0.152626 0.259159 -0.028079 0.108507 0.013202 0.099057 0.184715 -0.192349 0.134180 -0.228387 -0.189986 0.071737 -0.184833 0.035816 0.028361 0.039817 -0.036432 -0.040698 -0.030679 -0.054855 0.019009 -0.055562 -0.000601 -0.053664 -0.105617 -0.150554 0.088735 -0.109866 0.287702 -0.210773 0.060098 0.182599 0.266404 0.104370 0.006639 -0.182701 -0.147281 -0.248898 -0.280447 0.250006 -0.107703 -0.081259 0.184822 -0.009551 0.066618 -0.003378 0.100345 -0.105921 
-0.158091 0.002785 0.256269 0.016023 0.208257 -0.031777 0.065082 0.104086 0.159568 0.094620 0.089632 0.159224 0.054742 0.075799 -0.189082 0.007041 0.090127 0.118424 -0.024140 -0.028744 0.049772 0.066166 0.101800 0.129132 0.060615 0.031997 0.070787 -0.243800 0.194682 0.364614 -0.353243 -0.046874 0.008082 0.022290 0.185782 -0.083867 0.052960 0.047997 -0.044026 -0.282867 0.159391 0.238070 -0.088250 -0.022416 -0.222397 0.058109 -0.065604 0.140143 -0.125386 -0.028431 
-0.145218 0.109017 -0.069646 -0.045230 0.076322 0.207042 0.229604 0.027713 -0.060903 0.113392 -0.022194 -0.316392 -0.005812 0.055283 0.050215 0.140469 0.184858 -0.156184 0.076308 -0.352525 0.080333 -0.223824 -0.192784 0.027829 -0.132033 -0.205913 -0.004602 0.072667 -0.053398 0.117977 -0.152565 0.096699 0.006037 -0.010458 -0.036204 -0.134728 0.069423 0.085734 -0.072528 0.022997 -0.076173 -0.008824 0.167181 -0.298124 -0.069618 -0.040257 0.014569 0.233175 0.245877 0.189688 
-0.115252 -0.168464 -0.130878 0.208890 0.102444 0.011193 -0.165076 0.097957 -0.227667 0.059046 -0.165301 -0.321710 0.003488 -0.156561 -0.017184 0.070708 -0.014571 0.011594 -0.034260 0.243997 0.006421 -0.000103 0.124721 0.014133 -0.115847 -0.058183 -0.210437 -0.074707 0.137994 0.117358 0.048172 0.062258 0.177374 -0.104443 -0.151526 -0.004938 -0.065240 0.447958 0.244817 -0.064550 0.046340 0.047401 -0.263717 0.000136 0.039748 0.009965 -0.151097 0.074105 0.075666 -0.086995 
-0.151217 0.149361 0.131182 -0.095406 0.031347 -0.154361 -0.172148 -0.051955 0.053061 0.064975 0.023248 -0.133501 0.054183 -0.178742 0.108827 0.082741 -0.211993 -0.074519 -0.075874 -0.134829 0.116796 0.124773 0.080297 0.109008 0.284884 -0.240245 -0.123014 -0.220802 -0.015200 0.137477 -0.081203 0.065807 0.236039 -0.009261 0.140295 -0.050120 -0.009096 0.083613 -0.122054 0.024891 -0.206360 -0.194787 0.317223 0.083218 0.319542 -0.001290 -0.060657 -0.183370 -0.067675 -0.070340 
-0.133022 0.237873 -0.234121 -0.059421 0.094962 0.055254 0.014006 -0.026516 -0.018298 -0.078006 -0.058095 0.135309 0.246106 -0.110597 -0.022939 0.071326 -0.361179 -0.057894 0.107263 0.074485 -0.156530 0.131986 0.007579 0.025600 -0.127202 -0.151993 0.097448 -0.102388 0.042363 -0.212545 0.062828 0.021420 0.377016 -0.144571 0.083959 0.188528 0.054283 -0.107826 0.002774 -0.078628 0.181891 0.090495 0.053045 -0.150126 -0.248901 -0.246842 0.041492 0.095093 -0.022309 0.128830 
-0.137342 0.056558 0.023203 0.215910 -0.281388 -0.131078 0.008796 -0.111255 -0.041607 0.124921 -0.086294 -0.106647 -0.027121 0.125767 -0.229109 -0.207535 -0.214880 -0.005326 -0.021424 -0.144689 -0.229695 -0.023284 0.092314 -0.077565 -0.083259 -0.043300 -0.075719 -0.222287 -0.300140 0.164535 -0.012917 -0.112452 -0.105908 -0.101838 0.150838 -0.140486 -0.130190 -0.015523 0.227229 0.031966 0.054249 -0.116371 -0.041931 0.136109 -0.115701 0.052275 0.251044 -0.052752 0.073590 0.293786 
-0.133168 -0.008901 0.167383 -0.095748 0.095504 0.326582 -0.010169 -0.140753 -0.099785 -0.061939 0.031262 0.140192 0.010740 -0.046299 -0.142426 -0.007328 -0.163150 0.078214 -0.239943 -0.030872 0.362555 -0.075085 0.002246 -0.024567 -0.223140 -0.153078 0.062838 -0.253016 -0.292331 -0.002813 -0.032813 -0.197160 -0.113707 0.005570 -0.274337 0.298859 0.107899 -0.036683 0.096348 0.095798 -0.070804 0.063824 -0.046384 0.096922 0.097550 0.037823 -0.062171 0.072586 0.035083 -0.076162 
-0.144251 -0.113672 -0.102744 0.055260 0.120895 -0.016755 -0.395632 0.088077 0.310849 -0.092584 -0.041908 0.105945 0.118934 0.290168 0.127326 -0.119356 0.014771 0.163206 0.274680 0.030991 0.153085 -0.052044 -0.152776 -0.101866 -0.041063 -0.002953 -0.052858 -0.068211 -0.038367 -0.084628 -0.150919 -0.153502 -0.057921 -0.044563 0.015092 -0.088764 -0.243909 -0.001468 0.262177 0.108116 -0.161961 -0.055725 0.132755 -0.209103 0.000534 -0.140166 -0.182004 0.021758 -0.016528 0.041131 
-0.122970 0.056555 0.027806 -0.217400 -0.027993 -0.097437 -0.265015 -0.192542 -0.301963 -0.219826 -0.090309 0.133985 -0.041538 0.059730 0.124823 -0.262705 0.145978 0.010511 0.066857 -0.007139 0.108737 -0.029894 0.127801 -0.005672 -0.070104 -0.050554 -0.292233 -0.104193 0.141256 -0.044850 -0.065043 0.150811 -0.095104 -0.039724 0.143630 0.024054 -0.074990 0.019664 -0.283368 0.093665 0.068893 0.237493 -0.033415 -0.030499 -0.047242 0.019607 0.265413 0.033822 0.291981 -0.057506 
-0.146571 -0.071326 0.162509 -0.191022 0.189411 0.099801 -0.316438 0.063829 -0.064905 0.096651 -0.033625 -0.196632 -0.136911 0.027201 -0.014349 -0.234727 -0.012480 -0.030492 0.059978 -0.152963 -0.001566 0.047257 0.199082 -0.125719 0.084847 0.056946 0.231258 0.195003 0.075413 0.047850 0.148545 0.039977 0.126939 0.029494 0.049499 -0.065748 0.364072 -0.242931 0.195699 0.099960 0.110031 0.077919 -0.163625 -0.060969 0.194908 -0.048405 0.018354 0.012807 -0.081853 0.230640 
-0.141127 -0.124579 -0.007484 0.388256 0.151622 -0.082555 -0.087927 -0.096091 -0.124514 0.182845 0.014613 -0.086327 0.053230 -0.015843 0.166025 0.022532 0.131002 0.049485 -0.098791 0.075550 0.013346 0.116177 -0.195484 0.136844 -0.034335 -0.039507 0.201824 -0.068880 -0.015456 -0.067442 -0.180363 0.216549 -0.113354 0.271945 0.085653 0.193722 0.090672 -0.244949 0.084034 -0.053513 0.115870 -0.123411 0.018928 0.077107 -0.044498 -0.229236 0.093500 -0.231346 0.267127 -0.090505 
-0.122233 0.043662 0.052034 0.210577 0.156834 -0.146165 0.144228 -0.137708 -0.138759 -0.199532 -0.144143 0.133243 0.090242 -0.031117 0.101191 0.125519 0.016028 0.140331 0.139705 -0.119142 0.128355 -0.027017 -0.129820 -0.233127 0.131664 -0.170191 -0.114589 0.406092 -0.217167 0.135765 0.009120 -0.046534 0.024172 -0.114428 0.108576 0.034110 -0.086549 -0.072947 0.072977 -0.256106 0.173721 0.066861 -0.087784 0.143770 0.258769 -0.013625 0.065734 0.139483 -0.133244 -0.036864 
-0.145846 -0.330443 0.035811 -0.095099 -0.098734 -0.018631 0.161175 -0.195241 -0.210080 0.092261 0.037050 0.099500 -0.198777 -0.048151 -0.013610 -0.021802 -0.094915 0.060876 0.020453 0.014019 -0.015413 0.078911 0.032307 0.158799 -0.303118 0.178993 -0.157227 0.136097 0.063755 -0.010438 -0.054621 -0.297933 0.190741 -0.016245 -0.031422 -0.276890 0.031027 -0.145730 0.070580 -0.203712 0.018084 0.031229 0.313605 -0.140368 0.096394 -0.131272 -0.081661 -0.138675 0.052956 -0.109119 
-0.143773 0.141311 -0.254920 -0.070198 0.026508 0.150799 0.057918 -0.099263 0.068706 0.085162 0.343999 0.071709 -0.254327 0.055052 0.135444 -0.171876 -0.092497 -0.197853 0.074357 0.213467 0.066828 0.063651 -0.220138 0.067562 0.115341 -0.229443 -0.251650 0.073213 0.169656 0.049064 -0.067398 0.033509 -0.029213 0.183215 -0.143996 -0.073961 0.055671 -0.021106 0.261780 -0.051117 0.022217 0.049963 -0.018062 0.230965 -0.065421 0.143560 0.156099 0.031171 -0.146517 0.079037 
-0.162698 0.027333 -0.175851 -0.027959 0.060850 -0.059046 0.098935 0.153289 -0.068672 -0.088501 -0.072085 -0.167065 0.116654 0.132701 -0.176979 0.034819 -0.240447 -0.093959 0.059223 -0.084615 0.418800 0.069487 0.046585 0.020026 0.066403 0.390302 0.118986 0.067865 0.280748 -0.107852 0.017749 -0.047470 -0.231198 -0.046514 0.014872 0.114007 -0.025847 0.127460 0.034102 -0.117969 0.111016 -0.110909 0.233986 0.173186 0.039129 0.103864 0.160863 -0.018557 0.090604 0.074950 
-0.148252 -0.116109 0.311023 0.023753 -0.062071 0.054619 -0.121893 -0.204827 0.060256 -0.074074 0.001851 0.082150 0.153883 0.209561 -0.163871 0.146412 0.041683 -0.313818 0.213391 0.105740 0.067738 0.016142 -0.135266 0.066169 0.085263 0.113109 -0.124126 0.054576 -0.062574 0.005226 0.202820 -0.001609 0.172124 0.008507 -0.019539 -0.073506 0.256852 0.063872 -0.098599 -0.099982 -0.180578 -0.320360 -0.192732 0.118036 -0.224173 -0.083079 0.041897 0.103306 0.125713 -0.082989 
-0.146416 -0.226510 0.047727 -0.318273 0.172228 -0.096989 0.194942 -0.035735 0.207237 0.066210 -0.263796 -0.115578 -0.166972 -0.143873 0.020667 -0.141995 0.081333 -0.269310 0.048636 -0.006701 -0.051280 0.017313 0.004009 -0.137087 0.030358 -0.023886 -0.003494 -0.072310 -0.033866 0.171776 0.166277 0.055296 -0.118180 -0.013915 -0.078916 0.303716 -0.316234 -0.066305 0.048326 -0.139578 -0.083242 -0.016498 0.007547 -0.043500 -0.165421 -0.225556 0.103520 -0.094010 -0.118728 -0.120874 
-0.140066 0.325273 0.208139 0.123311 0.084704 0.027573 0.111845 0.083548 -0.046380 0.111504 -0.108001 0.004137 -0.208880 0.019439 0.157930 0.017805 0.167341 -0.095740 0.285432 0.063787 0.107074 0.172690 0.062474 0.256290 -0.145185 -0.021900 0.226410 -0.114546 -0.089623 -0.241650 0.169256 0.029323 -0.050008 -0.317191 -0.024190 -0.210555 -0.162005 -0.065666 0.033347 -0.008214 -0.097092 0.149435 -0.060584 0.166483 0.015606 0.114673 -0.096325 -0.095593 -0.010803 -0.052895 
-0.148209 0.058420 -0.022221 -0.122966 0.036125 0.040759 -0.164234 -0.032493 0.174514 0.116846 0.184525 -0.174273 -0.035593 0.124548 -0.107477 -0.060019 0.082886 0.161298 0.024213 0.115342 -0.210023 0.082963 0.100573 0.070089 -0.116305 0.177719 0.041310 0.225287 -0.439286 -0.114922 -0.094758 0.201368 0.084314 0.037101 -0.034996 0.154829 -0.011393 0.270742 -0.100866 -0.143983 0.019793 0.135483 0.258199 0.140394 0.073032 0.001388 0.144767 0.176377 -0.035750 -0.140186 
-0.136359 -0.077290 -0.017994 0.199018 0.056010 -0.075344 0.073182 0.194661 0.171410 0.000421 -0.288536 0.102862 -0.094986 0.112249 0.111344 -0.119127 -0.170222 0.111480 -0.188908 -0.064597 0.119482 -0.138037 -0.098106 0.169965 -0.133590 0.152240 -0.194386 0.112957 -0.056750 0.144552 0.115985 0.284445 0.309364 0.000644 -0.054735 0.088222 0.088804 -0.176772 -0.096407 0.197331 -0.073322 0.057312 0.061127 0.003453 -0.170055 0.325724 0.016107 -0.040411 -0.074245 -0.013363 
-0.139851 0.143518 -0.171621 -0.090531 0.054335 -0.238862 -0.050500 -0.227512 -0.191581 -0.018256 0.072189 -0.222683 0.082340 0.199821 0.162857 0.089107 -0.023150 0.058229 -0.178178 -0.046190 -0.049602 0.057054 0.000728 0.121267 0.084783 0.154311 0.035758 -0.148528 -0.068961 0.125456 0.276456 -0.088529 -0.122591 0.153689 -0.099647 -0.135764 -0.096327 -0.215260 -0.018260 0.093352 0.097679 -0.029684 -0.018608 -0.054247 -0.124579 0.010460 -0.220745 0.366442 -0.175572 -0.206623 
-0.156200 -0.184508 0.167700 0.018678 -0.068293 -0.102648 0.179780 0.314052 0.045305 -0.010738 0.148134 -0.066577 0.281976 0.037017 0.151534 0.007397 0.107091 0.070646 0.055325 -0.017110 -0.129536 0.134151 -0.012140 -0.300390 -0.172392 -0.133047 -0.192232 -0.167222 0.117907 -0.035948 0.180324 0.008417 -0.095486 -0.039555 -0.143742 -0.057129 0.229882 -0.029452 -0.054874 0.162054 0.067158 0.143832 0.231037 0.326859 0.012311 -0.141134 -0.012155 0.070746 -0.022091 0.026231 
-0.156607 -0.357306 -0.267531 -0.099615 -0.086570 0.012174 -0.008025 -0.077643 -0.083317 -0.035505 -0.166370 -0.089153 -0.019893 -0.008979 -0.173139 -0.051271 -0.089206 -0.007015 0.171314 -0.047412 -0.065952 0.199180 -0.225918 -0.167072 0.026167 -0.221485 0.304808 -0.039434 -0.043186 -0.102564 -0.207438 0.027909 0.014261 0.014125 0.065192 -0.134016 0.042896 -0.006123 -0.269788 0.068501 -0.050216 0.053575 -0.098287 0.140085 -0.055835 0.340147 -0.165029 -0.021078 -0.080700 -0.151774 
-0.142708 -0.112644 0.265457 0.011499 -0.046151 -0.172731 -0.012399 0.163914 -0.043685 -0.052508 0.209616 0.133273 -0.246428 0.213284 -0.004465 0.055502 -0.060507 -0.122636 -0.233416 -0.040112 -0.103565 0.098526 0.008310 -0.135669 0.024779 -0.230185 0.053250 0.015588 0.081954 -0.266799 0.053535 0.123849 0.014086 -0.086854 -0.024549 0.145300 -0.151872 0.043947 0.099050 -0.130847 0.205552 -0.234736 0.050603 -0.293872 0.039962 0.277882 -0.074513 0.157949 0.131309 -0.031264 
-0.159230 0.098364 -0.165392 -0.093957 0.003573 0.032946 0.139393 0.058210 -0.066575 -0.363993 0.130823 0.128074 0.094723 -0.019010 -0.038366 0.018576 0.183093 -0.024575 0.127131 -0.222998 -0.161294 -0.153830 0.102109 -0.084421 0.042881 0.188604 0.067186 -0.225238 -0.100286 0.054805 -0.051060 0.235274 0.147829 0.051179 -0.124705 -0.097074 0.105600 0.007620 0.353488 -0.032817 0.022858 -0.072340 -0.034805 -0.056712 0.061218 0.110480 0.046696 -0.288984 0.033563 -0.304481 
-0.135170 0.256157 0.149901 0.044153 0.097135 0.000016 0.106388 0.055477 -0.087596 -0.255423 0.026050 -0.059890 -0.114894 -0.013146 0.134049 -0.182924 -0.203368 -0.038552 -0.059719 0.351438 -0.046220 0.023965 -0.076692 -0.341297 0.009655 0.150284 0.126252 0.075627 -0.139648 0.196563 -0.030420 -0.033293 -0.040154 0.189403 -0.034621 -0.118393 0.025481 0.141875 -0.204224 -0.054889 -0.049820 0.017648 0.055950 -0.095468 -0.105489 -0.042767 -0.280580 -0.208571 0.179682 0.160202 
-0.145648 -0.154959 -0.018223 0.111211 -0.243762 0.105240 0.107688 -0.004108 0.075655 0.040660 -0.162128 0.232789 -0.107357 0.117073 0.373463 0.070358 -0.286292 -0.069215 0.188492 -0.102962 -0.119068 -0.087685 0.236185 0.178778 0.170946 -0.030409 0.165937 -0.018329 -0.021374 0.052661 0.060133 -0.024789 -0.191185 0.214544 0.034574 0.086348 0.152772 0.304581 -0.002733 0.060326 0.035327 0.158275 -0.031820 -0.068241 0.116069 -0.124795 -0.002805 0.114493 0.042675 -0.086847 
-0.141870 0.075344 0.075371 -0.117726 -0.280908 -0.035208 0.007455 0.066892 -0.249018 -0.067662 -0.021716 -0.117691 -0.103698 0.207532 -0.052871 0.175095 0.096035 -0.096120 -0.076850 -0.001384 -0.020820 -0.168299 -0.024739 0.046632 0.044735 0.021118 -0.124955 0.135058 0.019093 -0.114935 -0.230482 0.017769 0.004121 -0.046177 0.277950 0.313829 0.039295 -0.021717 0.168690 0.107655 -0.107301 0.154387 0.001938 0.155308 -0.162184 -0.162473 -0.343976 -0.156365 -0.253537 0.058142 
-0.142264 -0.074405 -0.038858 0.065296 -0.260519 -0.307675 -0.072403 -0.109756 0.048161 -0.054672 0.273671 -0.071842 0.046948 -0.302548 0.143935 0.050811 0.154556 0.098551 0.233482 -0.031104 0.126345 0.097912 0.077487 0.084719 0.039303 0.053072 0.074382 0.037608 -0.058169 0.118284 0.009347 -0.134359 0.008722 -0.097431 -0.224042 0.317154 0.111402 -0.029741 -0.021921 -0.067848 -0.124279 0.080354 -0.040430 -0.190007 -0.150898 0.244483 -0.016302 -0.054486 0.022654 0.294840 
