-0.135355 -0.212836 0.022370 0.186715 0.011761 0.068018 0.180492 0.026902 0.223792 0.359540 -0.007204 0.081860 -0.020883 -0.027761 -0.066499 -0.066268 0.042825 -0.178398 0.169517 0.201628 0.185946 -0.101500 0.062926 0.165745 0.045522 -0.182596 0.168627 -0.094274 0.209477 0.169057 0.105666 -0.207674 -0.000615 0.244721 0.035309 -0.226038 0.009350 0.022138 0.000610 0.119964 -0.320163 -0.077414 -0.062494 0.057757 -0.070503 -0.056809 0.182123 0.043791 -0.007499 0.041225 
-0.128103 0.001307 -0.154713 0.159129 0.017876 -0.083477 -0.088205 0.116877 0.025937 0.112815 0.135890 -0.016763 0.063669 0.117383 -0.213068 0.184789 -0.054812 -0.085884 0.016896 0.171104 0.107593 -0.072010 -0.044272 0.125982 0.199689 -0.031289 -0.100476 0.281820 -0.171597 -0.065371 -0.170190 0.104493 -0.023070 0.203147 0.116845 0.075611 0.074355 0.015231 -0.098610 -0.359771 0.165279 -0.093582 -0.171623 -0.268351 -0.024465 -0.149982 -0.008769 -0.026073 -0.359663 -0.026958 
-0.136990 0.311469 -0.170437 -0.110637 0.026605 -0.029883 0.193818 0.119177 0.124268 -0.051927 0.057186 -0.080583 -0.010007 0.268077 -0.017362 0.123868 -0.022000 -0.135786 -0.070876 0.228440 -0.010890 -0.309186 0.051132 -0.254640 -0.072237 -0.031473 0.298314 -0.101332 -0.070286 -0.009510 -0.010397 -0.223793 -0.053248 -0.057096 -0.050188 0.268204 0.129469 -0.034287 -0.223461 0.091025 0.108372 0.115154 -0.059276 0.160453 0.203320 -0.067484 0.054658 0.084895 0.069249 0.046977 
-0.142899 -0.184712 0.006781 -0.187425 -0.374898 0.076323 0.006908 -0.026823 0.214406 0.014307 0.132840 0.044136 -0.092357 0.191714 0.038394 -0.067183 -0.026909 0.013342 0.154905 0.027126 -0.018371 0.033767 0.074829 -0.052364 0.064835 0.022641 -0.102911 0.063455 0.052927 0.342253 -0.227749 0.147733 -0.045634 0.067457 -0.169789 0.029997 -0.013228 -0.126890 -0.057077 0.092546 0.031555 -0.006925 -0.093938 -0.260879 0.172656 -0.012797 -0.356173 -0.078571 0.298235 0.057881 
-0.127797 -0.052194 0.204236 0.156185 -0.260912 -0.112440 0.206982 0.147122 -0.097500 -0.110414 0.094141 -0.103148 -0.105049 -0.175387 -0.216378 -0.143003 0.057527 -0.072109 -0.062590 0.044540 0.112323 0.017627 0.218273 0.004574 -0.034447 0.054198 -0.028381 -0.213052 -0.056981 0.049724 0.018235 0.224238 0.071681 -0.013041 -0.131425 0.218268 0.144021 -0.071053 0.127590 -0.005066 0.082717 0.116944 -0.126532 0.163305 -0.213119 0.182235 -0.004718 -0.011063 -0.216424 0.369573 
-0.148217 0.166389 0.024559 0.101090 -0.024831 -0.220621 0.100940 -0.013719 -0.137125 0.011652 -0.261634 -0.050235 0.199269 0.204031 -0.069635 0.085923 -0.090665 -0.069179 0.190445 -0.075737 -0.256550 0.133691 -0.202364 0.028968 0.248441 0.129204 0.023171 -0.136050 0.240346 0.022396 -0.174712 0.213172 0.056732 -0.014354 0.038298 -0.127312 -0.270146 0.091306 -0.219809 0.114961 0.007944 -0.064181 -0.190715 0.086757 0.019810 0.117098 0.091149 0.138912 0.005416 0.174401 
-0.136046 -0.003640 0.213805 -0.225322 0.056127 0.119326 -0.046894 -0.051803 -0.109901 0.019696 -0.013965 -0.251706 0.062529 0.039399 -0.106113 -0.050493 0.003792 0.088051 0.204696 -0.171421 -0.161143 -0.000903 0.063955 0.021442 -0.176623 -0.130988 -0.219180 -0.157745 -0.047093 0.094107 -0.034928 -0.116962 -0.426696 -0.063630 0.132716 0.071327 0.339726 0.082053 -0.148869 -0.002334 -0.101962 -0.094493 -0.158647 -0.190028 -0.084536 0.007245 0.212631 0.141429 -0.059822 -0.029728 
-0.155121 -0.001611 -0.198743 0.140422 -0.039542 0.021525 -0.002022 0.227553 -0.104191 -0.108609 -0.009943 0.033373 -0.096627 -0.266852 0.085000 0.225738 0.189658 -0.262440 0.165557 -0.031649 -0.053730 0.177441 0.055187 -0.009429 0.123821 0.189832 0.002846 -0.047859 0.021384 -0.265540 -0.115764 -0.284161 -0.091830 0.030650 -0.089310 0.115192 0.060276 0.088337 0.075708 0.035098 -0.152517 0.072352 0.061241 -0.261088 -0.109200 0.103077 -0.174913 0.270137 0.181885 -0.046202 
-0.134903 0.194682 -0.002755 -0.140957 0.132592 0.041809 -0.153362 -0.260703 0.029342 0.157242 -0.065553 -0.112402 -0.310441 -0.022339 -0.097868 -0.168133 0.110931 -0.148876 -0.153726 -0.226899 0.112308 -0.166479 0.046719 0.108974 0.125388 -0.001365 0.116274 -0.049920 -0.160355 -0.198323 -0.255862 0.082808 0.022472 0.139101 -0.176822 -0.298375 0.012666 -0.137801 0.015726 -0.029274 0.077592 0.191110 -0.056619 -0.111143 0.050896 0.196774 0.162282 0.033474 0.116556 0.045192 
-0.170416 0.015510 -0.025503 0.284261 0.136108 0.142501 -0.092356 -0.165848 0.062775 0.033948 0.239475 0.029279 -0.102265 0.034574 -0.271307 0.046865 -0.045090 0.156543 -0.250300 -0.060032 -0.059653 0.226033 -0.126211 0.028537 0.168667 -0.082085 -0.089256 0.074619 0.139361 0.017959 0.032960 0.010365 -0.019134 -0.068093 -0.360752 0.186849 0.207383 0.117846 -0.164135 0.033684 -0.124399 -0.211273 0.189514 0.176518 0.164700 0.097693 0.028124 0.063381 0.077278 0.011472 
-0.147037 -0.091768 0.150473 0.194746 -0.031868 0.043518 -0.179017 -0.007755 0.035685 0.030149 -0.153715 0.147408 0.056744 -0.139715 0.087182 -0.033327 -0.095836 0.389483 -0.117765 -0.120565 0.089583 -0.188423 -0.090568 -0.084593 -0.091175 0.389387 0.061824 -0.138584 -0.017031 0.138601 -0.079050 -0.188219 0.137032 0.312738 0.124023 0.122367 0.055760 -0.076634 -0.176852 -0.033113 0.004167 0.094454 -0.113748 0.001691 0.115388 0.124165 -0.072256 0.189651 -0.103189 -0.111041 
-0.124560 -0.224678 -0.098239 -0.035671 0.036675 -0.207469 -0.185932 0.009144 -0.196196 -0.055957 0.010068 -0.043108 0.226207 0.212343 -0.142678 -0.169856 -0.008235 -0.125457 -0.064751 -0.003296 0.134673 -0.103778 -0.118612 -0.046081 0.014698 0.242852 -0.000796 -0.178328 0.159530 0.017759 0.171901 0.013092 -0.127516 -0.032829 -0.064715 -0.210881 0.214191 0.079531 0.206309 -0.155344 -0.017281 0.190603 0.251407 -0.049339 0.204283 -0.267728 -0.073048 0.088818 0.036614 0.168102 
-0.139203 0.279792 0.006911 -0.061640 -0.080564 0.109436 0.037842 -0.202258 -0.296497 0.133013 -0.095609 0.025772 -0.149669 0.004676 0.049623 0.002916 0.226891 0.000813 0.104067 -0.013335 0.174662 -0.068968 0.043931 -0.286508 -0.035982 0.044197 -0.119175 -0.026281 0.214648 0.074593 -0.075355 -0.028627 0.151090 0.164768 -0.004748 0.119313 -0.010006 0.196061 0.299462 -0.136678 0.109145 -0.398389 -0.031381 0.093399 -0.002672 -0.209130 0.000421 -0.042435 0.030527 -0.037340 
-0.150672 -0.220038 -0.015199 -0.122212 0.188372 0.145009 0.017398 0.018930 -0.321886 0.123444 0.123273 0.135249 0.060888 -0.036934 -0.102545 -0.083910 -0.229771 -0.119326 0.014035 -0.059141 0.268307 -0.045949 0.086344 -0.323479 0.160864 0.083180 0.079677 0.043202 -0.098039 -0.076190 0.175476 0.046007 0.064205 -0.218717 0.122814 -0.003126 -0.108176 -0.207504 -0.272009 0.104605 0.029431 -0.235880 -0.026810 -0.101024 -0.174940 0.120230 -0.044258 -0.006710 0.116234 0.023900 
-0.114707 0.135585 0.041218 0.170237 -0.030036 0.355641 -0.035474 0.073915 -0.042300 -0.050768 0.195572 -0.043748 0.155185 0.119924 0.263882 0.054307 -0.010628 0.029997 0.007408 -0.015671 0.129453 -0.306147 0.097192 0.264239 0.077845 0.072355 -0.263656 0.049593 0.115726 -0.066038 0.157842 0.089988 -0.041269 0.029299 0.126020 0.114347 -0.173188 0.188308 0.012196 0.078849 0.097168 0.163568 0.111271 -0.103630 0.038553 0.144873 0.216918 -0.106679 0.192864 0.205521 
-0.149722 -0.127134 -0.114584 -0.128694 -0.033662 0.211222 0.246554 -0.228791 0.183704 0.037668 -0.276944 0.142985 0.056134 -0.125268 0.034736 0.073374 -0.032678 0.004962 0.036189 -0.076482 0.117048 -0.021921 -0.403040 0.035165 -0.196452 -0.140064 0.072345 -0.022897 0.213286 -0.225025 0.100984 0.102744 0.057799 -0.167490 -0.130271 0.182121 0.082388 0.017584 -0.000975 -0.051144 0.140130 0.111798 -0.040009 -0.260873 -0.022348 0.003178 -0.036196 -0.016994 -0.176612 0.147670 
-0.129137 -0.025619 0.250367 -0.084107 -0.164373 0.103446 -0.082198 0.038039 -0.024907 -0.250834 0.280489 0.322984 0.075917 -0.243652 -0.036170 0.049163 0.030565 -0.112206 -0.027782 0.171315 -0.083254 -0.164846 -0.182628 0.036955 -0.014934 -0.111849 0.128455 -0.320657 -0.030764 -0.122594 -0.309081 0.180652 0.021251 -0.065510 0.078280 -0.147886 -0.002831 0.124316 -0.109549 -0.066970 -0.023996 -0.106930 0.109225 0.054160 0.037211 -0.137053 0.110010 -0.065102 0.040506 -0.182269 
-0.127376 0.186821 0.027502 -0.045143 0.097630 0.187053 -0.269324 0.291322 0.094427 -0.007195 -0.109055 -0.140490 0.051071 -0.214484 -0.025079 0.076398 0.032301 -0.050278 0.149110 -0.084398 -0.048426 -0.076111 0.005010 0.052412 0.046466 -0.038477 -0.118475 -0.120473 0.006274 -0.049110 0.156055 -0.121675 0.099604 -0.065037 -0.120542 -0.226196 0.045631 -0.128489 -0.068266 0.135958 0.014808 -0.166353 -0.088379 0.106330 0.250357 -0.063947 -0.324535 -0.318242 -0.245771 0.168756 
-0.138854 -0.162126 0.158663 -0.088259 0.211110 -0.070657 0.052085 -0.065760 -0.115986 0.058377 0.016906 -0.074213 -0.139444 -0.074342 0.120533 0.305333 -0.016882 -0.047147 -0.143077 -0.080089 -0.294470 -0.168093 0.322344 0.054331 0.129595 0.075085 0.093064 0.028151 0.242450 0.122700 0.120151 0.199066 0.210033 -0.051721 -0.130890 0.076569 0.066293 0.054199 -0.032016 0.085520 -0.049428 0.201277 -0.069224 -0.139051 -0.035408 -0.265913 0.009730 -0.064071 -0.123953 -0.233286 
-0.124032 -0.077711 0.321633 -0.068682 0.034763 -0.055125 0.037107 -0.115498 -0.076068 0.197068 -0.001162 -0.110598 -0.068370 -0.075134 -0.057448 0.031376 -0.011833 -0.285631 -0.151347 0.050520 -0.061292 0.106596 -0.293151 0.197363 0.022498 0.130416 -0.080891 0.090892 0.037391 -0.022321 -0.061268 -0.248441 -0.218707 0.101914 0.201804 0.253570 -0.125431 -0.188921 -0.002736 0.076434 0.191104 0.103543 0.088591 0.221064 -0.044548 -0.134789 -0.139797 -0.232250 0.122371 -0.004259 
-0.128855 -0.002252 0.144108 -0.067975 -0.188441 0.019390 -0.132870 0.172976 0.122758 0.084841 0.126038 -0.103980 -0.020963 0.244474 0.188436 0.022461 -0.128723 0.199588 -0.090648 -0.059865 0.124338 0.160729 -0.001063 0.175291 0.101043 -0.002823 0.155965 -0.126576 0.030117 -0.280503 0.051246 -0.038089 -0.015809 -0.097835 -0.108522 0.003204 -0.077323 -0.201289 0.249034 0.186465 0.182607 -0.211785 -0.083742 0.005503 -0.120542 -0.248173 0.083630 0.322637 -0.086125 -0.100697 
-0.161975 0.001011 0.153578 0.194996 -0.026276 -0.058995 -0.097445 -0.152731 0.037872 -0.052034 0.117013 0.043823 0.312640 -0.004060 0.177663 0.100008 0.112744 -0.201074 0.009265 -0.287137 -0.047076 -0.048277 0.047322 0.013222 -0.004055 -0.243567 0.239076 0.189088 0.001267 0.264715 0.008535 -0.194443 0.062439 -0.251731 0.027880 -0.080329 0.076008 -0.078400 0.157708 -0.280030 0.185210 -0.028589 -0.121024 0.093472 -0.020034 0.196760 -0.091104 0.115836 0.060670 0.022484 
-0.132432 -0.257382 0.124734 -0.069191 0.198369 0.110756 -0.257690 -0.013781 0.136999 0.020603 -0.170244 0.005796 -0.086270 0.222967 0.030580 0.193472 -0.008663 0.093239 -0.101067 0.288518 -0.135490 0.088370 0.136403 -0.135853 -0.079744 -0.002024 0.019017 -0.051430 -0.031555 -0.204084 -0.169752 -0.017997 0.094358 -0.113991 0.157461 0.069615 -0.062632 0.049035 0.204492 -0.235223 -0.237865 -0.023769 -0.134389 0.073970 -0.014056 0.115397 0.002494 -0.096931 0.126015 0.335905 
-0.157859 0.176292 0.051519 -0.119452 -0.129643 -0.080039 0.173533 -0.006465 0.212337 0.265402 0.022081 -0.148880 0.244121 -0.043693 -0.040563 0.061007 -0.086328 -0.085146 -0.066197 -0.195513 0.128751 0.277341 0.128859 0.061190 -0.080656 0.208244 0.057537 -0.119396 -0.279016 0.024246 -0.010725 0.035868 0.262071 -0.116799 0.143796 0.093324 -0.011566 0.164191 0.020072 -0.087466 -0.233823 -0.050545 0.240620 -0.136215 0.182574 -0.005696 0.082156 -0.151915 0.012665 -0.079630 
-0.144638 -0.071588 -0.013894 -0.127051 -0.012027 0.272522 0.208636 0.230273 -0.159971 0.024595 -0.022537 -0.124298 0.184268 0.077418 0.045376 -0.198602 0.067446 0.039946 -0.339559 -0.018296 -0.379870 0.029273 -0.145297 -0.098976 0.058762 -0.191923 0.126444 0.050137 -0.191214 0.039366 0.066614 -0.046242 0.108995 0.373972 -0.064447 -0.101758 -0.050083 0.147025 0.070966 -0.012988 0.023219 -0.042107 0.108963 -0.097800 -0.138129 0.046993 -0.119121 0.036877 -0.026380 0.069797 
-0.177908 -0.103876 -0.078041 0.055205 -0.199365 0.017090 -0.044635 -0.158021 -0.160716 0.101616 -0.020318 0.141214 -0.043263 0.098700 -0.088339 -0.008860 0.255583 0.101595 0.165570 -0.054911 -0.155226 -0.164332 -0.035275 -0.086321 0.181257 -0.151797 -0.052101 0.049262 -0.270260 -0.029165 0.022468 -0.014146 -0.058518 -0.159763 0.106321 0.159715 -0.222178 -0.162657 0.192530 0.216355 -0.228938 0.159827 0.169836 0.056023 0.230955 0.025810 0.040549 0.052784 -0.326194 -0.060605 
-0.152871 -0.051279 -0.229284 -0.230105 -0.007380 -0.033156 -0.026763 -0.184184 -0.186727 -0.169729 0.073536 0.105580 0.027834 -0.171811 0.129828 0.029902 0.032232 -0.024848 -0.042117 0.105399 0.039959 0.195752 -0.046801 0.295848 -0.042135 -0.001125 -0.094250 0.101613 -0.273546 0.074912 0.188452 0.005716 0.194026 0.108148 0.042947 0.005330 0.084342 0.015470 -0.054022 0.100107 -0.070900 0.005996 -0.385326 0.178650 0.189917 -0.183295 0.119719 0.177873 0.139318 0.176820 
-0.133883 -0.049150 -0.057396 -0.138813 0.051696 -0.189429 -0.024440 0.064952 0.280161 -0.175987 0.030453 0.199852 0.226865 -0.018247 -0.249202 -0.024427 0.210325 -0.026792 -0.196719 -0.238138 0.032604 -0.033030 0.120197 -0.122744 -0.025925 0.051323 -0.038374 0.042393 0.115782 -0.149831 0.176487 0.042294 -0.274490 0.195112 -0.045952 0.104082 -0.244407 0.085037 0.132615 0.087163 -0.040212 -0.086979 -0.311989 0.019114 0.008408 0.075141 0.078332 -0.183337 0.052184 -0.167086 
-0.133661 -0.118916 0.079729 0.129198 0.272586 -0.062489 0.139741 0.085342 0.065457 -0.113002 0.015852 0.057839 -0.141947 0.054220 -0.038598 -0.083265 -0.321697 -0.063437 0.196683 0.000511 -0.042188 -0.093784 -0.191128 -0.041483 -0.050366 0.097923 -0.184088 -0.034220 -0.309872 0.155800 -0.080839 -0.203612 0.111693 -0.124789 -0.271693 -0.035908 -0.107459 0.236689 0.314575 0.116153 0.163320 -0.001613 -0.120218 -0.067419 0.016263 0.009981 0.155414 -0.092216 0.014255 -0.123284 
-0.154258 0.174145 -0.264861 0.145349 -0.073776 0.280651 0.049797 -0.199175 0.028339 -0.008431 0.134752 -0.012111 -0.003728 0.114927 -0.224251 -0.071094 -0.172735 0.072151 0.004303 -0.011863 -0.099145 0.035976 0.039251 0.051423 -0.068514 0.134973 0.044566 -0.043151 0.042177 -0.068000 -0.013598 0.025310 0.002849 -0.122225 0.280180 -0.190732 0.123898 0.098024 0.148347 0.091237 -0.053491 0.229056 -0.213168 0.170897 -0.289097 -0.062428 -0.314283 -0.090923 0.007725 -0.215250 
-0.132799 0.005503 -0.010012 0.205330 -0.017370 0.013963 -0.107008 -0.040042 0.045932 0.029140 -0.279152 -0.195849 0.232162 -0.180673 -0.013904 -0.236123 0.250084 0.196518 -0.029632 0.194161 0.087892 -0.036108 0.066397 -0.014272 0.094358 -0.028055 0.023428 0.046214 -0.166132 0.042685 -0.083835 -0.013867 -0.050192 -0.260356 -0.234337 0.064133 -0.172712 0.065363 -0.204007 -0.043887 0.012084 0.094853 -0.055222 -0.024271 -0.233363 -0.363819 0.028829 -0.072605 0.216562 -0.053026 
-0.137988 -0.008740 0.332836 0.109308 0.051409 0.232461 0.031024 -0.010203 -0.001692 -0.196876 -0.050324 0.035225 -0.089349 0.121814 -0.106406 -0.040498 0.133553 -0.030911 0.295089 0.065808 0.059866 0.361613 0.155538 -0.122680 -0.175079 0.098533 0.244307 0.279104 -0.038393 -0.115440 0.157061 0.089208 -0.041375 0.146798 0.002461 -0.147506 -0.044907 0.084264 -0.129355 0.007078 0.198252 0.170647 0.081841 0.011641 0.212784 -0.078853 0.065876 0.036884 -0.077663 -0.059270 
-0.125040 -0.045125 -0.240736 -0.159661 0.228057 -0.009296 -0.065335 0.022339 -0.133779 0.026809 -0.043991 0.060280 0.124030 -0.139739 0.149300 -0.213065 -0.133368 0.129952 0.104772 0.116146 0.055051 0.124657 0.222809 0.245262 0.068913 -0.009822 0.349609 0.003576 0.109035 0.110591 -0.295115 0.050598 -0.238407 0.016415 -0.006865 0.188407 0.026457 0.136708 0.135785 0.105019 0.155009 -0.056625 0.121436 0.080192 0.104862 0.178334 -0.033818 -0.152778 -0.171718 -0.013469 
-0.130057 0.075562 -0.035347 0.028443 -0.097818 -0.168752 0.006005 -0.094415 -0.013296 -0.038096 -0.008815 0.201716 -0.138172 -0.079663 -0.076311 0.174021 -0.135102 0.109204 -0.276697 -0.095786 0.032720 0.031906 0.222831 -0.039290 -0.199072 -0.118683 -0.066089 0.079549 0.015306 0.088807 -0.128875 -0.257062 -0.129169 -0.062407 0.094802 -0.250890 -0.205099 0.191778 -0.118956 0.206749 0.127368 -0.009581 0.180365 -0.158358 -0.083086 -0.181429 -0.040638 0.052014 -0.136624 0.367344 
-0.140537 0.140729 0.048701 -0.039507 -0.201910 0.042131 -0.221663 -0.143503 -0.067461 -0.149091 -0.287759 -0.125413 0.200651 -0.078579 -0.044259 0.218989 -0.376124 -0.193529 -0.101351 0.300230 0.118623 -0.008657 0.044477 -0.095346 -0.082179 -0.116114 -0.098692 0.117634 -0.002673 0.093592 0.069502 0.087802 -0.070835 0.160233 -0.186589 -0.038592 -0.005597 -0.139791 0.145762 0.116997 -0.131260 0.028297 0.123833 0.000375 -0.084707 0.185963 0.061704 0.065240 -0.031331 -0.217341 
-0.142315 -0.160357 -0.241696 -0.137640 0.156047 0.004684 -0.190052 0.037337 0.147069 -0.007338 0.142033 -0.170060 0.033082 0.047087 -0.063955 0.101084 0.286119 -0.032328 0.042929 0.066619 0.088827 0.195805 -0.038560 -0.101541 -0.115073 -0.110128 -0.236569 -0.244031 0.114209 0.201964 -0.063289 -0.012163 0.280485 0.037325 0.105669 -0.010472 -0.118495 -0.046294 -0.100759 0.092445 0.307494 0.161250 0.172719 0.077429 -0.168884 0.132067 0.109904 0.097989 -0.089483 -0.148463 
-0.145411 0.177586 0.155281 -0.171073 0.131969 -0.097220 0.266766 0.175052 0.030525 0.035793 0.090790 0.051744 0.153604 -0.153749 -0.044509 -0.012058 0.145766 0.285736 -0.062115 0.223200 0.053914 0.007788 -0.097011 -0.104028 0.117475 0.095168 -0.171699 0.357375 0.193876 -0.014420 -0.173995 -0.036377 0.070458 -0.162384 0.087482 -0.225808 0.232836 -0.201498 0.181497 0.117774 -0.049603 0.110335 -0.000592 -0.050272 0.051763 0.090081 0.098969 0.051892 0.037874 0.008780 
-0.149284 0.016416 -0.112416 0.089617 -0.037667 0.065312 0.080581 0.223169 0.027450 0.198981 -0.151911 0.291691 -0.030300 -0.045277 0.246934 -0.163551 -0.227676 -0.115525 -0.074701 -0.142210 -0.088229 0.194392 0.182337 -0.187994 0.054251 -0.188042 -0.328878 -0.080788 0.047675 -0.075308 -0.058043 0.070620 -0.119665 0.004089 -0.000665 -0.024229 0.068719 -0.135552 -0.057149 -0.253872 0.077155 0.228751 -0.022503 0.227149 0.123766 -0.142853 0.137837 0.008628 0.025849 -0.097814 
-0.138414 -0.109321 -0.201479 0.140053 -0.036215 0.016003 -0.036561 -0.094922 0.291690 -0.204665 0.095059 -0.336458 -0.135493 -0.237471 0.233180 -0.160308 -0.085492 -0.136411 0.001869 -0.086322 -0.173858 -0.062752 -0.108468 -0.267170 0.010494 0.196674 0.078160 0.193238 0.052180 0.027253 -0.047343 0.155285 -0.085044 0.021624 0.212457 -0.023048 0.020857 -0.107820 0.039083 0.060797 -0.060657 -0.207822 0.090298 0.032565 -0.006831 -0.137648 0.234765 -0.002171 -0.092101 0.143736 
-0.124249 -0.066754 -0.000623 0.119405 0.105158 0.029397 0.262490 0.079104 -0.179822 -0.384574 -0.058869 -0.256361 -0.160820 0.160075 0.124336 -0.038741 0.042817 -0.000467 -0.234931 -0.079457 0.352828 0.065582 -0.057740 0.104924 -0.045141 -0.174715 -0.035300 -0.077933 0.114037 0.062390 -0.160417 -0.047646 -0.033734 -0.082439 0.095981 -0.046247 -0.181531 -0.105094 -0.063462 -0.110491 -0.273587 -0.021990 -0.102303 -0.055996 0.191070 0.006245 -0.124579 -0.069159 -0.100643 -0.184969 
-0.140218 0.193202 0.059615 0.246159 0.107652 -0.241574 -0.105185 -0.095030 0.019194 0.031405 -0.038450 0.152859 -0.063871 0.089469 0.128046 -0.374813 0.101075 -0.148907 -0.135742 0.289756 -0.197883 0.053944 0.047324 0.078629 -0.181289 -0.069592 -0.081394 -0.120599 0.033032 -0.068778 0.196252 0.069218 0.101258 -0.064983 0.169469 0.074673 0.093956 -0.087929 -0.018589 0.152468 0.072782 -0.173697 -0.022430 -0.367930 0.079142 0.110308 -0.112958 -0.001839 0.008524 -0.094105 
-0.147572 -0.032070 0.066756 -0.085326 -0.067917 -0.217000 -0.056552 0.142618 0.078117 0.110442 -0.048543 -0.221667 -0.264215 -0.246002 -0.084326 -0.021391 -0.136271 0.151768 0.054318 0.041006 0.079758 -0.122124 -0.087051 -0.042996 0.125007 -0.279007 0.037446 0.059967 0.012961 -0.049596 0.239150 0.150130 -0.036582 -0.051738 0.249545 0.003735 -0.084501 0.371343 0.028400 -0.092888 0.104021 0.062056 -0.001348 0.083662 0.159965 0.124824 -0.209465 0.221478 0.193529 -0.103762 
-0.132551 0.116385 -0.002961 0.130968 0.263595 -0.152301 0.215937 -0.233195 0.037431 -0.076154 0.150302 -0.025995 0.077716 -0.088945 0.088648 0.244075 -0.055374 0.298755 0.203117 0.026210 -0.010865 0.062631 0.013718 -0.082974 0.095860 -0.138798 0.028912 -0.315010 -0.168004 -0.026153 0.145295 0.107905 -0.172585 0.274994 -0.007623 -0.053881 -0.044398 -0.286832 0.102022 -0.116325 0.034184 0.015814 0.126343 -0.075834 -0.055820 -0.084910 -0.118620 -0.100150 0.160589 0.103572 
-0.139471 0.078163 -0.014020 -0.183555 0.173096 0.072613 0.146917 0.017585 0.148457 -0.107453 -0.059007 0.088898 -0.026301 -0.006781 -0.167753 -0.137685 -0.032818 -0.037738 0.111286 0.005963 -0.146442 -0.222550 0.164499 0.304177 -0.181532 0.160666 -0.136810 0.099875 0.025153 0.031398 0.027047 0.050719 0.032450 -0.044861 -0.072781 0.049135 -0.255412 -0.180092 -0.032402 -0.292338 -0.076071 -0.175523 0.246270 0.153004 -0.089471 -0.038491 -0.161757 0.375703 -0.018105 -0.003378 
-0.142685 -0.312336 -0.115801 0.127933 -0.126026 -0.123911 0.207010 0.013688 -0.051666 0.063198 -0.231373 -0.047099 0.006847 0.130664 0.093040 0.227107 0.165866 0.064174 -0.028605 -0.021812 -0.014105 -0.175589 0.096907 0.139391 -0.179017 0.096893 -0.092150 0.059815 -0.180018 -0.195367 -0.044155 0.120098 -0.065125 -0.013562 -0.014559 -0.215733 0.270635 0.015161 -0.093494 0.124133 0.202649 -0.274055 0.128647 0.217536 0.013334 0.146088 -0.022595 -0.122964 0.130071 -0.148736 
-0.135706 0.018279 0.103260 -0.045450 0.071467 -0.278902 -0.125053 0.005744 0.010554 -0.110847 0.070381 0.021160 0.085084 0.162902 0.131582 -0.171423 -0.099757 0.002531 0.239765 -0.223762 0.116509 -0.089985 -0.027355 -0.024566 -0.089937 -0.240868 -0.052748 0.211345 0.027255 -0.267356 -0.167692 -0.011998 0.270165 0.212018 -0.039611 0.160126 0.160328 0.083698 -0.128980 0.163109 -0.233538 0.100937 0.128348 0.128645 -0.242780 -0.100765 -0.135538 -0.085215 0.013335 0.057829 
-0.151092 0.000320 0.014141 -0.189958 -0.182820 -0.158658 0.038415 -0.209119 -0.006920 0.060533 0.249711 -0.056016 -0.065392 0.037113 0.319987 -0.093019 0.012064 0.064046 0.045042 0.214369 -0.041491 0.038163 -0.021414 -0.062723 0.061519 0.186626 -0.077220 -0.002857 0.046894 -0.134250 0.178544 -0.230442 -0.102871 -0.052110 -0.251673 -0.178485 -0.125827 0.155010 -0.214175 -0.262166 -0.076546 0.040669 -0.045370 0.080018 -0.107696 0.232016 -0.027333 -0.138205 -0.270045 -0.066784 
-0.141036 0.045946 -0.163882 0.100318 -0.085287 -0.093642 -0.131532 0.253861 -0.286755 0.241304 0.208088 -0.079396 -0.076812 -0.069600 -0.090423 0.062807 -0.043267 0.135686 0.081857 -0.048903 -0.130287 -0.005291 -0.148588 0.037266 -0.546142 -0.021470 0.173361 0.110280 0.118408 0.008211 0.002957 0.076727 -0.000981 -0.014677 -0.146269 -0.006360 -0.187581 -0.187346 0.018405 -0.109784 -0.100294 0.055074 -0.073929 -0.061719 0.033247 0.019796 0.161446 -0.149663 0.151118 -0.009633 
-0.155886 0.033702 -0.094788 -0.104439 -0.226470 -0.060265 -0.051227 0.090376 -0.012915 -0.298005 -0.220852 0.107890 -0.218986 0.081847 -0.181910 -0.043931 -0.061740 0.153870 0.078467 -0.059697 -0.096942 0.037819 0.010963 0.163407 0.265036 -0.026066 0.121799 -0.000953 0.094514 0.087138 0.195622 -0.260906 0.168219 -0.011376 0.131880 0.035589 0.131504 -0.144847 -0.027965 -0.184272 0.068350 -0.036778 0.149204 -0.091386 -0.140799 0.028090 0.279889 -0.301136 0.137326 -0.034377 
-0.152577 0.208524 0.032458 -0.066023 0.126047 -0.007361 -0.127359 0.222951 0.073185 0.044557 -0.103111 0.248530 -0.223382 0.147546 0.213704 0.130483 0.177509 -0.044683 -0.064069 -0.059127 0.155138 0.053547 -0.267885 0.013653 0.004141 0.124802 0.093932 0.036994 -0.187058 0.345201 0.129718 0.288622 -0.235197 -0.071727 0.004746 -0.016099 0.094067 0.078085 -0.017147 0.025136 -0.166500 0.025314 0.066204 0.064928 -0.300615 0.010735 -0.047330 -0.022539 -0.061491 0.034643 
