-0.141006 -0.097016 0.004874 0.341756 0.055365 -0.056564 0.234799 -0.076290 0.151074 0.129535 -0.001545 -0.074899 -0.003963 -0.096524 0.087205 0.019872 -0.156610 0.150194 -0.140909 -0.101446 0.050885 0.122675 -0.338022 -0.326636 -0.089035 0.149623 0.141225 0.050459 -0.008057 -0.005333 0.012493 -0.120592 -0.080593 -0.324005 -0.111629 0.002765 0.154665 0.150300 0.236631 -0.016417 0.125257 -0.142308 0.084750 -0.177015 -0.080390 -0.035848 -0.150700 -0.041840 -0.018113 0.083621 
-0.155362 0.051337 -0.126960 -0.023693 0.036178 -0.257334 -0.007079 -0.125575 -0.034608 0.115019 -0.192598 -0.234760 -0.074456 -0.016656 0.061188 0.013997 0.053547 -0.076429 0.036294 -0.063128 0.022614 -0.015988 -0.080869 0.009689 -0.007376 -0.151979 -0.134770 0.029653 -0.398592 0.116554 -0.151977 0.196313 -0.080862 -0.181001 0.261756 -0.181656 -0.247067 0.002697 -0.065928 0.249779 -0.063884 -0.043699 0.074761 -0.072007 -0.208024 0.314272 0.000513 0.173844 0.010827 -0.036821 
-0.137612 0.154600 -0.126189 0.030619 0.098628 0.193586 -0.101585 0.178445 0.018165 -0.088740 -0.051154 -0.220688 0.185691 0.066516 -0.025868 0.042643 -0.112909 0.074799 -0.214813 -0.223064 -0.135207 0.039094 -0.180238 0.014362 -0.010118 -0.032011 0.003617 0.064471 0.065596 -0.063016 0.043773 0.380541 -0.163841 0.050787 0.295403 -0.164111 0.066459 0.080666 -0.100807 -0.324936 -0.182550 0.088452 -0.061903 -0.067047 0.051403 -0.178180 0.145139 -0.069035 -0.079001 0.191693 
-0.157105 0.070994 -0.005450 -0.030777 0.045566 0.190246 0.059447 -0.184678 -0.106349 0.365094 -0.059366 0.201208 0.002901 0.221087 -0.142517 0.066481 0.044758 0.072608 0.020883 0.095326 0.339354 -0.159879 -0.159834 0.083552 -0.077301 -0.125609 0.043493 0.107764 0.018537 0.222636 0.071962 0.152827 0.046942 0.032491 -0.149155 0.130912 0.040094 0.121715 -0.151132 0.122008 -0.288288 -0.202854 -0.106612 0.081885 -0.145357 -0.219373 -0.037706 -0.007674 -0.058614 0.118801 
-0.134046 0.150050 0.000085 -0.160654 0.123778 -0.159079 0.247312 0.069699 0.090956 -0.050721 -0.044590 0.174318 0.052399 0.104986 0.139018 0.078907 -0.148284 0.177147 -0.050408 0.054082 -0.088383 -0.216398 0.183791 -0.068215 0.269489 -0.052326 -0.119474 -0.190016 -0.149058 -0.074189 -0.101456 -0.200606 -0.000353 0.160768 0.051013 -0.044506 -0.045102 0.380114 -0.021550 -0.101785 0.003900 -0.123487 -0.057810 -0.117382 0.108659 -0.156112 -0.141776 0.310927 -0.075967 0.098623 
-0.129369 -0.069068 0.331730 0.222446 -0.044946 -0.015909 0.027067 0.074329 -0.123577 0.129280 0.104843 0.018275 -0.257357 0.054694 -0.171043 0.007806 -0.061402 -0.054062 0.045639 0.150091 -0.351738 -0.062993 0.274239 -0.009992 -0.267520 -0.002332 0.020613 -0.056477 0.063541 0.076068 0.162183 -0.025479 -0.022959 -0.138740 0.222249 -0.176199 0.180208 0.239065 -0.097622 -0.066326 -0.159929 0.031902 -0.130752 -0.041628 -0.158290 0.027155 -0.006790 0.027911 0.070914 -0.203664 
-0.152516 0.032313 -0.215228 0.057781 -0.013086 -0.042590 -0.094439 -0.266732 -0.125633 0.034806 -0.075730 0.061480 -0.074258 0.157744 -0.242097 0.027083 -0.017888 -0.032123 0.179502 -0.092873 -0.346115 0.154835 0.168680 0.156922 0.204376 0.136743 0.150444 0.196146 -0.111254 -0.230735 -0.063079 0.034575 -0.226365 -0.130456 -0.148818 0.161515 -0.054800 -0.033373 0.037627 0.048498 -0.083270 0.131640 0.091973 -0.106214 0.090626 -0.212563 -0.263705 -0.034671 -0.061341 -0.006094 
-0.123950 0.215717 0.130371 0.027560 -0.130137 -0.039329 0.038667 -0.238838 -0.096678 -0.054735 -0.048539 -0.206802 0.134252 0.139021 0.215925 0.110835 -0.089375 -0.023794 0.235991 -0.022501 -0.062693 0.045713 -0.307696 0.034729 -0.065411 0.063394 -0.265570 -0.100532 0.051045 0.007046 0.256650 -0.334651 -0.223715 0.045197 -0.148723 -0.048780 -0.096763 -0.151560 -0.154190 -0.152420 -0.059071 0.097574 -0.225129 0.142036 -0.010515 0.011786 -0.045057 0.042032 0.034174 -0.092135 
-0.151365 0.057637 0.005665 0.056521 0.115615 -0.314142 0.123323 0.054781 0.084710 -0.056956 0.263507 -0.043731 -0.136081 0.088945 0.108196 0.047302 0.220955 -0.050364 0.077082 -0.310665 0.102235 -0.071443 0.106604 0.008581 -0.094460 0.162498 0.242741 0.046930 0.171946 0.047364 -0.155855 0.126064 -0.185954 0.297790 -0.128336 -0.111549 -0.010479 -0.170834 0.180488 -0.026871 -0.201677 -0.147820 -0.114626 0.011759 -0.046772 -0.028925 0.028694 0.131523 0.233174 -0.052957 
-0.137850 0.062153 0.167633 0.058095 0.134690 -0.111089 -0.124310 0.045380 -0.231329 -0.051277 -0.109932 0.121422 0.091133 -0.133807 0.053438 -0.097494 0.034692 -0.075363 -0.010510 0.076231 0.330069 0.243187 0.117179 -0.058169 -0.185727 0.234267 -0.100452 -0.067538 -0.084956 -0.175217 -0.066516 0.112312 -0.077096 -0.102342 -0.095485 0.033405 0.292064 0.003908 -0.106918 -0.002413 -0.073360 0.227480 0.125108 0.112467 0.102304 -0.038731 0.065193 0.417726 -0.096964 0.100926 
-0.139845 -0.078696 0.194417 -0.144377 0.017655 0.126463 0.135016 0.094134 0.321269 0.280533 -0.026084 -0.215251 0.149156 -0.155249 -0.133595 -0.128593 0.132693 0.165016 0.052834 0.232154 -0.004655 0.075013 0.041164 0.206495 0.221985 0.035910 -0.162290 0.028859 0.027365 -0.027695 -0.189255 0.070249 -0.001704 -0.099372 -0.121493 -0.119730 0.073725 -0.092014 0.229963 -0.132766 -0.173610 0.174165 -0.169896 0.095605 -0.000668 0.129740 -0.195119 0.006251 0.112825 0.038767 
-0.130364 -0.135601 0.266490 -0.062551 0.106941 0.069608 -0.120272 -0.169041 0.201379 -0.315976 -0.048479 0.110190 -0.062539 0.141552 -0.212735 0.053700 -0.197166 -0.251420 -0.130197 0.025623 0.013469 -0.005284 -0.145442 -0.175789 -0.030239 0.049100 -0.078056 0.027018 -0.191516 0.091439 -0.013015 0.065306 0.232967 0.105447 -0.080134 -0.122415 -0.229088 -0.062761 0.321349 0.005816 -0.096961 0.201349 -0.039156 -0.005086 -0.091740 -0.215783 0.032350 0.072294 -0.037738 -0.105431 
-0.132573 0.069396 -0.170539 -0.130751 0.196616 0.058546 0.099649 -0.034945 0.146542 0.035789 0.098792 0.061902 -0.159863 -0.177108 -0.061656 0.078917 -0.096273 -0.151702 0.224374 -0.026615 0.167031 0.158009 -0.052362 0.212319 -0.101830 -0.178592 -0.099604 0.332683 0.222124 0.073117 0.062233 -0.125963 -0.000174 0.027426 0.147635 -0.088721 0.024438 0.160457 -0.041734 -0.011581 0.340856 0.245298 0.031440 -0.162479 -0.023920 -0.134613 0.019833 0.151536 0.221673 0.003837 
-0.129173 -0.184713 0.135903 0.086761 0.163454 -0.099249 -0.053553 0.249235 -0.274913 -0.009561 0.093660 -0.089357 0.137681 0.030133 0.041399 -0.190527 -0.128261 -0.065777 0.080949 0.119870 0.081360 -0.068592 -0.114924 0.167123 -0.143011 -0.295987 -0.214637 0.043887 0.078125 -0.308875 -0.103552 0.032572 -0.067594 -0.025176 -0.030068 0.117559 -0.238439 0.001167 0.159807 -0.046985 -0.020017 -0.281582 0.143060 -0.102402 0.082885 -0.165772 -0.091563 -0.104648 0.048478 -0.191385 
-0.130464 0.136063 0.003015 0.085775 0.199729 0.070765 0.007783 0.169741 -0.033052 -0.020074 -0.289284 -0.258440 -0.262810 0.026680 0.208285 -0.004480 -0.039281 0.041566 0.103515 0.037488 -0.001181 -0.162967 0.034550 0.100585 0.015900 0.136430 0.221429 -0.048503 -0.146631 0.036266 -0.051753 0.003498 0.319906 -0.250729 -0.113382 0.148906 -0.092042 -0.005804 -0.062969 -0.006814 0.080292 0.062312 -0.163661 0.090982 0.219117 -0.192402 0.211319 -0.085147 0.270768 -0.027576 
-0.142781 -0.139344 -0.037322 -0.094621 0.065653 -0.263258 0.141103 -0.021148 0.019904 0.015454 0.166975 0.075847 0.337208 0.168247 -0.067369 -0.031997 0.092342 0.020256 -0.046566 -0.188530 -0.125695 -0.225546 -0.059697 0.052394 -0.153578 -0.161376 0.026915 -0.115654 -0.084587 0.077535 0.113434 -0.020020 0.200440 -0.126008 -0.086683 0.288365 0.109385 -0.003051 -0.069763 -0.103624 -0.068432 0.403906 0.195284 -0.104181 0.001711 0.151200 0.066810 -0.061823 0.189627 0.077568 
-0.147541 0.141670 -0.049919 0.025035 -0.021026 -0.064886 -0.280820 0.263875 0.003020 0.001014 0.086998 -0.050458 -0.029762 0.143429 -0.326149 0.125414 -0.099117 0.083743 0.224648 0.114050 -0.022605 -0.109215 -0.094895 -0.107237 -0.078511 -0.082227 0.055629 0.052059 -0.002271 0.072426 -0.009812 -0.304147 0.025909 -0.020629 0.044432 -0.167819 0.089969 -0.171686 0.169416 0.158617 -0.060540 -0.090718 0.104567 0.050352 0.286081 0.156871 0.051410 0.062263 -0.045011 0.394146 
-0.131429 0.002143 0.068876 -0.304421 -0.234665 -0.002715 -0.054552 0.035380 0.306678 0.162967 0.106987 0.132138 -0.221470 0.152353 0.219906 -0.049864 0.034570 -0.109493 0.013705 0.102559 -0.005226 0.040202 -0.037719 -0.001564 -0.021659 0.083288 0.031373 -0.030376 -0.073022 0.036770 0.067678 0.005088 -0.146569 -0.228905 0.227797 0.147566 -0.035354 -0.181995 0.001245 -0.302192 -0.012775 -0.163788 0.384369 0.128229 0.034011 -0.167637 0.090694 0.053242 -0.017589 -0.027896 
-0.148773 0.018704 -0.142596 -0.084631 -0.154892 -0.156548 -0.225331 0.015112 -0.035823 -0.111284 -0.052815 -0.040138 -0.002075 0.062873 0.163804 -0.227002 0.093188 0.064322 -0.118105 0.265796 -0.065853 -0.050131 -0.096214 0.028959 -0.108237 0.080693 0.208584 0.037116 0.249406 0.020185 0.152170 0.144934 0.264451 0.032178 -0.159775 -0.287640 -0.141281 0.078089 -0.129019 -0.060317 0.110597 0.035904 0.091143 -0.029372 -0.102800 0.010822 -0.431596 0.103335 0.023322 0.097134 
-0.124714 -0.321043 -0.191512 0.145581 -0.156483 -0.117237 -0.065417 -0.046476 0.056588 -0.108192 -0.101942 0.021587 0.001722 -0.046720 0.084948 0.079301 0.001510 0.067877 0.262460 -0.062994 -0.092279 0.122513 -0.166707 0.028999 0.160492 0.065634 -0.107834 0.107515 0.234431 -0.039031 -0.188896 -0.068224 0.336252 0.068441 0.122104 0.077465 0.094078 0.262493 -0.019605 -0.035966 -0.300470 -0.072277 0.093153 0.273589 -0.054840 0.032190 0.192980 0.081188 -0.059606 -0.095576 
-0.139976 -0.102435 -0.010607 -0.050560 -0.034086 -0.184829 -0.198202 -0.260721 0.150508 0.205014 0.221878 -0.099263 -0.087982 -0.305648 -0.122174 -0.076664 -0.126234 0.319082 -0.137529 -0.000933 0.065734 0.138122 0.059959 -0.019729 -0.137422 0.087295 -0.029682 -0.204053 -0.034262 -0.147818 0.026355 -0.091980 0.099931 0.159554 0.062460 0.015971 -0.226659 -0.068709 -0.253278 0.100994 -0.108758 -0.004701 -0.091579 -0.173252 0.147501 -0.178159 0.157904 -0.108578 0.033474 0.045185 
-0.158518 0.070752 0.003090 -0.036007 0.064984 0.252924 0.254667 -0.201232 0.097196 -0.145561 0.120795 -0.157207 0.039079 -0.158724 0.071191 0.097966 -0.071875 -0.268263 -0.051480 0.212138 -0.138903 -0.211415 0.153394 -0.239664 -0.023135 0.012115 -0.041461 0.103206 0.230857 -0.243846 -0.011403 0.096978 -0.043224 -0.052557 -0.129750 0.048303 -0.103094 -0.002084 -0.183231 0.210332 -0.163122 -0.078847 0.218289 0.070009 0.033277 0.145621 0.104147 -0.003656 0.087845 0.200232 
-0.148313 -0.074320 0.120590 -0.194939 -0.386723 0.069412 0.164044 -0.051501 -0.161836 0.052438 -0.137666 -0.058835 0.175858 0.201730 0.112995 0.266890 -0.151352 0.028970 -0.128117 0.003081 0.066664 0.320019 0.151321 0.056116 -0.224592 -0.066979 0.201806 0.077574 -0.119576 -0.125148 -0.138144 -0.002601 0.068916 0.186750 0.074320 -0.076564 0.041224 0.105186 0.137360 0.091668 0.103055 -0.021374 0.005764 0.063555 0.114185 0.059929 0.002584 -0.127539 0.251693 0.052777 
-0.143284 -0.235817 -0.118293 -0.203111 -0.160726 0.019762 0.084910 0.379878 -0.056763 -0.101395 0.093442 0.094635 -0.022330 -0.043551 -0.191025 -0.117082 -0.265621 0.092774 -0.069034 -0.110036 -0.120686 0.011913 -0.096140 -0.013328 0.083350 0.118545 -0.059500 0.046178 -0.125354 0.007458 0.036416 0.043777 -0.189881 -0.080759 -0.260571 -0.011120 -0.011701 -0.058006 -0.237219 0.171285 0.154341 -0.084438 -0.148149 0.212691 -0.281473 -0.054066 0.125452 0.127955 0.170081 0.014343 
-0.132808 -0.240335 -0.124990 -0.129950 -0.060823 -0.108553 -0.024218 -0.071700 0.032529 -0.009480 -0.213001 0.085556 0.142197 -0.326926 0.088733 -0.059969 -0.119363 -0.307290 0.103860 0.190510 -0.119949 -0.166604 -0.109837 0.025501 -0.058246 -0.016392 0.166617 -0.033664 -0.089941 0.261729 0.011790 0.088584 -0.198912 0.130605 -0.043606 -0.021685 0.280572 -0.044333 0.004246 -0.015281 -0.043347 -0.116662 -0.188028 -0.193069 0.324503 -0.015131 0.028262 -0.055455 -0.056674 -0.100277 
-0.154910 -0.097889 -0.091515 -0.001503 0.006411 0.139675 -0.023364 0.141991 -0.125048 -0.031920 0.243268 -0.083399 0.165700 -0.082981 0.046767 0.449804 0.147872 0.076538 0.103828 0.129443 0.036141 -0.058443 0.022465 -0.261757 0.025567 0.090026 -0.012146 0.042059 -0.093304 0.046712 -0.119185 0.044386 0.171057 -0.027594 0.227853 0.141367 0.054775 -0.306649 -0.144207 -0.010021 0.089484 0.030817 -0.113115 -0.103439 -0.086469 -0.165036 -0.297623 0.085395 -0.056797 -0.208052 
-0.137546 -0.152185 -0.043842 -0.037006 0.063620 0.182708 -0.089645 -0.182406 0.023907 -0.086208 0.048099 -0.085267 -0.045643 0.025871 0.169384 -0.095740 0.284429 0.009082 -0.211765 -0.284339 -0.229431 0.051892 0.130212 0.095372 -0.144670 -0.285689 -0.244470 -0.061902 -0.004851 0.094950 -0.020820 -0.110098 0.092841 -0.151975 -0.071083 -0.116361 0.240255 -0.104230 0.068250 0.188424 0.102214 -0.189090 -0.088595 0.151635 0.125137 -0.227830 -0.073919 0.129655 -0.067012 0.107075 
-0.128786 0.080872 0.167261 -0.226217 -0.017254 -0.071800 -0.097988 -0.095935 -0.009053 -0.084825 -0.194987 0.026859 -0.195487 -0.018271 0.032139 -0.177238 -0.060076 0.332425 -0.059376 -0.138704 0.047070 -0.338472 -0.023991 -0.216188 -0.067647 0.011989 -0.114109 0.375760 0.096443 -0.136856 -0.020327 0.028694 -0.097475 0.101129 0.178780 0.195692 0.205882 -0.037100 0.055026 0.102389 0.069451 0.120188 -0.060814 0.109761 0.051220 0.130054 -0.125543 -0.141372 -0.031293 -0.169517 
-0.119969 -0.029552 0.087345 0.075567 -0.084599 0.276768 -0.293915 0.017938 -0.073110 -0.131572 -0.003144 0.007072 0.091250 -0.104339 0.168042 -0.192482 -0.002304 -0.059049 -0.068182 -0.049402 0.079298 -0.031840 0.023652 0.086024 0.182986 0.062546 0.131611 -0.117063 0.042257 0.151928 -0.006533 -0.261519 -0.172315 0.035850 0.254388 0.275973 -0.056606 0.086636 0.128041 0.166529 -0.183161 0.056788 -0.012977 -0.181943 -0.231977 0.012444 -0.103440 0.088267 0.318990 0.187614 
-0.141311 -0.071531 -0.134190 0.050647 -0.049799 0.098286 -0.028937 0.228313 0.237068 0.074595 -0.289115 -0.108636 -0.106520 0.152535 0.004667 0.064583 0.263971 -0.019979 0.102785 0.061856 -0.050505 0.039103 0.055949 -0.032553 -0.169627 0.118047 -0.243717 -0.099844 -0.062493 -0.207558 0.286578 0.048854 -0.004467 0.321801 -0.129876 0.191829 0.080127 0.029143 0.102341 0.111186 0.078468 -0.033782 0.031605 -0.327802 -0.180163 0.038892 0.113454 -0.000717 -0.075188 0.036959 
-0.141916 0.251527 -0.243553 0.055744 -0.268748 -0.150600 0.181234 0.014721 -0.132213 -0.070197 -0.026295 -0.173520 -0.183823 -0.167563 -0.070312 -0.062341 -0.174217 -0.104132 -0.157491 0.077859 0.167528 -0.069792 0.117959 0.054047 0.126002 -0.258251 -0.000967 -0.155813 0.015582 -0.055251 0.003690 -0.109552 0.112886 0.034915 -0.031208 -0.011481 0.265257 -0.217409 0.175183 -0.067806 -0.128199 0.121562 0.081970 0.013658 -0.290291 -0.193238 0.028855 -0.109105 -0.125363 -0.046249 
-0.143653 0.013247 0.225806 0.064800 -0.012420 -0.107566 -0.024746 0.134796 0.028324 0.040855 0.007531 0.218954 0.053584 -0.177564 0.330002 0.280555 -0.011613 0.202486 -0.001011 0.042844 -0.142294 -0.000961 0.010105 0.203920 0.080714 -0.167395 0.161343 0.055389 0.146693 0.024637 0.154325 0.119047 -0.101812 -0.083410 -0.065509 -0.014341 -0.185565 -0.076712 0.163554 0.286172 0.025629 0.222660 -0.012034 0.021044 -0.085441 -0.054568 0.195359 -0.009600 -0.345053 0.056161 
-0.156598 -0.058847 0.158377 0.096779 -0.054066 -0.019511 0.118485 -0.086833 -0.169509 -0.033955 0.049197 0.006640 0.068749 -0.243466 -0.138146 -0.014872 0.377108 -0.074374 0.018018 -0.004691 0.012255 -0.273533 -0.114843 0.186505 0.057948 0.247263 0.033225 0.120566 -0.286859 -0.120463 0.073669 -0.129543 0.000993 0.152475 0.142858 -0.179742 -0.039852 0.113237 0.019061 -0.108192 0.230311 -0.048465 0.128377 0.185771 -0.085834 -0.144356 0.084780 -0.187615 -0.055736 0.210522 
-0.128698 -0.061137 -0.001137 0.328153 -0.180802 0.113319 0.051256 0.025011 0.183641 -0.143115 0.108340 0.328961 -0.247631 0.066653 0.140273 -0.045713 -0.083609 -0.089010 0.068977 -0.048965 0.116997 -0.052798 -0.052206 0.156109 -0.098753 -0.122220 -0.072123 -0.043995 -0.150074 -0.183302 -0.258584 0.084217 0.030065 -0.000948 0.006618 0.023801 -0.024011 -0.112668 -0.207987 -0.138340 0.031952 0.089127 -0.255633 -0.059356 0.057967 0.233474 -0.176869 -0.136216 -0.085837 0.252784 
-0.133874 -0.257040 0.068246 -0.174746 0.197083 0.000080 -0.067086 -0.153147 -0.321437 0.117144 0.073443 0.041291 -0.206090 0.141351 0.143343 0.056350 -0.120546 -0.012056 0.169085 -0.057175 0.077739 0.027515 0.017246 -0.120761 0.386936 0.067849 -0.133300 -0.244490 0.128934 -0.027135 0.126422 0.194378 0.055329 -0.005764 0.006525 -0.200818 0.159467 -0.084259 0.077554 -0.055578 0.130421 0.004150 0.030892 -0.125155 -0.040895 0.121162 0.055209 -0.213938 0.088424 0.201887 
-0.160792 0.199096 0.147451 0.031426 -0.115530 -0.161277 -0.073364 0.228594 0.073738 0.093948 0.142785 -0.055216 -0.073185 -0.121708 -0.062826 0.058334 0.090728 -0.335930 -0.098132 -0.196206 0.047356 0.196423 -0.077313 -0.132780 0.259739 -0.074542 -0.097606 -0.043617 -0.024099 0.064917 0.229562 0.136722 0.083773 0.056049 -0.028975 0.179204 -0.012189 0.265405 -0.068616 0.173734 -0.002712 -0.001378 -0.040461 0.180455 0.266076 0.025952 -0.261354 -0.169916 0.020780 -0.058342 
-0.144350 0.050664 -0.227560 -0.078646 -0.013337 0.032699 -0.128675 -0.018650 -0.002985 -0.103951 0.280571 0.026552 0.015857 0.212729 0.093159 -0.128831 0.306228 0.018325 -0.023857 0.300747 0.107727 0.068814 -0.057722 -0.225151 0.055136 -0.100373 0.061989 -0.001381 -0.085591 -0.090946 -0.142222 -0.094538 -0.213873 -0.136610 -0.074503 -0.117029 0.028676 0.300405 0.063998 0.070692 0.008616 0.187084 -0.207230 -0.004809 0.017313 -0.010494 0.275696 -0.209293 -0.034572 -0.197412 
-0.154914 -0.140193 -0.210971 0.131346 -0.136072 0.113848 -0.196814 -0.097835 -0.046032 0.101627 -0.056486 0.005174 0.035187 -0.159653 -0.099429 0.134909 -0.019289 0.045672 -0.020013 -0.124488 0.177523 -0.185539 0.306046 -0.148783 -0.023458 -0.150572 0.014191 -0.018333 0.018871 0.000022 0.219716 0.062068 -0.097727 -0.086609 -0.126482 0.058523 -0.271691 0.101482 0.228184 -0.380344 0.132161 -0.011831 -0.100957 0.196378 0.075153 0.181360 0.046038 0.199300 0.032737 -0.053415 
-0.150482 -0.179213 0.033453 0.228437 0.145028 0.135874 -0.013935 0.014539 -0.002099 0.237522 0.131336 -0.223740 -0.042032 0.223834 0.108305 -0.142071 -0.148604 -0.062053 -0.258574 0.049642 0.007157 -0.000542 0.015459 0.082269 0.224094 -0.029308 0.164122 0.219222 -0.102197 0.090816 0.005743 -0.175608 -0.000716 0.336358 -0.061829 0.005345 0.059734 -0.101752 -0.180527 -0.021896 0.106158 0.107927 0.160959 0.041749 0.092612 0.172158 0.076158 0.177935 -0.209569 -0.180075 
-0.150171 0.099505 0.073475 0.212565 0.134391 -0.073661 -0.002525 -0.111317 0.218871 -0.143395 -0.179627 0.234258 0.235347 0.056578 -0.122906 -0.089144 0.078904 0.090168 0.033476 0.103159 0.033385 0.150478 0.027011 -0.056094 0.239709 -0.248124 0.191042 -0.006384 -0.025920 -0.220167 0.266270 0.039945 0.054905 -0.017723 0.162781 -0.086491 0.128407 -0.248489 -0.134981 0.028680 0.087548 -0.237076 -0.042620 0.066505 -0.048499 0.027049 0.080896 0.031106 0.273523 -0.150889 
-0.139392 0.280432 0.009343 0.109936 -0.076625 0.256321 -0.025579 -0.014362 -0.028706 0.257605 -0.008167 0.163208 0.109633 -0.103564 0.000337 -0.228635 -0.042076 0.050697 0.273508 -0.138246 -0.229579 -0.036284 -0.095361 -0.214659 -0.085936 -0.059644 0.016760 -0.298233 0.027672 0.077631 -0.304109 0.142378 0.042374 0.225506 -0.058755 -0.083468 -0.041848 -0.008676 0.048934 0.063513 0.209237 0.106008 0.226028 0.092051 -0.034792 -0.067075 0.036840 0.014525 0.051777 -0.159338 
-0.145315 -0.116380 -0.213848 0.001169 0.111107 0.148046 0.391547 0.043294 -0.158158 -0.132905 -0.091458 0.130540 -0.204689 0.022511 -0.165179 -0.033551 0.129683 0.138536 -0.161700 0.088691 0.028250 0.092347 -0.184322 0.095035 -0.070628 0.100825 0.023109 -0.303920 0.147728 0.063470 0.133725 -0.011234 -0.113790 0.036816 0.245704 0.021238 -0.184612 -0.090673 0.105578 0.124939 -0.086351 0.118033 0.063497 0.139438 0.284176 0.114311 -0.111754 0.051864 -0.023336 -0.135645 
-0.135367 0.190480 -0.139034 -0.194800 0.122912 0.140374 -0.111717 -0.013503 0.076822 0.098441 0.154753 0.087931 0.174304 0.009275 0.014565 0.014887 -0.189634 -0.163439 -0.038550 -0.192118 0.055253 -0.117044 -0.018084 0.300089 -0.094360 0.309350 0.099182 -0.120058 0.010096 -0.275553 0.081473 -0.080896 0.209410 -0.159353 0.074420 -0.079382 0.097794 0.050195 0.138697 0.117451 -0.002348 -0.161844 -0.125318 0.003178 -0.079727 0.240541 -0.014302 -0.011441 -0.196929 -0.254466 
-0.136262 -0.077931 -0.010429 -0.013374 0.161219 -0.230121 -0.034650 0.048259 0.059191 0.195712 -0.297772 0.025131 0.134179 0.139173 -0.117900 0.008373 0.034402 -0.290736 -0.172385 0.009277 -0.019551 0.024010 0.118141 -0.119620 -0.049082 0.065290 0.012587 -0.107452 0.356917 0.026711 -0.284520 -0.197510 -0.084215 -0.044374 0.154374 0.100210 -0.147711 -0.087767 -0.110218 -0.024979 0.216530 0.036074 -0.194509 0.159767 -0.166984 -0.058918 0.009052 -0.168226 -0.144905 0.146481 
-0.137548 -0.047631 0.023845 0.063844 0.133485 -0.000559 -0.049890 -0.046719 0.235568 -0.341985 0.028299 -0.200303 0.103806 0.072189 -0.053094 0.049456 -0.161569 0.183586 0.204512 0.022166 0.207770 0.026543 0.272244 0.169021 -0.085885 0.062890 -0.006989 -0.185530 -0.037649 0.309256 -0.013609 0.087680 -0.183733 0.008304 -0.043974 0.015742 0.073130 0.148074 -0.106850 0.054122 0.116436 -0.058269 0.245731 0.160825 -0.073570 -0.002737 -0.141859 -0.294982 -0.141396 -0.065287 
-0.113701 0.172605 0.008790 -0.165544 0.291785 -0.022601 -0.007722 -0.084585 -0.143365 -0.108584 0.132889 -0.011006 -0.118093 -0.156105 -0.006651 -0.041033 -0.003277 0.064238 0.005868 0.182464 -0.262298 0.321998 -0.076276 -0.002083 -0.119678 -0.101797 0.115462 0.029414 -0.138402 0.090902 -0.019001 0.033757 0.089612 0.165120 -0.036515 0.368370 0.006855 0.026043 0.125201 -0.249502 0.059461 -0.191124 -0.137423 0.131116 -0.201609 0.237649 0.021374 -0.001744 -0.105066 0.165700 
-0.146872 -0.070353 0.221085 -0.278862 -0.003946 0.180612 0.077981 0.124614 -0.054368 -0.121432 -0.183155 -0.047222 -0.081086 -0.125390 -0.111879 -0.039383 0.190098 0.000870 0.154922 -0.306592 0.112733 0.117490 0.004722 -0.127390 0.026264 -0.195550 0.289051 -0.015663 0.040776 -0.045248 -0.046013 -0.238086 0.039624 -0.088808 -0.157802 -0.124813 -0.104632 0.017075 -0.240735 -0.149797 -0.162757 -0.039526 0.083933 -0.249034 -0.033503 0.097332 -0.011281 -0.035128 -0.247778 -0.092601 
-0.146678 0.170459 -0.044331 0.060108 0.093873 0.011919 -0.191673 0.063525 -0.067083 -0.011788 -0.130885 0.282365 -0.059025 -0.121855 0.009806 0.307283 0.072380 0.071795 -0.362735 0.041012 -0.075373 0.024726 -0.008400 0.116313 0.030678 0.100584 -0.269618 0.086772 0.014810 0.167198 -0.173594 -0.137889 -0.035376 -0.004781 -0.237543 -0.119557 0.023979 -0.042588 -0.085389 -0.146642 -0.091836 -0.093080 0.233692 -0.127813 0.003871 0.147266 0.042277 -0.211387 0.238137 -0.177528 
-0.145216 0.097957 -0.110367 0.068526 -0.046617 0.008338 0.221920 0.094437 -0.101220 -0.002868 0.029946 0.157245 0.204401 0.026065 0.133703 -0.354127 -0.049450 0.012462 0.104324 -0.053539 0.019194 0.166917 0.322669 -0.147672 -0.014549 0.202764 -0.216357 0.320847 -0.046901 0.280803 0.162046 -0.046586 0.181921 -0.050394 0.078222 -0.071324 -0.190007 -0.131945 0.072070 -0.011212 -0.117692 -0.055166 -0.069489 -0.119339 0.075041 -0.003591 0.077804 -0.174464 -0.109763 0.059429 
-0.155853 0.146844 0.206575 0.046719 -0.320649 -0.040137 0.060227 -0.150575 -0.072028 -0.169835 0.075274 -0.120185 0.028869 0.117904 -0.243771 -0.036721 0.079617 0.046107 -0.072229 0.035861 0.022106 -0.031201 -0.064849 0.162947 0.153381 0.103473 -0.084191 -0.021297 0.246506 0.163724 -0.158129 0.183602 0.062869 -0.135941 -0.012734 0.184613 0.001814 0.011279 0.004976 -0.011245 0.285906 -0.163571 -0.076075 -0.322699 0.122744 0.078774 0.242770 0.214724 -0.099531 -0.045460 
