-0.129458 -0.253100 0.049064 -0.193575 -0.031612 0.137220 -0.027213 -0.066739 -0.132304 0.158429 0.258512 0.023117 0.088929 0.184150 0.081689 -0.050899 0.018513 0.235075 -0.088846 0.154572 0.190419 0.345430 -0.092251 -0.241666 -0.096134 0.051484 0.024520 0.169096 -0.276101 0.037256 0.051567 0.138751 0.314294 0.099914 0.133459 -0.173035 0.071009 -0.013666 -0.024378 0.030582 -0.009395 0.069202 0.103477 0.075876 -0.084888 0.161686 -0.073759 0.039904 0.061261 -0.118224 
-0.130278 0.112045 0.178977 -0.279098 0.109184 -0.268655 -0.145800 0.003672 0.063870 0.075647 0.087480 0.107221 0.093882 -0.028389 -0.123134 -0.022885 0.169038 0.175910 -0.215207 0.038570 0.116522 -0.091700 -0.043037 0.078636 -0.089900 -0.069791 0.135483 -0.197182 -0.099942 0.121545 -0.063899 -0.020189 -0.035281 -0.230037 -0.034806 -0.051670 -0.045662 0.150744 0.073487 -0.192671 0.070125 0.010355 0.065004 -0.002184 -0.021879 0.079163 0.315971 -0.221539 -0.415122 0.038979 
-0.140802 -0.026124 -0.222261 0.147181 0.189695 -0.065118 -0.040336 0.072514 0.172492 -0.005899 -0.181168 -0.136177 0.084709 0.008601 -0.187037 0.079930 0.019949 0.019208 -0.171539 0.026445 0.025410 0.246620 0.025779 -0.037719 0.102648 -0.106713 0.104884 0.121169 -0.077156 -0.015004 -0.067461 0.030618 -0.205858 0.262832 -0.090119 0.046485 -0.062493 -0.054585 -0.050999 -0.205651 -0.103034 -0.020783 -0.358802 0.105818 -0.191354 0.042787 -0.055885 0.093181 -0.221535 -0.392418 
-0.154076 -0.115749 0.098481 0.006049 -0.028992 0.070023 -0.096432 0.138027 -0.189540 -0.063502 0.066935 0.047820 -0.090394 -0.053055 0.027763 0.158487 0.047933 -0.051799 -0.109847 0.226314 0.129577 0.110908 0.072634 -0.191641 0.308262 -0.244451 -0.178843 0.118588 0.241667 -0.042653 0.034206 0.173737 -0.081990 -0.233681 0.163572 0.232689 -0.226313 0.016007 0.020677 0.062421 0.090295 0.003641 -0.000116 -0.114871 -0.200367 -0.319062 0.046664 -0.198145 0.011938 -0.027427 
-0.141440 -0.324188 0.006841 0.136514 -0.057028 -0.001722 0.168534 -0.137115 0.187089 0.092958 -0.162121 -0.052174 0.081601 0.170134 0.051515 -0.020789 0.169820 0.110177 0.215184 0.053533 -0.273395 -0.024487 0.046884 0.052822 0.156382 -0.020786 -0.179310 -0.283668 0.048509 0.281129 -0.137241 0.138560 0.208968 -0.182697 -0.143461 0.193756 0.086871 0.084701 0.116112 0.128252 -0.024207 0.130568 0.032235 0.181639 -0.092402 0.016533 -0.009991 0.013888 -0.103412 -0.125396 
-0.138362 -0.105830 0.048359 0.053006 0.099858 0.129188 -0.119787 -0.032085 0.150179 0.284001 -0.005629 -0.110564 0.054400 0.157802 -0.042011 -0.097969 -0.138763 -0.244076 -0.014176 0.022027 0.018802 -0.234410 0.019768 -0.231010 -0.232796 -0.212207 -0.087508 0.055841 0.059593 -0.157421 -0.097435 -0.058117 -0.217103 -0.066357 0.084078 0.176559 0.234224 -0.183295 -0.036850 -0.179448 -0.017861 0.215913 0.339655 -0.113997 0.077144 0.083721 0.066463 0.058466 -0.017031 -0.140778 
-0.141222 0.119082 -0.078671 -0.192890 0.061363 -0.033526 -0.120014 -0.102389 0.088226 -0.128965 -0.140757 0.020994 -0.171754 0.325715 0.161354 -0.180988 -0.162126 -0.239437 0.071567 0.117657 0.017237 -0.065639 0.081815 -0.024234 -0.046143 0.012751 -0.071237 0.335896 0.183390 0.196137 -0.002038 0.053707 0.090992 0.069759 -0.111246 -0.146856 0.150359 0.010575 -0.017871 0.025022 0.322602 0.067744 -0.250066 0.156199 -0.098868 0.024659 0.069249 -0.147780 -0.105659 0.171687 
-0.169240 0.071632 -0.098550 -0.149901 -0.056005 -0.108249 0.214996 -0.102928 0.217728 -0.244917 -0.016849 0.101657 -0.140567 -0.117650 0.235366 0.073775 -0.025881 0.226817 -0.059674 -0.131700 0.165098 0.070271 0.199074 0.062154 -0.232446 -0.251962 -0.004707 0.225168 0.033412 0.103037 -0.114292 -0.029762 -0.005273 -0.080051 -0.104463 0.160686 -0.177575 -0.128776 0.104256 -0.091991 -0.228773 0.101825 0.163711 0.152396 0.167499 0.019687 -0.129389 -0.088339 0.171173 -0.040718 
-0.139785 -0.182346 -0.044685 0.216730 -0.243012 -0.170217 -0.034040 -0.078818 -0.045718 0.093203 0.139240 0.154360 0.115906 -0.255497 -0.094162 -0.047531 -0.109722 0.069469 0.048974 0.015378 0.084840 -0.042261 -0.205609 0.090292 -0.066000 0.021687 -0.047444 0.143781 0.168051 -0.142805 -0.299475 0.141585 -0.163177 -0.001133 0.048109 0.037432 -0.061053 0.200681 -0.000411 -0.145978 0.248872 0.055407 -0.056795 0.231680 -0.074469 0.206187 -0.175167 0.158580 -0.006300 0.269242 
-0.154633 0.154824 -0.066851 0.095050 0.093408 0.100637 0.371492 0.116862 0.265680 0.031436 -0.039860 0.072134 -0.159107 -0.063808 -0.029743 -0.002876 -0.079610 -0.138133 -0.217900 0.236611 0.082377 -0.002065 0.106605 0.202463 -0.039074 0.128415 0.038263 -0.166781 -0.179867 -0.209032 0.186315 0.174602 -0.010531 -0.138077 0.065325 -0.051935 -0.024389 0.149813 0.061254 0.100001 0.272049 0.163241 0.057237 -0.052224 -0.159832 0.202627 -0.016159 -0.042425 0.187644 -0.097012 
-0.134720 0.205478 -0.293337 0.134217 0.074155 0.151951 0.034514 0.032938 0.064446 0.037635 0.265872 -0.175684 0.163510 -0.041306 0.033071 0.222242 -0.158424 0.083037 0.290317 -0.023033 -0.057909 -0.013591 -0.036580 -0.059472 0.094502 -0.005589 0.056821 0.167628 -0.113604 0.185208 -0.133853 0.156582 -0.132606 -0.294893 -0.068666 -0.176758 0.020087 0.010520 -0.123550 0.061157 -0.172693 -0.061407 -0.021707 -0.136961 -0.093654 0.140369 0.305870 -0.074864 0.083574 0.126626 
-0.138200 -0.109583 -0.060654 0.038266 0.055877 -0.075844 0.036811 0.044846 0.175787 -0.124882 0.326537 -0.320520 -0.089176 0.205671 -0.301081 -0.125685 0.075669 0.196393 0.052870 -0.056709 -0.114223 0.045571 -0.080365 -0.065413 -0.129009 0.054742 0.062803 -0.073368 0.265010 -0.233532 0.356165 -0.052134 -0.051992 -0.030424 0.001720 0.041002 -0.110169 -0.046095 -0.146586 0.084256 -0.014745 0.042797 -0.041888 0.240613 0.099382 -0.053285 -0.002814 -0.191747 0.025271 0.139605 
-0.167863 -0.014347 0.102140 0.052141 0.011703 -0.016263 0.243008 -0.087145 -0.039556 0.061634 0.155541 -0.014139 0.214151 0.051003 0.140768 -0.058752 0.299210 -0.016249 0.025356 0.055478 -0.001373 -0.042777 0.191137 0.239633 0.003246 -0.287039 -0.215607 0.207290 -0.168178 -0.163579 0.206132 -0.019036 0.025152 0.096476 -0.098096 0.101779 0.095458 0.114346 -0.211849 -0.076729 0.092730 -0.186445 -0.170194 -0.137007 0.195456 -0.075423 0.157547 0.227982 -0.053313 0.115639 
-0.140368 -0.080133 -0.035353 0.308482 0.084968 -0.066308 -0.258385 0.038420 0.117166 0.237994 -0.109951 -0.061008 0.033925 -0.107674 0.039963 -0.140486 0.079040 -0.023924 -0.114137 0.103968 0.035673 0.017128 0.125475 0.064636 0.008657 0.092476 0.062208 0.107949 0.012248 0.332272 0.154475 0.130605 -0.094576 0.097652 -0.098169 -0.231212 -0.136027 0.117823 -0.035523 0.032410 0.058179 -0.254014 0.339325 0.026711 0.268959 -0.166085 -0.142124 -0.136089 0.104376 0.002708 
-0.148746 0.013905 0.315702 0.171731 -0.001344 -0.207081 0.135610 -0.104366 -0.006820 0.065571 -0.013885 0.171936 -0.069979 -0.093120 0.042372 -0.004695 0.217154 -0.142721 0.240942 0.107889 -0.106372 0.133283 -0.085690 -0.172175 -0.117428 0.023334 0.206820 0.062252 0.062755 0.057995 0.158729 -0.029893 -0.084128 -0.045490 -0.104602 -0.035207 -0.095406 -0.441231 0.101823 0.054629 -0.003296 -0.108566 -0.082830 -0.237360 -0.151057 0.267431 -0.108054 -0.055185 -0.059978 0.055584 
-0.135638 0.192359 0.066904 -0.274778 -0.060653 0.068425 0.311553 -0.068312 -0.108863 0.234069 0.017573 -0.281567 -0.181911 -0.195812 0.006970 -0.096537 0.144549 -0.079629 -0.073981 -0.049649 -0.154286 0.059750 0.074042 -0.109492 0.251325 0.014597 0.195471 0.049679 0.098555 0.237970 -0.049462 -0.104715 -0.193939 -0.013765 0.330671 -0.009401 0.110584 0.065120 -0.068949 -0.019098 0.015864 0.007936 0.040205 0.219816 0.051986 0.019533 -0.092060 0.167669 -0.054607 0.044103 
-0.136414 -0.101008 -0.028916 -0.023335 -0.210310 0.216674 -0.155322 0.071974 0.108475 -0.106789 -0.003485 0.149743 0.175360 0.149393 -0.028939 0.271140 0.340439 -0.067119 -0.108654 -0.270084 0.116174 0.047617 0.136516 0.154868 -0.056066 0.180670 -0.024096 0.054056 0.194532 0.066155 0.067750 -0.039511 -0.208330 -0.149786 0.173870 -0.243751 0.132440 -0.030072 0.074576 0.148010 -0.002160 0.216207 -0.117235 -0.124181 0.117212 0.063586 -0.118615 0.086988 -0.083781 -0.036744 
-0.132020 0.107981 -0.145660 -0.001721 -0.232148 -0.105894 0.109970 0.214867 -0.154131 -0.110471 -0.265048 0.119592 0.103555 0.209593 -0.123115 -0.170826 0.073944 -0.098915 0.015022 -0.055354 -0.136965 0.249334 0.020865 -0.058933 -0.223319 -0.267876 -0.050474 -0.227520 -0.052626 -0.028113 -0.161475 0.103098 -0.090801 0.061239 0.121745 -0.248835 -0.120179 -0.090884 -0.162278 0.079791 -0.001051 -0.071685 0.200871 0.084177 -0.117349 -0.107582 0.187250 0.092137 0.072663 0.127852 
-0.147954 0.157110 0.074718 -0.027671 0.120978 0.084967 -0.042208 -0.160668 -0.156157 0.105719 -0.072367 -0.103062 -0.190581 0.235957 -0.190742 0.079996 -0.139331 0.028472 -0.120593 -0.277492 0.056316 0.329262 -0.235847 0.171871 0.141094 -0.105695 -0.035275 0.015721 0.061297 -0.063451 -0.070596 0.057828 -0.011775 -0.094478 -0.326699 0.113379 -0.034856 0.023779 0.178803 0.179047 0.155266 -0.103839 0.151181 -0.148157 0.171377 0.111783 -0.041851 0.182659 -0.025368 0.049482 
-0.132928 0.111077 0.116423 0.181522 -0.012304 -0.159557 0.173874 0.227185 -0.017809 0.079292 0.219061 -0.136623 0.193351 0.087041 0.275262 0.011335 -0.107332 -0.091356 -0.097770 -0.132068 -0.007048 -0.080412 -0.053343 0.102531 0.047291 0.020631 0.181186 0.091316 -0.014214 -0.141118 -0.197807 0.015126 0.097731 0.269565 0.000046 -0.034399 0.011667 -0.053778 0.234609 0.302401 -0.069491 0.199218 0.087409 0.014525 -0.058027 -0.258232 -0.058088 -0.138350 -0.270697 0.027331 
-0.149687 0.000543 -0.055687 0.093538 -0.292555 0.009308 0.141969 -0.042201 0.011802 0.237399 -0.123052 0.161058 -0.110573 0.129392 0.033495 -0.042746 -0.115046 0.121675 -0.194404 -0.216952 0.184279 -0.047027 -0.080700 -0.101297 0.191310 0.155090 -0.085664 -0.118032 -0.184067 0.015295 0.167495 0.013964 -0.127211 -0.002726 -0.139631 0.075214 0.252873 -0.138955 -0.124489 -0.223953 -0.176163 -0.028457 -0.119571 -0.022818 -0.110412 -0.176320 -0.059690 -0.251878 0.021298 0.266183 
-0.145545 0.057743 0.090146 -0.078606 0.287221 -0.182868 0.111815 -0.011940 -0.062144 0.044874 0.139941 -0.017937 0.144639 0.162417 -0.020398 0.291018 -0.114607 -0.142456 -0.024034 0.086900 0.167400 -0.043934 0.225680 -0.121629 0.072822 0.204250 -0.325733 -0.276196 0.126146 0.079291 -0.109787 -0.188426 0.035334 0.088491 -0.096893 -0.153088 -0.231732 -0.035127 -0.133408 -0.129742 -0.083275 -0.000412 0.035897 0.051121 -0.037675 0.055453 -0.200203 0.156587 0.066362 0.149012 
-0.125635 0.144244 0.317652 0.007281 0.100945 0.067301 -0.007015 -0.087231 0.067555 -0.132441 -0.008553 -0.133631 0.110938 -0.105344 0.038012 0.003308 -0.070127 0.204240 -0.126407 -0.057032 -0.315636 0.077326 -0.106264 -0.158295 -0.332944 -0.023234 -0.167518 -0.043804 -0.017002 0.056070 -0.106021 -0.005491 -0.111445 -0.052112 -0.022660 -0.128311 0.198732 0.240882 0.044329 -0.060723 0.095660 -0.031309 -0.177099 -0.198371 -0.144419 -0.266102 -0.242735 -0.073175 0.191782 -0.049331 
-0.136591 0.312197 -0.102990 0.162125 0.091161 0.044242 -0.161935 -0.253525 -0.116078 0.045770 0.128172 0.224710 -0.105114 -0.156190 -0.200086 0.078973 0.089264 0.236838 0.032616 0.096511 -0.054790 -0.065349 0.104246 0.076839 0.059532 -0.080676 -0.033399 -0.137943 -0.013385 0.021579 -0.138871 0.027390 0.139806 0.184121 0.075647 -0.005010 0.162495 -0.334671 -0.234988 0.140387 0.205743 0.254814 -0.019295 0.040921 0.126351 -0.131175 -0.029906 -0.082879 0.010183 -0.098874 
-0.157038 0.048852 -0.217660 -0.075451 0.064132 0.140032 0.026077 0.198302 -0.058838 -0.010537 -0.025791 -0.044855 -0.104136 -0.240080 0.111794 0.129743 0.220385 -0.177852 -0.015867 -0.024936 0.049724 -0.052061 -0.349398 -0.050011 -0.305537 0.239913 -0.274426 0.035946 -0.094008 -0.004416 -0.025879 -0.050711 0.114613 -0.119364 -0.110044 0.166465 0.026125 -0.111916 -0.162066 0.108913 0.072589 -0.225296 0.076617 0.189082 -0.017795 -0.092360 -0.067218 0.002048 -0.254836 -0.084535 
-0.132229 -0.064513 0.124595 -0.063146 0.210911 -0.146007 -0.145407 0.248544 -0.154650 -0.137373 0.140027 0.227987 0.029993 -0.048264 0.184521 -0.101745 -0.140832 -0.108376 0.252585 -0.159157 -0.101861 0.214258 0.067417 0.002004 0.159556 0.074831 -0.050428 -0.120371 -0.253110 -0.039018 0.097293 0.036681 -0.318059 -0.085407 -0.030296 0.095011 0.193237 0.006447 0.041134 -0.014253 0.081147 0.073282 -0.037801 0.283914 0.221379 0.041249 0.006556 -0.061868 0.106508 -0.156520 
-0.159805 -0.116163 0.139821 0.138807 -0.146898 0.112421 -0.008231 -0.150390 0.104932 -0.204516 -0.037325 -0.039883 0.066317 -0.046273 0.134333 -0.136291 -0.094591 -0.031550 -0.251789 -0.066901 -0.004655 0.060847 0.177491 -0.218648 0.114182 0.221392 0.114318 -0.075275 0.017583 -0.170631 -0.338529 -0.199492 0.092715 -0.061110 0.004196 0.061424 -0.080286 -0.033965 -0.226958 0.148937 0.114414 -0.260162 -0.084626 -0.026587 0.200611 0.172155 0.244770 -0.125975 0.010870 -0.094708 
-0.130152 0.091370 -0.153981 0.175273 0.136539 -0.093800 0.063291 -0.245272 -0.285066 -0.144625 0.137217 0.122384 0.072272 0.091828 0.071375 -0.087707 0.228196 -0.214591 -0.184639 -0.114728 0.054153 -0.150228 -0.183725 -0.055303 0.006127 0.058415 0.189599 -0.042896 0.253421 0.010538 0.061599 0.093875 0.129757 -0.058578 -0.046237 -0.023717 0.132659 0.120102 0.141596 -0.202342 -0.140198 -0.046150 0.024266 0.111097 -0.093859 -0.053731 0.165737 0.060368 0.301772 -0.236226 
-0.135181 0.016823 0.163552 -0.183552 -0.075271 0.109238 0.043458 -0.121152 -0.094051 -0.118548 -0.169815 -0.081441 0.264763 -0.306963 -0.177384 -0.172311 -0.031010 -0.155709 0.009199 0.022293 0.119799 -0.052072 -0.191076 0.009717 0.083250 -0.013644 -0.196313 0.027607 0.044233 0.072236 0.151744 0.088083 -0.067543 0.243588 -0.205196 -0.022508 -0.091000 0.100377 -0.125864 0.217301 -0.249252 0.322865 0.012639 -0.023982 0.041736 0.170784 0.102610 -0.195689 0.050590 -0.042790 
-0.153486 -0.218261 0.034940 0.050030 0.337921 0.038503 -0.063547 0.117042 0.073142 0.299155 -0.119950 0.156677 -0.123238 -0.190999 0.046213 -0.124916 -0.107566 0.034545 -0.103918 -0.089234 -0.021732 0.102326 -0.100906 0.159790 -0.091641 -0.044119 -0.037179 0.028771 0.113012 0.035999 -0.009020 -0.256088 0.167459 -0.088358 0.160416 -0.086563 -0.067814 -0.066567 0.037915 0.134333 -0.205885 0.123917 -0.273270 0.033617 -0.027901 -0.109209 0.294816 0.157679 0.167738 0.185086 
-0.144557 -0.063362 -0.119635 0.003420 -0.165728 -0.185820 -0.040812 0.125791 -0.105410 -0.021876 0.091020 -0.153838 -0.007012 -0.086750 -0.328438 -0.068269 0.054928 -0.028289 -0.028931 -0.227624 -0.127519 -0.105323 0.184527 0.001576 0.062906 0.094946 -0.234248 0.221697 -0.236586 0.137837 0.014431 -0.310106 0.148647 0.053031 0.009658 0.056298 -0.050114 -0.091196 0.313067 -0.066704 0.222894 0.020436 0.070471 -0.114384 -0.184905 0.070118 0.106117 -0.078019 0.200497 -0.071814 
-0.121805 -0.033510 0.183418 -0.057799 0.045252 0.075171 -0.229410 0.017967 -0.018549 -0.205904 -0.099944 -0.174932 0.038396 -0.135168 0.011872 0.043140 -0.029163 -0.029558 -0.179536 0.019395 -0.268337 -0.034336 0.125459 0.282634 0.164255 0.035857 0.009027 0.087278 -0.024127 -0.227583 0.037931 0.245560 0.200746 -0.131999 -0.018007 -0.128659 0.137796 -0.297816 -0.044826 -0.223822 -0.190123 -0.061028 0.182720 0.159716 -0.188083 0.087743 -0.082333 0.077428 -0.037659 0.194141 
-0.154278 -0.282428 -0.025954 -0.141459 0.179598 0.034304 0.051489 -0.097236 -0.065511 -0.038926 -0.146041 -0.075082 -0.231390 -0.017856 -0.077573 0.080172 0.238112 0.069003 0.265494 0.065801 0.218793 -0.172977 0.030374 0.043552 0.081916 -0.072843 0.100170 -0.009788 -0.105721 -0.310351 -0.265554 -0.126385 -0.173455 0.107913 -0.080015 -0.283200 0.180458 0.101068 0.110451 0.122941 -0.048156 -0.158327 0.065566 0.005514 -0.103724 -0.079616 -0.047641 -0.189188 0.107811 0.034435 
-0.131860 0.085697 0.081003 -0.038997 -0.214556 0.038413 0.026702 0.258451 0.263568 0.008589 0.227453 0.244470 -0.220821 -0.068398 -0.158641 -0.112674 -0.057764 -0.132954 0.184098 0.015540 -0.058772 0.102768 -0.082808 0.012465 0.187862 -0.088310 -0.040700 0.034834 0.194569 -0.057505 -0.082254 -0.125192 0.278837 0.004285 -0.148748 -0.232411 0.106464 0.187762 -0.119020 -0.207930 -0.162556 -0.051144 0.077881 -0.142105 0.068224 -0.057947 -0.088122 0.026567 -0.090937 -0.236921 
-0.130886 0.116957 -0.136742 -0.112162 0.079343 0.000912 -0.168577 0.287321 0.017264 -0.033749 -0.061385 -0.170735 0.042061 -0.093092 0.170615 -0.360143 0.208507 0.209441 0.149878 -0.053488 0.232459 0.030407 0.136925 -0.095708 0.032751 0.160105 0.132427 -0.168262 0.153281 -0.029053 -0.085714 0.141009 0.080756 0.056915 -0.137850 0.220574 0.044762 -0.009579 -0.026870 -0.066229 0.069922 0.130731 -0.020616 -0.319990 -0.095078 0.027498 -0.074460 0.215678 0.090811 0.133633 
-0.136840 0.078888 0.108008 -0.151248 -0.196570 0.187273 -0.167772 -0.017928 0.120935 0.256859 -0.005556 -0.015901 -0.055203 -0.086040 0.007061 0.291694 0.064955 -0.146183 0.118300 -0.145396 -0.096797 -0.099343 0.122974 -0.236893 -0.105661 -0.025148 0.147391 -0.127008 -0.085684 -0.156192 0.048794 0.259660 0.118696 0.177872 -0.174463 -0.004158 -0.254271 0.047771 0.210232 -0.102277 0.076845 0.013183 -0.191339 0.199806 0.108444 -0.114534 0.170247 0.066668 0.139479 0.036251 
-0.133177 0.140449 -0.070549 0.168324 -0.081822 -0.083126 -0.289570 0.004545 0.069071 -0.188495 0.026383 -0.000326 -0.114000 0.055431 -0.018390 -0.010222 0.104308 -0.122249 -0.152504 0.226919 -0.013017 -0.115186 -0.071624 -0.253931 0.087872 -0.224499 0.063871 -0.054586 -0.327167 0.022131 0.049237 -0.212466 0.047123 -0.111330 -0.018877 0.077541 0.049262 0.201983 0.088853 0.240291 -0.233079 0.096504 -0.078445 0.068568 0.062193 0.102913 -0.207007 0.212495 -0.005060 0.252029 
-0.135710 -0.109153 0.094786 0.197449 -0.193985 0.261178 -0.006075 0.008324 -0.169526 -0.211555 0.077979 -0.155542 -0.107103 -0.120886 0.103904 0.100240 -0.227201 0.079196 0.065420 0.159130 0.192035 0.065431 0.065945 0.115124 -0.143648 -0.080156 0.137919 -0.222044 0.072333 0.213057 0.204503 -0.278775 -0.093423 0.113492 -0.174637 -0.057725 0.109542 -0.025161 0.090151 -0.113899 0.120275 0.039872 0.099237 0.092872 -0.147221 -0.076437 0.204075 0.196993 -0.146044 -0.015782 
-0.152875 -0.094621 -0.201633 -0.281146 -0.127628 -0.126669 -0.142402 0.060489 -0.060588 0.151275 0.049460 0.108624 0.046048 0.049948 0.122644 0.274547 -0.059053 -0.014630 -0.128487 0.209709 -0.338974 0.065402 -0.003374 0.202137 -0.078465 0.022867 0.186375 -0.054246 0.166210 0.003912 0.024748 -0.147365 -0.074216 0.232817 -0.091004 0.277800 0.139310 0.121204 -0.145201 0.117037 -0.065524 -0.096837 0.067135 -0.148455 -0.099588 0.141661 0.001115 -0.133605 0.187220 0.012448 
-0.147759 0.167835 -0.087409 0.148131 0.093696 0.162783 0.051895 -0.024995 -0.075349 -0.040152 -0.226679 0.004078 0.183462 -0.002833 -0.108665 0.086380 -0.005393 -0.053027 0.216663 0.140129 0.021189 0.291950 0.042463 -0.007024 -0.064174 0.099940 -0.007276 -0.000562 0.055499 -0.093750 0.016975 -0.110954 0.208575 0.084682 0.304516 0.181850 0.109500 0.156514 0.284123 -0.260876 -0.095994 -0.040922 0.028639 -0.015236 0.228041 0.052029 -0.011779 -0.288629 -0.118122 0.220948 
-0.120779 -0.184961 -0.207711 -0.008045 -0.007512 -0.044505 0.015263 -0.001688 -0.224709 0.015375 -0.127315 -0.194456 0.017782 -0.029156 0.229210 0.057299 -0.071567 -0.081169 0.025805 -0.131440 -0.093633 -0.084407 -0.169940 0.045614 0.055405 -0.252047 0.153625 -0.144999 -0.082652 -0.029109 0.081248 -0.108301 0.181039 -0.175179 0.027885 -0.212994 -0.222093 -0.008243 -0.183848 -0.225246 0.207906 0.230121 -0.127030 -0.188401 0.189841 0.066890 -0.245228 -0.181540 -0.037283 -0.062445 
-0.145522 -0.088569 -0.208122 -0.137145 0.142454 0.382447 0.005093 -0.125116 0.083003 -0.120695 0.254176 0.237950 0.028741 0.007350 0.053349 -0.275501 -0.082545 -0.002962 -0.052260 -0.093214 -0.170512 -0.173610 -0.049558 0.031960 0.082118 -0.106173 -0.078851 -0.186967 -0.033600 0.084819 0.030989 0.059505 -0.138078 0.223013 0.143998 0.002376 -0.236336 -0.090148 0.240254 -0.012985 -0.019425 -0.243852 0.000216 -0.121277 -0.069772 0.061143 -0.139212 -0.008184 -0.173189 0.085709 
-0.130013 0.166036 0.121573 0.136932 -0.018569 0.190693 -0.056497 0.040380 -0.332839 0.106089 -0.122030 0.126345 -0.182910 0.237699 0.069776 -0.118884 0.033084 0.247393 0.099589 0.021600 -0.193360 -0.185032 0.139593 0.070878 -0.096506 0.233620 -0.014393 0.208085 -0.043054 -0.127013 0.002587 -0.105782 -0.112997 -0.059043 -0.041075 0.026628 -0.339917 0.215659 -0.111890 -0.049141 -0.187860 0.136223 0.035362 0.045964 -0.106843 0.087750 -0.021379 0.008450 -0.123869 -0.159320 
-0.148466 0.117539 -0.024337 -0.097141 -0.216957 -0.159551 -0.045446 0.003413 0.079655 -0.014841 -0.071708 -0.159770 -0.019455 0.113556 0.173809 -0.024086 -0.015724 0.191908 0.009593 0.381660 -0.021979 -0.086320 -0.336526 0.101974 0.140011 0.166605 -0.229311 -0.038925 0.023698 -0.087281 -0.030107 0.000675 -0.151138 0.024133 0.138646 -0.139694 -0.071338 -0.228952 0.257248 -0.091622 -0.032383 -0.032912 -0.091795 -0.055616 0.276832 -0.048526 0.157689 0.139799 0.120955 -0.165317 
-0.145776 0.184476 -0.004293 -0.050450 -0.162398 -0.184302 -0.229089 -0.250281 0.038798 0.167234 -0.020767 -0.128766 0.084231 -0.043435 0.071273 -0.093945 -0.204838 -0.051481 0.224791 -0.161337 0.247146 -0.002442 0.133712 0.169866 -0.085037 -0.089464 -0.072671 -0.142942 0.030159 -0.111620 0.180518 -0.020315 0.087255 -0.137497 0.271321 0.026304 0.001961 0.054502 -0.023821 0.210114 -0.110736 -0.268655 -0.079295 0.048205 -0.237617 0.010484 -0.135376 -0.003309 -0.038169 -0.251162 
-0.129758 -0.164715 -0.241196 -0.151510 0.011487 -0.211836 0.076795 -0.322335 -0.005084 -0.095996 -0.062431 0.119679 0.020796 -0.145204 -0.106066 -0.008644 -0.200755 -0.045629 0.055092 0.052300 -0.139528 0.084908 0.131111 -0.157237 -0.025734 0.286265 0.112082 0.101755 -0.076970 -0.143270 0.131920 0.059746 -0.027193 -0.125377 -0.055483 -0.041551 -0.018586 0.063092 0.020717 0.058028 -0.033127 0.143973 0.126416 -0.210614 0.060376 -0.372079 0.052025 0.266725 -0.249684 0.016361 
-0.133349 0.055630 0.173709 -0.117240 0.041404 0.142953 0.008018 0.005144 0.212886 -0.097562 -0.121311 0.134641 0.333475 0.170590 -0.143804 0.029430 -0.026332 -0.002907 0.169972 0.019082 0.098360 -0.113446 -0.260336 0.128050 0.145375 0.054325 0.328842 0.132468 -0.147779 0.098503 -0.000804 -0.213444 0.037869 -0.072997 0.060632 0.187862 -0.156327 -0.078795 -0.162652 -0.047127 0.177574 -0.024917 0.103670 0.101312 -0.111833 -0.260117 -0.093531 0.104283 0.204621 0.002005 
-0.141813 -0.168451 0.183078 0.056271 -0.013878 -0.103935 -0.019204 -0.015205 -0.031705 -0.183979 0.110626 -0.136605 -0.349354 0.120750 -0.141830 0.059793 -0.034566 -0.211487 0.064796 -0.047854 0.087039 -0.047549 -0.052156 0.226031 -0.174081 0.134831 0.065285 -0.053559 -0.196495 0.259990 -0.179366 0.307729 0.018438 0.144652 0.271509 0.191229 -0.049689 0.051356 -0.172021 -0.082662 -0.159131 0.017372 -0.109172 -0.216329 0.095633 -0.052939 0.043375 0.016306 0.023081 0.019141 
-0.143357 -0.008811 0.077682 0.083759 0.126998 -0.165827 0.035439 0.105295 0.114665 -0.158695 -0.226644 0.099819 -0.095110 -0.023123 0.106862 0.274788 -0.074428 0.273093 0.042073 -0.264986 -0.029906 -0.213757 -0.138965 -0.251362 0.136566 -0.061546 -0.062047 0.060693 0.090745 0.007517 0.247208 0.088052 0.089790 0.258195 0.252115 -0.025202 0.085882 0.143958 -0.098349 0.055978 0.111578 -0.072924 0.199255 -0.052000 -0.028290 0.197606 0.144821 0.135363 -0.081291 -0.010304 
-0.142844 -0.067533 0.023143 -0.083226 -0.009274 0.017271 0.187244 0.305053 -0.265420 0.016011 -0.095171 0.070691 0.136342 0.012178 -0.303336 -0.015864 -0.257341 0.137334 -0.065261 0.124860 0.052729 -0.327823 0.144381 -0.072877 -0.120904 -0.070627 0.154337 0.031470 0.103276 0.099070 0.019391 0.164194 0.104702 -0.150858 -0.063764 0.009032 0.158879 -0.102918 0.104526 0.146078 -0.053819 -0.229601 -0.223489 0.022487 0.247167 0.042890 -0.147872 0.063194 -0.014125 -0.093354 
