-0.138410 0.190980 0.040428 0.083100 0.079597 -0.129528 -0.032372 0.132368 -0.169415 0.088118 0.042781 -0.131132 -0.058172 0.019850 -0.124872 0.055943 0.427871 0.023326 -0.035527 0.082490 -0.246968 0.043978 -0.328865 -0.002937 0.048847 0.072673 -0.003958 0.168932 -0.048088 -0.063250 0.036239 0.218138 -0.015075 0.020457 -0.036970 0.061035 -0.001979 0.079432 0.017800 0.009393 0.203691 0.072188 0.072643 -0.001839 0.319048 0.257199 -0.317893 -0.005028 0.168372 0.011772 
-0.130488 0.057621 -0.029976 0.032167 -0.061759 -0.209159 0.155207 -0.040308 -0.259616 -0.248226 -0.160666 0.122201 0.118059 -0.158301 -0.004223 -0.142172 -0.163301 -0.103536 -0.176429 -0.225841 -0.042851 0.038726 -0.100570 -0.181740 -0.002942 0.032393 -0.263153 0.253717 -0.032688 -0.050458 0.065043 -0.030710 -0.270748 -0.202831 0.140934 -0.102146 -0.053666 0.054945 -0.074326 -0.209830 -0.280666 0.082214 0.042647 0.106944 0.085278 0.032078 0.077699 0.083274 0.110398 -0.183152 
-0.157891 -0.089534 0.146921 -0.173159 -0.154363 0.052077 0.124332 0.331224 -0.041617 0.150385 -0.093734 0.094523 -0.113045 0.154337 -0.142265 -0.131761 0.168368 0.062534 0.060984 -0.148355 0.068800 -0.190590 0.139438 -0.129059 -0.385360 -0.270832 0.089626 -0.047961 0.097328 0.114737 -0.087472 0.086974 -0.123484 0.018598 -0.030245 0.055993 -0.134066 0.151727 0.123314 0.006499 -0.130957 0.091112 -0.074454 0.118884 -0.010133 -0.152631 -0.204655 -0.126086 -0.015713 -0.199711 
-0.152050 -0.209839 -0.000805 -0.137453 0.226536 0.128078 -0.162528 -0.249412 -0.001532 -0.162162 0.097155 0.039090 -0.221410 -0.163865 -0.007080 -0.012984 0.171650 -0.190945 -0.050132 -0.104378 -0.113571 -0.087069 -0.078747 -0.096577 0.027091 -0.145831 -0.033807 -0.220668 0.206546 -0.158953 -0.034026 0.228477 -0.042262 0.068437 -0.125133 -0.129546 -0.023548 0.090066 0.064450 0.065485 -0.034969 -0.183002 -0.202675 0.341205 0.110203 0.082881 0.226334 0.113840 -0.055100 0.036347 
-0.144250 -0.277892 -0.144643 0.018113 -0.130323 -0.245021 -0.014208 0.099315 0.043763 -0.272228 0.189912 0.021251 -0.090622 0.185951 0.037874 -0.001894 0.000814 -0.050227 -0.055146 -0.109244 0.033579 0.156511 0.073324 0.247629 -0.071558 0.170119 -0.187191 0.003785 -0.070686 0.109793 -0.155775 0.184694 -0.038435 0.284532 -0.058210 0.087700 -0.152925 -0.308685 -0.166850 -0.093730 -0.045833 -0.082619 0.098876 0.133764 -0.003510 0.017330 -0.212735 -0.035954 -0.194423 0.111492 
-0.135377 0.117143 0.252336 0.002656 0.127839 -0.020379 0.061297 -0.070963 0.236387 -0.155581 0.146362 0.210438 0.122061 -0.075406 0.109350 -0.116085 -0.275928 -0.095233 -0.028021 -0.028315 0.060278 -0.232599 0.013554 0.059588 -0.157432 0.052718 0.114397 -0.125725 -0.072587 -0.147939 0.224109 -0.030478 0.131389 -0.111588 0.084641 0.214769 -0.145383 -0.101518 0.224532 -0.083526 0.042684 0.060760 -0.137693 -0.005526 0.243660 0.139335 -0.314157 0.087788 -0.032617 0.145909 
-0.136478 0.198420 -0.229193 -0.087627 0.106946 -0.090755 0.160533 -0.154573 -0.200213 0.133093 -0.060004 -0.030659 -0.451948 -0.019479 0.087870 0.013359 -0.137481 0.094165 0.062637 0.062922 0.205280 0.129929 -0.048898 -0.056015 0.056099 -0.190534 -0.085819 -0.131546 -0.062187 -0.122255 -0.146835 -0.085966 0.241406 0.105170 0.125342 0.217599 0.004190 -0.228722 0.058304 -0.099318 -0.043009 -0.083345 -0.095372 0.033210 0.042400 -0.084276 -0.098158 0.001221 0.253219 -0.160792 
-0.145606 -0.051787 0.257956 -0.095117 -0.078643 0.003976 -0.009092 0.092669 -0.009118 -0.107715 -0.218080 -0.027169 0.063294 -0.186844 0.095314 0.251640 0.066935 0.030433 -0.078517 0.247136 0.148144 -0.030804 -0.103453 -0.061516 0.058973 0.007096 -0.275312 0.032652 0.112650 0.116537 -0.068165 0.096035 0.081689 0.114927 -0.055926 0.160375 0.091774 0.043816 0.205429 -0.143339 -0.099010 0.002606 0.070702 -0.145481 0.248784 -0.388625 0.132172 -0.041005 -0.055178 0.301462 
-0.146854 0.024538 -0.068962 -0.165693 0.000205 0.054302 0.022756 -0.033227 -0.014938 -0.089890 0.128072 0.010469 0.200652 -0.228951 -0.052466 -0.042128 0.348575 -0.006104 0.039726 0.061927 0.265445 0.125796 -0.061143 0.334989 -0.094849 -0.183863 0.231643 0.222308 -0.233150 0.191107 -0.005151 -0.202260 0.111751 -0.114251 0.062463 -0.085170 0.044419 -0.172830 0.026504 0.064363 -0.041766 0.015816 -0.022670 0.168620 0.132825 -0.088274 0.118940 0.218882 -0.083552 -0.115483 
-0.141787 -0.021859 0.038020 0.264800 -0.136181 0.107750 -0.180794 0.032904 -0.010328 -0.201183 -0.028647 0.224883 -0.194194 0.101563 0.095684 -0.010214 -0.124235 -0.239967 -0.110212 0.117854 -0.058102 -0.241731 -0.060581 0.020950 0.113845 -0.217837 0.031876 0.132289 -0.213572 0.199740 -0.043304 -0.048242 0.021970 0.031631 0.037642 -0.108504 0.094286 0.087678 -0.040179 -0.069593 0.383574 -0.228042 -0.002548 -0.098425 0.059268 -0.127079 -0.018221 -0.108778 -0.017959 -0.287004 
-0.124559 -0.191380 0.193680 -0.023268 0.026140 0.091897 -0.032560 -0.205737 -0.031318 -0.205423 -0.146499 -0.022122 -0.199914 0.130992 -0.185092 0.113825 0.143903 -0.010435 -0.191709 -0.146917 0.214738 0.172800 0.020400 -0.159470 -0.190187 0.155893 0.146028 0.252080 -0.121569 -0.237742 0.151835 0.026145 0.054619 0.087702 0.125560 0.030972 -0.001177 -0.115844 0.111705 0.145545 0.091591 0.122322 -0.067219 -0.302657 -0.180965 0.078853 0.117115 -0.139848 0.000167 -0.016512 
-0.142560 0.057104 0.117115 -0.089924 0.013966 0.035128 -0.127798 0.034570 -0.248163 -0.063929 -0.143582 0.053564 -0.016760 -0.075594 0.294834 0.055794 0.072370 -0.206341 -0.211187 0.191062 -0.076977 0.108861 0.207989 -0.033300 -0.066077 0.222964 0.090033 -0.304245 0.094163 0.326638 -0.047934 -0.031545 0.003631 -0.115572 -0.062023 0.123139 -0.033224 -0.070903 -0.132382 0.292954 -0.116918 0.073945 0.018674 -0.131873 -0.073919 0.176565 -0.077064 0.157012 0.098824 -0.173403 
-0.154723 -0.154557 -0.222481 0.144231 -0.062017 0.053892 -0.109987 0.038363 -0.034000 -0.055309 0.100974 -0.091526 0.130100 0.155582 -0.136275 0.117560 -0.038672 0.022706 0.085954 0.175715 0.091471 0.114972 0.205390 -0.071356 0.028127 0.029716 0.134562 -0.130804 0.042151 -0.115131 0.144990 0.099772 -0.172621 -0.224411 0.288031 -0.013823 0.189499 0.017571 -0.179044 0.101938 -0.177828 -0.154598 -0.245810 -0.046069 0.367854 -0.160534 -0.098573 -0.165145 0.115508 0.041712 
-0.153830 -0.130690 -0.065793 -0.141795 -0.146307 -0.062001 0.095791 0.041826 0.265116 0.139833 -0.064050 0.039427 -0.101526 -0.291016 -0.167080 -0.061203 0.067022 -0.076304 -0.011049 -0.192127 0.065212 -0.169896 0.099238 0.011924 0.386354 0.272786 0.056879 0.045632 0.056108 -0.002538 -0.201406 0.143266 0.133559 -0.330685 -0.022880 -0.000279 -0.211686 -0.074497 -0.139536 0.041871 0.176042 0.062463 -0.051802 -0.098212 0.006764 -0.131061 -0.011204 -0.057516 0.156200 -0.034864 
-0.141182 -0.130262 -0.077714 -0.084457 -0.022881 -0.094749 -0.314997 0.137157 0.054574 0.036819 -0.078030 0.136589 0.067829 -0.029019 -0.151736 0.210287 -0.273221 -0.067773 0.177481 0.024788 -0.138702 0.189157 -0.052429 0.181757 0.095029 -0.092654 -0.034486 0.196127 -0.088292 0.038814 0.096699 -0.079264 0.208635 0.087509 -0.156668 0.176376 -0.209242 0.258570 0.130411 0.137252 -0.221840 0.060707 -0.171409 0.063676 -0.046486 0.175937 0.079000 -0.140963 0.180757 -0.068548 
-0.138582 -0.147404 -0.032632 0.248369 0.185378 -0.113717 0.162059 0.089619 0.166127 0.146754 -0.048866 0.122513 0.183982 0.065646 0.033907 -0.204306 0.132578 0.069709 -0.105977 0.231677 0.196748 0.011787 0.010616 -0.124416 -0.045256 0.248701 -0.158593 0.082067 0.132891 -0.176846 0.087129 -0.155566 0.100484 0.042877 -0.236343 0.190639 0.056194 0.046018 0.014735 0.123665 0.052232 -0.273786 0.044045 0.183733 0.002877 0.013338 0.111344 -0.032259 -0.037656 -0.309025 
-0.145436 0.233963 -0.303376 0.045558 -0.165259 -0.008027 0.125562 0.080780 0.122549 -0.197812 -0.141327 -0.165091 0.017583 0.037505 -0.075709 0.193330 0.046313 -0.108317 0.045576 -0.254247 -0.107784 -0.126552 0.163078 -0.277831 -0.102806 -0.055043 -0.048468 -0.032883 -0.137646 -0.030693 0.041347 -0.204420 0.171804 0.047041 -0.058612 0.047903 -0.034517 0.085313 0.023257 0.329563 0.043853 -0.185716 0.216990 0.046331 0.082147 -0.009887 0.018572 0.214056 -0.038672 0.215565 
-0.138327 0.001920 0.248314 -0.043675 -0.021667 -0.254081 -0.067582 -0.178176 -0.063741 0.188080 -0.027998 0.158038 -0.045456 0.062735 -0.114781 0.001053 -0.017798 -0.003124 0.010026 -0.125883 -0.159118 -0.088826 0.051084 0.064942 0.057525 -0.211287 0.048546 0.088271 0.246081 -0.060208 -0.030429 -0.422396 -0.151499 0.060299 -0.155397 0.082152 0.167797 -0.271959 -0.298024 0.151049 0.018758 0.053888 0.028959 -0.055249 0.214892 0.008480 0.061554 -0.125143 -0.073217 0.155567 
-0.130295 0.099812 0.014528 -0.021496 0.022318 0.331478 -0.074845 -0.023325 0.153549 -0.046156 -0.077632 -0.131446 0.147001 0.001548 -0.231477 0.079600 -0.155402 0.038671 -0.227400 0.004229 0.000047 0.048452 0.144984 0.026376 0.122642 0.025195 -0.023003 -0.080467 -0.055725 -0.078069 -0.426035 -0.081044 -0.125837 0.029669 -0.055595 -0.024591 0.229449 -0.130452 0.255145 -0.073157 -0.040098 0.143459 0.207188 0.204369 0.103060 0.227926 -0.094023 -0.192582 -0.012595 -0.166934 
-0.158016 -0.192580 0.293664 -0.118909 -0.075155 0.039353 0.020406 0.002339 -0.158078 0.188328 0.296468 -0.359724 0.082752 -0.049954 -0.229703 0.057812 -0.247221 -0.022775 -0.047032 0.017588 0.012979 0.104091 -0.115121 -0.026417 -0.198343 -0.042584 -0.324437 -0.124245 -0.095895 0.012848 -0.057593 -0.124638 0.059599 -0.192140 0.043793 -0.033214 -0.098428 0.070902 -0.101776 0.020975 0.237824 -0.214362 0.001006 -0.070662 -0.057914 0.038894 -0.005052 0.152396 -0.022846 -0.049242 
-0.138775 -0.137817 -0.207796 0.009805 -0.327875 0.047533 -0.090392 0.060339 0.060728 0.145982 0.174520 -0.299589 -0.147667 -0.176095 0.327173 -0.102796 -0.078974 0.103045 -0.221860 -0.067561 -0.049783 -0.001676 0.036590 -0.087812 -0.083855 0.051005 0.132931 0.177907 0.108451 0.118554 0.222837 -0.127136 -0.152227 0.042837 -0.105373 0.144806 0.163464 -0.027555 0.176756 -0.147295 0.142729 0.111100 -0.143206 0.115434 0.007827 0.091581 0.094797 -0.010579 0.126224 0.104769 
-0.138443 0.035689 -0.110181 -0.114358 0.124419 0.197904 -0.123344 0.109046 -0.138175 -0.127986 0.298951 0.070807 0.072176 0.039084 0.001651 -0.341763 0.162909 0.084612 -0.139092 -0.161844 -0.113607 0.100188 0.098354 -0.116160 0.216107 -0.046075 -0.207257 -0.051491 0.046221 -0.021581 0.104357 -0.196070 0.364991 0.027151 -0.074111 -0.083964 0.100849 0.117797 -0.024339 -0.085689 -0.106574 0.138834 -0.037056 -0.240322 -0.050142 -0.133337 -0.157314 -0.143174 -0.109266 0.041905 
-0.143695 0.002587 -0.037171 -0.100005 0.154778 0.154947 -0.070977 0.043113 -0.221642 -0.050608 -0.262478 -0.005327 0.135757 -0.036540 -0.011758 -0.148084 -0.139947 0.247226 0.121117 0.069118 -0.049431 -0.236651 -0.044260 -0.080472 -0.074631 0.130454 -0.066550 0.049654 -0.285496 0.045842 -0.014507 0.129584 0.059687 0.046181 0.017272 0.126890 0.137945 -0.087317 -0.321916 0.104796 0.216162 0.179375 -0.222300 0.308943 -0.129343 -0.031313 0.043935 -0.079112 -0.057731 0.192807 
-0.137651 -0.117689 0.038360 0.062173 0.097696 0.181799 0.123870 0.150344 -0.119160 0.226502 -0.296221 0.002767 -0.134202 -0.202969 0.112541 -0.035973 -0.193316 0.159211 -0.011595 -0.152255 -0.037863 0.048017 0.046369 0.255815 -0.004542 0.112234 0.059323 0.078615 -0.036772 -0.060512 0.144915 0.042089 0.032792 0.141811 -0.087468 -0.461626 0.051646 -0.041769 0.056641 0.108777 -0.129809 -0.267595 0.027005 -0.124955 0.150684 0.044292 -0.194533 0.070437 -0.104780 0.052847 
-0.161302 0.231809 -0.001157 0.102150 -0.047061 -0.003834 -0.233189 -0.173089 -0.114909 0.156307 0.104309 0.080785 0.042270 -0.177273 -0.123533 -0.120331 0.040103 0.062640 0.220067 -0.223005 0.167335 -0.038115 -0.079004 -0.128799 0.015467 0.109543 0.071855 -0.077881 -0.125715 0.258285 0.049535 0.180982 -0.144690 -0.036123 -0.066230 0.223793 0.053866 -0.045132 0.116193 -0.068411 -0.162955 -0.361397 0.143651 -0.147715 -0.106796 0.123214 0.076607 -0.208895 -0.176593 0.036835 
-0.127499 -0.135599 -0.178921 -0.146410 0.217659 -0.042860 0.039824 0.037434 -0.053209 0.071818 0.010433 -0.067099 -0.029584 0.281684 0.085494 0.136585 -0.131123 -0.050136 -0.169998 0.163129 0.158898 -0.175426 -0.289736 -0.192811 0.147853 -0.126586 0.170334 0.174563 0.126554 0.151652 0.024663 -0.016021 0.064523 -0.325473 -0.010664 -0.125483 -0.112175 -0.093970 0.055688 0.041236 -0.138341 -0.018935 0.178858 0.074898 -0.137552 0.120874 -0.117362 -0.104088 -0.221066 0.187169 
-0.135833 -0.257387 -0.118537 0.082994 0.230456 -0.006363 -0.190781 0.070490 0.080878 0.086763 0.161038 0.055156 0.095533 -0.158466 0.268971 0.200029 0.068217 0.125894 0.191805 -0.081965 0.065857 -0.218398 0.007164 -0.086276 -0.025752 -0.183729 -0.199626 -0.069187 -0.181895 -0.165827 0.025948 0.033999 -0.226135 0.037133 0.024387 -0.033380 -0.029553 -0.149227 0.012316 0.130938 0.003400 0.263271 0.284744 -0.211389 -0.038207 -0.026011 -0.009978 0.077996 0.146938 -0.159793 
-0.135281 -0.017592 0.204261 -0.171388 -0.078399 -0.019779 0.093505 0.253863 0.046093 -0.051130 -0.013464 -0.109570 0.112534 0.312180 0.221146 -0.143488 0.008684 0.175348 -0.053391 -0.157018 -0.117155 -0.012452 -0.194972 0.056462 0.369777 -0.045679 0.188076 -0.129887 -0.168257 -0.144884 -0.097178 0.031355 -0.102898 0.093499 0.185111 0.178977 -0.011202 -0.014271 0.046825 0.081639 -0.101114 -0.170161 -0.075999 -0.102529 0.020251 0.058985 0.289764 0.159558 -0.006500 -0.078657 
-0.129071 0.022974 0.029667 0.037443 -0.188107 0.198565 0.060850 0.057914 0.054888 0.083929 0.077790 0.433344 -0.021397 0.166793 0.052821 0.319312 -0.023871 0.134545 0.037404 -0.172409 0.197064 0.216949 -0.143505 -0.111335 -0.022366 0.038145 0.053140 -0.081227 0.023186 -0.037507 -0.027059 0.075952 0.093766 -0.119365 -0.220798 -0.029921 0.233055 0.110382 -0.242702 -0.231254 0.053532 0.095989 -0.006641 0.055521 0.006230 0.131630 0.014653 0.290656 0.033932 0.056935 
-0.145441 -0.054890 0.145703 0.212864 0.021030 -0.035412 0.052441 -0.338354 -0.129297 0.044323 0.057993 -0.034445 0.109101 0.082797 0.153339 0.060757 -0.036055 0.342471 0.012388 -0.108796 -0.013900 0.061473 0.314062 -0.024927 0.118364 -0.071802 0.088891 0.113782 0.159502 0.199586 -0.044212 0.138601 0.224333 0.069258 0.238246 -0.011422 -0.262248 0.224065 0.012889 0.023856 0.123101 0.098838 0.196964 0.177236 0.156364 0.026724 0.070270 -0.005443 -0.039016 -0.048978 
-0.154814 0.281385 0.004622 0.230748 0.171046 -0.011288 0.143146 0.152715 0.161489 -0.024292 0.123476 -0.069229 -0.044536 0.083136 0.156041 -0.118231 -0.077425 -0.043607 0.012264 -0.020923 -0.000321 0.132332 0.023385 0.071050 -0.262525 -0.128964 -0.116915 0.084696 0.021009 0.083619 -0.243627 0.208347 0.048191 -0.184898 -0.156442 -0.172541 -0.059488 -0.094841 -0.030945 0.125847 -0.010351 0.101018 -0.179872 -0.180189 0.093235 0.093562 0.375259 -0.222819 0.080582 0.136590 
-0.132099 -0.115625 0.057223 0.121191 -0.164209 -0.102847 0.147956 0.179433 -0.071316 -0.079008 0.044113 0.156338 -0.099510 -0.179713 -0.085208 0.114471 0.102151 0.136024 0.193458 0.259797 -0.433923 0.007180 0.103068 -0.111104 -0.044751 0.002583 0.072085 -0.116823 -0.009559 -0.108925 0.044384 -0.045386 0.199546 -0.175404 0.166090 -0.095819 0.054877 -0.276102 0.167421 -0.188448 -0.036257 -0.015763 0.060617 0.058196 -0.176380 0.145932 0.177255 -0.088456 -0.163339 -0.014587 
-0.145860 -0.067200 -0.054603 0.163851 0.119387 -0.055183 -0.137089 -0.128604 0.256227 0.310104 -0.276088 -0.013606 -0.051709 0.131120 -0.006797 -0.102634 0.099771 -0.121036 -0.031774 -0.021420 -0.157849 0.298968 -0.101707 -0.150844 -0.009552 0.055625 -0.025473 -0.232317 -0.286473 0.153201 0.025331 -0.171925 -0.100204 -0.034188 0.088308 -0.075541 -0.189021 0.002512 0.063443 -0.177269 0.019197 0.199270 -0.104657 0.042091 0.095520 -0.180883 0.011762 0.092679 -0.229827 0.063036 
-0.137427 0.155520 -0.042256 -0.250073 -0.022197 0.037241 0.196331 0.043707 0.048095 -0.013235 -0.034079 -0.063403 0.321713 -0.122323 0.153951 0.174164 -0.038678 -0.231325 0.196737 -0.038273 0.048094 0.197814 -0.087307 -0.192980 0.066366 -0.044741 0.075221 -0.067318 0.193154 -0.000433 0.173700 0.025388 -0.055704 0.308212 0.035802 -0.151543 -0.124859 -0.115999 -0.117762 -0.085312 0.262283 0.001563 -0.098305 -0.015177 -0.005804 0.043806 -0.036163 -0.298285 -0.130558 -0.208311 
-0.129549 -0.257200 0.065425 0.193365 -0.056404 0.144994 0.107173 -0.100796 -0.047722 -0.115184 -0.257228 -0.199337 0.118203 -0.027020 0.126461 -0.246382 0.123993 -0.230489 0.232533 0.033541 0.073178 0.077482 -0.006349 0.106277 0.008048 -0.235033 0.140000 -0.078936 -0.005689 -0.148409 -0.076607 -0.071521 0.056609 -0.079098 -0.133343 0.117059 -0.027813 0.113793 -0.154098 -0.243819 -0.039370 -0.045312 0.197966 -0.040222 -0.141859 0.146286 -0.104934 -0.093688 0.241820 0.232531 
-0.161797 -0.025921 -0.194816 -0.023391 0.196988 0.042690 0.125703 0.001897 -0.236998 0.161419 0.146274 0.049554 0.034502 0.024416 0.042958 0.138493 0.011489 -0.259390 0.108718 0.022022 -0.074747 -0.194031 0.133238 0.090431 -0.106215 0.278270 0.136657 0.187986 0.019925 -0.123952 -0.364011 -0.156637 -0.090527 0.142509 0.122706 0.111922 0.004982 0.264045 0.051856 -0.213672 -0.004252 0.021293 -0.129975 -0.190845 -0.002532 0.012263 0.088153 0.113110 -0.178002 0.067411 
-0.131668 0.088720 0.185436 0.183923 0.060399 -0.211027 -0.119568 0.038854 0.071069 -0.256353 0.039417 -0.095751 -0.059395 -0.122802 0.143571 0.052904 -0.006437 0.158473 0.236595 -0.082148 0.062618 0.167699 -0.127491 -0.076965 0.075317 0.085657 0.079124 0.065141 0.153785 -0.034348 -0.274603 -0.194091 -0.139957 -0.096382 0.011186 -0.117197 0.121367 0.134397 0.136663 0.178926 0.045647 -0.022753 -0.217009 0.116431 -0.294443 -0.177034 -0.320143 0.046599 -0.052438 0.025250 
-0.151560 0.151664 0.057394 0.234795 -0.188227 0.157991 -0.113716 -0.071485 -0.004160 0.177564 0.038715 -0.156400 0.044381 0.076822 0.061983 0.056733 -0.032973 -0.258060 -0.016761 -0.133920 -0.111266 -0.133672 -0.267157 0.215741 -0.100219 0.113344 -0.001383 0.014808 0.188508 -0.187488 0.088746 0.145027 0.252300 0.005994 0.144529 0.054551 0.091134 -0.122406 -0.074584 0.100607 -0.234103 0.161353 0.107059 0.159250 -0.150869 -0.296166 0.009127 -0.003350 -0.068093 -0.169022 
-0.132230 -0.037135 0.041322 -0.228311 0.066383 0.133260 0.095536 -0.151187 0.020097 -0.115204 0.031207 -0.042294 -0.110743 0.338961 -0.047664 -0.163209 -0.099741 -0.079533 0.487786 0.059982 -0.140070 0.038147 0.046269 0.007885 0.044564 0.237402 -0.091885 0.138616 0.093582 0.194185 0.157500 0.027489 -0.092987 -0.085991 -0.158934 -0.056018 0.142249 -0.114292 0.228096 0.005032 0.067583 0.062438 0.167769 -0.009547 0.091479 -0.129878 0.045981 0.166220 0.173053 -0.100558 
-0.161237 0.009487 -0.093405 -0.073263 -0.285022 -0.147068 -0.153938 -0.157638 0.090455 0.009094 -0.021322 0.093494 0.116023 0.092600 -0.061196 -0.190627 0.037856 0.115838 0.026208 0.184311 0.145251 -0.238864 -0.220773 -0.045702 -0.145382 0.163012 -0.039918 -0.155259 0.099590 0.053095 -0.149869 -0.127926 0.112381 0.266792 0.183776 -0.409229 -0.037270 0.043686 0.031690 0.021807 -0.072176 0.026877 -0.020636 -0.096303 0.004405 0.192110 0.047003 0.018397 0.267567 0.094020 
-0.130654 -0.006915 -0.195326 -0.016460 0.100564 0.011526 0.051485 -0.061734 0.271998 -0.182148 -0.234706 -0.147372 -0.108189 -0.051115 -0.124020 0.029621 0.013803 0.228633 0.028892 -0.019867 -0.040355 -0.097511 -0.111162 0.264048 -0.082134 -0.112617 -0.156278 -0.064738 0.301578 0.165849 0.106275 0.004912 -0.023180 -0.076628 0.161383 0.191890 0.143412 0.146876 -0.151442 -0.099431 0.021562 0.054871 -0.065396 -0.259021 -0.036174 0.218235 -0.014048 0.109993 -0.259419 -0.202176 
-0.128379 0.032856 0.163737 -0.120463 0.106229 -0.176413 0.214876 0.069075 0.181665 0.018386 0.185922 -0.024350 -0.308622 -0.123908 -0.001363 -0.023821 -0.052050 -0.139586 -0.007157 0.081666 0.105984 0.024625 0.027906 0.056809 0.054183 0.096375 0.057622 -0.120354 -0.230001 0.063746 0.162065 -0.021978 -0.036765 0.114972 0.166723 -0.060237 0.283204 0.376557 -0.184384 0.088302 -0.110111 0.151720 0.280430 0.164184 -0.029372 0.035728 0.076863 -0.218317 -0.002459 0.057905 
-0.144241 0.114619 0.155174 0.193373 0.197309 -0.161828 0.002192 0.123414 -0.040444 0.036578 -0.019937 -0.201869 0.067532 0.144266 -0.186332 0.212546 0.123306 -0.089459 -0.065650 -0.095683 0.165409 -0.244622 0.272826 0.080376 0.214953 -0.031034 -0.065297 -0.072587 -0.010918 0.170669 0.236516 -0.014732 0.016090 0.113573 -0.075928 -0.150880 0.060174 -0.133141 0.037531 -0.275236 -0.054413 0.004015 -0.240676 0.078580 -0.227357 0.059415 0.042204 0.143924 0.206086 0.022467 
-0.136862 0.051772 -0.074050 0.246663 -0.196532 0.039814 0.189325 -0.042995 -0.193603 -0.099985 0.116522 -0.057151 -0.077359 -0.083391 -0.254808 -0.116260 -0.157631 0.049102 0.007662 0.271206 0.137577 -0.032699 -0.066192 -0.008571 0.216903 -0.074862 0.135440 -0.135967 -0.017491 -0.094611 0.078623 0.064001 -0.177670 0.154227 -0.327187 0.001276 -0.217040 0.041973 0.022563 0.159183 -0.033676 0.319180 -0.044002 -0.113424 0.009053 -0.049392 0.039716 0.175054 -0.231315 -0.033685 
-0.157625 0.071425 -0.064748 -0.061202 0.278564 -0.114016 -0.145480 0.100021 0.097689 -0.089643 0.030354 0.000599 0.084002 -0.098324 -0.219606 -0.064105 -0.204066 0.129348 -0.203462 0.051734 -0.188747 0.117322 -0.032950 -0.063935 -0.193448 -0.025945 0.415546 -0.009892 0.122583 -0.009544 -0.014459 0.112790 -0.004050 0.129358 -0.073185 0.009486 -0.038886 -0.018532 -0.136312 -0.192362 0.060343 -0.107542 0.259039 -0.081563 -0.105804 -0.309955 0.059249 0.156913 0.229914 -0.001541 
-0.121076 0.066238 0.007086 -0.223008 -0.162608 -0.303135 -0.031292 -0.291669 0.141914 0.141996 -0.049189 -0.078785 0.142645 0.044163 0.128110 -0.048666 -0.005642 -0.040563 -0.057321 0.187430 -0.108533 0.002196 0.252202 -0.076616 -0.008496 -0.193776 -0.020502 0.173801 -0.201873 -0.182994 -0.056484 0.341493 0.082564 -0.035441 -0.186434 -0.081693 0.261377 0.074285 -0.006939 -0.019232 -0.088776 -0.032833 -0.098398 -0.120601 -0.125487 0.007716 -0.163963 0.135394 -0.162533 -0.093526 
-0.151408 0.277460 0.055140 -0.155081 -0.068305 0.202549 -0.072025 -0.148816 0.097099 -0.081956 0.039885 -0.047854 -0.141265 0.085701 0.152148 0.179492 0.152942 0.254897 -0.042748 0.176641 -0.075339 -0.102550 0.078178 0.160652 -0.044719 0.132853 -0.070367 0.043346 -0.112045 -0.199032 0.114191 -0.183428 -0.206282 -0.127171 -0.169160 -0.066061 -0.391999 0.082363 -0.193126 -0.162633 -0.111503 -0.151869 0.020718 0.061650 -0.076351 -0.096164 0.001758 -0.174356 0.024993 -0.026717 
-0.125827 -0.068227 -0.191953 -0.021408 -0.009885 -0.097992 0.324367 -0.232465 -0.139583 0.016715 -0.003203 0.210556 0.207259 0.069947 -0.009918 0.127842 0.050764 0.065151 -0.219991 -0.117189 -0.158485 0.018916 -0.116308 0.318102 -0.034085 -0.029933 -0.043137 -0.263585 -0.055051 0.060278 0.069866 0.026326 -0.131135 -0.104758 -0.073957 0.018552 0.109193 0.096805 0.278008 0.150040 0.188145 -0.023048 -0.037706 -0.013933 -0.199549 -0.179018 -0.029848 -0.212857 0.167850 0.105905 
-0.143299 0.083425 0.033413 0.053314 -0.011464 0.322581 0.141918 -0.014588 0.198575 0.154700 0.092188 0.232771 0.002149 -0.069692 -0.090818 -0.087353 0.046013 -0.075519 -0.076438 0.191881 -0.098550 0.131535 0.063112 -0.057704 0.127807 -0.171157 -0.192714 0.256748 0.100200 0.091745 0.017068 0.067515 -0.217143 0.163896 0.317517 0.103680 -0.068118 -0.086691 -0.039193 0.163995 -0.055199 -0.111332 -0.036860 0.018369 -0.272229 0.043655 -0.124935 0.178470 0.126569 0.240039 
-0.123490 0.202343 -0.086373 -0.119046 -0.059551 -0.125678 -0.322069 0.229699 -0.160450 0.065267 -0.148495 0.107061 -0.047302 0.078471 0.009747 -0.154934 -0.018982 -0.092543 0.009289 0.042024 0.238756 0.136743 0.199183 0.227287 0.032971 -0.053946 -0.110191 -0.065722 0.178969 -0.291314 0.108323 0.066056 -0.105060 -0.152318 0.162110 -0.040807 -0.035681 0.063972 0.155497 -0.001934 0.335715 0.041185 0.199530 0.084298 -0.074414 0.037301 0.122623 0.074288 -0.132902 0.144471 
