-0.130751 0.206517 0.227464 0.036331 -0.163678 -0.035094 0.064684 -0.096039 0.070165 -0.117326 0.044989 -0.179410 0.061447 0.130015 0.108870 0.032091 -0.083639 -0.141375 0.090513 -0.063841 0.123009 0.026049 -0.308217 0.168885 0.284880 -0.076498 0.213043 -0.208676 -0.201849 -0.084988 0.159652 -0.014253 -0.104456 -0.190881 -0.123746 0.189829 -0.167347 0.080092 0.080878 0.158672 -0.236562 -0.005305 -0.034146 -0.030888 -0.163544 0.179324 0.065238 -0.068081 -0.124505 -0.157752 
-0.128475 -0.289688 0.126578 0.019542 0.032156 0.102389 -0.151056 -0.061327 0.085787 0.196273 0.239757 -0.054836 0.035999 0.013132 0.028150 0.000765 -0.118545 -0.085903 -0.135195 0.339737 -0.012792 -0.079354 -0.079573 0.022374 -0.007759 -0.079056 0.061447 0.026819 -0.308120 0.141974 0.078353 -0.059882 -0.013984 0.294048 0.084371 -0.077043 -0.091713 -0.317492 0.153551 0.040568 -0.144642 0.060295 0.131775 0.312122 -0.002529 -0.001785 0.170044 -0.028763 0.124622 0.116694 
-0.151069 0.045246 0.217118 0.147350 0.047510 -0.058514 -0.084885 -0.103461 0.204318 -0.271885 -0.053359 -0.005445 -0.043066 -0.022894 -0.196966 -0.137342 -0.008241 0.065077 0.064190 -0.042357 -0.162505 0.044453 -0.013840 0.042228 -0.250250 0.267318 -0.063632 -0.269327 -0.219554 0.001051 -0.076200 0.212167 -0.087556 0.000440 0.193301 -0.210014 -0.049870 -0.064101 -0.334900 -0.060106 -0.084260 0.093551 0.192588 0.034880 0.028954 0.045190 -0.196038 0.035075 0.087979 -0.194654 
-0.124814 -0.079501 -0.112300 -0.051763 -0.009074 -0.204336 -0.030100 0.046833 -0.215290 0.147003 -0.027524 -0.125952 -0.133968 -0.086054 -0.003283 -0.315257 0.098911 -0.008152 -0.096796 0.229422 -0.036608 0.143370 -0.163646 -0.026459 -0.276795 -0.061179 0.135134 -0.392405 0.162703 -0.035933 -0.079692 0.041681 0.178446 -0.227731 -0.108188 0.030212 0.092054 -0.066650 0.062685 0.109466 0.031627 -0.094742 -0.125222 0.126036 -0.000501 -0.089177 0.204075 0.131773 0.066304 -0.246596 
-0.152564 -0.016059 -0.202831 0.285300 -0.010913 0.071702 -0.101168 0.183646 0.110593 0.059433 0.068532 -0.034066 0.110864 -0.117675 0.035865 0.018574 -0.205282 0.039840 0.114389 0.131132 0.028500 0.136899 -0.145531 0.102832 0.129856 -0.308148 -0.042679 0.086524 -0.003458 -0.216623 -0.373151 0.001145 0.096819 0.004265 0.063328 -0.146053 0.102324 -0.205535 -0.085823 -0.111344 -0.059667 0.069901 -0.031565 -0.184046 -0.001454 0.019248 -0.117796 0.149665 -0.352407 -0.106445 
-0.159819 -0.037760 0.096497 0.165829 0.035809 0.032186 -0.050332 -0.235002 -0.003415 0.035353 0.020574 0.199980 -0.082971 0.020424 0.029203 -0.145471 -0.061847 -0.107924 0.290105 0.163642 0.134983 0.190924 0.043638 0.034136 -0.068606 -0.022513 0.083459 0.107536 0.130142 -0.180305 0.313201 -0.157166 -0.165941 -0.061096 -0.004161 -0.200357 0.041122 0.254002 0.093471 -0.237424 0.095549 0.206055 -0.067179 0.152556 0.017331 -0.323498 -0.024370 -0.145194 -0.102133 -0.076378 
-0.118864 0.069250 0.106509 0.155193 -0.156889 0.118912 -0.144890 0.070478 -0.336711 0.065269 -0.233173 -0.207572 -0.063049 0.007983 0.040893 -0.004177 -0.119260 0.141130 0.085606 -0.128059 -0.012920 -0.074058 0.372249 0.008654 0.082214 0.015156 0.040048 -0.076436 -0.037464 -0.099869 -0.037793 -0.248206 0.090663 -0.060516 0.061074 -0.126232 -0.109013 -0.057580 -0.139201 0.048603 0.182542 -0.031198 -0.013968 0.355451 0.092266 0.293160 0.099272 -0.120175 -0.136477 0.049025 
-0.156661 -0.047695 -0.223944 -0.291585 0.130642 -0.251936 0.032336 -0.087280 0.036483 -0.013520 0.097616 -0.056860 -0.005623 0.046352 0.026660 0.009512 -0.008231 0.003413 0.093826 -0.128560 0.057414 0.086411 0.266042 0.019785 0.463123 0.143463 0.143759 -0.114310 -0.054564 0.146925 0.032442 0.019968 0.124073 -0.137840 0.106116 -0.095561 0.152012 -0.213901 -0.053134 -0.094945 0.079849 0.146659 0.092914 0.105579 -0.304565 -0.175093 -0.049630 0.141819 -0.010163 0.012124 
-0.140945 -0.084150 0.032716 0.006746 0.114225 0.291732 0.179958 0.033469 0.178629 -0.012535 0.071933 -0.115957 -0.252233 -0.061004 0.168822 0.123712 0.132469 0.027534 -0.224241 0.111084 -0.327030 -0.123687 0.100840 -0.153392 -0.005710 0.114033 0.230086 -0.060053 0.001986 -0.107042 0.002623 -0.217560 0.075868 -0.134288 -0.119639 -0.018575 0.043932 0.070448 -0.159542 0.081546 -0.213330 -0.116129 -0.049114 -0.025270 -0.050739 -0.232042 -0.207893 -0.107553 -0.229390 0.099345 
-0.135209 0.047719 0.022769 0.113046 0.092820 0.044007 -0.313394 0.050008 -0.014079 -0.029933 0.230692 -0.192014 -0.036990 0.040076 -0.269580 -0.201631 0.124369 -0.155986 -0.312724 -0.158285 0.074012 -0.137585 -0.101647 -0.022580 0.189049 0.053118 0.051692 0.208268 0.334386 0.079813 -0.039761 -0.065667 -0.200521 -0.142498 -0.170201 0.078567 -0.085784 0.015806 -0.094390 -0.120403 -0.003810 0.108139 0.172326 0.101669 0.175209 0.012133 -0.031639 0.174317 -0.009666 -0.008123 
-0.133588 -0.084480 -0.261861 -0.096349 0.133539 0.099186 -0.172240 -0.116516 0.156729 0.015514 -0.192216 -0.026555 -0.074527 0.174378 0.012740 -0.034332 0.114728 0.125562 0.085669 0.015746 0.105133 -0.011861 -0.141285 -0.117894 -0.143346 0.118382 0.188529 0.257992 0.054618 -0.072552 0.076324 0.116535 0.102427 -0.039430 0.226046 0.253525 -0.017580 -0.091436 0.041694 -0.281491 -0.063010 -0.267262 0.049442 0.079735 -0.129237 0.296268 0.003174 -0.213153 -0.100424 -0.139042 
-0.143413 -0.115842 0.095599 -0.095189 -0.038945 -0.032455 -0.153186 -0.050161 -0.028914 -0.063669 0.026082 -0.179581 0.237811 0.203523 -0.152654 0.262043 0.076534 0.106605 0.064500 0.078642 0.048940 0.252607 0.164746 -0.194578 -0.062859 -0.300287 0.048488 -0.081915 0.045592 0.071504 -0.045214 0.114664 -0.113376 -0.086129 -0.121252 -0.150807 0.052619 0.136813 0.112849 0.120204 0.041883 -0.339097 0.376691 -0.080967 0.066956 -0.099449 -0.095104 -0.089579 -0.045306 0.045575 
-0.128517 0.257472 -0.061071 -0.035255 0.377702 -0.116690 0.203432 0.043384 0.060446 0.102990 0.168263 0.068199 -0.101255 -0.005974 -0.052043 -0.004889 0.109828 -0.001849 0.031112 0.170641 0.148736 -0.229063 0.157898 0.046808 0.016885 -0.146892 -0.088675 -0.155515 -0.013457 -0.216542 0.137630 0.193811 -0.207091 0.110627 -0.126237 -0.179165 -0.066027 0.007638 0.012584 -0.060389 0.047401 -0.258476 -0.136893 0.122445 0.028097 0.288697 -0.102877 0.166005 -0.052364 0.109021 
-0.130678 -0.064070 0.205897 -0.133932 -0.105400 -0.038366 0.089641 -0.017076 0.063757 0.150042 -0.066034 -0.246321 0.021683 0.326264 -0.265722 -0.059949 -0.054561 -0.054765 0.175588 0.118764 -0.397376 0.011443 -0.017126 0.141433 -0.017523 -0.008748 -0.105066 0.006634 0.242876 -0.034783 -0.056134 -0.139145 0.064433 0.159468 0.112718 0.110007 -0.102222 0.077048 0.124201 -0.118353 0.076138 0.030021 -0.184241 -0.070820 -0.211698 0.075606 -0.187982 0.215284 0.047040 0.145348 
-0.141369 -0.170171 0.047295 -0.067062 0.069051 0.142594 0.076459 0.227824 -0.203759 0.013649 -0.081791 0.153474 0.101312 -0.290919 -0.279460 0.205058 -0.077356 0.096933 0.012159 -0.159136 0.043293 0.125965 -0.272873 -0.090512 0.101891 0.163558 -0.179235 -0.082856 0.172862 -0.235872 0.064425 0.087180 0.017193 -0.086507 -0.061039 -0.081834 -0.107114 -0.070611 0.142367 -0.001965 -0.221609 0.008037 -0.001996 0.234966 -0.212153 -0.016865 -0.121784 -0.109331 0.117819 0.120671 
-0.133196 0.140295 0.191230 -0.237383 -0.053792 0.085702 -0.208050 -0.032405 -0.004430 -0.015545 -0.120140 0.056153 -0.025742 0.200813 0.283428 -0.128163 -0.111911 0.037602 0.037908 -0.031440 0.244650 -0.121967 0.126632 0.042512 -0.025166 0.099110 -0.109568 -0.018203 0.098673 -0.329071 -0.225912 0.126008 0.029303 0.186811 -0.103416 0.219396 0.200549 -0.098112 0.050428 0.114273 -0.226328 -0.002923 0.053123 0.096497 0.108334 -0.255967 -0.139465 0.106255 0.093673 0.051497 
-0.126686 0.018472 -0.108742 0.123040 0.029058 0.265197 -0.033077 -0.131377 0.043580 -0.003726 0.333110 -0.082972 0.093707 -0.126798 0.233733 -0.071889 -0.080301 -0.146315 0.275298 -0.218210 -0.078832 -0.027023 -0.052531 0.049171 -0.157666 -0.043984 0.094927 0.059473 0.099001 -0.004894 -0.130913 0.143388 -0.021232 -0.103863 -0.036046 0.028244 -0.068256 -0.049653 -0.104956 0.203436 0.323340 -0.142286 -0.060276 0.037750 -0.216185 -0.011505 -0.062100 -0.079237 0.358012 0.156727 
-0.150424 0.022698 0.001759 0.110298 -0.202982 -0.111088 0.143226 -0.128053 0.158598 -0.024780 -0.210619 0.065785 0.102468 -0.015853 0.018449 -0.323961 0.065735 0.250599 -0.271169 -0.037030 -0.087732 0.155036 0.031553 -0.245476 0.226194 -0.169540 0.056491 0.194164 -0.075851 -0.088628 -0.001662 -0.083955 -0.204204 0.041452 -0.111025 -0.112868 0.081117 -0.165301 0.048381 0.042128 0.016284 -0.068302 -0.218206 -0.005664 -0.029246 0.070467 -0.142104 -0.081428 0.337079 -0.043836 
-0.149903 0.081787 -0.141101 0.078270 0.064083 0.143795 0.355890 0.248773 -0.018373 0.301402 0.006199 -0.065617 0.045087 0.221462 -0.013747 -0.283863 -0.035354 -0.014397 0.012605 0.031675 0.046778 0.133472 0.121600 0.053220 0.067033 0.295135 -0.016228 0.039212 -0.058360 -0.003369 -0.216255 0.103510 -0.098976 0.011362 0.004613 -0.087639 -0.141715 0.159951 0.068181 0.005980 -0.104186 0.039212 0.264900 -0.181630 0.020679 -0.042015 0.264706 -0.220651 0.071251 0.002816 
-0.151155 -0.312014 -0.021202 0.003373 0.038025 0.001496 -0.082591 0.184083 -0.312322 -0.229106 0.075854 -0.164495 0.075810 0.108428 0.098596 -0.046302 0.187488 -0.154989 0.021202 0.028272 -0.061818 0.126010 0.157729 0.109015 0.019279 0.089889 -0.222256 0.129629 -0.104080 0.065027 0.148892 0.239696 -0.218912 0.096115 -0.069532 0.081839 0.058672 -0.110449 -0.138988 0.037786 -0.081386 -0.025126 -0.403035 -0.104045 -0.007767 -0.029486 -0.001247 -0.147667 -0.139932 -0.104068 
-0.143029 -0.096225 0.089590 0.218809 0.365267 -0.002228 -0.075002 0.155983 -0.028893 -0.139902 -0.052839 -0.102974 -0.008731 0.102244 0.115023 0.043239 -0.108435 0.202709 -0.098106 -0.122772 0.288973 0.057786 -0.060289 -0.088738 -0.192391 0.095118 0.048068 -0.047619 -0.095057 0.137294 -0.022649 -0.314289 -0.073777 0.097319 0.034456 -0.018170 0.216103 0.216905 0.119048 0.052988 0.020541 0.055947 -0.097450 -0.140888 -0.286839 0.097857 0.060591 0.256942 0.092233 0.087987 
-0.160835 -0.197610 -0.200856 0.036273 0.166573 -0.186031 0.243330 -0.239906 0.001689 0.139284 -0.113198 0.052631 -0.062205 0.188632 -0.112424 0.243583 -0.089825 -0.153705 -0.076868 -0.258918 0.057296 0.128595 -0.073931 0.131391 -0.170778 0.053965 -0.005838 0.082799 -0.132148 -0.098206 -0.097071 -0.175807 -0.024998 0.061991 -0.186614 0.134109 -0.137251 -0.138869 -0.038335 0.244074 0.147062 0.062638 0.011773 0.102702 0.263258 -0.029722 -0.171206 0.027517 -0.070825 -0.127857 
-0.141387 -0.143327 0.012777 0.084683 0.069486 -0.249727 -0.065518 0.099367 0.153505 -0.215785 -0.086143 -0.052665 -0.236585 -0.099820 0.073283 0.149969 0.043250 0.105671 0.105798 -0.099170 -0.270886 -0.324670 0.060741 0.199586 0.058590 -0.046221 0.017685 0.144461 0.057858 -0.075532 -0.176792 0.138210 -0.074852 -0.066759 -0.025002 -0.115356 0.013184 0.077230 0.467194 0.067626 0.023032 0.081026 0.047247 0.034558 0.053140 -0.036675 0.212019 -0.110393 0.080293 -0.151217 
-0.122004 -0.072595 -0.073055 -0.067516 -0.091847 -0.137359 0.222001 -0.133414 0.088534 -0.306569 -0.038208 -0.153107 0.249809 -0.307160 0.015552 0.013248 -0.061601 0.062456 0.146921 0.285783 0.150917 -0.043579 0.062910 0.116914 -0.072835 0.163892 -0.043385 0.038486 0.047759 0.132285 -0.221678 -0.210373 -0.033945 -0.033940 -0.281901 0.175979 -0.052175 0.046665 -0.103129 -0.281433 -0.089537 -0.079181 -0.000598 0.107918 0.106356 0.041699 0.101393 -0.008365 0.041822 0.176474 
-0.150211 0.025471 -0.127840 0.185757 -0.171362 -0.218433 -0.109088 0.088908 0.079037 0.079326 0.262640 0.044843 0.155305 0.174660 -0.124909 0.020558 0.046636 0.032553 0.031601 -0.189970 -0.089352 -0.252456 -0.100238 -0.229795 -0.022214 0.066483 -0.160196 -0.265079 -0.195322 -0.177002 0.079554 -0.095321 0.165887 0.097515 -0.153163 0.145401 0.236472 0.048388 -0.013649 -0.230250 0.116335 -0.000936 -0.041041 -0.028872 0.034703 -0.091967 0.101746 -0.264960 -0.024007 0.119614 
-0.137861 -0.054887 0.268096 -0.028329 0.127561 0.029075 0.084038 -0.203630 -0.007527 0.123911 0.238862 0.018749 -0.028875 -0.160471 0.020020 0.072309 0.164587 0.197223 0.168050 -0.038797 -0.034381 0.129721 0.064674 -0.316080 0.110936 0.019344 -0.182192 0.021560 -0.049140 -0.132692 -0.082670 -0.042529 -0.085327 -0.196835 0.313959 0.296636 -0.075358 -0.063988 0.024685 0.036130 0.003212 0.052368 -0.078326 -0.131576 0.253234 0.024395 0.263860 0.189386 -0.022748 -0.024245 
-0.147547 0.215852 0.048337 0.140775 0.048902 0.001491 -0.082813 0.036803 0.132637 -0.048861 -0.017891 0.031859 -0.010303 -0.018986 0.133557 0.253558 0.131608 -0.474189 -0.066887 0.142988 0.034878 0.255160 0.140056 -0.185455 0.096241 0.136249 -0.109935 -0.077510 0.146542 0.112125 -0.101542 -0.046150 0.306769 0.055621 0.015447 -0.052534 0.040915 0.011492 0.183295 -0.039539 -0.031412 0.070481 -0.101727 0.008282 0.119990 0.236168 -0.102290 -0.121917 0.219503 -0.133843 
-0.141301 -0.017660 0.109335 -0.025684 0.226899 0.016707 0.147966 0.219774 0.058289 0.073655 -0.150786 0.030330 0.221960 -0.142559 0.219973 -0.195567 -0.252700 -0.063367 -0.052704 -0.173959 -0.170903 -0.051456 0.036356 -0.092696 -0.005645 -0.275926 -0.076704 -0.104732 -0.014315 0.310738 0.110756 0.111172 -0.000897 -0.011725 0.074950 0.301106 -0.013905 0.129085 0.074100 -0.168784 0.069489 0.008729 0.096559 0.204241 0.125804 -0.067253 -0.201353 -0.035752 -0.118574 -0.141169 
-0.142917 0.079236 -0.214877 0.072888 -0.126116 0.036598 -0.091223 0.118581 0.276091 0.116484 -0.157989 -0.027260 0.027707 0.021959 -0.089183 0.139464 -0.324292 0.052215 0.207500 0.127748 -0.072460 -0.085342 0.062583 -0.218633 -0.015631 0.160160 -0.061876 0.090478 0.143963 0.155473 0.360456 0.116706 -0.076510 -0.076598 -0.139138 0.010074 0.077523 -0.028064 -0.145040 0.315937 -0.104349 0.033939 -0.086879 0.000354 0.091862 -0.007103 0.178837 0.239509 0.019179 -0.059435 
-0.136472 -0.172822 0.106644 0.036781 -0.134057 -0.131543 -0.066416 -0.021578 0.004091 0.206046 -0.142906 0.042055 -0.164507 -0.273974 0.068814 0.068804 -0.111568 -0.137391 -0.129549 0.114143 0.146592 -0.146567 0.067127 0.050612 0.056951 0.092198 -0.042938 -0.205514 0.212570 -0.034248 0.077163 -0.069684 -0.297108 0.099574 0.086947 0.151446 0.007254 -0.160464 -0.076597 -0.003111 0.232530 -0.091185 0.206693 -0.401242 -0.174934 0.051427 -0.070847 -0.177639 -0.015395 -0.041042 
-0.163149 0.267782 0.050088 -0.043770 -0.063742 0.153376 0.025115 -0.159211 0.007018 -0.033997 0.196928 0.303923 0.012895 0.038404 -0.127979 0.148213 -0.084458 0.189787 -0.230439 -0.014235 -0.113306 0.101895 0.041599 0.192383 -0.009227 0.036385 -0.113838 -0.007334 0.168728 0.226382 -0.175595 -0.029582 -0.105462 0.177131 -0.005724 0.069949 0.140725 0.025152 -0.024219 0.043635 0.072972 -0.160206 -0.101225 0.187434 -0.233133 -0.045405 0.241874 -0.091760 -0.198352 -0.278704 
-0.144097 -0.055167 0.014953 -0.286899 0.040331 -0.084096 -0.074817 0.222073 0.276721 0.028835 0.108081 0.048919 0.020444 0.068842 0.158597 -0.075467 0.198908 0.244055 0.050517 -0.021049 0.126412 0.045090 -0.150488 0.268653 -0.009244 -0.138601 -0.226762 -0.026855 0.196055 0.086759 0.133520 -0.283264 0.125951 -0.054770 0.101794 -0.149906 -0.090772 0.023724 -0.229704 0.212839 -0.003895 0.099078 -0.002500 -0.015650 0.153738 0.088590 -0.026768 -0.258105 0.066481 0.015785 
-0.139933 -0.161403 0.251028 0.168973 -0.140457 -0.141110 0.141771 0.204733 -0.023821 0.022861 0.039034 0.238055 -0.146347 0.052785 0.086522 0.102503 0.069030 -0.041881 0.061937 -0.186247 0.021726 0.077617 0.076837 0.090197 0.011111 -0.128387 0.197632 0.159603 0.073449 -0.008505 0.116609 0.054881 0.257583 0.138725 -0.110674 0.009561 -0.110087 -0.010448 -0.291890 -0.226611 -0.131768 -0.270332 0.109613 -0.030394 -0.029330 -0.049224 0.194441 0.252148 0.178174 -0.066032 
-0.148665 0.056343 0.032284 -0.059136 0.116446 0.153912 0.010814 0.012939 -0.099818 -0.092416 -0.073531 0.120679 -0.227620 -0.053930 -0.238003 -0.076311 -0.094776 -0.090051 -0.004077 0.127479 -0.143935 0.138923 -0.022764 0.279135 0.081673 -0.129470 -0.047087 0.114021 -0.221207 -0.042557 0.122478 -0.007866 0.102186 -0.203884 -0.059484 0.201327 0.497534 0.019776 -0.050806 0.043534 0.070121 -0.007465 0.182158 -0.089590 0.113847 0.178565 0.045298 -0.054556 0.153799 0.229177 
-0.153489 -0.224167 0.060408 -0.018967 -0.175242 0.105699 0.213685 -0.102057 -0.158587 0.185387 0.016710 0.131522 0.143094 0.073005 -0.050994 0.109947 0.183008 -0.001581 0.067771 0.066878 0.158399 -0.376949 -0.019586 -0.055087 -0.020082 -0.086968 0.183711 0.011578 0.060520 0.149502 -0.169203 0.152114 -0.014313 -0.081714 0.059890 -0.073178 0.302662 0.193385 -0.128349 0.055403 -0.096231 0.311943 -0.050983 0.046598 -0.001043 0.229246 -0.148541 0.002219 0.056679 -0.142466 
-0.139809 0.241349 -0.043945 -0.081766 -0.048005 -0.160604 -0.064587 0.231842 -0.182624 -0.053384 0.063014 0.241399 0.190811 0.177223 0.202237 0.244424 -0.048171 0.078532 -0.177220 0.177630 -0.195275 0.044796 0.022577 0.031804 -0.247435 0.035134 0.246113 0.062103 -0.006260 -0.099988 0.021974 -0.000656 -0.216633 -0.268145 0.079767 0.081731 -0.156090 -0.172147 -0.003414 -0.139154 0.062083 0.252030 0.024675 -0.043505 0.005143 0.034497 -0.038226 0.034926 0.082526 0.155938 
-0.149206 -0.072989 0.027418 0.042198 0.239542 0.080316 -0.099584 -0.320694 -0.101080 -0.112082 -0.272307 0.247418 0.139271 0.150643 0.110950 -0.111617 0.049651 -0.038524 -0.077981 0.098703 -0.115311 -0.179293 -0.058413 -0.108513 0.091712 -0.104763 -0.235508 -0.038174 0.039819 0.026904 -0.018962 0.079576 0.244741 -0.087395 -0.251927 -0.105937 -0.272815 -0.026887 -0.097775 0.041473 0.057826 0.127833 0.086564 -0.189312 -0.182689 0.024130 0.218911 0.029337 -0.110432 0.126333 
-0.140237 0.180091 0.237231 -0.292556 0.091157 -0.155846 -0.057637 0.116638 -0.019388 0.103337 -0.119571 -0.063527 0.151566 -0.125065 -0.155704 0.015159 -0.087416 -0.277869 -0.035575 0.032212 0.080844 -0.211135 -0.127586 -0.112025 -0.057453 0.050491 0.018372 0.345745 -0.251108 -0.045915 -0.129126 -0.100452 0.069580 -0.126310 0.127751 -0.209595 0.010533 0.065480 -0.137180 0.049097 0.130055 -0.221502 -0.167450 -0.048317 -0.068081 -0.210204 0.091685 -0.068066 -0.010769 -0.119506 
-0.150366 -0.111773 0.106962 -0.294680 -0.112655 0.032938 -0.181887 -0.048087 0.026095 0.114824 0.157891 0.065212 -0.098657 -0.159886 0.067296 -0.070000 -0.214553 0.174863 -0.083582 -0.093990 -0.017055 0.157992 -0.045766 -0.008430 0.011486 0.234215 0.206482 0.014230 -0.117860 0.071292 -0.008599 0.226960 0.149562 0.109388 -0.276853 -0.154140 -0.098405 0.195543 0.133326 -0.096948 0.177954 0.056901 -0.157071 -0.197479 0.203245 0.223866 -0.093795 0.042767 -0.161050 0.071022 
-0.135250 0.180803 -0.040169 -0.184115 -0.054351 -0.153160 0.120422 -0.127111 -0.138399 -0.066057 0.106472 -0.112720 -0.238582 -0.094787 -0.009940 -0.097743 -0.142317 -0.145939 0.080566 -0.270210 -0.041798 0.031007 0.039291 -0.241998 -0.307427 -0.243197 -0.035584 0.094922 0.129802 0.107109 0.010583 -0.062608 -0.050856 0.131899 -0.009554 -0.140090 0.060812 -0.168991 0.013573 -0.022825 -0.365201 0.176040 0.075063 -0.115652 -0.088522 0.133626 0.096484 -0.152195 -0.134496 0.144474 
-0.136971 0.027933 0.021756 0.066710 -0.104863 0.141078 0.237213 0.058455 -0.188290 -0.342087 0.133800 0.137742 -0.048667 0.167013 -0.081904 -0.146181 -0.112953 0.050185 0.095874 0.063029 0.137392 -0.225534 -0.103923 -0.059290 0.035072 0.124388 0.036864 -0.023080 0.083380 0.195572 0.112570 -0.117794 0.159848 -0.054047 0.148638 -0.108247 -0.048259 -0.314793 0.279918 0.057884 0.124779 -0.213702 0.008228 -0.167252 0.231255 -0.090478 -0.171934 0.040090 -0.062709 -0.054408 
-0.128515 0.073860 -0.091889 0.048353 -0.106538 0.183695 -0.076028 -0.159744 0.032453 0.204772 0.015595 -0.119042 0.153629 -0.141514 -0.088748 0.043109 0.074305 0.075170 -0.180539 -0.160650 0.111182 -0.104322 0.320559 0.317620 -0.229075 -0.065947 -0.173510 0.007110 -0.146634 0.015876 0.211643 -0.039931 0.163815 -0.247901 -0.006585 -0.029061 -0.092183 -0.052809 0.221075 -0.154986 -0.211307 -0.011338 -0.066666 -0.205392 -0.058429 -0.091860 -0.081789 0.108913 0.119909 -0.137696 
-0.146053 -0.088741 -0.112389 -0.206339 -0.218646 0.259665 0.068376 0.119379 0.222227 -0.186818 -0.150812 0.102234 0.204544 -0.100343 0.007212 -0.089433 0.294737 -0.295106 -0.048740 -0.187957 -0.022194 0.047883 0.018608 0.008330 -0.108145 0.000543 0.085614 -0.123622 -0.033641 -0.189255 0.070215 -0.087790 -0.136439 0.137164 0.105087 -0.087886 0.077494 -0.010260 0.126917 0.041634 0.166472 0.032859 0.092316 0.053826 0.019184 0.074576 0.239097 0.277979 -0.194771 0.081038 
-0.125707 0.084596 0.075878 0.187184 -0.005433 -0.126686 0.210225 -0.151286 0.033380 -0.080569 -0.047852 -0.308664 0.123812 -0.048834 0.013021 0.087047 -0.038178 0.084593 -0.330194 0.014016 0.130581 0.042422 -0.078992 0.114315 -0.016768 0.012025 0.080475 0.072547 0.209623 -0.115840 0.180443 0.357738 0.240874 0.118435 0.291280 -0.013895 0.083751 0.044739 -0.056925 0.088723 0.120118 0.098575 -0.047311 0.038962 0.089190 -0.123777 0.114258 -0.079732 -0.104759 0.278605 
-0.156905 -0.115447 -0.264329 0.036703 -0.291724 -0.130744 -0.068583 -0.094189 -0.060460 -0.024494 0.023777 0.130479 -0.235573 0.074911 0.168131 -0.012109 -0.121495 -0.128838 -0.169661 0.006572 0.017928 0.003438 -0.096073 -0.013691 0.069246 -0.006160 -0.293209 -0.012357 -0.112395 0.083826 -0.106277 0.028108 -0.097237 -0.184986 0.313553 -0.064159 -0.105191 0.366771 -0.011406 0.003543 -0.135170 -0.234777 -0.023013 0.138392 0.008797 -0.006956 -0.084239 0.152346 0.000389 0.236043 
-0.142041 0.236646 0.046176 0.141801 -0.170347 -0.121775 0.021647 0.072925 -0.100396 0.133948 -0.025802 -0.049784 -0.102136 -0.171770 0.116075 -0.037680 0.413150 0.124533 0.146272 0.104779 0.000836 0.052282 -0.135417 -0.030163 -0.072325 0.128883 -0.169146 0.261749 -0.171421 0.158610 0.062873 0.036796 0.074709 0.090696 -0.149006 0.098966 -0.008219 -0.018463 0.106093 0.155395 0.139344 0.074693 0.263486 0.119023 -0.208447 -0.044717 -0.226660 0.129065 -0.203007 0.041063 
-0.136872 0.127132 -0.269962 -0.088758 0.107046 0.012969 -0.069413 -0.153452 -0.356753 -0.033605 0.028262 -0.105670 0.176014 -0.156274 0.128841 0.059506 0.010023 0.070465 0.039948 0.037066 -0.264013 -0.065524 -0.152345 0.040562 0.156254 0.043215 0.078334 -0.001757 0.018578 -0.139421 0.166443 -0.169437 0.009751 0.379308 0.115679 -0.062027 0.012363 0.219049 -0.075360 0.018342 -0.111061 -0.062339 0.177994 -0.127124 0.149677 -0.004448 -0.032667 0.098579 0.198988 -0.246419 
-0.136801 0.180009 -0.034182 -0.036736 0.002081 0.233023 -0.022890 -0.022138 -0.028085 0.127765 -0.303115 -0.153517 -0.224044 0.058827 0.044830 0.235938 0.172135 0.062930 0.107077 -0.094402 0.042957 0.008274 -0.291791 0.045784 0.080212 -0.106533 0.017961 -0.190723 -0.067247 0.284358 -0.081959 0.078646 -0.197130 0.060978 -0.043827 -0.104101 0.001465 -0.145964 -0.057191 -0.308442 0.073086 0.017240 -0.173934 -0.040688 0.187175 -0.239382 0.095734 -0.003795 0.128187 0.143951 
-0.144736 0.081915 -0.101079 0.130610 0.082100 -0.107466 -0.226883 0.035932 -0.005055 0.009275 -0.102209 0.262694 0.054955 -0.158117 -0.306486 -0.123599 0.151397 -0.009901 0.138407 -0.013086 0.036816 -0.005137 0.167584 0.074207 0.043958 -0.075450 0.352093 -0.103799 -0.029945 0.156750 -0.115533 -0.010886 0.039553 0.173748 0.146216 0.217981 -0.200841 0.087576 0.028287 0.251605 -0.191887 -0.013431 -0.192970 -0.085895 0.045165 -0.131516 -0.062265 -0.105666 -0.050828 0.259329 
-0.120308 0.018313 -0.155476 -0.155959 -0.114283 0.174455 0.061970 0.154183 0.016995 -0.263838 0.063919 -0.106176 -0.280491 -0.007217 -0.192159 0.065617 -0.071962 0.068968 -0.084901 0.163503 0.201313 -0.025301 0.114087 -0.189941 -0.005433 -0.268495 -0.045496 0.001359 -0.144719 -0.125260 -0.008135 0.061691 0.102207 0.138689 -0.008012 0.206516 -0.294638 0.165367 -0.089071 -0.007529 0.212644 0.272848 0.004639 -0.003047 -0.135726 -0.107252 -0.008665 -0.024743 0.162290 -0.200873 
