-0.150153 -0.097906 0.241500 -0.165647 -0.006616 -0.000541 -0.186178 0.084629 -0.034444 -0.036879 -0.085239 0.069417 0.061037 0.239260 0.310194 0.104932 0.012034 0.051976 0.069778 0.073793 -0.071222 -0.042913 0.128371 0.126037 -0.092318 0.004703 -0.331648 0.097704 -0.012167 -0.056773 -0.008914 0.218127 -0.285272 0.029995 -0.148817 -0.284281 -0.108105 0.077332 0.255107 -0.205119 -0.079539 0.087063 -0.002436 -0.224972 -0.014756 -0.060386 -0.000999 -0.031755 -0.190304 -0.100888 
-0.166358 -0.020101 -0.173826 0.130832 0.100050 0.252465 -0.123124 0.122537 0.043217 -0.048706 0.056593 -0.103324 0.199973 -0.154296 -0.022502 -0.242467 0.071752 0.014245 -0.211152 -0.083117 -0.033186 -0.052026 -0.184435 0.019797 -0.029772 -0.026010 0.005715 0.005744 -0.159558 -0.212957 0.059279 -0.162048 -0.226853 -0.034773 0.177776 -0.086690 -0.150621 0.094895 0.122629 -0.194353 -0.048010 0.127304 0.052508 -0.052032 -0.024863 -0.148028 -0.204886 0.399008 0.180800 0.159706 
-0.151026 -0.124801 0.025485 -0.075409 0.129953 0.011579 -0.011450 -0.224643 -0.177845 0.164702 -0.081558 0.179897 0.213458 -0.102805 -0.198098 0.011589 0.149129 0.081994 -0.082948 0.274276 0.004143 0.110019 0.040305 0.309263 0.063112 -0.119470 -0.084455 -0.254984 0.188049 0.032149 -0.081100 0.039327 0.253995 -0.101737 0.042290 -0.088493 0.059945 -0.046675 -0.079886 -0.305899 0.169962 0.053753 0.000621 -0.020879 0.095324 -0.263602 0.059847 -0.089629 0.119150 0.110399 
-0.106761 0.001327 -0.047551 0.025682 0.001716 -0.056283 -0.039910 0.012972 0.140199 0.059573 0.003133 -0.145419 0.053003 0.159735 0.284033 -0.053514 0.255585 -0.064318 -0.039316 -0.070196 0.197896 0.131522 0.045467 0.114915 0.083625 0.041776 0.119299 0.041478 -0.029587 0.383677 0.026156 0.017811 -0.155877 0.044595 0.120519 0.347463 -0.079359 -0.312578 -0.088229 -0.078458 0.205495 -0.161171 0.105288 -0.143069 0.054009 -0.246773 0.087424 0.149628 -0.171130 -0.026563 
-0.170523 -0.193032 0.084173 -0.142105 -0.024286 -0.293430 0.003292 0.120010 0.173408 -0.066009 -0.159082 0.113896 -0.115354 0.180718 0.007204 0.177886 -0.010417 0.240085 -0.123914 -0.081115 -0.015986 -0.102992 0.083354 0.014125 -0.089271 -0.156994 -0.013155 -0.031581 -0.036586 0.052739 -0.047622 -0.206349 -0.058046 0.055435 -0.102278 0.252568 0.169212 0.060713 0.103521 0.032542 0.250076 0.056560 -0.013538 0.060836 -0.007550 0.043066 -0.287929 0.061348 0.436853 0.025173 
-0.143723 0.116888 -0.241923 -0.100920 0.135872 0.182298 0.044826 0.187298 -0.038118 0.070321 -0.135770 0.060716 0.129675 0.040330 0.027525 0.202327 -0.229745 -0.083855 0.005713 0.002647 0.048255 -0.021306 0.279761 0.082003 0.050083 -0.086975 0.282650 -0.057897 -0.183913 0.022947 0.070380 0.214860 0.204632 -0.066450 -0.294555 0.047771 -0.105919 0.008373 -0.020342 0.046096 -0.061100 0.057767 0.303070 -0.091985 -0.347880 0.006671 0.022482 0.099248 0.062648 0.035050 
-0.130178 0.057766 -0.045981 -0.029874 0.182656 0.039645 0.042992 0.140907 -0.244485 0.192669 -0.302639 0.027151 -0.222884 0.195981 -0.196197 -0.088018 -0.083427 0.008430 -0.153656 0.030812 0.156893 -0.376889 0.154615 -0.273154 -0.033739 -0.018351 0.114710 0.020637 0.049881 0.212433 0.031574 -0.041913 -0.050823 -0.088206 0.170828 -0.071349 -0.083265 0.011542 0.036255 -0.137296 -0.108685 -0.113766 -0.305359 0.059669 0.089082 -0.091803 -0.034735 -0.000116 -0.151342 0.020585 
-0.162094 0.004491 -0.087364 0.196395 -0.164265 -0.154525 0.054928 -0.247440 -0.017225 -0.080429 -0.045308 0.141188 -0.217836 -0.027215 -0.208417 0.016565 -0.084109 0.003537 0.005075 -0.283648 -0.081986 -0.083768 0.090261 0.354338 -0.027768 0.068614 -0.014950 -0.005398 0.095057 0.128853 -0.010569 0.063375 -0.368159 0.022845 -0.010312 -0.158380 -0.050616 -0.190116 -0.202428 -0.128351 -0.237146 -0.041046 0.169476 0.183538 -0.157692 0.072135 0.025996 0.039569 0.056857 0.089137 
-0.129141 0.011286 -0.098424 0.195581 -0.136104 -0.127217 0.062933 0.128260 0.105320 -0.113711 0.126072 -0.294982 -0.235627 -0.061042 0.112271 0.040824 -0.002095 -0.014978 0.107027 0.167214 0.185692 -0.078063 0.096964 0.210493 -0.103416 -0.090995 0.010447 -0.395874 -0.047383 -0.117550 -0.300597 0.156815 0.139673 0.060690 0.149576 -0.001027 -0.015132 0.182234 -0.041530 -0.072696 -0.053859 -0.012918 -0.225174 0.030794 -0.142588 -0.066308 -0.131307 0.091219 -0.101729 -0.193840 
-0.123116 -0.019352 0.283904 -0.110441 0.150263 -0.075337 0.080817 -0.078010 0.040776 -0.225437 0.019650 -0.101860 -0.067165 -0.051314 -0.041888 0.198267 -0.012998 -0.066012 -0.117876 0.241266 0.040147 0.041349 -0.332653 0.064795 0.122332 -0.169500 0.151464 0.135548 -0.176473 0.149229 -0.104770 -0.184920 0.014435 -0.145717 -0.110306 -0.019201 -0.274162 -0.022643 0.026388 -0.007544 -0.130947 0.111047 0.125814 0.306049 -0.025351 -0.052326 -0.175077 -0.076145 -0.265678 0.033805 
-0.132479 0.077461 0.127373 0.178866 -0.108752 0.204743 -0.022274 0.186010 -0.040092 0.098648 0.215138 0.070683 0.018862 0.046717 -0.120856 -0.029803 0.177812 0.024231 0.232712 -0.021534 0.290789 -0.015487 -0.023147 0.184602 -0.054461 -0.230282 0.034914 0.069966 0.024893 0.135649 0.125283 -0.028536 0.090965 0.140305 -0.209815 -0.188258 -0.260512 -0.072085 0.130892 0.171557 -0.054692 -0.215915 -0.047427 0.039478 0.276969 0.073473 -0.066501 -0.046753 0.281940 -0.078647 
-0.137623 -0.148192 -0.039305 0.097877 0.107784 -0.109249 0.425983 0.166991 -0.156394 -0.131086 -0.269840 -0.058322 0.189148 0.077347 0.158179 -0.120674 -0.023656 -0.170819 0.025536 0.139865 -0.219543 0.021957 -0.033190 -0.045958 0.087710 -0.186564 -0.064526 -0.144349 0.261692 -0.129100 0.005738 -0.022009 -0.108145 0.145808 0.073016 -0.095565 0.014522 -0.169939 0.007895 0.325642 -0.068695 -0.091901 0.152438 0.077042 0.105548 -0.035883 0.034382 0.105018 0.020977 -0.104059 
-0.135933 -0.104281 -0.125028 -0.057440 -0.181803 -0.126519 0.105291 -0.423406 0.007867 0.008163 -0.141086 -0.165301 -0.103649 -0.111060 0.073792 -0.006432 -0.079362 0.173262 0.112858 0.082106 0.200793 -0.068076 0.045687 -0.140580 -0.092888 0.061500 -0.025969 -0.143088 -0.079802 -0.165699 0.232749 -0.155527 0.113162 -0.202288 -0.148785 -0.087212 -0.183133 -0.168378 0.201947 0.001196 0.112472 -0.065367 0.096858 -0.147355 0.166834 0.189922 0.067326 0.226938 -0.105139 0.053682 
-0.138094 -0.057281 -0.237078 -0.228705 -0.110791 -0.167503 0.093392 -0.134607 -0.117420 -0.073799 0.048525 0.092303 0.042288 0.089073 -0.031243 -0.164319 -0.172476 0.036474 -0.041996 -0.028964 0.299882 0.017513 -0.300451 0.046205 0.033241 0.054291 0.097619 0.314830 0.074573 0.034740 -0.093688 -0.008642 0.165971 0.446707 0.054433 -0.196410 0.072996 0.058351 0.040926 0.041845 0.032316 0.054034 -0.032989 -0.212272 -0.195012 -0.116623 -0.059322 -0.006755 -0.031963 -0.048916 
-0.154326 0.164897 0.277964 -0.111712 0.127968 -0.160173 0.066810 -0.010152 0.143809 0.135965 -0.088545 0.057796 0.042287 -0.203576 0.090712 -0.405057 0.074958 -0.054982 -0.027753 -0.112748 0.030824 0.149781 0.212737 -0.085235 -0.205467 -0.044376 0.158720 0.113423 0.117594 -0.148997 -0.165415 -0.045798 0.034257 -0.073829 -0.040366 -0.050044 -0.203575 -0.051169 -0.304883 -0.071337 0.010470 0.087060 -0.005710 -0.151831 -0.056921 0.200639 -0.196638 -0.096562 0.017567 -0.159937 
-0.139256 0.203577 -0.019545 -0.020261 -0.000298 0.160885 -0.020855 -0.118354 0.010207 -0.246682 -0.206814 0.221497 -0.064354 -0.238820 0.052383 0.060475 0.099726 -0.106576 0.161592 0.005545 0.048541 -0.097774 -0.082476 -0.054593 -0.283423 -0.172099 -0.218133 0.107962 0.167753 0.066068 -0.055599 0.079219 0.040082 0.029333 0.024620 0.273137 0.040770 0.328085 -0.061072 0.077327 -0.005422 -0.261163 0.129770 -0.086036 0.033033 -0.054638 -0.063168 0.075234 -0.134131 0.276751 
-0.139941 -0.031719 -0.010023 0.304492 -0.006665 -0.091655 -0.279001 -0.169200 0.167577 0.042712 -0.070740 0.112521 0.320770 0.017910 -0.035612 -0.020012 -0.118858 0.051509 -0.087842 0.108416 0.053236 0.090919 0.226444 0.024214 0.072805 0.044804 -0.029678 -0.100487 0.118494 0.109160 0.210661 -0.338805 -0.009509 0.122117 0.067276 0.130296 -0.113123 0.258371 0.105671 0.224563 -0.187344 0.031551 -0.089747 0.026116 -0.174225 0.007807 0.007976 -0.134116 -0.169863 -0.129607 
-0.144567 -0.031787 0.168207 -0.152722 -0.018285 0.196764 0.073068 -0.079565 0.035579 0.033468 0.154318 0.142835 -0.287777 -0.005848 0.070115 -0.057863 -0.207451 -0.337108 0.146713 0.122968 -0.094933 0.113563 0.114002 0.030804 0.038044 0.182043 0.196627 -0.035651 0.174723 0.113770 0.094503 -0.104157 -0.093143 0.075724 0.087338 -0.030422 -0.053321 0.279586 0.099462 -0.044315 0.279559 0.155971 0.005735 0.163345 0.064471 -0.021181 0.177034 0.263709 0.105697 -0.096960 
-0.139107 0.117751 0.139376 -0.133909 -0.176547 0.191015 0.011117 0.015456 -0.013393 0.118715 0.116685 -0.136907 0.034722 0.019423 -0.062048 0.142929 -0.035845 0.011721 -0.125535 0.314331 -0.108540 0.012604 -0.031249 -0.203849 0.088646 0.098556 -0.165080 -0.159413 0.041983 0.179140 -0.036685 -0.051485 -0.011133 0.282065 0.198471 0.024714 -0.005752 -0.152747 -0.086724 -0.172228 -0.106748 -0.187405 0.161541 -0.155945 -0.155650 0.403295 -0.169193 0.010855 0.108444 0.076363 
-0.158576 -0.001083 -0.081791 0.012217 -0.241965 -0.208696 -0.007223 0.173312 -0.182491 0.238443 0.133659 0.118346 0.093349 -0.258210 0.000402 0.127972 0.012136 0.085141 0.205781 0.082519 0.178088 0.020346 -0.061357 -0.233237 0.007630 0.021404 0.089324 0.023989 0.081799 0.107594 -0.093200 0.116747 -0.245064 -0.287462 0.215282 0.055946 0.099709 0.058366 0.112827 0.083781 -0.105036 0.276030 0.278489 -0.016142 0.085460 -0.072829 -0.067329 -0.097666 0.032590 -0.086518 
-0.129324 0.224008 0.012509 0.106706 -0.306140 0.005129 -0.246939 0.024108 -0.052890 -0.139212 -0.030286 -0.102050 0.066652 0.206953 0.196556 -0.201221 -0.100281 0.192245 -0.006901 0.158575 0.006261 0.109754 0.016006 -0.282724 -0.014066 -0.164426 0.042729 0.024985 0.070803 0.039228 -0.150512 -0.020413 0.016659 -0.029503 -0.209047 -0.136518 0.070939 -0.029977 -0.213475 -0.048875 0.050870 0.094607 -0.038332 0.292960 -0.044765 -0.106147 0.268523 0.057626 0.103774 0.258604 
-0.153199 0.097306 -0.197855 -0.011945 -0.115923 -0.319795 -0.184951 0.114398 -0.033735 -0.028953 0.119589 -0.038820 0.031239 -0.005632 -0.060069 0.188226 -0.053577 -0.249610 -0.142652 -0.135849 -0.229726 -0.001586 0.054052 -0.093790 0.057813 -0.052544 0.029234 0.134281 0.052190 -0.243764 -0.072738 -0.062268 0.129620 0.012054 0.092172 -0.001652 -0.296216 0.070337 0.121587 -0.238594 0.160575 -0.349991 0.130338 0.054390 0.144780 -0.050560 0.140695 -0.184993 0.030424 -0.075054 
-0.156442 -0.100337 0.056405 -0.195963 -0.061301 0.082396 0.030111 -0.029465 -0.066227 0.031146 0.258236 -0.004853 0.123491 -0.125942 0.131782 -0.311789 -0.250281 0.187729 0.116501 -0.093426 -0.185911 -0.365424 0.038514 0.184826 0.207041 -0.320651 0.064222 0.020404 -0.105800 -0.001859 0.024801 -0.026165 0.002619 0.015030 0.018179 0.296148 0.137914 0.003557 0.012318 -0.107747 -0.087975 -0.061743 -0.036153 0.036971 0.108862 0.122662 0.119667 -0.087461 -0.154246 -0.034733 
-0.139839 0.340736 0.044041 -0.061493 -0.124426 0.082024 -0.037380 0.041125 0.025880 -0.154666 -0.015951 -0.086421 -0.031718 -0.013597 -0.092827 0.090986 0.018789 0.048940 -0.204872 -0.146019 -0.192444 0.063629 -0.120159 0.079664 -0.163232 -0.141434 0.229286 -0.189953 0.046630 0.134519 0.210813 -0.154113 -0.005765 -0.124748 -0.026223 -0.254514 0.392687 0.009163 0.026057 0.043723 0.052287 -0.017989 0.040855 -0.255617 0.100046 -0.075695 -0.010336 -0.029872 -0.161630 -0.283516 
-0.115494 -0.159832 -0.136448 -0.046770 -0.171285 0.263810 0.309816 -0.063614 0.224574 -0.011349 0.017499 0.051296 -0.013929 -0.060851 0.068718 0.001248 0.002773 0.233015 -0.204883 0.084725 -0.160711 0.073293 0.155241 -0.093084 -0.137458 0.300538 0.082424 0.067352 -0.150756 0.038594 -0.172681 0.021713 -0.000873 0.067367 -0.124612 0.010997 -0.068082 0.102826 -0.052569 0.022454 -0.235524 -0.122163 0.025504 0.028866 0.281322 -0.305295 -0.012345 -0.207915 0.062761 -0.080828 
-0.145493 0.144310 0.147634 -0.097626 -0.026545 -0.091429 0.411066 0.092329 0.075262 -0.047057 0.006147 0.025718 0.233905 0.120243 -0.009322 -0.078054 0.133481 -0.033949 -0.049634 -0.255105 0.213227 0.166552 -0.019982 0.005140 -0.080044 0.110629 -0.167472 -0.078811 -0.161076 0.063343 0.075527 0.005738 0.135050 -0.135472 0.143872 0.006582 0.118915 0.155821 0.258966 -0.188736 -0.134733 -0.055901 -0.031701 0.236028 -0.145529 0.143247 0.283625 -0.014547 0.039492 0.084273 
-0.168558 -0.126256 0.089686 0.017987 0.096175 0.199344 -0.189392 -0.198130 -0.260899 0.013221 -0.052866 -0.073367 -0.139893 -0.049869 0.204739 0.045677 0.041884 0.264350 -0.077919 -0.300847 -0.137948 0.182228 0.052632 -0.038627 0.031528 -0.038729 -0.021850 0.071715 -0.054324 0.090077 -0.107893 0.182197 0.239701 -0.067967 0.357140 -0.111334 -0.074375 -0.023742 0.114355 0.277512 0.078110 -0.087886 0.040836 0.180085 -0.137985 0.046494 -0.071544 0.026524 0.057026 -0.124706 
-0.129803 0.049887 -0.036098 0.132434 0.056489 -0.075611 -0.005822 -0.009462 0.136916 -0.227864 -0.146022 -0.095017 0.085713 -0.254717 -0.189646 -0.086866 0.181427 -0.038486 0.285000 0.198588 -0.242688 -0.128302 0.163362 -0.040756 0.172122 0.118903 0.038271 0.291090 -0.162644 0.252885 -0.190053 0.006407 0.043085 -0.049240 -0.027340 -0.125344 0.140374 -0.118506 0.252860 -0.018073 0.100824 -0.024361 -0.167178 -0.111434 -0.138396 0.041547 0.090342 0.039551 0.126767 -0.064700 
-0.133387 0.002752 -0.162205 -0.153991 0.252840 -0.018364 -0.140908 0.063405 0.202892 0.081864 0.176845 -0.024880 -0.249818 0.164622 -0.288426 -0.235324 0.194065 0.085766 0.073989 0.136739 -0.069422 -0.015318 0.073137 -0.040076 -0.284017 -0.074532 -0.126814 -0.074092 -0.085599 -0.087856 -0.014275 -0.030091 0.011000 0.161644 0.085423 -0.003348 0.040603 -0.123799 0.124330 0.178437 0.014233 0.139573 0.342779 0.112944 -0.049339 -0.029003 0.189048 -0.120558 -0.165363 0.048917 
-0.138159 -0.069660 0.007017 -0.003392 0.180482 -0.121205 -0.057309 -0.084390 -0.172319 -0.178070 0.368803 0.036784 0.171039 0.026687 -0.119920 0.087438 0.020476 -0.000796 -0.300121 0.222868 0.100474 0.063223 0.177787 0.005344 -0.214984 0.080764 0.113722 0.193479 0.064440 -0.101799 0.023400 0.267473 -0.113586 -0.082621 -0.089793 0.100249 0.194883 -0.047676 -0.035345 0.119136 -0.041778 -0.149500 -0.157873 0.080432 0.107799 0.194595 0.009305 0.296862 -0.053307 -0.048911 
-0.160393 0.130532 0.046806 -0.003595 0.038724 0.050548 0.231691 0.074715 -0.150186 -0.098197 0.197643 0.070857 0.064817 0.024495 0.039640 0.290574 0.140039 0.207766 0.212381 -0.001967 0.005082 -0.104791 0.208662 0.013264 0.054270 0.096986 -0.009250 0.099280 -0.138249 -0.245844 0.163473 -0.279321 -0.097916 0.046612 0.192089 -0.119880 -0.053267 -0.024833 -0.328815 0.100917 0.259768 0.035615 -0.122343 -0.031127 -0.133850 -0.122229 -0.003524 -0.095693 -0.125649 0.167757 
-0.151939 0.228899 -0.054213 -0.152572 0.197557 0.043572 -0.083855 -0.132836 -0.011215 0.244596 0.037350 0.039054 -0.114940 -0.043146 0.056770 0.085866 -0.129475 -0.128474 0.094688 -0.030808 0.133194 0.151618 -0.035076 -0.028025 0.190180 -0.007371 -0.286958 -0.002396 -0.118996 -0.176402 -0.242235 -0.283828 -0.127983 -0.092525 -0.160664 0.041653 0.229546 -0.142916 -0.012801 0.096338 -0.212250 -0.217962 -0.113679 0.029133 -0.040620 -0.201748 0.031148 0.123083 0.127389 -0.197640 
-0.117514 -0.096555 -0.059351 -0.194241 -0.027762 0.107561 -0.244788 0.062555 -0.187124 -0.121504 -0.270008 -0.216737 0.046521 0.007279 0.114014 0.117915 0.097092 -0.161269 0.100653 0.048558 0.068913 -0.066458 -0.081617 0.258532 -0.264429 0.214647 0.162422 0.066077 -0.000686 -0.105186 -0.013335 -0.206052 0.039840 0.015291 0.137374 0.155102 0.031345 -0.090683 -0.108471 0.016179 -0.245061 0.169734 -0.079932 0.017262 0.122785 0.173440 0.229634 -0.168241 0.203352 -0.023454 
-0.134105 0.021305 -0.153628 0.194994 0.201912 -0.042466 -0.040452 0.068786 0.005636 -0.070593 0.059672 0.289382 0.067585 -0.063584 0.192721 0.032993 -0.142372 0.022982 0.141819 0.008214 -0.102313 -0.096389 -0.265005 -0.159091 -0.245668 0.164271 -0.185779 -0.074062 -0.109419 0.159851 0.209017 0.036072 0.206754 0.072955 -0.062745 0.030066 -0.015690 -0.218590 -0.163621 -0.247374 0.071752 0.101660 -0.044592 0.205138 0.035254 0.026572 -0.081882 0.020727 -0.004991 -0.328860 
-0.133987 -0.097098 0.052640 0.141208 0.008745 0.112472 0.094116 -0.172276 0.185235 0.272478 0.088718 -0.206699 0.104352 -0.101707 0.127175 0.103006 -0.046961 -0.253320 -0.268262 -0.008609 0.085376 -0.395290 -0.147822 -0.026247 -0.195676 -0.080377 -0.114506 0.075041 0.044380 0.047178 -0.030893 0.081505 -0.106102 -0.086902 -0.067716 -0.116383 0.046941 -0.005009 -0.036116 0.177719 0.265246 0.038446 -0.035965 0.012049 -0.203968 -0.021706 0.179530 -0.237485 0.124422 0.013357 
-0.131308 -0.121880 0.224360 0.130872 -0.280126 0.082948 0.022828 -0.010169 -0.037597 0.237009 -0.022429 0.202293 0.003320 0.023090 -0.111980 0.150869 0.231192 -0.082710 0.024037 -0.134316 -0.200737 -0.036370 -0.114322 -0.128866 -0.115727 -0.025937 0.207281 -0.013800 0.063168 -0.232505 -0.127195 -0.025453 0.146997 0.166474 -0.138743 0.199425 0.018000 -0.233231 0.177717 -0.029017 -0.107973 0.108955 -0.169873 -0.007501 -0.189363 -0.103640 0.059439 0.217434 -0.225521 0.033266 
-0.133236 -0.076808 0.261149 0.046125 0.116529 0.103129 -0.084310 -0.029233 0.198486 -0.433036 0.033310 0.123087 -0.085528 -0.045601 -0.130212 0.052312 -0.148053 0.000898 -0.044581 -0.111063 0.261349 -0.054569 -0.004743 -0.260044 0.218998 -0.033475 0.045308 -0.176568 0.068267 -0.169582 0.051852 0.199517 -0.016898 0.029327 0.139676 0.080890 -0.054605 -0.213375 -0.000290 -0.019519 -0.093959 0.081015 0.006261 -0.230925 0.033100 -0.146297 0.214776 -0.144743 0.179353 -0.039958 
-0.115371 0.172175 0.286567 0.059348 0.046377 -0.274966 0.009505 -0.064654 -0.181407 0.146051 -0.033679 -0.254075 0.066965 0.009682 -0.222547 -0.018890 -0.239534 0.001204 0.065308 -0.064524 -0.195601 0.042330 -0.092066 0.029645 -0.123588 0.109616 -0.104917 -0.071985 -0.318918 0.104069 0.058978 0.187929 0.021501 0.174805 -0.018883 0.143131 -0.146851 0.132909 -0.115779 0.183411 -0.018094 0.104904 -0.043793 -0.185519 0.181317 -0.206405 0.081372 0.112301 0.106808 0.114166 
-0.145549 0.131492 0.035159 0.071746 -0.004349 -0.007581 -0.103907 -0.003083 0.302419 0.145438 -0.160120 0.278151 0.084920 0.263884 0.044403 -0.059335 -0.132947 0.032943 0.098341 0.146467 -0.035613 -0.051647 -0.279580 0.182529 0.098048 0.209427 0.241378 -0.065583 -0.143688 -0.202286 -0.112785 0.192961 -0.030753 -0.161278 0.208014 -0.088616 0.067956 -0.021687 0.006972 0.162437 0.116785 -0.213653 -0.029901 0.018899 0.131391 0.157488 -0.092376 -0.041800 -0.062459 0.164497 
-0.144192 0.078530 -0.180627 0.046848 0.317211 0.055185 0.064460 -0.046270 -0.036963 0.068221 -0.063698 -0.110237 0.009270 -0.058826 -0.025057 0.145157 0.149206 0.302832 0.060427 -0.129926 -0.016309 0.122511 -0.234556 -0.083969 0.130551 0.012179 0.163158 -0.159360 0.158435 -0.002588 -0.170261 0.076750 -0.297448 0.201314 -0.244582 0.077730 -0.116967 0.226706 0.037845 -0.100446 0.128483 0.042802 -0.118238 -0.016663 0.047905 0.275287 0.213741 -0.083763 -0.050660 -0.048322 
-0.140140 -0.115685 -0.161701 -0.270443 -0.132484 0.060018 -0.015948 0.328190 0.223840 -0.019393 0.032637 -0.020837 0.030242 -0.088344 -0.200193 0.044050 -0.175503 0.080228 -0.028617 -0.104674 -0.091013 0.132327 -0.096033 0.100506 0.025891 0.046496 -0.282019 0.017388 0.268831 0.144824 -0.035805 0.012814 0.074409 -0.261382 -0.015375 0.010857 -0.244641 -0.122834 -0.120442 0.211772 0.051426 0.081694 -0.300525 -0.056049 -0.020019 0.054308 0.077004 0.136552 -0.137654 0.078836 
-0.128544 -0.313198 -0.029798 0.093743 -0.029553 0.104296 0.017963 0.073403 -0.049005 0.037959 -0.091618 -0.131166 -0.076446 -0.064696 -0.126802 -0.065882 -0.231808 -0.096396 0.182009 0.063968 0.012407 0.462922 -0.039235 -0.065266 -0.184699 -0.184634 0.070183 0.073723 -0.152832 -0.066020 0.230688 0.061284 -0.204158 -0.018130 -0.003984 0.059361 0.147606 -0.057859 0.025674 -0.162619 0.111903 -0.209102 -0.161316 0.004365 -0.158204 -0.024254 -0.116578 -0.284629 -0.049215 0.109031 
-0.142922 -0.373033 0.129157 0.222353 0.030262 -0.066596 -0.045569 0.215868 -0.139767 0.015945 0.051059 0.059942 -0.221270 0.084373 -0.015322 -0.141350 0.135953 0.038004 -0.051434 0.037893 -0.001129 -0.035733 -0.172075 -0.012342 0.129973 0.154754 -0.044914 0.031990 -0.068086 0.025325 -0.004374 -0.163249 0.137264 -0.219377 -0.161300 -0.032592 0.082339 0.275967 -0.273523 -0.002389 -0.050677 -0.199795 0.219359 -0.261865 -0.127940 0.075175 0.210918 0.077051 -0.011441 -0.059607 
-0.159070 0.043856 -0.110094 -0.046470 -0.217044 0.151647 -0.027179 -0.092038 -0.305264 -0.213506 0.003951 0.066628 0.050139 0.166379 -0.148358 -0.246346 0.154329 -0.274755 -0.081676 -0.086200 0.034591 -0.033875 0.030367 -0.040582 0.152383 0.173593 -0.159226 -0.224203 -0.172874 -0.015139 -0.112640 0.045364 -0.092261 -0.093010 -0.212713 0.170530 -0.057946 0.002195 0.024207 0.134497 0.247479 0.133070 -0.024098 0.037157 0.008863 0.075495 -0.258436 -0.220596 -0.076196 -0.097082 
-0.124582 0.106533 -0.131147 0.341413 0.029483 0.151121 0.206593 -0.155032 0.059535 0.030498 0.037876 -0.084587 -0.102925 0.387353 -0.049765 0.094888 -0.094798 -0.036263 0.016139 0.013460 -0.057573 0.120652 0.040895 0.047634 0.055034 -0.195154 -0.144962 0.344746 0.085124 -0.055147 -0.081765 -0.024900 0.151512 -0.158376 0.121174 0.162767 0.043801 0.023945 -0.010327 -0.134059 -0.052866 0.337405 0.031195 -0.202865 0.190761 0.149206 -0.048644 -0.012366 0.010802 -0.052915 
-0.161325 -0.097370 -0.167993 -0.243727 -0.001542 -0.129131 -0.047448 -0.237346 0.175472 0.051343 0.103205 -0.071611 -0.002244 0.175344 0.061915 0.029061 0.353453 -0.173796 0.170872 -0.027606 -0.176354 -0.028919 -0.069676 -0.195995 0.167072 -0.141945 0.080762 -0.053047 0.013672 0.038251 0.333396 0.203879 0.038707 -0.077880 0.003588 -0.084425 -0.006642 0.170839 -0.207565 0.024980 -0.275549 0.020299 -0.185366 0.014452 -0.038277 -0.055738 -0.135304 0.008897 0.149463 0.032530 
-0.142861 -0.059922 0.052074 0.087090 0.246213 -0.038439 -0.039581 0.036329 -0.015439 -0.034375 0.238218 -0.220932 0.041880 0.050732 0.129847 -0.007953 -0.126667 -0.077053 0.163243 -0.231639 -0.028595 -0.047686 0.067692 -0.033521 -0.019321 0.304890 0.080900 -0.113290 0.321095 0.086094 -0.093391 -0.108679 0.168280 -0.034772 -0.165530 -0.073756 0.172084 -0.070969 0.169880 -0.031321 -0.086295 -0.014163 0.063138 -0.030645 0.078277 -0.081737 -0.284422 -0.127661 -0.066005 0.404795 
-0.133193 0.186142 0.124301 0.004525 -0.071754 0.041538 -0.004236 0.102407 0.048708 0.082990 -0.173024 -0.272020 -0.114844 -0.091521 -0.088678 -0.079841 0.062198 0.181019 -0.043789 0.095031 0.062181 -0.080692 -0.049287 0.122012 0.215047 0.251111 -0.095235 0.228889 0.276523 -0.255603 0.351403 0.204766 0.070918 0.032048 -0.114274 0.179909 0.099039 0.022840 0.021789 -0.057907 0.048366 -0.015724 0.116592 0.244311 -0.082920 -0.142146 -0.127443 -0.025092 -0.003212 -0.164445 
-0.136610 0.151232 -0.104965 0.105870 0.013930 -0.150789 0.022938 0.137438 -0.071255 0.058940 0.023299 0.198928 -0.357882 -0.280848 0.315481 -0.049474 0.095536 -0.079364 -0.335060 0.118185 -0.047969 0.124573 0.026502 0.112221 0.166782 -0.020806 -0.050853 -0.003592 -0.119885 0.009446 0.189420 0.044005 0.056562 0.115384 -0.046337 0.002870 0.037160 -0.095756 0.144230 0.097296 -0.082840 0.170595 -0.184638 -0.100622 0.080345 0.108089 0.062143 -0.144387 0.012389 0.312613 
-0.136362 -0.201372 0.024813 0.013850 -0.040708 0.037212 -0.123805 0.086661 0.170841 0.090951 -0.185460 -0.065303 0.096182 -0.162470 -0.094972 0.145442 0.020319 -0.165680 -0.031643 -0.196040 0.186362 0.021404 0.172074 -0.077565 0.192024 -0.053271 -0.094303 0.048662 -0.191183 -0.003818 -0.050628 0.043051 0.081308 0.270096 -0.008665 -0.216801 0.262721 0.070766 -0.221374 -0.035239 0.067650 0.130710 0.103106 0.175995 0.353211 0.146128 -0.032970 0.131790 -0.248891 0.038267 
