-0.135576 0.141221 -0.278452 0.099609 -0.006306 0.109294 -0.196086 0.103923 -0.153798 -0.001965 0.124836 -0.051894 0.037702 0.146042 0.061992 -0.129161 0.090758 -0.043879 0.103376 -0.173826 -0.054734 0.143993 0.146493 0.124700 -0.243218 0.104125 0.204504 0.069681 -0.046770 0.234205 -0.027031 -0.091469 -0.150195 -0.119778 -0.070224 -0.069740 -0.366432 0.042460 0.314881 0.043458 -0.053366 -0.189749 -0.038964 -0.018238 0.103566 -0.122614 0.099950 -0.182759 -0.161362 -0.115983 
-0.142930 -0.050702 -0.106469 -0.169701 -0.031285 -0.129665 -0.114646 -0.224236 0.040095 0.136565 0.034452 -0.000261 -0.039169 -0.067625 0.023746 0.103597 -0.350083 0.119044 0.121970 0.296004 -0.178211 0.082501 0.181202 0.167223 0.092380 0.041928 -0.088564 0.019878 0.059936 -0.134685 0.136244 -0.034187 0.274631 -0.025416 -0.042302 -0.148516 0.148468 -0.259899 0.285842 -0.089624 -0.006728 -0.000660 0.084373 0.060379 0.207994 0.034674 0.121899 -0.155244 -0.168707 -0.127593 
-0.148214 -0.127860 0.242179 0.036994 0.051808 0.022255 -0.104059 0.032550 -0.280465 0.013137 0.186544 -0.119451 0.046095 0.299224 0.042374 0.108630 -0.084069 -0.065930 0.004949 0.085340 0.129053 -0.052031 -0.096697 -0.230212 -0.138596 0.218380 -0.139682 -0.009519 -0.248253 0.101141 0.220044 -0.198933 0.164832 -0.020716 0.154889 0.108725 -0.040787 0.027406 0.084095 0.006376 0.140646 -0.007984 0.274205 -0.008165 0.201179 0.137898 -0.174257 -0.014129 0.181588 0.124865 
-0.111124 -0.186502 0.071258 0.078993 0.169629 -0.172117 -0.054112 0.124837 -0.029066 0.106656 -0.012275 0.046595 -0.007726 -0.135575 -0.009212 -0.091820 0.070266 0.216954 0.154949 0.033980 -0.305984 0.198640 0.155131 -0.159825 0.183779 -0.024940 0.118521 0.056948 0.004942 -0.124497 -0.342025 0.028253 0.019308 -0.191351 0.118329 0.075060 -0.176922 -0.066512 0.065105 0.175544 -0.115165 -0.124165 0.141971 -0.133823 -0.097448 0.263647 -0.218847 0.054778 0.048054 0.227881 
-0.150459 0.030637 -0.108348 -0.092216 0.305218 -0.032834 0.056706 -0.063364 0.016780 -0.024043 0.187473 0.155305 0.070551 0.042347 -0.097371 0.084291 0.098738 -0.062911 -0.201060 -0.278407 0.011784 0.107253 -0.081665 0.031071 0.387073 0.040115 -0.038141 0.061831 -0.122560 -0.091164 -0.200582 -0.296932 -0.012153 0.122789 -0.023929 -0.026655 0.223691 0.172389 0.115972 -0.042600 0.089240 -0.255083 0.112991 0.162921 0.119889 -0.080985 0.173383 0.177825 -0.070655 0.019726 
-0.148231 0.287092 -0.002615 0.090456 0.026950 -0.338976 -0.313343 0.113380 -0.085954 0.103029 -0.038431 0.003451 -0.061801 0.013486 0.056814 0.018970 0.240583 0.281892 -0.036412 0.133043 0.059450 0.100904 -0.232223 -0.115365 0.102538 -0.151878 -0.101300 -0.139834 0.065816 0.081011 0.168186 0.132054 -0.090778 0.088145 -0.084044 -0.210845 0.042548 0.088994 -0.145519 -0.010015 -0.068721 0.014445 0.159025 0.008579 0.066101 -0.121461 0.173805 -0.196123 -0.027166 0.242830 
-0.142657 0.184198 0.145021 -0.036976 -0.044293 0.118229 -0.265975 0.013350 -0.009556 -0.250930 0.238800 -0.059207 0.030637 0.094154 0.170864 -0.205114 -0.248516 -0.024064 0.116347 -0.061369 -0.058355 0.115781 0.077979 0.092197 0.286085 0.055518 0.182175 0.001654 0.006194 -0.283978 0.135584 -0.062011 -0.043741 -0.085075 0.140323 -0.020947 -0.101539 -0.027925 -0.399994 -0.170075 0.091109 0.068196 -0.138878 -0.099214 -0.021354 -0.122451 -0.017189 0.093266 -0.027307 0.056383 
-0.133884 -0.076515 0.034085 -0.009540 -0.183855 0.195171 -0.154320 0.026598 0.046197 -0.027583 -0.254701 0.209244 -0.036958 0.199074 0.125183 0.015047 0.011948 -0.203905 -0.018472 -0.042199 0.002604 0.134770 -0.013070 0.157912 -0.151813 -0.511169 0.059492 0.148722 -0.124176 -0.163797 0.049559 0.001923 0.034472 -0.141104 0.109217 0.119015 0.205408 0.105829 0.085951 -0.013350 -0.170283 -0.003678 0.295885 -0.105251 -0.041661 0.027796 0.142209 0.042962 0.005217 0.088831 
-0.141914 -0.016946 -0.120214 -0.003258 -0.075119 -0.114710 0.067290 0.264274 -0.132148 -0.140832 0.178102 -0.042173 0.200712 -0.234151 -0.166854 0.062015 -0.128991 0.047193 -0.294809 0.107853 -0.182265 -0.100123 0.022345 -0.025127 0.060889 -0.179664 -0.074846 0.181221 0.017794 0.096648 0.158232 0.050606 -0.210666 0.012749 0.292272 0.001392 0.087162 0.173229 0.176174 -0.247824 -0.055359 0.002301 -0.091758 -0.271574 -0.034713 -0.005787 -0.097970 -0.063533 0.122784 -0.160182 
-0.133027 -0.137676 -0.076510 -0.088400 0.157229 -0.074829 0.040728 -0.018288 0.195224 0.195438 0.230729 -0.024543 -0.041111 0.281893 -0.206446 -0.226295 0.187564 -0.190150 0.025801 0.223060 -0.097828 -0.040331 0.190842 0.082640 -0.177090 0.050096 -0.185844 -0.065067 -0.068651 0.034985 0.037916 0.241703 -0.124234 -0.121144 -0.096974 -0.048314 0.163940 0.068877 -0.303829 -0.103118 -0.023429 -0.204445 0.030080 -0.176968 0.056954 0.021832 -0.059486 0.129358 -0.136195 -0.063799 
-0.143287 -0.075362 -0.056694 0.011092 -0.340432 -0.173660 0.054993 -0.156048 0.026504 -0.090041 0.053906 -0.052418 -0.034878 0.310471 0.066486 0.162007 0.231952 0.049894 0.011738 -0.039625 -0.128846 -0.219453 -0.167676 0.083676 0.207095 -0.046718 -0.085297 0.049383 -0.026426 -0.204257 -0.070885 0.194615 0.003554 -0.027738 -0.001060 0.009929 -0.220941 0.046450 0.145481 0.014028 0.295340 0.007720 0.095548 0.081151 -0.229008 -0.104462 -0.247561 -0.057535 -0.163435 -0.159452 
-0.122262 0.383686 0.013668 -0.158110 -0.127050 0.050125 0.008694 -0.008472 -0.241384 -0.050903 -0.012436 -0.078641 -0.258970 -0.012623 0.027530 -0.170377 -0.001563 0.055033 0.125642 -0.074431 -0.266153 -0.008801 -0.020940 -0.010575 -0.158370 0.095669 -0.082982 -0.018815 0.258619 -0.003586 0.010870 -0.082348 -0.144416 0.037165 -0.095422 0.208962 0.434102 -0.003879 0.099456 0.165690 0.139121 -0.151696 0.034605 0.045251 -0.142370 0.089382 -0.133895 0.088909 0.128197 -0.040023 
-0.140757 0.014930 -0.137371 -0.069303 0.195507 0.204851 0.049747 0.079194 0.039133 -0.121983 -0.145069 0.094329 -0.077963 -0.264246 0.113901 -0.105985 -0.074756 -0.114221 0.044747 -0.124329 -0.066194 -0.017798 0.184112 -0.006101 0.044032 -0.116002 -0.248202 0.073136 -0.146808 0.114577 0.087247 0.125744 -0.000486 -0.004014 -0.191944 -0.161025 -0.035937 0.153713 -0.021869 -0.010297 0.252527 0.218751 0.111851 0.155953 0.135032 -0.054005 -0.401555 -0.152107 -0.105782 0.228569 
-0.149236 -0.091493 0.067989 -0.235813 0.154563 -0.145966 -0.069074 -0.087438 0.033894 0.144514 -0.117863 0.160423 -0.048571 -0.089005 -0.094361 -0.038875 0.135813 -0.038350 0.206960 0.083108 -0.101515 0.027499 -0.044993 -0.041510 -0.157197 0.003188 0.274847 0.043005 -0.004211 0.037508 0.261412 -0.108875 0.034079 0.382186 0.150201 0.238256 -0.150002 0.223195 0.071388 -0.191910 0.131615 0.115244 -0.170199 0.076598 -0.171294 0.028189 0.016078 0.111908 -0.216150 0.071370 
-0.127247 -0.091830 0.122466 -0.213212 0.112846 0.028206 -0.324057 0.002367 0.195464 -0.037119 0.048038 0.066001 0.121784 -0.155967 0.042624 0.083248 0.256576 0.186199 -0.023818 -0.168254 -0.022390 -0.368000 -0.056311 0.190020 -0.099601 0.110170 0.000436 -0.044652 -0.056378 -0.182230 0.072904 -0.090426 -0.102336 -0.091080 -0.060284 0.107351 0.078511 -0.030427 0.049350 0.284407 -0.201108 0.181791 -0.103925 -0.130977 0.255949 -0.044575 -0.115058 -0.034250 0.057386 -0.112777 
-0.147963 -0.013859 0.087456 0.098898 0.018732 0.184739 0.102147 0.200201 -0.041758 -0.158794 0.141491 0.109152 -0.105748 -0.042058 0.195658 0.176851 0.151529 0.138522 -0.055731 -0.053917 -0.199879 0.174419 -0.191726 0.190477 -0.087180 0.053494 -0.168804 -0.191238 -0.108429 0.150487 -0.078545 0.161747 0.196617 -0.047264 0.122328 0.123834 0.049900 -0.065353 -0.112962 -0.149466 -0.032462 0.043048 -0.225637 0.142699 0.041649 0.352758 0.140805 -0.048302 -0.239398 -0.085852 
-0.153444 0.098053 0.184823 -0.244835 0.075714 -0.115278 0.105784 0.335369 0.058706 0.071555 -0.093529 -0.336691 -0.027795 -0.039584 0.112935 -0.009045 -0.037347 -0.039448 -0.124823 0.055257 0.241997 0.081042 0.092888 0.168262 -0.086690 -0.081183 -0.074340 -0.323857 0.052035 -0.187729 -0.059303 0.036994 0.166133 -0.142527 -0.016945 -0.078620 -0.146231 0.176603 0.276801 -0.005281 0.058536 -0.061299 -0.121925 0.028713 -0.061391 -0.103843 0.000476 0.262467 0.042848 0.037981 
-0.160191 0.036654 -0.189381 0.019970 0.060809 -0.017020 0.108336 0.089909 0.231268 0.236204 0.069062 0.029669 0.202260 0.012594 0.075428 -0.056100 0.003855 0.001015 0.020561 0.026230 0.107525 0.075921 -0.106436 -0.131970 0.026172 -0.030221 -0.124819 0.080197 -0.046528 -0.014723 0.261842 -0.329068 -0.025796 -0.396462 0.000951 0.071777 0.070806 -0.117379 -0.057861 0.121862 0.011426 0.062713 -0.160989 0.218268 -0.424433 0.051591 -0.004066 -0.191450 0.016499 -0.026417 
-0.144183 0.108082 -0.137247 -0.005727 -0.080878 -0.326073 -0.051717 -0.100262 0.154815 -0.242273 -0.178514 0.186498 -0.219855 0.000135 -0.223426 -0.089941 -0.130140 0.111546 -0.259185 -0.016550 0.265795 0.171826 -0.062703 0.202558 -0.184575 0.063665 -0.026001 0.027487 -0.181923 -0.013857 -0.060953 -0.117306 -0.067771 0.006490 -0.018907 0.129276 -0.151309 -0.235902 -0.086591 -0.116651 0.026057 -0.114463 -0.039743 0.004527 0.060587 0.148559 -0.238118 0.005191 0.124353 0.021570 
-0.135952 0.085316 0.026675 -0.134672 -0.036500 0.075644 -0.107452 0.063354 0.133792 0.057708 0.006831 -0.034895 -0.050975 0.242219 -0.110393 0.168591 0.110538 -0.081728 -0.059667 -0.177137 0.196340 0.236691 0.219794 -0.176053 0.179496 0.185260 -0.010250 0.221865 0.111814 0.063425 0.032966 0.315689 -0.160104 0.076490 -0.003230 -0.029387 0.090318 -0.202078 0.230108 -0.024394 -0.025733 0.362067 -0.118232 -0.047861 -0.031585 0.210144 0.051473 0.086048 0.062342 0.074381 
-0.127588 -0.110603 -0.124203 0.372785 -0.090256 0.012607 0.043952 0.063110 0.267889 -0.063339 0.001195 -0.128051 -0.049363 0.033418 0.074618 -0.001426 -0.057525 0.247598 0.087629 -0.203719 0.070687 -0.127062 0.205814 -0.192930 -0.059709 0.018434 -0.107729 -0.015675 0.197135 -0.203341 0.095962 -0.137492 0.092669 0.137201 -0.304936 0.207631 -0.004349 0.240286 0.022845 -0.262031 -0.016429 -0.055861 0.030676 -0.145079 0.067446 0.165596 0.119120 -0.009750 -0.002406 0.029888 
-0.150803 -0.092690 -0.023429 0.217694 0.144027 -0.048753 -0.230192 -0.125909 -0.118040 0.266253 -0.044724 -0.114208 -0.183006 -0.201382 -0.017776 0.001025 -0.134454 -0.232682 0.108168 -0.331399 0.100144 -0.130941 -0.003375 -0.061505 0.104264 -0.139192 -0.120246 -0.342277 -0.080362 0.018696 -0.018140 0.157217 -0.160939 0.014817 0.188980 0.168432 0.005489 -0.231952 0.026670 -0.152273 -0.033321 -0.048505 0.031257 0.046358 -0.094257 -0.066190 -0.003637 -0.015092 0.026475 -0.217669 
-0.142448 -0.068841 0.178952 -0.176294 0.140893 -0.208560 0.181039 -0.107612 -0.137766 -0.221528 0.044373 -0.022000 0.031088 0.019787 0.091225 0.226075 -0.123948 0.088423 0.266340 -0.145668 0.256805 0.087374 0.151462 0.045501 0.035301 -0.173191 0.120723 0.012746 -0.101255 0.189380 0.060353 0.043579 -0.040170 0.060304 -0.192265 -0.110964 0.079307 0.127330 -0.152972 0.203592 -0.059966 -0.111443 0.018644 -0.200525 -0.191369 0.153790 -0.001976 -0.170109 -0.030766 -0.269594 
-0.129560 -0.111776 0.273365 -0.140540 -0.247300 0.191175 0.154252 -0.047375 0.074866 -0.061931 0.267053 0.117799 -0.079177 -0.206621 -0.143414 0.075255 0.152532 -0.081910 0.075168 0.040530 -0.033411 0.058856 0.096142 -0.094280 -0.112138 -0.062655 -0.054070 -0.153242 -0.062667 -0.212719 0.018989 -0.063487 -0.272438 0.121309 -0.079674 -0.167083 -0.144298 -0.152740 0.071219 -0.091923 -0.001447 -0.201899 0.001507 0.128761 -0.047550 -0.034734 0.152788 -0.266610 0.215044 0.209419 
-0.150670 -0.130073 0.023919 -0.030717 0.001022 -0.015023 0.232473 0.009303 -0.325630 0.079038 -0.069128 0.037174 -0.258605 0.043427 0.048440 -0.144437 0.045195 0.040867 -0.215535 -0.038926 0.060534 -0.031614 0.200865 0.075064 0.002535 0.101534 -0.326623 0.140468 0.123177 -0.121289 -0.023326 -0.221414 -0.020017 0.138287 0.165303 0.034504 -0.157080 -0.073310 -0.153723 0.197862 -0.164637 0.216662 0.036581 -0.167934 -0.072490 -0.181863 0.176246 -0.084340 -0.232479 0.023995 
-0.136122 0.052073 -0.027004 0.002487 0.052052 0.245925 -0.119486 -0.113211 -0.143851 -0.077105 -0.188095 -0.098425 0.024860 -0.001810 -0.186230 0.339631 0.064869 0.171758 0.167559 0.228636 0.241853 -0.216106 0.183396 0.072707 0.071173 -0.026142 -0.097485 0.174995 0.124793 0.095932 -0.121413 0.001605 -0.053842 -0.195969 0.146423 0.151611 0.016624 0.039782 -0.101128 -0.105100 -0.035839 -0.272876 -0.187800 0.160357 -0.006075 -0.098393 -0.026023 0.031693 -0.097878 0.235042 
-0.143771 0.028244 -0.156423 0.145071 0.297521 0.133510 0.025382 -0.085440 -0.079746 -0.079304 0.015866 0.130726 0.040013 0.119552 -0.022909 0.111995 -0.064503 0.158546 0.147452 0.156865 -0.002166 -0.066863 -0.139866 -0.027280 -0.268971 -0.097538 -0.015866 -0.137607 -0.016096 -0.123558 -0.268058 -0.124684 -0.163286 -0.000489 -0.015693 -0.284486 0.032849 -0.127880 0.090030 -0.085018 0.274327 0.318175 -0.033157 -0.256425 -0.141045 -0.027261 0.096732 0.183250 0.088618 -0.000113 
-0.136953 0.171698 0.069690 0.281331 -0.146778 -0.030577 0.033711 0.052244 0.002562 0.213127 0.229115 -0.020101 0.078599 -0.263572 0.003646 0.265763 0.033407 -0.078305 0.107588 0.084208 -0.009218 0.087375 0.045341 0.317800 -0.046667 0.032308 -0.029123 0.213269 -0.050868 0.085340 0.038334 -0.069606 -0.011621 0.131988 -0.204071 0.024985 -0.104940 -0.055628 -0.118196 0.030967 -0.133715 0.138330 0.248296 0.087347 -0.080565 -0.074750 -0.106175 0.413028 0.056255 -0.045907 
-0.165094 0.003506 -0.135377 -0.168998 -0.058021 0.116270 0.191716 0.230215 -0.101257 -0.126848 -0.028803 0.274822 -0.014677 -0.011432 -0.294502 0.041615 0.008150 0.070725 0.025133 -0.042867 0.020732 -0.110916 -0.028681 -0.176040 0.124501 0.061358 0.248950 -0.285357 0.135913 0.099750 0.180923 0.070491 0.183025 -0.227622 -0.151840 0.141115 -0.083188 -0.194646 -0.051961 -0.052403 -0.063440 0.056076 0.303178 -0.056562 0.017390 -0.184542 0.036697 0.143497 -0.074808 -0.064100 
-0.135873 0.131329 0.156397 0.227979 0.261669 0.030676 0.225527 -0.009098 -0.130783 0.061735 -0.070746 0.301853 -0.106091 0.061073 0.119739 -0.137018 -0.091738 -0.131004 0.047226 0.189622 0.100314 -0.162071 -0.211892 0.114011 0.144544 0.207497 0.093875 0.163369 0.023303 -0.232665 0.106288 0.261447 -0.076020 -0.063047 -0.154195 0.024721 -0.055296 0.120128 0.202258 -0.075231 -0.227923 -0.082715 -0.111656 0.024956 0.030838 0.044516 -0.021574 -0.117255 0.147556 -0.040008 
-0.137886 -0.020972 0.015396 -0.197635 0.053414 0.277945 0.053013 -0.077198 -0.079283 0.244666 -0.064717 -0.264874 0.205209 0.006947 -0.216729 -0.223676 0.078003 0.153399 0.029098 -0.179709 0.071770 0.074815 -0.307543 0.226823 0.016471 -0.081564 0.001147 0.147093 0.213566 -0.013380 -0.089267 0.007330 0.177241 0.109800 -0.034927 -0.101854 -0.107783 -0.042167 -0.122406 -0.233370 -0.026237 0.010235 0.151208 -0.054270 0.008286 0.165010 -0.102370 -0.192387 0.155492 -0.085645 
-0.158089 -0.172569 -0.145393 0.130622 -0.051329 -0.257031 0.184781 0.114429 -0.000059 -0.067271 -0.147174 0.054347 0.184880 -0.015845 0.152839 -0.051549 0.195352 -0.082298 0.216038 -0.137363 0.018600 -0.043026 0.156336 0.274332 -0.039461 0.182518 0.111558 0.010650 0.131034 0.049196 0.056019 0.086883 0.097881 0.022720 0.293487 -0.081056 0.188662 -0.113867 -0.085360 0.009258 0.238543 -0.025659 0.014394 0.064561 0.120599 -0.103271 0.147051 -0.059452 0.349772 0.134335 
-0.164402 0.069335 0.063880 0.098234 -0.222598 -0.143318 0.092290 -0.044453 -0.142267 -0.081908 -0.078437 -0.034429 0.223708 -0.177444 -0.106920 -0.150465 0.115244 -0.258635 0.210564 -0.064575 0.116079 0.015643 -0.212958 -0.260374 -0.033831 -0.124031 -0.105658 0.126835 -0.000816 -0.119881 -0.003082 -0.044707 0.087447 -0.062262 -0.052485 -0.132768 0.047922 -0.162845 0.043253 0.084479 0.010866 -0.064525 -0.262212 -0.146664 0.300732 0.103804 -0.020085 0.182206 -0.329339 0.026450 
-0.121369 -0.253977 -0.085623 -0.092855 -0.220485 0.038847 -0.156431 0.195841 -0.007360 0.005720 0.043016 0.018392 -0.143063 -0.135969 -0.087595 -0.255322 -0.162107 0.108205 0.158991 0.188338 0.204643 -0.050195 -0.124195 -0.038984 0.091948 0.050954 -0.030705 0.130152 -0.098634 0.042750 -0.191069 0.085409 -0.169942 -0.041815 -0.006612 0.026351 -0.029486 0.249071 -0.058090 0.181614 0.175596 0.120243 0.066747 0.251293 0.095678 0.135624 0.302416 0.103354 0.077597 -0.232743 
-0.144576 -0.207032 0.250893 0.215574 -0.184368 -0.000865 -0.207460 -0.060023 -0.249619 0.093347 -0.014423 0.154630 0.150528 -0.018598 -0.087123 -0.174607 0.049112 0.072107 -0.299244 0.005636 0.083281 0.013835 0.219093 0.020337 -0.044370 0.089270 0.218937 -0.111687 -0.011252 0.059654 -0.147425 -0.039399 0.140582 -0.050383 -0.223111 -0.147894 0.301645 0.084459 0.031887 -0.118026 0.046971 0.098100 -0.141308 0.130820 -0.200884 -0.073244 -0.157063 -0.069173 -0.090664 -0.024119 
-0.151338 -0.175011 0.167304 -0.031486 0.052108 0.049102 0.126410 0.016210 0.113797 0.076521 -0.181881 -0.161433 0.051202 -0.031271 0.334958 0.022812 -0.144412 0.165318 -0.276559 -0.030381 -0.049340 -0.088677 -0.117007 -0.091572 -0.112397 0.063895 0.240057 0.155748 0.069312 0.086272 0.093736 0.056515 -0.387064 -0.013930 -0.024498 -0.098151 0.027991 -0.251864 -0.059007 -0.058459 0.123052 -0.203391 0.167631 0.085273 0.069433 0.006608 0.033008 0.162063 -0.254372 0.029838 
-0.129983 0.237241 0.135510 -0.076625 0.005745 -0.100987 0.069314 -0.107913 0.262350 -0.027968 0.182104 -0.010847 -0.197366 -0.169666 0.163394 -0.015634 0.085661 -0.088778 0.027488 0.018494 0.132535 -0.089188 -0.004748 -0.253298 -0.181026 0.081863 0.129462 0.195755 0.067543 0.105067 -0.369439 -0.018578 0.193037 -0.170188 0.222524 -0.003226 0.088678 0.083249 -0.019076 -0.227480 -0.073147 0.124862 0.191513 -0.026740 0.022292 -0.183518 -0.017494 -0.179273 -0.049052 -0.123740 
-0.148859 -0.154526 -0.052597 -0.111460 -0.087357 0.020267 -0.119653 -0.101383 -0.001851 0.205131 0.059913 0.236692 -0.269430 0.030907 0.181543 0.145472 -0.077346 -0.045424 -0.125262 -0.118304 -0.124877 -0.046197 -0.093166 -0.127623 0.008872 -0.133478 -0.052500 0.121591 0.227092 0.232402 0.033557 -0.030477 0.222807 -0.084588 -0.102832 -0.197101 -0.175948 0.054712 -0.113598 0.047502 0.049181 -0.169274 -0.323907 -0.117343 0.062843 -0.058449 -0.016206 0.194285 0.320634 -0.001195 
-0.139529 0.127381 0.002621 -0.162589 -0.172474 0.057323 -0.061749 0.044327 0.105023 -0.013424 -0.282928 0.062941 0.218405 0.043946 0.266055 -0.127651 0.042705 -0.137365 0.053226 0.196294 -0.069777 -0.212153 0.057363 -0.016733 0.268851 0.151585 -0.161864 -0.155577 -0.207091 0.295573 -0.206227 -0.183199 -0.024211 0.204826 -0.109400 0.017117 -0.065916 -0.095458 0.027491 -0.156326 -0.131525 -0.061645 0.022274 -0.208620 -0.140026 0.103685 0.065959 0.015919 0.077224 -0.010785 
-0.160742 -0.020437 0.004079 0.163764 -0.119761 0.196068 0.126319 0.026334 0.226123 0.104290 -0.055355 -0.216057 -0.266798 -0.027586 -0.203067 -0.014844 -0.103953 0.155910 0.069422 -0.037788 -0.046700 0.040159 -0.180389 0.063983 0.108122 0.137315 0.151338 0.012303 -0.392432 0.111659 0.064564 0.043802 0.136237 0.095884 0.089064 -0.077058 0.193573 0.035458 0.084127 0.206343 -0.002485 -0.069079 -0.135708 -0.289709 -0.074304 -0.255953 -0.009479 -0.053266 -0.039904 0.178016 
-0.134691 0.175559 -0.007177 -0.073242 -0.057112 -0.158324 0.123247 0.263220 -0.069363 0.254223 -0.100680 -0.054036 0.063430 0.248741 -0.142342 0.226653 -0.263370 -0.086481 -0.000352 -0.106241 -0.248957 -0.186120 0.066891 -0.075211 -0.103256 -0.110893 0.170411 0.023984 -0.171521 -0.135234 -0.257013 -0.032581 -0.039217 0.086453 -0.107681 0.068773 0.000619 0.006522 -0.239427 0.009617 -0.051582 0.131080 -0.160367 0.197637 0.200104 0.002214 0.022946 -0.199407 0.032797 0.041014 
-0.142860 0.269582 0.123616 0.106614 0.032985 0.011181 0.097493 -0.273367 0.120321 0.009580 0.225326 0.051845 0.148332 0.033769 -0.094892 -0.246608 -0.115538 0.085109 -0.189616 -0.032362 0.010441 -0.314822 0.161075 0.085983 0.015390 -0.275463 0.052126 -0.069418 0.033028 0.204704 0.030105 0.139856 0.116232 0.031656 0.116730 0.097765 -0.143130 -0.030682 0.089610 0.274544 0.129559 0.042719 0.025830 0.057588 0.006833 0.216369 0.208236 0.047491 -0.010285 0.197117 
-0.142278 -0.084004 -0.209750 -0.098684 0.074135 -0.040459 0.012708 -0.319317 -0.197617 -0.131696 -0.000367 -0.310890 0.088681 -0.185051 0.113648 0.027561 0.103730 -0.109066 -0.209121 0.109038 -0.120170 0.138395 -0.044537 -0.092754 -0.049821 0.046420 0.079701 0.063839 -0.199584 -0.078647 -0.032811 0.200717 0.074486 -0.121329 -0.301718 0.341124 -0.032477 -0.001492 -0.068633 -0.004711 0.027596 0.108709 -0.049267 -0.064900 -0.038585 -0.101114 0.249108 -0.020704 0.183610 0.124041 
-0.133982 -0.037656 -0.176689 -0.101190 -0.166250 0.019502 0.001750 -0.186826 0.048130 0.048547 0.058817 0.175887 0.328655 -0.014036 0.064793 0.091244 -0.343306 0.001360 0.017368 -0.121322 0.057986 0.157057 -0.157071 -0.045767 -0.188392 0.273540 -0.141879 -0.217459 0.160192 -0.052376 -0.114985 0.221726 -0.081649 0.080593 0.153700 0.013104 0.000512 0.270537 -0.028284 0.135951 -0.225516 -0.033680 0.056755 -0.001676 -0.078827 -0.071383 -0.099826 0.015734 -0.103471 0.208252 
-0.124959 -0.138078 0.073951 0.109970 0.159350 0.062873 -0.141148 0.250025 0.167706 -0.135465 0.119325 0.017358 0.094400 0.068234 0.009832 0.008172 -0.086215 -0.193944 -0.044651 0.235039 0.075990 0.135366 -0.122297 0.003266 0.013446 -0.145277 -0.022743 0.036738 0.311669 0.065307 -0.164660 0.029635 0.082282 0.316698 -0.119517 0.305562 0.029284 -0.215906 0.017644 0.231045 0.147998 -0.093931 -0.046612 -0.050033 0.006612 -0.239205 -0.100593 -0.210997 -0.042237 -0.048567 
-0.127377 0.232638 0.162746 0.149050 0.039900 0.171525 -0.034763 -0.097665 0.111102 0.068028 -0.351893 0.093057 0.147100 -0.085340 -0.135341 0.131556 0.086298 0.005081 -0.146054 0.069091 -0.135874 0.223889 0.168261 -0.171708 -0.031751 0.138333 -0.079294 -0.037733 -0.019865 -0.142817 0.086849 0.053786 0.042389 -0.009827 0.136414 -0.034862 -0.137034 0.150844 -0.142941 0.183016 0.250759 -0.115105 0.066413 -0.061048 0.074776 -0.016127 0.078445 -0.049005 0.085445 -0.427774 
-0.153812 -0.121046 0.186493 0.087001 0.140750 -0.087575 -0.020044 -0.080107 0.119981 -0.381255 -0.146918 -0.162406 0.037991 0.178259 -0.178826 -0.145071 -0.065353 0.038370 0.094228 -0.070731 -0.291767 0.024869 -0.049725 -0.102245 -0.073430 -0.026694 -0.182745 0.068398 0.031204 0.143661 0.041353 -0.007154 0.045827 0.012215 0.003479 -0.156147 -0.047395 -0.015830 0.060122 -0.010196 -0.363200 0.084673 -0.018373 0.356604 -0.088320 -0.208343 0.058426 0.158134 0.129403 -0.097045 
-0.132884 -0.001325 -0.219030 0.024031 -0.071312 0.148923 0.230992 -0.161290 -0.029119 0.063346 0.070651 -0.046146 -0.013786 0.116729 0.228838 -0.104338 0.173251 0.203576 0.002797 0.206663 0.127400 0.167235 0.117755 -0.151748 0.101778 -0.238509 0.166349 -0.196872 -0.056873 -0.019066 0.017925 -0.048332 -0.083138 0.193804 0.145025 0.053054 0.061711 -0.007788 0.001233 0.051168 -0.215049 0.075767 -0.116019 0.176664 0.289264 -0.069531 -0.291650 0.100927 0.125059 -0.179009 
-0.148985 -0.090027 -0.003470 0.130036 -0.036612 -0.023328 0.043701 -0.152480 0.090008 -0.084485 -0.088929 -0.199762 -0.172472 -0.009691 -0.119711 0.145567 0.018254 -0.348611 -0.079274 0.137921 -0.093745 0.038211 -0.109621 0.160121 0.172438 0.051230 0.189938 -0.248662 0.312072 0.135523 0.008526 -0.282370 -0.197734 -0.171933 0.007417 -0.082217 -0.017577 0.215637 -0.030646 0.082167 -0.035118 0.202457 0.048217 -0.035681 0.128186 0.245267 -0.039642 -0.117627 -0.049677 0.078487 
-0.116307 0.031154 -0.328262 0.008314 0.075146 0.101124 -0.175633 0.123190 -0.036463 -0.160358 0.033112 -0.126599 -0.100899 -0.086292 0.013999 0.060731 0.069088 -0.190041 -0.153620 0.079232 0.060450 -0.241955 0.036342 -0.114631 -0.098787 0.074780 0.184244 0.035853 -0.021461 -0.235333 0.057985 0.057175 0.238166 0.259411 0.097700 -0.319526 0.015291 -0.067225 -0.108210 0.165436 -0.166470 -0.155698 0.079631 0.129025 -0.242923 0.270755 -0.033548 0.021729 -0.028703 -0.021181 
