-0.122687 0.129822 -0.178517 0.068195 0.062845 0.038643 -0.224904 0.166030 -0.060874 -0.092987 0.175029 0.104896 -0.147722 0.248803 -0.089396 0.031184 0.078710 -0.051311 0.068374 -0.097787 -0.001825 0.130968 -0.230852 -0.027029 0.143781 0.012323 0.128533 -0.077429 0.244235 0.048095 -0.068414 0.081965 0.069495 -0.045770 -0.267558 0.006233 -0.220851 -0.254135 0.194006 0.147078 0.062261 -0.223910 0.097040 -0.218497 -0.050301 0.334746 0.010768 0.110437 0.016692 0.028812 
-0.127992 -0.111597 -0.082022 0.229604 -0.015746 0.017023 0.335751 0.023561 0.080872 -0.009332 0.019617 0.154948 -0.168224 -0.113504 -0.023846 -0.138552 -0.289617 -0.110069 -0.036904 0.157673 0.058197 -0.230240 0.030874 0.137314 -0.007439 -0.007098 0.133737 -0.116047 -0.122945 -0.218580 -0.078191 -0.030322 -0.026379 0.180503 -0.331873 -0.149807 -0.050262 0.038375 0.296166 -0.066847 0.142305 0.056099 0.246848 0.133670 -0.040716 -0.039629 0.016316 0.135072 0.068051 -0.124554 
-0.137753 -0.396044 -0.030173 -0.126088 0.051685 0.063020 0.159974 -0.153602 -0.031866 0.102689 -0.007335 -0.089781 0.031876 0.082472 -0.044938 -0.060105 0.121321 0.057764 -0.215222 -0.019385 0.265270 0.174818 0.131235 0.163103 0.335432 -0.079917 0.225998 0.134110 0.148726 -0.113164 0.182312 0.052510 -0.104015 -0.053968 -0.110980 -0.075844 -0.040233 -0.120549 0.001823 0.098027 -0.145875 -0.085534 -0.296571 0.126263 0.057316 0.012742 0.103969 -0.069561 0.097095 -0.177323 
-0.161572 0.052841 -0.030960 -0.082185 -0.030261 -0.170000 -0.079430 -0.254439 -0.018160 -0.077351 -0.418320 -0.066214 -0.089985 0.064988 0.126465 -0.200496 0.039583 0.004932 -0.048085 -0.002682 -0.083763 0.132798 0.068373 -0.115434 0.158624 0.007202 -0.166310 0.011008 0.000353 -0.158995 -0.121763 0.246649 0.249116 -0.077962 -0.100817 0.116397 0.020770 0.006024 0.011770 0.110026 0.071031 0.025017 0.265059 -0.039693 -0.181577 -0.144388 0.036459 -0.199984 0.360892 0.019493 
-0.153763 -0.110610 -0.065761 0.114742 -0.126627 0.058972 0.078470 0.058874 0.037623 -0.111256 0.229333 -0.222462 -0.083821 -0.181905 0.111682 -0.180001 0.049241 0.092901 -0.107338 -0.121401 0.110980 0.035012 0.122570 0.066394 -0.155576 0.284753 -0.114916 -0.119447 0.009092 -0.171249 -0.036333 0.186584 0.180187 0.074099 0.223854 0.032222 -0.062184 -0.091609 0.132407 -0.077285 -0.012073 -0.094019 -0.053986 -0.009237 -0.023673 0.217745 -0.319207 -0.358154 -0.171836 0.059280 
-0.140301 -0.170497 -0.041479 0.106558 0.150501 0.004182 0.219132 -0.005585 0.097144 -0.123082 -0.037937 0.100880 0.038055 -0.112386 -0.091629 0.345867 0.161646 0.508390 0.115060 0.008060 -0.068940 -0.065334 0.088113 0.137388 -0.042311 0.062220 -0.050441 0.128312 0.094012 0.157081 0.071336 0.165424 0.045325 -0.123052 -0.010245 -0.172401 -0.002735 0.019674 -0.085459 -0.143143 0.142071 -0.216442 0.209105 -0.063936 0.016587 -0.051539 0.037949 0.057545 0.115903 0.231928 
-0.127236 -0.317419 0.092583 -0.002307 0.061374 -0.126600 0.073602 0.022522 0.137671 -0.093059 -0.129390 0.257816 -0.157448 0.142329 -0.167051 -0.006757 -0.100040 0.060726 0.029585 -0.165625 -0.152920 -0.018417 0.158449 -0.130814 -0.046948 0.026060 -0.224663 -0.088883 0.011493 -0.101686 -0.270822 -0.163088 0.012770 -0.051067 0.117959 0.074251 -0.009854 -0.099613 -0.125385 -0.129593 0.052287 0.236136 -0.279159 -0.166464 0.047317 0.321089 0.086272 0.116840 0.067534 -0.159564 
-0.132248 -0.146107 0.139819 -0.100990 -0.051428 -0.144991 -0.173646 0.037532 -0.244777 0.004951 -0.085676 -0.196997 0.037480 -0.204775 0.110179 -0.060694 -0.286903 0.066357 0.371181 -0.095511 0.096217 0.116785 0.164324 0.046294 -0.126614 0.210252 0.227415 -0.071672 0.115254 0.020263 -0.037251 -0.171038 -0.108108 -0.050716 0.028293 -0.017049 -0.158601 0.033428 -0.018351 0.142049 0.066677 -0.094877 -0.029051 -0.052974 -0.006007 -0.097850 -0.219338 0.293230 0.202275 0.000321 
-0.145720 -0.087386 0.034738 -0.193032 -0.350418 -0.046522 0.195225 0.171397 0.085650 -0.036276 0.019561 -0.058978 0.005517 0.145813 0.086640 0.107836 0.336415 0.033294 -0.001219 0.036286 -0.026245 0.181896 -0.116322 -0.254467 -0.215233 -0.003711 -0.073141 -0.037430 -0.100519 0.046736 0.143410 -0.147903 -0.042032 -0.059709 0.016569 -0.007565 -0.291239 0.179132 0.281797 -0.047507 0.150441 -0.033346 -0.017674 0.032231 -0.168497 -0.146182 0.088865 0.047080 0.013603 -0.249803 
-0.140564 0.165134 -0.039918 -0.048776 -0.082249 -0.022346 -0.067202 -0.077068 0.185951 -0.318469 0.168062 0.030527 -0.132816 -0.064717 0.185131 0.227293 0.069961 -0.056469 0.012092 -0.302690 0.025141 -0.143487 0.034435 0.062826 0.030115 -0.023432 0.022000 0.008263 -0.036382 -0.151671 0.167415 -0.232065 -0.181827 -0.162688 -0.336825 0.150847 0.176730 -0.062425 -0.284593 -0.064736 0.013314 0.017011 -0.008576 0.084588 -0.115968 -0.056328 -0.223086 -0.102502 0.074689 -0.133038 
-0.121833 -0.073108 0.206394 -0.029985 -0.138694 0.064041 -0.167836 0.135080 0.216874 0.187615 0.018670 -0.060981 0.052632 0.011754 0.183698 0.114357 -0.230119 0.059130 -0.057331 0.131053 0.116466 0.197979 -0.130038 0.154295 -0.227152 -0.132106 0.043925 0.167756 -0.141750 -0.068694 -0.085647 0.237622 0.169883 -0.246667 -0.229703 0.070518 -0.046811 -0.126521 -0.059507 -0.262425 -0.228861 0.150717 0.068434 -0.171769 0.123919 -0.005301 0.018499 0.071448 -0.047161 -0.044987 
-0.137089 0.233646 0.169627 -0.104282 0.164873 -0.098025 0.185310 -0.039512 0.130681 -0.001731 -0.119218 0.167138 0.147723 -0.046362 0.044635 -0.178768 0.106775 0.113584 0.150352 0.053524 -0.022806 0.082626 -0.109253 0.030051 -0.184759 -0.180884 -0.071231 -0.240708 0.239358 0.072801 -0.090340 0.145696 0.012783 -0.022618 -0.236352 -0.286778 0.030708 0.007704 0.006809 0.179912 -0.111708 0.105288 -0.279417 0.165050 -0.065078 -0.003675 -0.271722 -0.025908 -0.159649 -0.000361 
-0.174662 0.074654 0.178527 -0.244815 -0.008318 0.274722 0.051336 0.086154 0.179927 -0.004067 -0.083783 -0.118727 -0.218898 0.051692 -0.129487 -0.053161 -0.187785 0.087605 -0.028381 0.075242 -0.039029 -0.147402 -0.152157 -0.049722 -0.071321 0.026540 0.040665 -0.263353 -0.060881 -0.100070 0.210094 -0.068279 0.023867 0.246981 0.066140 -0.077133 0.122209 -0.099313 -0.140317 0.072384 -0.154432 -0.292643 -0.124360 -0.285236 -0.112982 -0.133039 0.183624 -0.056785 0.118965 0.125432 
-0.131263 0.165310 0.072856 0.296477 -0.024935 -0.060912 -0.155146 0.002250 -0.027671 0.198029 -0.279268 -0.003101 0.099340 -0.032767 0.167522 0.094079 0.158879 0.196825 0.017645 -0.194521 -0.083717 -0.167479 -0.069467 0.052818 0.031596 -0.015214 0.170771 0.082709 -0.008259 -0.431656 0.264042 -0.017588 0.067366 0.208787 0.078212 -0.048642 -0.206048 0.052526 -0.030253 0.060821 0.058871 0.176224 -0.093237 -0.032992 -0.052080 0.144781 0.136167 0.088741 -0.168268 0.019503 
-0.129811 0.143359 -0.179150 0.011306 -0.065799 0.018666 0.043065 0.125572 0.182612 0.102490 0.000126 -0.037078 -0.079625 -0.267774 -0.066584 -0.259825 -0.013412 0.077036 0.146773 0.019359 0.075552 0.125627 -0.081215 -0.258980 0.139076 -0.190083 0.104042 0.205568 0.059501 0.079717 0.070487 0.032777 0.176260 0.126619 -0.027204 0.205363 0.191997 0.290733 -0.116661 -0.228722 0.172918 -0.157100 -0.160089 0.087643 0.144651 0.205222 -0.050639 0.134644 0.116898 -0.050633 
-0.134979 0.333006 -0.006679 -0.008791 -0.006498 0.002234 0.000150 -0.275299 0.125291 -0.101351 -0.119747 -0.046839 -0.056191 -0.100837 -0.004432 -0.094897 -0.093785 0.129978 0.128322 -0.068918 0.123932 0.133505 0.188660 0.116069 0.009099 -0.033648 -0.068119 0.254682 -0.258822 0.199393 -0.005735 -0.259066 -0.134992 -0.084537 0.059868 -0.141336 0.063441 -0.119656 0.384159 0.045671 -0.082681 -0.046886 -0.001606 -0.151239 0.041381 0.174480 0.209931 -0.080270 -0.147141 -0.056059 
-0.144214 -0.054931 -0.156189 -0.343635 -0.129476 -0.217394 0.063743 0.099972 -0.107005 -0.065037 0.083201 -0.121911 0.150882 0.170746 0.163224 -0.104243 -0.060598 -0.009343 0.016311 -0.023990 -0.130866 -0.073079 0.087556 -0.013604 -0.096346 0.139230 -0.071686 -0.015612 0.130535 -0.103358 0.141142 0.015777 -0.060276 0.017097 -0.150955 -0.098016 0.270027 0.127198 -0.009739 0.000063 -0.153034 0.069224 0.198020 0.142601 0.187695 0.301440 0.302128 0.093064 -0.112080 0.244955 
-0.155901 -0.040853 0.016275 0.027018 0.202900 0.141261 0.081774 0.212326 -0.191567 0.103673 -0.038966 -0.060713 -0.128240 -0.185402 0.163874 0.110963 0.154010 -0.023982 -0.029200 -0.039670 -0.048518 0.021351 -0.088371 0.160497 0.023967 0.183134 -0.095145 0.158216 -0.002141 0.089690 -0.428371 -0.180803 0.042147 0.114869 -0.207277 0.143087 0.018760 0.320305 -0.067696 0.129574 -0.247413 -0.063913 -0.066462 -0.014398 -0.181616 0.000563 0.197515 -0.098048 -0.073772 -0.047557 
-0.130658 -0.215994 -0.205341 0.076020 0.110642 0.084066 -0.022064 0.002999 0.003419 0.039469 0.080812 -0.220816 0.183353 -0.173835 0.105503 0.045259 0.017200 0.139296 0.062365 0.012449 -0.166276 0.090650 0.045142 -0.280734 -0.093050 -0.403996 0.058080 -0.115369 0.010949 0.006528 -0.129749 -0.018893 -0.238088 0.222761 -0.022672 0.072944 0.116302 -0.243138 -0.055275 0.193574 0.063286 0.105184 0.226177 -0.167218 0.059796 -0.049948 0.042943 -0.142590 -0.114286 -0.165764 
-0.131775 0.136965 -0.161512 0.047076 -0.335932 -0.045087 0.184671 -0.169927 -0.129522 0.106931 0.024662 0.100405 0.115360 -0.072873 -0.107312 0.032867 -0.150568 0.165656 0.001119 -0.100209 0.082817 -0.078253 -0.098938 0.095410 0.115655 0.078379 -0.086504 -0.331279 -0.157817 0.181523 -0.030841 0.155191 0.082963 -0.124247 0.043377 0.226874 -0.137413 -0.029511 -0.283582 0.211178 -0.083927 -0.092244 0.051925 0.079137 0.083235 0.012749 0.157993 0.105075 -0.152603 -0.254152 
-0.125856 0.211471 -0.030619 -0.257338 0.024630 0.166566 0.021811 0.067201 -0.096642 0.165464 0.192982 0.325182 0.078012 0.081215 0.208026 0.022309 0.092344 0.095148 -0.064189 -0.077542 0.246985 0.047785 0.266241 0.097111 0.004889 -0.155053 0.184374 -0.144918 0.021355 0.054478 -0.138381 -0.108051 0.148595 0.168203 0.266738 -0.018639 0.011817 -0.068098 -0.032604 -0.155492 0.005539 0.184385 0.176247 0.045063 -0.191592 0.046750 0.019366 0.022419 0.238702 0.048981 
-0.130858 0.110818 0.155416 0.050980 0.310348 0.112673 0.290165 0.072589 -0.129122 -0.174674 0.052022 -0.131509 -0.093251 0.139979 0.027464 -0.178865 -0.112161 -0.010347 -0.058910 -0.291071 -0.027979 0.148573 -0.227680 -0.210270 0.097334 0.026797 0.036186 0.166536 -0.047524 -0.041902 0.033997 -0.047673 0.049102 -0.116234 0.201199 -0.201730 -0.144523 -0.029502 -0.194633 -0.072978 -0.116416 0.085041 0.285417 0.112433 0.163800 -0.109175 -0.062463 0.106721 -0.080044 -0.115241 
-0.140135 -0.041993 0.260395 0.138736 0.052654 -0.241248 0.022582 0.022249 0.074001 -0.131713 -0.082645 -0.128979 0.241616 -0.079467 -0.052056 0.065417 0.000203 -0.277813 -0.022550 -0.124737 -0.071105 -0.042109 0.083525 -0.027839 0.062347 -0.181962 0.058630 -0.084143 -0.010706 0.151480 -0.033328 0.089249 -0.012088 0.123563 0.077009 0.170574 -0.050385 -0.187582 0.074116 -0.292347 -0.224163 -0.293825 0.028884 0.245771 -0.319450 0.083240 0.118829 0.123725 -0.042423 0.083457 
-0.133788 -0.036947 -0.254604 -0.129668 0.031668 -0.028781 0.000007 0.314734 -0.073780 0.042903 -0.283102 0.240779 0.051438 -0.307800 0.211541 -0.075776 -0.026698 -0.087632 -0.203928 0.016939 0.092084 -0.216945 -0.118566 -0.096555 0.099428 0.025690 -0.184872 0.071105 0.110603 0.034626 0.086795 -0.124655 -0.021757 -0.220896 0.099834 0.038493 -0.005807 -0.349541 0.128991 -0.041579 0.009231 -0.049388 -0.077556 -0.043818 0.078774 -0.202842 -0.045584 0.071949 -0.105226 0.109630 
-0.142401 -0.003056 0.004944 0.278874 -0.155475 0.205278 -0.180343 0.011081 -0.024151 0.092996 -0.066542 0.089194 0.121436 0.170594 -0.043298 -0.160993 -0.156714 0.168979 -0.190258 0.041523 0.020023 0.277165 0.019769 -0.002039 0.167122 0.042581 -0.237354 -0.137983 0.179485 -0.039953 0.010666 -0.125264 -0.401660 -0.063701 -0.018993 -0.044642 0.106197 0.222660 -0.046609 -0.218216 0.004529 -0.061581 0.096686 -0.015048 -0.225481 -0.060035 -0.097385 0.041819 -0.132946 0.105768 
-0.146510 0.076459 0.155051 -0.091628 0.012538 0.076792 -0.125021 0.228074 -0.017375 -0.119250 0.031918 -0.057857 -0.064001 -0.205828 -0.097671 0.067327 0.132555 -0.044594 0.034163 0.339849 0.038202 0.164870 0.096429 -0.032186 0.266226 0.156376 -0.187644 -0.002721 -0.343470 0.003795 0.053863 0.160387 -0.180957 0.118955 -0.053020 -0.115879 -0.109447 -0.191195 -0.199186 0.116289 0.156453 0.231457 -0.004065 0.206871 -0.033862 0.167884 0.010339 0.103919 0.030141 0.088844 
-0.140691 -0.058955 0.136381 -0.238700 0.149220 0.112855 -0.219179 -0.092738 0.073629 0.236217 -0.151971 -0.064469 0.195284 -0.009709 -0.193818 0.031414 0.107706 -0.208070 0.035597 -0.066405 0.166748 -0.187869 -0.067354 0.137398 -0.065235 0.030038 -0.233891 -0.036960 0.074203 -0.021223 -0.021232 -0.124217 0.035493 0.058977 -0.038549 -0.131019 -0.067993 0.060447 -0.068360 -0.121237 0.254167 -0.205387 0.279655 0.058854 0.204347 0.151491 -0.080756 -0.139171 -0.056319 -0.284329 
-0.128716 -0.042678 -0.154075 0.061081 0.077771 -0.058460 -0.161095 0.110478 -0.302297 0.185065 0.027112 0.092818 -0.076571 0.088499 -0.224123 0.189601 -0.193658 0.001770 0.008889 -0.090094 -0.043170 0.111237 0.196438 -0.188770 -0.168706 -0.009808 -0.070595 0.103759 -0.191411 0.006484 0.206323 0.024632 0.323030 -0.011341 -0.109712 -0.231211 0.266510 -0.063616 0.018707 0.039457 -0.012806 -0.085447 -0.094595 0.173536 -0.244819 -0.087319 -0.067230 -0.061995 -0.127985 -0.165979 
-0.129799 -0.131291 0.073788 -0.054776 -0.171114 0.035870 -0.127103 -0.247013 -0.206832 -0.115043 0.179139 0.247274 0.104480 -0.278242 -0.084388 0.046142 0.177492 -0.111022 0.094492 -0.127405 -0.058783 0.110401 -0.362996 -0.027252 0.074631 -0.025583 0.053531 -0.047950 -0.175152 -0.277697 -0.191804 0.092513 -0.025211 -0.030181 0.119880 -0.230019 0.260796 0.056241 0.145245 -0.092492 -0.058193 -0.066824 -0.062994 -0.073218 0.091201 -0.077510 0.058751 0.073323 0.073736 0.076147 
-0.147873 -0.014227 0.074155 0.172348 -0.080474 -0.187300 0.038473 0.180757 0.157641 0.039385 0.076000 0.338316 0.093031 0.062992 -0.024177 -0.058415 -0.054487 -0.205170 0.317740 0.080494 -0.014075 0.207268 0.085898 0.002966 0.050451 0.103029 0.144153 0.057728 0.053631 -0.058604 0.029744 -0.134643 0.013472 0.014783 0.040033 0.012111 -0.109152 -0.029413 -0.175614 0.062330 0.026077 -0.095730 0.042206 0.025291 0.193080 -0.201408 0.197988 -0.490475 -0.063483 0.120665 
-0.143539 0.031543 0.220500 -0.149926 -0.219065 0.133884 0.044423 0.021789 -0.082970 -0.026111 -0.100238 -0.004226 -0.316864 0.042791 -0.032554 0.243465 -0.062746 -0.119086 -0.022683 -0.217721 -0.088320 0.035443 0.242048 0.066378 0.183003 -0.208638 -0.008537 0.006875 0.179705 0.072680 -0.070312 0.197818 0.019771 0.154352 -0.006630 0.105954 0.029900 0.091693 0.162407 0.041237 0.177940 0.055774 -0.004730 -0.006360 0.262757 -0.201855 -0.086818 0.053680 -0.334472 0.148614 
-0.142630 0.055353 0.165405 0.211866 -0.030524 0.067673 0.007007 0.058553 0.234212 0.265306 0.037140 -0.156006 0.020080 -0.035753 -0.159204 0.234068 0.068763 0.012359 -0.002810 -0.025957 0.064129 -0.096788 -0.010311 -0.252626 0.130705 0.198740 0.045053 -0.164065 0.147974 0.039163 -0.017649 -0.130841 0.072039 -0.224717 0.063051 0.061154 0.247806 -0.017842 0.277441 0.203259 -0.197796 0.222152 0.100892 0.171361 0.142160 0.026452 -0.046380 -0.005039 0.234998 0.058985 
-0.152972 -0.051349 0.156480 0.051574 0.047472 -0.324420 -0.235904 -0.134673 -0.109910 -0.003251 0.168878 0.184932 -0.225586 -0.081803 -0.099728 -0.143821 0.150919 0.130499 -0.215960 0.045151 0.243267 -0.201558 0.074347 -0.264983 -0.108950 -0.020592 -0.039525 0.041365 0.002664 0.180697 0.115198 0.037524 -0.108594 0.201007 -0.128664 0.027416 -0.178858 0.137642 -0.024545 -0.023578 -0.290970 0.046606 0.109090 -0.143020 0.155314 -0.091322 -0.038861 -0.009484 -0.001261 0.026808 
-0.133966 -0.036956 -0.206809 0.012391 -0.112297 0.317893 -0.193355 -0.148527 0.155014 -0.188075 -0.014606 0.071888 -0.046445 0.112012 0.075167 0.001744 0.067817 -0.065231 0.269979 0.305209 -0.094590 -0.217095 0.186067 -0.108671 0.006759 0.032309 -0.006808 0.186451 0.176267 -0.101270 -0.107043 0.068564 0.072538 0.001688 0.186963 -0.076316 -0.114819 0.018391 -0.049849 0.028130 -0.343394 -0.077452 0.027026 0.165349 -0.022837 -0.078883 -0.054994 0.185151 -0.117246 -0.189987 
-0.146495 -0.145754 -0.024493 0.078007 0.129684 0.103830 -0.245645 0.017540 0.008657 -0.156415 0.137059 -0.039394 -0.008486 0.081116 0.076738 -0.143601 -0.113266 0.090331 0.229421 -0.151133 0.036965 -0.092646 -0.255457 0.235378 -0.004598 0.023789 -0.193528 -0.032316 0.095939 0.270912 0.198534 0.133163 0.035433 0.141154 0.054444 0.121165 0.041733 -0.012291 0.178725 -0.079192 0.113619 0.311160 -0.137089 0.193998 -0.028439 -0.201235 0.251094 -0.075107 0.119913 -0.094629 
-0.156292 0.108276 -0.071172 0.190062 -0.106498 -0.159941 -0.131381 0.200391 0.044146 -0.200590 -0.093562 -0.002779 -0.033957 0.016330 0.071454 0.119394 -0.064230 -0.095202 -0.392099 0.067197 -0.137328 0.088700 -0.027877 0.269776 -0.177260 -0.142732 0.031131 0.020184 0.056215 0.117799 -0.034978 0.028780 -0.065238 0.084384 0.259444 -0.220347 0.089227 0.121973 -0.054429 0.208490 -0.007509 -0.113537 -0.042037 0.065476 0.231975 0.073444 -0.035695 0.002032 0.305461 -0.208094 
-0.134028 0.057418 -0.221684 -0.241473 0.274563 -0.121760 -0.027073 0.151131 0.002113 0.001590 -0.167192 0.060345 -0.066132 0.066804 -0.225817 0.133556 -0.083678 0.052057 0.106860 0.042209 -0.008738 -0.029527 -0.086472 0.072272 0.011934 0.008886 0.253926 -0.082634 -0.169563 -0.127844 0.020504 0.253593 -0.344107 -0.130911 0.201007 0.231759 -0.027372 0.241445 0.166208 -0.097377 -0.144264 0.079285 0.046027 0.007089 -0.054033 0.046246 -0.158152 -0.188809 -0.061624 -0.075631 
-0.149449 -0.123741 -0.149698 -0.027039 0.186436 -0.025911 -0.270460 -0.106351 0.245622 0.072199 0.098475 -0.121775 -0.124709 0.000625 0.108278 -0.135935 0.057703 -0.010823 -0.175788 -0.030786 -0.164079 -0.045233 0.082643 0.001702 0.059937 -0.070880 0.224438 -0.285500 -0.249707 0.117595 -0.122795 -0.122310 0.146690 -0.299795 0.007562 -0.155301 -0.148628 0.168671 -0.061205 0.004998 0.178115 -0.043377 -0.093560 0.135952 0.029338 -0.099581 0.109898 0.058919 -0.181151 0.236255 
-0.137773 -0.007751 0.233773 0.109150 -0.061261 0.045044 0.049840 0.125683 -0.271687 -0.015096 -0.024994 -0.015959 0.072526 0.111712 0.105680 -0.234106 0.223728 -0.016593 0.078730 0.194251 -0.279255 -0.238920 0.123882 0.097974 0.194340 0.045119 0.219699 -0.079098 -0.104248 0.228860 0.124629 0.021953 0.064030 -0.183110 -0.043453 -0.010031 0.236723 -0.011031 0.012124 -0.160441 0.038106 0.034047 -0.000392 -0.298457 0.034433 0.058939 -0.124441 -0.075876 -0.028913 -0.252478 
-0.159031 -0.049628 -0.011758 0.084073 0.017430 -0.258828 0.075738 -0.033535 -0.068113 -0.172257 0.032632 -0.197151 -0.117406 0.056801 -0.105773 0.088323 0.050705 -0.102741 0.074644 0.316551 0.419288 -0.012531 -0.151330 0.135298 0.023141 -0.207044 -0.028894 -0.023729 0.162779 -0.099114 -0.003458 -0.174143 0.187685 -0.123098 0.203796 0.022806 0.186127 0.065885 -0.120132 0.078708 0.127099 0.142222 0.068752 -0.166874 -0.208240 -0.006385 0.037432 0.083199 -0.238310 0.059946 
-0.145107 -0.076536 -0.294456 0.168564 -0.019331 0.098613 0.126180 -0.031852 0.084877 0.127268 -0.198723 -0.038825 -0.002167 0.167548 -0.124557 -0.121463 0.327183 -0.319190 0.117628 -0.199087 0.100173 0.129371 0.045057 0.168126 -0.232630 0.081805 -0.021305 -0.012671 -0.218909 0.131325 0.083931 0.039114 -0.063906 0.138518 -0.047182 0.045760 0.085260 -0.071490 -0.112760 0.015886 -0.118724 0.110565 0.017134 -0.153831 0.080881 -0.103118 -0.161172 0.235103 0.065068 0.218355 
-0.139943 0.053432 -0.034301 -0.081698 -0.123289 -0.185912 -0.018086 0.145909 0.083314 -0.009783 0.140994 -0.140200 0.320546 0.332186 -0.157340 -0.069938 -0.053537 0.234446 -0.037492 -0.047544 0.020947 -0.256970 -0.068220 0.036837 0.204830 -0.015141 -0.041171 0.277373 -0.210269 -0.058137 -0.339825 -0.083523 0.032420 0.184529 -0.043458 -0.003724 0.000562 -0.065702 0.047793 0.082926 0.059585 -0.041204 -0.128275 -0.006836 0.020172 -0.210571 -0.234527 0.022248 0.028089 0.104411 
-0.152428 0.033151 0.008110 0.048168 -0.029952 0.269196 0.042839 -0.024802 -0.339555 -0.135373 0.008959 -0.039115 0.115322 -0.033999 -0.251114 -0.050390 -0.029486 0.006950 -0.004836 0.108660 -0.122232 -0.065057 0.044932 0.068603 -0.176053 -0.367346 -0.114816 0.007283 -0.045215 -0.116319 0.103316 -0.234387 0.099906 -0.194815 -0.094277 0.213322 -0.275219 0.057853 0.046552 0.019132 -0.079925 0.045539 -0.073948 0.122390 0.134186 0.110535 -0.047369 -0.143295 0.198233 0.279308 
-0.147575 0.211385 0.035495 0.162783 0.077801 0.003732 0.099666 -0.057668 -0.182849 0.233514 0.131622 -0.127420 -0.140473 0.179410 0.189858 0.023303 0.025408 -0.105147 0.096111 0.037316 0.165912 -0.209405 0.081903 -0.159564 -0.197631 -0.042992 -0.111443 0.049957 0.009309 -0.112881 -0.182328 0.274076 -0.328729 -0.200499 0.049460 -0.030640 0.029558 -0.079261 -0.051003 -0.081473 0.220295 -0.182660 -0.232284 0.050385 0.058355 -0.032218 0.201870 -0.016192 0.142866 0.035121 
-0.141437 0.077080 -0.028360 0.019288 0.254856 -0.080600 0.046204 -0.294976 -0.102331 -0.016067 -0.016498 0.032045 0.024334 0.179117 0.238483 0.232817 -0.021376 0.070633 -0.065833 0.322005 -0.083122 0.228273 -0.099598 -0.022089 0.006900 0.210945 -0.024699 -0.153249 -0.063346 -0.045810 0.049198 -0.194730 0.107281 0.243876 -0.030449 0.265263 0.059748 -0.119222 0.098415 -0.182524 0.037728 -0.120582 -0.118484 0.089720 0.293086 -0.050226 -0.135046 0.093593 -0.043352 -0.010362 
-0.147659 -0.076352 -0.025716 -0.080714 -0.010293 -0.170570 0.130975 -0.183736 0.075023 0.415603 0.279042 0.015583 -0.156700 -0.051751 0.140658 0.052882 -0.131559 -0.150921 0.094705 0.049840 -0.345606 -0.018797 -0.131639 0.145142 0.184872 -0.132867 -0.248700 0.162970 0.021058 0.074442 0.188366 -0.034517 -0.062027 0.009720 0.157709 -0.060691 -0.137795 0.019424 -0.006287 0.079924 -0.076329 0.016083 0.047473 -0.101562 -0.174898 0.114299 -0.223597 0.006580 0.101240 0.072715 
-0.148821 0.032557 0.205774 -0.067872 0.174591 0.083152 0.003861 -0.066434 0.126129 -0.002090 0.213893 0.199582 0.150844 -0.063070 -0.132717 -0.205825 0.034041 -0.031466 -0.224553 0.025697 -0.142426 0.054750 0.093583 0.074053 -0.247001 0.147388 0.064886 0.237121 0.056892 -0.122757 0.088248 0.095808 -0.022364 -0.104341 0.074367 0.366610 0.135723 -0.008756 0.047717 0.329145 0.219071 -0.060620 0.074101 -0.020429 -0.126460 -0.066305 0.063140 0.233817 -0.105680 -0.048918 
-0.133560 -0.178011 0.054452 0.034687 0.016291 0.207257 0.069198 -0.141411 0.028581 -0.166364 -0.109993 0.156497 0.267131 0.105168 0.256279 0.180338 -0.255819 -0.186419 -0.065257 -0.018946 0.218149 -0.119362 -0.097380 -0.286283 0.020277 0.049918 0.099827 0.098215 -0.143346 0.239346 0.073140 0.115387 0.017554 0.033816 -0.016329 -0.036307 -0.026614 0.234977 -0.015564 0.203875 0.119388 0.037424 -0.078950 -0.125028 -0.091042 0.245407 -0.110961 -0.112984 -0.004758 0.153601 
-0.148437 0.026551 -0.047076 -0.078924 -0.243509 0.019148 0.011665 -0.229149 -0.090669 0.077789 -0.135843 -0.056537 -0.136142 -0.039059 -0.197270 -0.003600 -0.023720 0.017123 -0.151213 0.085113 -0.154529 -0.043255 -0.239738 -0.036301 -0.201255 0.196394 0.354629 0.211070 0.197724 0.222021 -0.152696 -0.076353 -0.097491 0.056113 -0.008901 -0.048583 -0.015793 -0.240950 -0.143064 -0.169922 0.136992 0.206074 -0.000058 0.180688 -0.144884 0.061565 0.001282 -0.166571 -0.054296 0.084088 
-0.141249 0.260301 -0.201147 -0.035870 0.100930 -0.016308 0.063509 -0.067233 0.026560 -0.075459 0.159313 -0.168972 0.290807 -0.182728 -0.186686 0.137207 -0.103260 -0.220750 -0.132625 0.005171 -0.089027 0.038945 0.190808 -0.056212 0.076455 0.176500 -0.026766 -0.040228 0.216657 -0.024819 0.026844 0.090516 0.078336 0.019832 -0.092417 -0.140215 -0.188209 0.123690 -0.004916 -0.210192 0.009403 0.221405 -0.175464 -0.356381 -0.012088 -0.180236 0.126383 0.018399 0.061187 -0.092207 
