-0.137903 -0.035591 -0.236221 0.090581 -0.059272 -0.104531 -0.201092 -0.139597 -0.105087 -0.011664 0.036166 0.062270 -0.158361 0.208716 -0.127260 0.043644 -0.302987 0.187977 -0.008327 0.058605 0.044297 -0.253836 -0.037879 0.115740 0.053108 -0.102669 0.217555 -0.302446 -0.085903 0.278041 -0.005582 -0.274327 0.019019 0.198425 0.144987 -0.018309 -0.119398 -0.045928 -0.003310 0.042674 0.013367 -0.022617 -0.269311 -0.091249 -0.041164 0.211154 0.025863 0.023825 0.076556 0.005062 
-0.140809 0.153911 0.045344 0.159932 -0.017255 -0.008117 0.069161 -0.076856 -0.148381 -0.213730 0.389558 0.045627 -0.120229 -0.055548 0.118020 0.038949 0.058145 -0.218089 -0.074691 -0.268079 -0.025619 -0.083544 -0.059494 -0.096126 -0.209747 0.051415 -0.015441 0.258844 -0.110092 0.163967 -0.080714 -0.034805 0.048332 0.123534 0.040965 0.150478 -0.068490 -0.124815 -0.071747 -0.210552 -0.128785 0.016956 -0.025020 0.024038 -0.007937 0.095574 0.296357 0.121875 -0.241630 0.232068 
-0.132186 -0.304948 -0.024955 -0.125147 0.077468 -0.305219 0.098483 -0.089023 0.135256 -0.131383 0.070673 0.030274 -0.030087 0.089126 0.079472 -0.034769 -0.207063 0.136094 -0.101363 0.153178 -0.047231 0.060239 -0.035469 -0.107019 -0.267156 -0.203435 0.122280 0.046237 0.261132 0.013676 0.022725 0.157278 -0.194628 -0.162753 -0.114283 -0.238800 -0.140821 -0.290664 0.001028 -0.064329 0.001742 -0.113978 0.005690 0.115884 0.105332 -0.098519 0.062378 -0.052511 -0.245739 -0.065105 
-0.138289 0.132509 -0.067473 -0.245304 -0.031457 0.130786 0.132577 0.103876 -0.191000 -0.001653 -0.073220 -0.168095 0.182296 -0.020527 0.015525 0.058716 0.005394 -0.118589 -0.062544 0.236877 -0.052441 -0.078065 -0.110377 0.144852 -0.053417 -0.221573 -0.006292 -0.034289 0.173222 0.125444 -0.370787 -0.080950 -0.184631 0.169068 -0.233587 0.199628 0.073962 0.034261 0.054031 0.268880 0.014521 0.222057 0.043741 0.091588 0.140489 0.103290 -0.046424 -0.031617 -0.192952 0.126735 
-0.149347 -0.145611 -0.011633 -0.033574 0.023572 0.009650 0.083056 -0.295826 -0.190357 0.193821 -0.119950 0.148770 -0.174538 -0.136130 -0.138454 -0.046548 0.227794 -0.155853 -0.115657 -0.030293 0.019526 0.043911 0.269353 0.033749 -0.178605 0.004986 0.009944 -0.285788 0.111347 -0.150696 0.199618 0.067806 -0.037358 -0.122851 0.117012 0.280754 -0.019804 -0.084167 0.178744 0.041517 0.103213 0.152775 0.032930 -0.198931 0.039828 0.151006 0.156343 -0.184541 -0.107614 0.022816 
-0.141451 -0.162786 -0.138465 0.210843 0.110533 -0.067316 -0.100160 -0.106363 0.012810 -0.149654 0.120952 0.119751 0.269508 -0.132360 0.366297 -0.230132 0.032719 0.145771 0.191091 -0.102578 0.064833 0.063132 0.067912 0.173719 0.152323 0.090232 -0.156350 -0.105482 0.009576 -0.077213 0.019272 -0.039291 -0.269623 0.121423 0.105112 0.163974 0.072179 0.027240 -0.035116 0.198808 -0.110565 0.074313 -0.121077 0.032854 0.254597 -0.215074 0.092855 0.051797 -0.011645 -0.087423 
-0.132886 0.286306 -0.036078 -0.032070 -0.008422 -0.047897 -0.167877 -0.043232 -0.094553 -0.111868 -0.218083 0.057569 -0.200297 -0.130688 0.054940 -0.311486 -0.082441 -0.022518 0.114083 0.097774 0.031191 0.280581 0.043966 0.225556 0.006620 0.000964 -0.088126 0.231983 -0.114318 -0.066911 -0.107704 -0.001042 -0.211488 -0.118408 -0.026649 -0.201956 -0.146928 -0.053423 -0.103133 0.048176 0.065028 -0.056620 0.022397 -0.339184 -0.151185 0.230490 -0.095890 0.136271 -0.136060 -0.003124 
-0.153736 0.180643 0.181552 0.245214 0.109719 -0.203998 -0.097248 -0.008573 -0.126053 -0.071532 0.085329 0.108159 -0.088074 0.081875 0.043311 -0.157238 -0.154287 -0.047152 0.106237 0.154156 0.154077 -0.226243 0.084204 -0.039020 0.004432 -0.245953 -0.182006 0.032023 0.060300 -0.112827 0.147253 0.021756 0.132906 -0.096119 -0.243917 0.096396 -0.041131 0.276186 -0.119997 -0.111160 0.256868 0.098707 0.115852 0.213499 0.117410 0.048614 -0.094485 -0.218450 0.123273 0.073970 
-0.140798 0.127828 -0.040626 -0.218758 0.076501 0.117830 -0.396099 0.099582 -0.017216 0.017032 -0.004270 0.089194 -0.046661 0.137150 0.251954 0.165885 -0.038289 -0.107318 0.041636 -0.059175 -0.222978 0.193934 0.227629 -0.024888 0.007363 -0.101669 0.139817 -0.074276 -0.255099 0.106957 0.043210 0.240050 -0.071200 -0.014426 -0.051851 0.108466 0.142355 0.025171 0.035006 -0.050217 -0.131643 -0.139969 -0.010120 0.258134 -0.057435 0.104007 0.054651 -0.262301 -0.038107 -0.205914 
-0.146263 0.074150 -0.036092 0.022682 -0.095311 -0.133135 0.106306 0.007234 -0.246844 0.103692 0.067079 -0.234211 -0.110986 -0.241088 0.100334 0.118894 -0.369444 0.065951 0.020988 -0.159210 -0.079591 0.175317 -0.131854 0.121268 0.018059 0.139919 0.109552 0.165683 0.294374 0.031278 0.175106 0.026062 0.159162 -0.006603 0.025997 0.061543 0.288079 -0.137659 -0.071918 0.122051 -0.022743 0.011926 0.139356 -0.039114 0.063335 0.088346 0.018916 -0.103230 0.268486 -0.157967 
-0.157390 -0.118518 -0.139802 -0.261951 0.101168 -0.046062 0.035090 -0.178279 0.025179 0.127071 0.016871 0.126519 0.218815 -0.042246 0.202645 -0.091503 0.078115 0.149244 0.007096 0.311302 0.021945 0.055364 -0.004548 -0.151913 0.167401 0.210231 -0.107346 -0.041290 -0.092762 0.128046 -0.003634 -0.037810 0.185301 0.078519 -0.150124 -0.000651 0.091063 -0.177205 -0.092686 -0.291332 -0.021223 0.020973 0.234095 -0.025063 -0.065434 0.246641 0.051052 0.058299 0.192459 0.266316 
-0.137288 -0.100064 -0.019281 -0.099565 -0.247900 -0.078011 -0.099031 0.165709 0.003199 -0.015464 0.063418 0.031982 0.157207 -0.220146 -0.134087 -0.244353 -0.236120 -0.045445 -0.171641 -0.119662 -0.111744 0.169798 0.328342 -0.254785 -0.099600 0.047472 0.139002 -0.002384 -0.023989 -0.082455 -0.134556 -0.196316 0.046138 0.250257 0.031767 -0.032702 0.085594 0.211713 0.074175 -0.125838 0.179785 -0.105172 -0.018092 -0.087333 0.081089 -0.164187 -0.161303 -0.083312 -0.049781 0.167622 
-0.129426 -0.124738 -0.074878 0.117256 0.080439 -0.176782 0.092213 0.206241 0.136369 -0.192739 -0.280517 -0.217741 -0.160806 0.041509 0.218413 0.004516 0.149546 -0.193642 -0.024649 0.156530 -0.223123 0.042163 0.159165 0.122564 0.039018 -0.189467 -0.099261 0.060250 -0.091505 0.103675 -0.000478 -0.092473 0.403274 -0.044354 0.206032 -0.100166 0.099493 -0.064005 0.153641 0.004095 -0.016650 0.094175 -0.146161 -0.066393 0.181488 -0.048934 0.051775 0.015622 0.056996 0.125846 
-0.144672 0.196211 -0.042417 -0.024898 -0.131837 -0.157102 0.238636 0.154977 0.034658 -0.045795 -0.139163 0.201810 0.080724 0.023818 -0.261554 0.053387 0.007691 0.275169 -0.055108 0.110599 -0.018430 0.039782 0.162939 0.117471 -0.001803 0.051568 -0.211377 0.099054 -0.005797 0.250651 0.225339 -0.070852 0.046052 -0.027873 0.058676 0.332062 0.035719 0.036241 0.000048 -0.154895 -0.134009 -0.088268 0.034248 0.111751 -0.008805 -0.069272 -0.100613 0.174684 -0.253534 -0.268082 
-0.146997 -0.046447 -0.205812 -0.070410 0.181554 0.224984 0.144709 -0.018277 -0.057469 0.186453 0.037692 -0.110783 -0.340914 0.151432 0.161486 -0.018019 -0.130703 -0.057546 -0.139630 -0.071107 0.150699 -0.143259 0.192266 0.105777 -0.142552 0.057321 -0.110300 -0.085177 -0.003385 -0.152520 -0.083760 -0.077686 -0.142749 -0.016682 0.038833 -0.133837 0.248866 0.079834 -0.079449 -0.251858 -0.075132 0.088329 0.066798 0.125196 -0.039108 -0.170956 -0.232700 0.300759 0.002778 -0.063081 
-0.128105 -0.024034 -0.110699 0.053794 -0.209257 -0.128780 -0.093189 -0.102916 0.054494 0.077823 -0.068771 0.024257 -0.016027 0.246413 0.133957 -0.052250 0.089223 -0.409954 -0.229733 -0.031158 0.043507 0.099204 -0.102319 -0.081333 0.312064 0.096253 -0.134474 0.079733 0.402573 0.157789 -0.002309 -0.090853 -0.106423 0.067018 -0.085767 0.005933 -0.137004 0.147206 0.144575 -0.075870 0.034764 -0.048894 -0.028835 0.013130 -0.236504 -0.093270 0.088479 0.007922 0.070392 -0.186896 
-0.150572 -0.279288 0.166750 0.062710 -0.269249 0.207842 -0.121166 -0.012943 -0.073138 -0.172392 0.212098 -0.097204 0.048647 0.064243 0.018401 0.146512 0.103609 0.095704 -0.115582 0.054287 -0.021069 -0.088549 0.008249 0.173636 -0.001967 0.000601 -0.309398 -0.014238 -0.086730 -0.045550 0.046677 -0.324533 -0.000665 -0.223819 -0.116574 -0.118360 0.237278 -0.075920 -0.023875 0.103490 0.060609 -0.245436 0.104360 -0.114205 -0.156770 0.046342 -0.025868 -0.213966 -0.135972 -0.031030 
-0.135307 -0.094408 0.227962 0.252627 0.141617 -0.082719 -0.111597 -0.106472 -0.118621 -0.156563 -0.276373 0.044886 -0.065489 -0.056733 -0.125745 0.181144 -0.103594 0.030495 -0.091700 -0.097791 0.046801 0.078207 -0.017314 -0.088661 0.199411 0.065747 0.049167 -0.091776 0.030932 -0.067061 -0.132207 0.108908 -0.056986 -0.069809 -0.194475 0.131700 0.136162 -0.089327 0.267288 0.058805 -0.214846 -0.214105 -0.018788 0.141262 -0.050400 0.008588 -0.203204 0.249294 0.011629 0.337886 
-0.152981 0.157904 0.061149 -0.009094 -0.118054 0.169394 0.018284 0.042897 -0.079890 -0.092225 -0.128374 0.369372 0.135987 0.055306 0.087990 0.083541 0.044979 -0.134579 0.091416 0.019356 0.207016 0.007266 -0.005874 0.044452 -0.383938 0.068312 0.035722 -0.141351 0.146951 0.113846 -0.108970 0.042199 0.214812 -0.056735 -0.164698 -0.099369 -0.010122 -0.129485 -0.112787 0.002482 -0.162071 -0.091952 -0.187265 -0.220778 0.073738 -0.279630 -0.074926 -0.053194 0.275768 -0.031926 
-0.136025 -0.013440 -0.386682 0.056629 -0.044704 -0.063965 0.083950 -0.097254 -0.075309 -0.105133 0.199559 -0.215702 0.086920 -0.151236 -0.175537 -0.006714 0.105782 -0.137276 0.256802 0.056550 0.104807 0.069193 0.078390 0.026636 0.037631 0.241268 0.160293 -0.066397 -0.099866 0.128442 -0.017907 0.125087 0.140149 -0.328343 -0.140113 -0.091615 -0.044796 0.057595 0.029437 0.068817 0.102163 0.097061 -0.192405 0.240514 -0.218994 -0.102113 -0.168263 -0.056160 -0.124685 0.033641 
-0.116103 -0.019399 0.140683 -0.178833 0.202303 0.081420 0.037947 0.024572 -0.006181 0.074073 -0.065883 0.026156 0.179506 -0.030562 -0.105215 -0.143053 -0.217963 -0.349589 0.135327 -0.017398 -0.129353 -0.446834 -0.029207 0.159290 0.195814 0.214297 0.086303 0.184254 -0.106623 -0.056964 0.099787 -0.092817 -0.052391 -0.071687 -0.003118 0.032942 -0.071041 -0.275794 0.179138 -0.122272 0.051853 -0.152019 -0.071866 -0.042515 0.147784 -0.072508 -0.049771 -0.075353 -0.046411 -0.111442 
-0.160420 -0.023917 -0.244614 0.031872 0.050204 -0.008993 -0.017314 0.168906 0.436382 0.134486 -0.009286 0.247050 -0.031660 -0.040533 -0.105262 -0.037929 -0.117524 -0.090917 -0.041572 -0.264443 -0.062761 -0.078446 -0.144253 0.062453 -0.129384 0.148518 -0.138556 -0.077168 0.032594 0.004840 -0.096718 -0.042417 0.097927 -0.221098 -0.046850 -0.082585 -0.042838 0.200971 0.006251 0.270105 -0.121677 -0.066819 0.223474 0.090097 0.162781 0.296017 0.080220 -0.010718 -0.027900 0.101950 
-0.139026 0.189823 -0.073769 0.125132 0.147088 0.036614 -0.017614 -0.151210 -0.080899 -0.077973 -0.099962 -0.009576 0.218344 0.316382 -0.041280 0.043548 0.188349 0.199606 0.186881 -0.177632 -0.294607 -0.090972 0.094494 0.025837 -0.044793 0.061918 0.242251 0.052145 0.223120 -0.112214 0.111819 -0.043548 0.094007 0.137394 -0.124368 -0.293306 0.143017 0.151559 0.135410 -0.036200 0.056079 0.064829 0.212586 -0.144129 -0.022681 -0.000133 0.082140 0.068384 -0.187870 -0.000501 
-0.157358 -0.109030 0.066905 -0.116834 0.063636 -0.244580 -0.046209 0.203150 -0.128218 -0.122505 -0.085500 0.170520 0.040830 -0.090559 0.035019 0.311404 -0.026958 -0.061667 0.067611 0.087027 -0.039823 0.067916 -0.338554 -0.039127 -0.195107 0.195392 -0.070845 -0.082408 -0.156057 -0.353938 0.020664 -0.161646 -0.043081 0.098587 0.047501 -0.062185 -0.009647 0.122748 0.112172 -0.091549 0.148209 0.264950 -0.123277 0.092377 -0.182323 0.061729 0.090417 0.106423 -0.001312 -0.180325 
-0.152936 -0.222033 0.126847 0.143938 -0.034609 0.189051 0.188420 0.179211 0.055085 0.034349 0.122152 0.259050 0.025059 0.252801 -0.078836 -0.019842 -0.053940 -0.107731 0.002623 0.085942 0.034782 0.185864 0.091089 -0.010174 0.214375 -0.066481 0.315428 0.116509 -0.055417 -0.038779 -0.050886 0.092384 0.025251 -0.093534 -0.037617 0.098405 0.187081 -0.052724 -0.240214 0.149430 0.308760 0.089946 -0.074334 -0.040579 0.014589 0.123117 0.149468 0.299721 0.015004 -0.081794 
-0.145470 0.186852 0.023399 -0.267085 0.107013 0.057607 0.016775 0.030359 -0.027964 -0.117269 0.348542 0.120918 -0.221094 -0.025411 -0.031100 -0.021449 0.006747 0.128097 -0.058329 -0.117011 -0.171272 0.056228 -0.167965 -0.115624 0.362596 -0.108046 -0.182216 -0.286250 0.060567 -0.083977 -0.100953 0.135479 0.267425 -0.036354 -0.012530 -0.015176 -0.104627 -0.092148 0.119468 0.060494 0.090297 0.059224 -0.007935 -0.200240 0.078294 -0.198370 -0.125480 0.070332 -0.106464 -0.096809 
-0.149115 0.115374 0.036719 0.085049 -0.350307 0.091031 -0.042861 0.016609 0.221515 0.165883 -0.028357 0.027039 -0.187484 -0.039889 0.320928 0.022329 -0.000534 0.173956 -0.013038 0.266344 0.106418 -0.182312 -0.041824 -0.030280 0.090048 0.162948 0.307286 0.114586 0.032489 -0.328795 0.014982 0.018226 0.160853 0.034019 0.030844 0.121811 -0.106979 -0.015600 0.074707 0.074434 -0.173944 0.066890 -0.024912 0.024533 -0.043800 -0.071644 -0.054571 -0.102110 -0.273538 0.083712 
-0.139482 0.119504 0.261047 0.038129 0.195398 0.011937 0.034933 -0.085304 0.122551 0.281769 0.182158 -0.155128 0.160483 0.124742 0.002162 -0.153940 0.038914 0.144740 -0.097233 0.012823 -0.121344 0.262388 -0.184811 0.093118 -0.109834 -0.022595 0.071984 0.012526 0.053534 -0.007248 -0.080906 -0.187701 -0.018711 -0.292992 0.041695 0.105570 0.033457 0.182749 0.094687 -0.214314 -0.137691 0.029621 -0.414566 -0.051082 0.022578 0.108388 -0.073500 -0.078607 0.056484 0.047411 
-0.125838 -0.132418 0.113317 -0.039011 -0.242378 -0.122949 0.193709 -0.131129 0.199678 0.095829 -0.042901 -0.239782 -0.025304 0.087829 0.102077 0.089683 -0.028380 -0.011023 0.298834 -0.202564 0.058330 -0.090535 0.025128 -0.125350 -0.071165 -0.010345 -0.195384 -0.047161 -0.163671 0.034110 -0.018921 0.287071 -0.025568 0.215554 -0.266938 0.057680 0.036782 0.100998 0.059389 -0.043548 0.059628 -0.063543 -0.200463 -0.255797 0.111927 0.240953 -0.142002 0.073890 -0.050004 -0.149618 
-0.135890 0.087238 0.072778 0.071138 0.067284 -0.138870 0.223984 -0.202426 0.204997 0.001330 0.143660 0.016224 -0.070130 -0.191941 -0.182074 0.278606 0.121572 -0.068041 0.004284 0.087750 -0.063312 0.082327 0.259394 0.254118 0.157741 -0.081120 0.095085 -0.014729 -0.047800 -0.213584 -0.279368 -0.142409 -0.049588 0.220559 -0.107076 -0.118002 -0.171352 0.006471 -0.142494 -0.068560 -0.144015 -0.139537 0.077552 0.077315 0.017487 -0.010890 0.095258 -0.125035 0.204879 -0.161898 
-0.134183 0.229467 -0.062777 -0.219802 -0.201188 0.064229 0.269528 -0.217044 -0.040855 -0.186324 -0.011607 0.072593 -0.003716 0.048506 0.011162 -0.001151 0.005027 0.085448 -0.203109 0.083326 -0.096789 -0.124231 -0.019279 -0.061522 0.024495 0.026091 -0.054227 0.123438 -0.137482 -0.094767 0.174851 0.174991 -0.217697 -0.077666 0.164274 -0.164375 0.097221 0.207585 0.127109 0.186899 0.096041 -0.171183 -0.208100 0.137861 0.089271 -0.007853 0.164325 0.029132 0.297308 0.198137 
-0.139697 -0.154987 -0.017865 -0.065537 0.187427 0.076109 0.018450 -0.294706 0.015609 -0.088248 -0.149270 -0.107823 -0.127729 0.239211 -0.171524 -0.163317 -0.119475 0.013430 0.052626 0.061393 -0.156226 0.070131 -0.109337 -0.236851 -0.151218 0.092742 -0.088799 0.206760 -0.175950 -0.061636 -0.101220 -0.081844 0.155992 0.104012 0.000694 0.276577 -0.065377 0.072618 -0.211830 0.299025 -0.135166 0.017425 0.076021 -0.022050 -0.164174 -0.249634 0.021705 -0.135347 0.054025 -0.093229 
-0.142883 -0.139678 -0.188364 -0.064755 0.058317 -0.062119 -0.191494 0.136333 -0.263578 0.201524 -0.026665 -0.047611 0.175442 -0.013669 -0.090793 0.201715 0.055911 0.170289 -0.247557 -0.145463 0.143490 -0.141597 0.184173 -0.100824 0.132874 -0.128215 -0.088043 0.365607 -0.070385 -0.126078 -0.030851 0.102261 0.064773 -0.148449 -0.124985 -0.081376 -0.220990 0.045545 -0.080209 0.049752 -0.206031 0.165113 -0.163055 -0.170771 0.104100 -0.001713 0.088151 0.023654 0.056935 -0.041095 
-0.160765 0.017804 -0.055078 -0.094616 -0.079928 0.110562 0.061505 -0.091488 0.166586 -0.102771 -0.069521 0.050696 0.064154 -0.025133 -0.067620 0.196879 -0.027208 -0.189965 0.183072 -0.147395 0.068628 0.134952 -0.122976 -0.187521 0.173684 -0.318794 0.062985 0.018718 -0.002762 -0.019775 0.373015 -0.235030 -0.190026 -0.044350 0.120549 -0.054598 0.017154 -0.042558 -0.211911 -0.076700 -0.206274 0.244727 0.045218 -0.058534 0.045554 -0.008702 -0.267311 -0.096010 -0.043043 0.200122 
-0.141071 -0.264531 -0.043994 0.019359 0.070778 0.231818 0.058977 0.358562 -0.179644 -0.113070 0.186968 -0.063200 -0.157272 0.015138 -0.131069 -0.154161 0.135596 -0.013308 0.156709 0.205566 -0.069444 0.063343 -0.068405 0.062843 -0.031150 0.048621 0.033206 0.002908 0.176227 -0.044199 0.253069 0.152221 -0.075871 0.234481 -0.016169 -0.002412 -0.239652 0.194527 0.074528 -0.061785 -0.284553 -0.201491 0.008869 -0.040824 0.016661 0.152048 -0.071843 -0.008462 0.129630 0.072053 
-0.163445 0.013958 0.150481 -0.220433 -0.011476 0.024589 -0.106502 -0.025777 -0.095255 0.181683 -0.061162 -0.084872 0.026204 0.113581 0.003005 0.042505 0.165067 0.049601 0.239317 -0.166736 0.172419 0.110760 0.089953 -0.004839 -0.035094 0.005985 -0.137045 0.057368 0.215602 -0.082565 -0.035835 -0.124904 0.181738 0.112147 0.302685 -0.061759 -0.198130 -0.160422 -0.126354 0.150154 0.210261 -0.250054 -0.098866 0.390033 0.078053 0.098332 -0.051620 0.120452 -0.068276 0.107195 
-0.144401 0.073409 0.097173 -0.021285 0.310166 -0.057427 0.055781 0.233883 0.133200 0.200612 -0.021841 0.022696 -0.159968 -0.235538 0.014689 0.099163 0.037954 0.093836 0.166732 0.046104 0.050123 -0.167636 0.101133 -0.198215 0.058048 0.004881 -0.064921 0.007281 0.153041 0.222432 0.044733 -0.036830 -0.184861 0.058179 -0.016277 -0.063910 0.206827 0.067560 -0.101143 0.149529 0.085209 -0.106928 -0.190404 -0.161883 -0.340384 -0.170630 0.233078 -0.126981 -0.085194 0.162970 
-0.116613 0.021535 0.084169 0.095146 0.047220 0.131227 -0.058740 -0.190888 -0.069214 0.072473 0.042772 -0.099186 0.228727 -0.208496 -0.011099 0.059876 -0.189149 -0.175344 0.077287 0.288362 0.173309 -0.020092 -0.046202 -0.204867 -0.015436 -0.210427 -0.014291 -0.085362 -0.012631 0.057618 -0.057127 0.090463 0.157599 -0.081341 0.323576 -0.143662 0.048984 0.259749 0.113976 0.009833 -0.154704 -0.173408 0.181042 -0.084975 0.030778 0.026349 0.164828 0.222286 -0.153761 -0.237724 
-0.150700 -0.088072 -0.001264 0.156325 -0.096546 0.176361 -0.218697 -0.125851 0.099074 0.018515 -0.115486 0.007702 0.048079 -0.338897 -0.013765 0.009683 0.125638 0.030923 -0.108919 0.022234 -0.491883 -0.239713 -0.094752 0.013180 -0.084507 -0.078199 -0.038606 -0.003233 0.164414 0.056862 -0.021272 0.201264 -0.018179 -0.007168 0.060046 0.047716 -0.061918 -0.017910 -0.332409 -0.125455 0.155554 0.058048 -0.112245 0.096535 -0.096605 0.020519 -0.182214 0.186735 0.085524 -0.071283 
-0.124991 -0.155793 -0.014852 -0.051568 0.068421 -0.197568 0.128646 -0.016680 -0.057224 0.053670 0.031038 0.219191 0.062316 -0.045534 0.079550 -0.149875 0.244038 0.038133 -0.082610 -0.197914 0.174244 -0.127286 -0.231714 0.195897 -0.019000 -0.283749 0.194837 0.187754 -0.130611 0.075902 -0.130117 0.155698 0.074464 0.117939 0.220146 0.004878 0.152178 0.068181 0.124466 0.038350 0.026128 -0.101198 0.145976 -0.007641 -0.272528 0.002661 -0.307572 -0.158410 0.038640 -0.050900 
-0.130349 0.080132 -0.049767 0.248888 -0.128892 0.053215 0.039843 0.077341 -0.033624 0.356763 0.126913 0.034001 0.003211 -0.009387 0.039717 -0.026907 0.022282 0.051300 0.163665 0.029873 -0.186683 0.071871 0.018233 -0.150826 -0.156850 -0.209787 -0.080662 0.052027 -0.222120 0.072708 0.058935 -0.149287 -0.146339 -0.017419 -0.103842 -0.029386 -0.187767 -0.270754 0.388952 0.147300 0.067886 0.057284 0.188715 0.079648 -0.086279 -0.162539 -0.030911 0.162017 0.242979 -0.010039 
-0.126535 0.101312 0.055854 0.019824 -0.046571 -0.248943 0.104952 0.173600 -0.090053 0.135306 -0.037050 -0.248123 0.234284 0.162452 0.110820 -0.010206 -0.055595 -0.118357 -0.161274 -0.069655 -0.087397 -0.013148 -0.055179 0.168041 0.000422 -0.003904 0.062381 -0.371807 -0.182438 -0.113946 0.153872 0.139831 -0.032276 -0.052517 0.034080 0.079161 -0.204353 0.011616 -0.329164 0.055521 -0.019053 -0.176897 0.178893 -0.118990 -0.164816 -0.179569 0.072799 0.093102 -0.046691 0.212775 
-0.139176 0.182002 0.183540 -0.026955 0.083517 -0.091431 -0.190643 0.044835 0.230189 -0.117895 0.141286 -0.185350 0.092203 -0.016481 -0.162959 -0.238371 0.142860 -0.091902 -0.296679 0.051370 0.197664 -0.070047 0.096998 -0.074431 -0.111804 0.063741 0.023879 -0.074234 -0.017112 -0.024320 0.239588 0.041453 0.029804 0.217679 -0.068957 -0.135464 0.164579 -0.250566 0.012876 0.254472 -0.146605 0.207935 -0.041131 0.076223 -0.081636 0.146726 -0.075427 0.125551 0.080254 -0.174574 
-0.158390 -0.040323 0.113003 -0.112769 -0.065272 0.243813 0.099450 0.105584 0.156674 -0.310001 -0.150983 -0.168869 0.103198 -0.054099 0.046697 -0.130265 -0.178173 0.205196 0.076199 -0.251874 0.149816 -0.071824 0.146445 0.061697 0.025866 -0.119621 0.030738 -0.082937 0.101447 -0.010066 -0.126846 0.021210 0.019900 -0.136808 0.049119 0.119152 -0.207542 -0.021627 0.163535 -0.171698 0.009688 0.196759 0.099902 0.069679 -0.334302 0.059240 0.262035 -0.022913 0.193944 -0.038505 
-0.143293 0.120438 -0.110200 0.322754 0.269752 0.233506 0.186117 0.084364 0.028204 -0.102728 -0.103015 -0.091847 0.108829 0.023243 0.132900 0.187377 -0.018817 0.083144 -0.281387 0.009305 0.130459 0.101601 -0.034214 -0.209384 0.002369 0.202521 -0.024302 -0.013630 -0.070565 0.079207 -0.027665 0.043375 -0.095469 0.097574 0.142569 -0.020815 -0.214355 -0.101662 0.009067 -0.013207 0.290522 -0.074975 0.042903 -0.064858 0.112650 0.135647 -0.221487 -0.286116 -0.048049 -0.114630 
-0.123470 0.027461 -0.080649 0.013335 -0.050960 0.063625 0.036166 0.059643 -0.107430 0.015594 -0.267039 -0.128014 -0.167101 -0.182412 -0.035436 -0.257846 0.273195 0.087381 -0.047978 -0.132521 0.124168 0.002516 -0.295630 -0.170372 0.078039 -0.113087 0.204151 -0.132221 -0.163551 -0.004183 0.037217 -0.213050 0.004269 -0.043963 -0.277639 -0.037161 0.083914 -0.004182 -0.110378 -0.139948 0.031487 -0.207959 -0.011807 0.138104 0.240329 -0.053592 0.251201 0.010119 -0.034359 -0.210043 
-0.136666 0.013426 -0.097267 -0.149496 0.077975 -0.011913 -0.351602 -0.038328 0.276277 -0.088153 0.103695 -0.183341 -0.076340 0.001377 -0.100483 0.237190 0.118787 0.032256 0.005504 0.076577 0.212115 0.043191 -0.105035 0.186549 -0.130300 0.019171 0.139889 0.148544 -0.002092 0.067066 0.075757 0.030559 -0.082153 -0.029710 -0.006194 0.280276 -0.004718 0.083820 0.112772 -0.090167 0.296426 -0.092635 0.185282 -0.199674 0.192941 -0.223861 0.040206 0.169542 0.140087 0.106671 
-0.123965 0.123018 -0.205724 0.174540 -0.165238 -0.086818 -0.107612 0.150749 0.021880 0.036225 -0.001130 -0.068849 0.036161 0.205481 -0.326869 -0.077492 0.044671 -0.001671 0.160286 0.082390 0.024695 -0.036056 -0.121312 -0.101572 0.038103 -0.016293 -0.174499 -0.028983 0.060335 -0.238558 -0.287622 0.231429 -0.147511 -0.002384 0.262671 0.035957 0.290533 -0.272805 -0.030190 -0.231984 -0.058909 -0.000509 0.008495 -0.029397 0.032938 -0.008488 0.120877 -0.205842 0.053898 0.048212 
-0.146540 -0.064419 0.355975 -0.065642 -0.127507 -0.182733 -0.033877 0.060106 -0.126722 -0.032834 0.006270 -0.035715 -0.157018 0.078366 0.006614 -0.001312 0.181969 0.060820 0.082050 0.007097 -0.058126 -0.119507 0.080674 -0.148323 0.060726 0.301092 0.141231 -0.055064 -0.046129 0.318368 -0.207200 -0.016728 -0.225993 -0.212314 0.211173 -0.123267 -0.075587 0.118601 -0.079996 0.034485 -0.096552 0.233524 0.251916 -0.017118 0.220707 -0.022913 -0.099491 -0.029834 0.099259 -0.071191 
-0.147468 -0.104573 0.195842 0.072642 -0.068256 0.177261 -0.055240 -0.091853 0.013620 0.193947 -0.105858 0.038926 -0.042629 -0.019080 -0.184149 -0.021184 -0.150046 0.051570 -0.082081 -0.019824 0.076939 0.191209 -0.150781 0.326251 0.065988 0.070660 -0.139264 0.017845 -0.156931 0.219894 0.091532 0.243249 0.061814 0.246753 -0.042188 -0.297357 -0.022115 0.039647 0.038193 -0.094602 0.041555 0.259044 0.003489 0.139656 0.079915 -0.227063 0.171402 -0.155987 -0.161077 0.148936 
