-0.168072 0.066719 0.033180 -0.076161 -0.129926 -0.149304 0.128482 -0.203105 0.031682 0.140260 -0.247809 -0.069048 -0.053943 -0.055205 -0.174926 0.052503 -0.030204 -0.022835 -0.203604 -0.096712 -0.058201 0.381801 0.066375 -0.152257 0.264781 0.120657 0.147561 -0.089054 0.037715 0.189480 0.175112 -0.016825 0.030169 0.088825 0.050961 0.126656 -0.323223 -0.060140 0.123986 -0.129415 -0.166080 -0.241396 -0.016052 -0.177559 -0.042355 -0.117844 -0.098017 -0.015436 -0.121552 -0.008752 
-0.154193 0.271910 0.044102 0.040099 0.006990 -0.040484 -0.054886 -0.224699 -0.166337 0.101600 0.172590 -0.285743 0.140181 0.110989 -0.014410 -0.056043 -0.097701 0.076876 -0.068759 0.171254 -0.056151 0.040799 -0.284798 0.023466 0.092328 -0.088604 -0.069829 0.176040 0.005893 -0.071791 -0.255406 -0.092521 -0.062637 -0.031042 -0.140999 0.092270 -0.226357 0.219975 0.010611 0.072204 -0.076284 0.231225 -0.275378 -0.244687 0.011803 0.148352 0.062522 0.092967 0.130727 -0.081106 
-0.150612 0.008814 0.052167 0.125319 -0.038604 -0.211965 -0.070289 -0.187537 -0.020657 -0.174791 -0.059951 0.112368 -0.121734 0.308072 0.097916 -0.189333 0.182810 0.262716 -0.024547 -0.212896 -0.108379 -0.028718 -0.201750 -0.008235 -0.212696 0.137804 -0.037998 -0.104616 0.042290 0.029356 0.125298 -0.000824 0.146206 0.109192 0.018534 -0.057797 -0.029153 -0.215344 -0.093026 -0.085713 0.024858 0.191537 -0.094976 0.017590 -0.002747 -0.219174 0.074655 0.365136 0.063156 0.188339 
-0.149022 -0.235897 -0.097046 0.121216 0.152390 -0.108693 -0.307048 -0.231922 -0.150866 0.067467 0.114127 0.270941 -0.086574 0.064018 -0.148109 0.048509 0.008243 -0.042742 0.025452 0.103358 -0.007278 0.022213 0.138228 -0.008365 -0.118814 -0.008104 -0.018660 0.027230 0.021279 -0.097492 -0.290396 0.221684 -0.165589 -0.200976 -0.041600 0.325124 0.066665 0.023930 0.026645 0.020246 0.002440 -0.181279 0.009483 -0.107165 0.133870 -0.229046 -0.183663 0.094314 -0.186277 -0.010686 
-0.128917 0.068671 0.267901 0.232452 0.034332 0.007686 0.013226 -0.083772 -0.155804 -0.049709 0.016544 -0.040495 0.308612 -0.147350 -0.086154 0.197654 0.067364 0.078083 -0.144012 -0.005552 0.002623 0.100460 0.036177 0.078849 0.095642 0.019641 -0.255433 -0.046766 -0.007676 0.104215 0.123186 0.409813 -0.054368 0.024255 0.086842 -0.127893 0.081474 0.131216 0.059586 0.286432 -0.200977 0.087587 0.143327 0.267914 0.057703 -0.004909 0.027095 0.048308 -0.022905 0.219244 
-0.128206 0.100488 0.085025 -0.102271 -0.268545 -0.066898 -0.310706 -0.032057 0.090600 -0.090586 0.146548 -0.041947 0.288007 -0.193206 0.004381 0.008212 0.063247 -0.064459 -0.035097 0.150970 -0.061872 -0.143157 0.276939 0.164482 -0.217576 0.109647 0.056763 -0.060614 -0.214535 0.208620 -0.045361 0.049293 0.155021 0.193293 -0.222929 0.006611 -0.171421 -0.060821 0.032267 -0.216282 0.210061 0.061036 0.022006 -0.084219 0.067305 -0.051981 -0.058405 -0.165669 0.051357 0.113444 
-0.129164 0.103607 -0.153257 0.087807 -0.421966 -0.019295 0.019437 -0.001968 -0.142155 0.105841 -0.083550 0.053343 0.127892 0.183691 0.028937 0.039611 0.173524 0.142579 -0.027432 0.013513 -0.149948 -0.109415 0.199953 -0.130417 0.018326 -0.053638 0.161522 0.134276 0.138991 -0.028608 -0.116364 -0.154578 -0.025575 -0.096564 -0.032106 -0.098010 0.351768 -0.231098 0.177314 0.106775 -0.232923 -0.108545 0.038645 -0.101628 0.117903 0.233483 0.005963 -0.093127 0.059910 0.148108 
-0.156938 -0.189643 -0.052664 0.230363 -0.026762 0.055130 0.268038 0.164327 0.069669 0.134483 0.038151 -0.048208 0.184023 0.030391 0.177705 0.142416 0.031214 -0.312522 0.091812 -0.059185 0.058034 0.258356 -0.026456 -0.154312 -0.030324 0.088892 -0.039118 0.010893 -0.191800 -0.073851 -0.093128 0.070004 0.054300 -0.107459 0.077023 0.183377 0.077555 -0.075568 0.003051 -0.202985 0.122729 0.235364 0.028316 -0.244965 0.038970 -0.029676 0.306437 0.025871 -0.013114 0.246371 
-0.131955 -0.053971 -0.069357 -0.014490 -0.198872 0.117251 0.051385 -0.079073 0.159089 0.016532 -0.075153 -0.093685 -0.024268 -0.195449 0.208018 -0.241308 0.071003 -0.310376 -0.013734 -0.091794 -0.061368 -0.178104 -0.143090 0.395182 0.010937 -0.030552 -0.126900 0.248168 0.076714 -0.000280 0.193762 -0.085463 -0.175646 -0.103748 0.139903 0.186539 -0.094884 -0.084702 0.152090 0.225522 -0.008295 -0.076982 -0.048198 0.011829 0.191126 -0.165673 -0.088430 0.075251 0.011718 0.091439 
-0.120790 -0.101390 0.099983 -0.006149 0.108708 0.020980 0.013766 -0.005445 -0.002710 0.170349 0.099240 -0.123221 0.068713 -0.015265 0.167484 0.086164 0.030687 0.394610 0.221308 0.018498 0.046813 0.114830 0.144601 -0.066753 0.118123 -0.055859 -0.320987 -0.053830 0.213083 -0.052358 0.139459 -0.288811 -0.079734 0.001115 -0.150124 0.143269 -0.058633 -0.250914 0.044595 0.115295 0.213617 0.164696 0.112935 -0.002169 -0.021840 -0.175726 -0.169245 -0.241927 -0.042834 -0.020528 
-0.121599 0.082022 -0.244770 -0.010200 0.138529 -0.135743 0.254524 -0.025582 0.121736 -0.030755 -0.024955 0.188152 0.121218 0.117615 0.020367 0.069543 -0.156853 -0.041461 0.167080 0.047381 -0.267730 -0.057834 -0.027924 -0.070758 -0.104589 0.201229 -0.098357 0.131418 -0.239046 0.013241 0.098415 0.120603 -0.230282 0.144908 0.061462 -0.239092 0.032884 -0.008758 0.069998 -0.020542 -0.150080 0.199558 -0.091282 -0.064754 0.073095 -0.115490 -0.324029 -0.196870 0.034080 -0.229591 
-0.147216 0.139524 0.363290 -0.073581 0.019863 -0.032175 0.168179 0.098279 -0.036577 -0.090874 0.061349 0.228498 -0.078414 -0.057711 0.038166 -0.049554 0.007063 -0.027024 -0.077195 0.078190 -0.154373 -0.135108 0.095006 0.037137 0.072949 -0.273623 0.077487 -0.013940 -0.073287 -0.270242 0.169166 0.203543 -0.096322 -0.042952 -0.193056 0.217991 0.052323 -0.196045 0.207755 -0.126111 -0.102132 0.026745 -0.008393 -0.048230 -0.276208 -0.087798 0.198843 0.023889 0.147690 -0.217568 
-0.141652 -0.247373 0.096086 0.170400 0.051428 -0.226483 -0.117599 0.272639 -0.083343 0.064620 -0.285426 -0.099955 -0.037751 -0.083235 -0.141270 0.118922 0.056615 0.029357 -0.262335 -0.131001 -0.118694 -0.256642 -0.046362 -0.068985 -0.077657 0.220037 0.097353 0.034523 -0.120248 0.125517 -0.073321 -0.203167 -0.180864 -0.198866 0.009170 0.044761 -0.076274 0.097610 0.032569 0.185050 0.135548 0.112266 -0.018233 0.039375 -0.246776 -0.031918 0.042305 -0.115794 0.174596 -0.094814 
-0.143186 -0.008786 -0.100820 0.006638 0.008427 -0.208266 0.173845 0.021030 -0.188379 0.036420 -0.124664 0.028205 -0.086199 -0.106470 0.049062 0.016400 -0.167660 0.067568 -0.060278 0.391705 0.193795 0.136537 0.157505 0.329907 -0.071896 0.149441 0.194158 -0.159615 0.071713 -0.110109 0.043691 -0.191140 -0.115844 0.080697 0.066876 0.033104 0.105406 0.043560 0.157586 -0.124707 0.066283 0.195637 -0.146867 0.294745 0.135737 0.093017 0.060400 0.159743 -0.090477 0.010200 
-0.137818 -0.035379 -0.088980 0.091744 -0.017846 -0.046563 -0.047748 -0.072193 0.104869 -0.236401 -0.275938 0.181801 0.165049 -0.116674 -0.016669 -0.109682 -0.121165 0.038862 0.043939 0.145563 0.013692 -0.048133 -0.237472 -0.200491 0.197157 -0.239948 0.143190 0.057590 -0.106886 -0.257068 -0.177831 -0.090080 -0.104021 0.042806 -0.082776 -0.069216 -0.292454 -0.118584 -0.149094 -0.008113 0.030741 0.009508 0.242650 0.246151 0.096589 -0.016341 0.067832 -0.125714 -0.084279 0.210938 
-0.140683 0.075390 -0.084535 -0.198298 0.192824 0.014740 -0.174150 0.052440 0.023077 -0.022778 0.265691 0.055390 -0.001952 -0.133571 0.017961 0.039697 0.115638 -0.035861 -0.341580 -0.008086 -0.079359 -0.088392 -0.221766 -0.171316 0.171056 -0.091681 -0.058704 -0.221484 -0.156394 0.030844 0.017449 -0.207809 0.203716 -0.166567 0.292936 0.036167 0.142408 -0.099771 0.237253 -0.136932 -0.058126 0.175239 0.064292 0.069080 0.201643 0.053738 -0.142716 0.010604 -0.098824 -0.039931 
-0.154985 0.024635 0.026008 -0.337225 0.007248 0.027065 0.130104 0.103164 0.077749 -0.112140 0.035173 0.097857 -0.053438 -0.202833 -0.141416 0.213882 -0.134249 0.194555 -0.047286 -0.150314 0.172688 0.134448 -0.184561 0.009987 -0.041477 -0.030572 -0.065074 0.389565 0.009461 0.252492 -0.195781 -0.030447 -0.137154 -0.028460 -0.221673 -0.085736 0.223774 -0.054346 0.079319 -0.132130 0.107221 -0.093485 -0.032765 0.019897 0.013882 -0.107305 -0.015350 0.206751 0.105073 0.169143 
-0.118642 -0.173412 0.029047 -0.037271 0.114214 0.241725 0.127309 -0.181744 -0.109392 -0.042084 -0.052071 -0.058989 0.032873 0.021994 -0.202525 -0.112678 -0.286566 -0.056916 -0.136203 -0.219470 -0.181433 0.031557 0.283002 0.115545 -0.211938 -0.249691 -0.075928 -0.044063 0.050400 -0.098055 -0.159498 -0.067542 0.013421 0.060833 0.241121 -0.145204 -0.107713 -0.120233 0.070757 -0.054589 0.133418 0.112143 0.106693 -0.081777 -0.182243 0.224993 -0.186927 0.099589 0.101966 0.128272 
-0.122115 -0.157185 -0.009142 0.042669 -0.023956 -0.067430 -0.008484 -0.065726 0.209794 0.167245 0.232527 -0.023404 -0.024955 -0.190699 0.075710 -0.106116 0.008348 0.202148 0.010537 -0.107853 -0.085244 0.122553 0.118387 0.042678 0.050088 -0.190880 0.468015 0.057933 0.047753 -0.115668 0.126946 0.057443 0.072774 -0.205565 0.018551 -0.329911 0.049707 0.340987 -0.057235 0.045286 0.021537 0.142921 0.034070 -0.094103 0.060718 -0.244051 -0.007624 -0.003134 0.077536 0.011316 
-0.119526 0.117246 -0.136926 -0.027670 0.000422 -0.060977 -0.030424 -0.041286 0.151289 -0.264744 -0.154132 -0.340486 -0.319106 0.163314 -0.093626 0.234571 -0.043510 0.032259 -0.000642 0.108351 -0.038550 -0.002249 0.035364 0.272574 0.125989 -0.171769 0.012416 -0.130781 -0.236672 0.062713 0.047489 0.102585 -0.027962 -0.114915 -0.066765 -0.020265 0.184308 -0.114637 -0.156010 0.182678 0.086880 0.109780 0.203468 -0.266221 0.019220 0.007634 0.051718 -0.013369 -0.187731 0.001386 
-0.164068 0.216707 0.121770 -0.143297 0.246616 0.082263 -0.112687 0.315705 0.176269 0.102358 -0.141339 0.015836 -0.113611 0.061057 -0.119055 -0.039657 0.046768 -0.162544 -0.060765 -0.021814 0.098643 0.047700 0.134878 0.008979 -0.199437 0.163422 -0.058449 -0.084499 0.206424 -0.257244 -0.086076 -0.101437 0.025788 0.053434 -0.183297 -0.101413 -0.116175 0.052496 -0.025460 0.111728 -0.329552 0.089356 0.173005 -0.146986 0.262204 -0.094789 0.013255 0.021829 0.095680 0.132718 
-0.142395 0.070106 -0.194606 0.203061 0.089020 0.300485 0.107599 -0.269773 0.056055 -0.047668 0.104874 -0.177694 -0.025969 -0.091317 -0.018784 0.011123 0.207284 -0.009232 0.096762 -0.054992 0.011693 0.043325 0.025152 -0.002361 -0.206645 0.117478 0.069672 -0.058829 -0.063127 0.147954 -0.111406 -0.137226 -0.058137 -0.145113 -0.209993 -0.047914 -0.086547 -0.061385 0.118422 -0.113706 -0.184654 -0.053436 0.284154 0.275360 -0.087669 -0.038535 0.186461 0.095987 0.022461 -0.345559 
-0.137727 0.188251 0.341857 -0.045117 -0.026157 -0.053393 0.121652 -0.112413 -0.032810 0.116979 0.018137 0.171065 -0.087615 0.122856 0.274394 -0.052002 -0.179924 -0.041918 0.025957 -0.119025 0.119195 0.067122 0.050624 0.046213 -0.046825 0.104543 -0.034602 -0.109670 -0.327647 0.007278 -0.231816 -0.087870 0.142275 -0.273547 0.033276 -0.236000 -0.068149 -0.081042 0.007289 0.266375 0.163524 -0.258679 -0.102689 0.087948 0.096056 0.010135 0.038525 -0.113387 -0.092342 -0.069148 
-0.126259 0.054162 -0.194766 -0.000492 0.038206 -0.154416 0.392653 0.074070 -0.130957 -0.039464 0.160376 -0.075770 0.096142 -0.034745 -0.168141 -0.269833 0.229198 0.086843 -0.187673 -0.051519 0.085591 -0.080076 0.016299 0.051999 0.097688 0.032199 -0.081404 -0.120424 -0.072666 -0.140583 -0.166020 0.006452 0.051067 0.297713 0.040511 0.087357 0.121552 0.112029 -0.137594 0.116743 0.223910 -0.274479 0.163447 -0.088017 0.096644 -0.161458 0.020186 -0.058659 0.173713 -0.087992 
-0.137675 -0.179753 -0.058468 0.032749 -0.401155 -0.061164 -0.111799 0.238968 -0.001715 -0.025899 0.206552 0.095959 -0.079840 -0.150730 0.027230 -0.004868 -0.193012 -0.065379 0.105001 0.037566 -0.039325 0.018665 0.017247 0.070321 0.281739 0.109859 -0.238799 -0.167686 0.099827 0.009289 -0.250718 -0.032632 0.009847 0.073490 0.076645 -0.205666 -0.072976 -0.095191 -0.149443 0.039149 -0.215024 0.062685 0.070021 -0.056605 -0.194159 -0.085205 0.017135 0.261620 -0.020573 -0.227124 
-0.128614 0.091770 0.025867 0.105611 -0.117107 -0.071115 0.045507 -0.100305 0.321932 0.098149 0.044391 -0.005096 0.017767 0.174628 -0.181701 0.161147 -0.291813 -0.039458 -0.007518 -0.213014 -0.136203 -0.288587 0.005487 -0.013493 0.083905 -0.029086 -0.156260 -0.220342 0.315574 0.005207 0.019102 0.016776 -0.088463 -0.054108 -0.039062 0.061396 0.068770 0.189493 -0.007039 -0.247992 0.176150 -0.079251 -0.074839 0.184802 0.236702 0.022559 0.225134 -0.086960 -0.000471 -0.043148 
-0.154226 -0.231138 0.042377 0.009831 0.164276 -0.077539 -0.179389 0.095800 0.250331 -0.193842 0.064176 -0.096527 0.169582 0.409259 0.166240 -0.039001 0.065509 -0.083547 -0.010787 -0.060200 0.262967 0.036572 0.155998 -0.030376 0.215810 -0.099334 0.115008 0.084106 -0.017951 0.089430 -0.032707 0.008380 -0.124514 0.267170 0.007226 -0.077367 -0.041428 0.050056 0.366426 0.092321 0.043635 -0.099156 -0.039062 0.042118 -0.003458 0.110341 0.018201 0.155310 0.020895 -0.135825 
-0.134346 -0.011259 0.096742 0.292419 0.113913 0.118130 0.050155 0.167026 0.205425 -0.170896 0.144663 0.062613 -0.091399 -0.130644 -0.228086 -0.038300 0.046390 0.114141 0.022204 0.121381 -0.288009 0.087242 -0.052976 0.050988 -0.085796 0.098949 0.015961 0.219393 0.101206 -0.041374 -0.031851 -0.107204 0.254855 0.174278 0.041476 -0.008559 0.010472 -0.033150 0.114810 0.145815 0.063705 -0.127883 -0.244837 -0.046450 -0.050531 0.099670 0.128835 -0.103540 -0.427761 0.001594 
-0.159452 0.122364 -0.180846 0.013141 -0.166069 -0.033727 -0.107410 0.208989 0.040944 0.078929 0.289274 0.048774 -0.089569 0.025064 -0.214083 -0.177046 -0.008559 0.112982 -0.017838 0.002784 0.212274 0.139012 -0.039477 -0.150214 -0.249366 -0.037676 -0.066187 -0.037412 -0.104927 -0.025457 0.341266 0.143992 -0.351794 -0.153727 0.099968 -0.033283 -0.222794 -0.101523 -0.041709 0.071107 0.120972 -0.077231 0.006087 -0.002469 -0.019448 0.301217 0.067879 -0.000678 -0.013019 0.036501 
-0.166587 -0.342746 -0.076177 0.111031 0.167079 0.154197 -0.004275 0.003472 -0.185576 0.101389 0.011538 0.008648 -0.266391 0.014723 0.008656 -0.128328 -0.147417 0.119753 -0.035564 0.128629 0.111295 -0.162163 -0.031795 0.087696 0.112592 -0.073967 -0.091120 0.007351 -0.092850 0.262812 0.089419 0.120133 0.146629 0.067593 -0.088104 -0.119880 -0.081925 -0.118230 0.004627 -0.132644 -0.243069 -0.088206 -0.144931 -0.072887 0.212425 0.017652 0.203498 -0.297652 0.242033 0.103280 
-0.126613 -0.185208 0.055322 -0.183622 -0.019242 -0.029593 0.088530 -0.084033 -0.214567 0.019214 -0.092111 0.210041 0.025189 -0.014374 -0.162434 0.088328 0.347098 -0.187953 0.306483 0.034400 -0.033333 -0.046224 -0.279312 0.103030 0.018493 -0.062373 -0.042765 -0.243641 0.134770 0.026011 0.093439 -0.029492 -0.006567 -0.039671 -0.182010 -0.288759 -0.080555 0.176404 0.222071 0.014322 0.188861 0.001337 0.053752 -0.205537 -0.000124 0.173740 0.015124 -0.001282 -0.097808 0.002527 
-0.134818 -0.085051 -0.091646 -0.215163 0.219406 -0.041587 0.113088 -0.195396 0.022806 -0.258860 0.151887 0.024681 0.019497 -0.117684 0.185576 0.160511 0.094516 -0.065967 -0.051614 0.108692 -0.117122 -0.176984 0.308834 -0.174644 0.152970 0.253512 -0.048038 0.057805 0.090487 -0.068362 0.159103 -0.089831 -0.050626 -0.166400 -0.040582 -0.028557 -0.113065 0.026892 -0.312358 0.073596 -0.019108 -0.140634 -0.151399 -0.047297 -0.056510 0.209121 0.111660 0.161335 0.064196 0.176428 
-0.119144 -0.101067 -0.036461 -0.184980 -0.078410 0.001196 0.002255 -0.321837 0.369854 0.208946 -0.142145 0.009123 -0.008097 -0.044219 -0.191162 -0.149134 0.011960 0.016856 -0.009346 0.199437 0.309076 -0.125317 -0.054457 -0.116854 0.005891 0.210235 -0.082288 0.057106 0.038067 -0.126039 -0.045158 0.209839 0.271311 -0.029445 0.053317 0.037919 0.181194 -0.077430 0.085416 0.159383 0.023495 0.179115 -0.011963 0.038690 -0.283048 0.085472 0.017413 -0.064220 0.072401 -0.036108 
-0.147863 -0.051891 -0.019161 0.139497 -0.096364 -0.000977 0.046437 -0.036918 0.085038 0.119345 0.043558 0.273892 0.045251 0.230970 -0.033124 0.224615 0.159158 -0.106941 -0.256027 0.004956 0.202378 0.046073 0.001814 0.240809 -0.051095 -0.235395 -0.148715 0.177957 -0.116172 -0.040662 0.173626 -0.286337 0.151267 0.031636 -0.103471 0.019323 -0.006151 0.171222 -0.326468 -0.119429 -0.141906 -0.006330 -0.001326 0.092165 -0.196145 0.038881 -0.178092 -0.066374 -0.058635 -0.039921 
-0.124119 -0.067986 0.212159 0.186290 -0.154816 -0.042739 0.201030 0.035488 -0.070305 -0.120924 0.086655 -0.149823 -0.228527 -0.073029 -0.113487 -0.020721 -0.102677 -0.187973 0.197313 0.006059 0.109722 -0.138577 0.035466 -0.362126 -0.042581 -0.088080 0.106116 0.007370 -0.065994 0.082535 0.111718 -0.038537 0.195990 0.054586 -0.201309 0.166261 0.037846 0.068200 -0.036464 0.118773 -0.007410 0.103688 0.001263 0.109893 0.216374 0.110135 -0.406413 0.189632 0.060027 -0.015920 
-0.147031 -0.068391 0.152979 -0.200754 0.084051 -0.103444 -0.080075 -0.013487 -0.235589 0.156576 0.128640 -0.304030 0.085511 0.127432 -0.156038 -0.180053 0.021038 -0.336053 -0.012522 -0.037898 -0.057360 0.019614 -0.049374 -0.031870 0.044079 0.031154 0.129374 0.184346 0.101248 -0.009486 0.056651 0.028987 -0.105104 0.044743 -0.058526 -0.195396 0.191572 -0.277472 -0.284055 -0.102558 0.010194 0.045171 -0.041430 0.228577 -0.030944 -0.116308 0.064249 -0.122791 -0.271619 -0.055465 
-0.152858 -0.013722 0.108772 -0.125762 -0.079137 0.276625 0.090270 0.219795 -0.068024 -0.116677 -0.141329 0.062438 0.076322 0.277746 0.005333 -0.295229 0.041822 0.202640 -0.000693 0.116463 -0.099154 0.008753 0.067591 0.080365 0.187948 0.228171 -0.007318 0.170410 0.047736 0.132372 -0.007871 0.159824 0.085581 -0.315898 0.046334 0.127771 -0.071816 0.219304 -0.092395 -0.220274 0.099631 0.102708 0.209659 0.044889 0.080513 0.083995 -0.134695 0.021884 -0.112285 -0.104776 
-0.146827 0.116381 -0.142203 -0.150307 0.015947 -0.159461 -0.153330 -0.049863 -0.213186 -0.021342 -0.145187 0.171841 -0.055251 -0.144898 0.005033 0.047819 -0.003835 -0.007980 0.202732 -0.323198 0.045744 0.033554 0.204915 -0.035896 -0.016259 -0.123735 -0.054088 0.291311 0.004821 0.067833 0.057828 0.008709 0.215664 0.146540 0.175239 0.164973 -0.053595 0.094787 -0.055652 0.121927 0.023255 0.220215 0.086374 0.023517 0.160413 0.109829 0.328306 -0.046240 -0.043888 -0.285604 
-0.148602 0.016051 -0.078948 -0.149099 -0.171309 -0.049966 -0.031973 0.039664 -0.042342 -0.210128 0.049647 -0.145260 -0.334786 0.135444 0.127083 0.115630 0.164694 -0.139327 0.030851 0.149696 -0.168452 0.264114 -0.003924 -0.116160 -0.125231 -0.099729 -0.129122 0.033837 0.138102 -0.079196 -0.149680 0.104682 0.071102 -0.012007 0.160540 -0.004885 -0.070589 0.195132 0.117216 -0.024213 0.046633 -0.042417 -0.067858 0.306430 -0.142422 -0.140162 -0.027878 -0.307175 0.243779 0.127502 
-0.155027 0.170057 0.205279 0.039871 -0.050431 0.239902 0.006628 -0.100580 -0.059310 0.021429 0.078418 0.004974 -0.239902 -0.043865 0.049365 0.115544 0.162459 0.094710 0.149090 -0.108711 0.256611 -0.309269 0.019193 -0.030421 0.093296 0.113951 0.165403 0.008357 -0.054066 -0.030887 -0.129260 -0.030315 -0.307221 0.251307 0.343461 0.008362 -0.015412 0.126667 -0.039494 -0.171834 -0.063480 0.085402 -0.003056 -0.109884 -0.130374 -0.056965 -0.048442 -0.126642 -0.175498 0.170437 
-0.139536 -0.010024 -0.026103 -0.182837 0.074246 0.137686 0.065302 0.114383 0.101538 0.469061 0.008073 0.055609 -0.018486 0.100855 0.133548 0.205253 0.044638 0.063875 0.039437 0.211228 -0.300638 -0.091540 -0.104886 -0.010646 -0.084461 -0.141384 0.200261 -0.058781 -0.021006 0.214445 -0.076550 0.129207 0.017787 0.254587 0.084031 0.141767 -0.122659 -0.066813 -0.163963 0.209633 0.083965 -0.073641 0.107954 0.157974 0.003049 0.062290 0.024326 0.246812 0.034268 0.021614 
-0.151894 0.074651 -0.003135 0.065742 0.053828 0.202841 -0.156531 -0.062093 -0.053672 -0.189853 0.141446 0.220759 0.087298 0.050227 -0.030004 0.060257 -0.189981 -0.125023 0.066517 -0.112669 0.008357 0.228460 -0.223315 0.171244 0.114123 0.239871 0.336425 -0.146261 0.166502 0.053481 0.095228 -0.055056 0.002779 0.058895 -0.002320 0.201332 0.172656 -0.101752 -0.134711 0.189195 0.070971 0.019891 0.047942 -0.026740 -0.069254 0.088816 -0.078689 -0.207959 0.339572 -0.012804 
-0.126770 0.018530 0.021550 0.034724 0.081639 -0.149078 0.140151 0.039839 0.135660 -0.130376 -0.113160 0.033959 0.072230 -0.181516 0.303536 -0.174215 0.093295 -0.011189 -0.140778 -0.032158 0.125026 0.031357 -0.045168 -0.045732 -0.223524 -0.229463 0.025572 -0.205650 0.343850 0.332673 -0.211879 0.161449 -0.107453 -0.050649 -0.014086 0.054380 0.062411 -0.031541 -0.204148 -0.009488 -0.112158 0.085495 -0.125338 -0.118231 -0.050080 0.165793 -0.102564 -0.175915 -0.160103 -0.123853 
-0.153515 -0.086483 0.180243 -0.002412 0.114452 -0.348678 -0.101016 0.008219 0.069585 0.038400 -0.010256 -0.224434 0.065313 -0.098743 0.124736 -0.006702 -0.091882 0.130317 0.285627 -0.010965 -0.074577 0.010785 -0.193627 0.148869 -0.147094 0.066698 -0.048872 0.065357 -0.068467 -0.146799 0.050470 -0.037265 0.084051 -0.007644 0.170060 0.090491 0.124864 0.069751 -0.026610 -0.252813 -0.212142 -0.339283 0.284129 -0.049706 -0.064271 0.280802 -0.079764 -0.000901 0.085941 0.019096 
-0.119353 0.281606 -0.348399 0.144644 0.198670 -0.091117 -0.053075 0.176390 -0.066908 0.183614 -0.020163 -0.022532 -0.069805 -0.066997 0.091129 -0.086122 0.009019 -0.053505 0.134195 -0.272583 -0.002892 -0.095088 0.065620 0.137441 0.257865 0.014218 0.018100 -0.024328 -0.004411 -0.032463 -0.063569 0.190986 0.165886 -0.067074 -0.258617 -0.001467 -0.053105 -0.012765 0.116358 -0.075023 0.059417 -0.004653 -0.113328 0.163487 -0.295825 0.103138 -0.214022 0.037386 -0.079113 0.256445 
-0.150721 0.301953 -0.038570 0.262370 0.127588 0.040666 -0.112025 0.038311 -0.118833 0.010800 -0.146014 0.006553 0.075530 -0.029023 0.060585 0.042533 -0.124843 -0.147543 0.011681 0.328703 0.139279 -0.113691 0.005086 -0.162642 -0.037607 -0.100226 -0.043510 0.134000 0.231737 0.131388 0.168640 -0.041961 0.129711 -0.077778 0.219958 -0.234761 0.057907 -0.025889 0.013650 -0.087565 0.251020 -0.184921 0.109213 -0.185487 -0.113162 -0.246640 -0.010717 0.149389 0.114722 -0.091519 
-0.161447 0.023367 0.051907 0.049102 -0.000627 0.250176 -0.263191 -0.041639 0.081213 0.091415 -0.309452 -0.000262 -0.047032 -0.175995 0.039053 -0.217956 0.130025 -0.002646 0.053829 0.004257 -0.173818 0.233962 0.084431 -0.133943 0.102288 -0.061929 -0.193600 -0.142981 -0.249840 -0.048612 0.047815 -0.084749 -0.193656 0.143764 -0.085710 -0.035960 0.346413 0.156866 -0.153241 -0.083149 0.101745 -0.078009 -0.259526 0.030438 0.041390 0.081693 -0.014662 0.112277 0.109511 -0.075535 
-0.140285 0.004813 -0.091027 -0.202963 0.008666 0.085761 0.042867 0.136648 -0.030018 -0.125949 -0.057553 -0.082185 0.341968 0.087717 -0.227235 -0.045206 -0.081496 0.079051 0.327636 -0.000100 0.083227 -0.090690 0.053777 -0.000323 -0.109820 -0.182528 0.055275 -0.239724 -0.119620 0.099002 0.045644 -0.154672 0.095441 -0.171622 0.147785 0.158342 0.020370 0.093047 -0.024525 0.110770 -0.258783 -0.089662 -0.305073 0.053708 -0.151437 -0.285252 0.073550 0.023480 -0.048937 0.111328 
-0.131812 -0.092419 -0.151025 -0.137204 -0.116644 0.163239 -0.052695 -0.023770 -0.191347 -0.030873 0.001866 -0.045937 0.006714 0.033040 0.311976 -0.044568 -0.348566 0.029502 -0.234590 -0.067085 -0.018855 -0.083636 -0.129240 -0.181837 -0.201416 0.089261 -0.028283 -0.067046 -0.009893 -0.100210 0.182027 0.001428 0.026259 0.180251 -0.247830 0.041263 0.128076 0.288779 0.130662 0.112351 -0.028799 -0.070701 0.172602 -0.080054 -0.166835 -0.076341 0.080348 -0.036002 -0.317092 0.053045 
-0.142848 -0.104568 -0.067044 -0.020715 -0.097370 0.219618 -0.036929 0.102279 -0.087323 -0.062479 -0.157844 -0.192827 0.128003 -0.071645 0.074180 0.350761 0.080689 0.149180 -0.088242 -0.147744 0.136010 -0.048471 -0.112694 0.036993 -0.085339 0.035347 0.093382 -0.024872 0.055578 -0.397777 0.017342 0.267326 0.140713 -0.019774 0.022171 -0.077018 -0.128867 -0.182874 -0.073099 -0.078616 0.068192 -0.115901 -0.279342 0.002800 0.177064 0.011043 -0.155830 0.035235 0.005491 -0.291431 
