-0.122296 0.037841 0.031418 0.244973 0.104659 0.021262 -0.153375 0.061691 -0.095414 -0.099874 -0.002335 -0.122231 0.197473 -0.191201 0.126004 -0.104749 0.168590 -0.037663 0.209396 0.243659 0.101053 0.005032 -0.119203 0.329162 -0.024634 0.206918 0.297056 -0.050936 0.005633 -0.146690 0.021478 -0.208803 0.012762 -0.084844 -0.180729 -0.103520 -0.071259 0.039259 -0.147060 -0.133544 0.053850 0.121929 0.172821 0.236100 -0.113944 0.081360 0.133974 0.199430 -0.032592 -0.056105 
-0.143672 -0.048114 0.234133 0.018292 -0.072670 0.152427 0.109070 -0.046849 -0.055206 0.008718 -0.263684 0.158014 0.172872 -0.239660 -0.075888 0.018794 -0.111427 0.184694 -0.069030 0.021505 -0.159318 -0.032524 -0.076571 0.045710 0.278830 0.191343 0.287484 -0.110676 -0.324989 -0.053171 0.223690 0.223054 -0.105385 -0.068531 -0.035244 -0.060310 0.054694 -0.007077 0.130006 -0.034603 0.071587 -0.094137 -0.210034 -0.213267 -0.039341 -0.064236 -0.029172 -0.037410 0.138833 0.109484 
-0.137651 0.250361 0.105254 0.216984 0.021832 0.242009 -0.023517 0.214885 0.113830 -0.138647 0.188459 -0.090084 -0.186587 0.070748 -0.037430 -0.121038 0.114161 -0.226410 -0.214547 0.163881 -0.194095 0.134416 0.046982 0.031618 0.032747 -0.194028 0.162049 0.196121 -0.079315 0.133531 0.121529 0.102783 0.109461 -0.079954 -0.027021 -0.105477 -0.180310 -0.207150 0.047626 0.254257 -0.002019 0.103496 0.027957 -0.188738 -0.096507 -0.114052 -0.049543 -0.054111 -0.034541 -0.158567 
-0.148967 -0.074957 0.080740 -0.002839 0.245636 0.072880 -0.033339 -0.041925 -0.229479 -0.055549 -0.104635 0.038217 -0.361799 -0.000974 -0.095916 0.140125 0.173514 0.150054 -0.359211 -0.172273 0.176792 0.103064 0.253626 -0.012425 -0.040039 -0.086077 0.076908 0.073077 -0.175881 0.066431 -0.054532 -0.140402 0.023436 -0.210890 -0.070878 0.179178 0.056316 -0.082300 -0.015164 -0.297214 0.057597 0.043487 -0.102643 0.089181 0.039552 0.105093 0.177830 0.144162 0.025662 -0.056818 
-0.136417 0.072648 -0.153445 0.161418 0.147255 0.062482 0.312157 -0.062260 -0.038967 0.026585 0.095209 0.017409 -0.148267 -0.036650 -0.187797 -0.176995 0.244001 0.063425 0.312958 -0.275556 -0.028866 -0.187510 -0.141163 -0.009665 0.041458 -0.148330 0.099791 -0.124165 0.015478 -0.024131 0.061266 -0.005763 0.015194 0.116999 -0.002335 -0.062471 0.229252 -0.231619 0.136601 -0.058194 -0.325537 -0.149194 0.126125 0.050623 -0.022987 0.014071 0.116129 -0.121789 0.149737 -0.081807 
-0.130742 0.019088 0.099573 0.194622 0.240805 -0.101298 -0.196234 0.053627 0.352664 -0.077313 0.006014 0.160428 -0.058306 0.102859 -0.129235 0.012379 -0.222008 -0.011632 -0.007656 -0.004523 0.064066 -0.037164 -0.365677 0.043673 -0.229183 -0.079670 -0.064793 -0.039879 -0.065526 0.164788 0.137753 0.010020 -0.315607 0.154083 -0.131393 0.199250 -0.096778 0.175089 -0.039185 -0.200618 -0.108044 -0.051981 -0.052359 -0.157373 0.014796 -0.035572 0.147512 0.022114 -0.056983 -0.037117 
-0.136843 -0.084594 0.250983 -0.072706 0.024932 0.058220 -0.012075 0.041567 -0.087818 0.064634 0.348796 -0.113040 0.147882 -0.014201 0.208239 -0.179005 -0.048252 0.189347 -0.268966 -0.358085 -0.018614 0.004808 -0.099229 0.025469 -0.170093 0.101103 -0.067945 -0.052338 0.184321 -0.044032 -0.108461 0.157288 0.210185 0.022950 -0.185071 -0.196326 -0.072838 0.106520 0.187660 -0.065454 -0.008874 -0.128566 0.129565 -0.162882 -0.056746 -0.062005 0.152431 0.126577 -0.040826 0.077761 
-0.151451 0.233612 0.138101 -0.026469 -0.153782 -0.192676 0.009235 -0.082530 -0.170566 0.096725 0.058151 0.003078 -0.056762 -0.099965 -0.063928 -0.241172 -0.198961 -0.104319 0.143119 0.137535 -0.037814 -0.081394 0.112513 -0.121772 -0.042890 -0.159880 0.166247 0.246096 -0.038852 0.019101 -0.201576 0.076840 -0.047290 -0.056356 -0.006826 0.126901 0.048010 0.146099 -0.019997 0.106810 -0.008044 -0.097830 -0.074064 0.161079 0.209858 -0.269411 0.399845 0.108587 0.053304 0.197731 
-0.138215 -0.076031 -0.107886 0.072518 -0.344682 -0.064792 -0.004519 -0.102111 -0.184667 0.051122 0.083698 0.157740 0.033199 -0.175762 0.051086 0.009754 -0.017963 -0.061862 0.041255 -0.044143 -0.190391 0.243453 0.089431 0.063839 -0.201540 0.007213 -0.225822 0.213018 -0.019724 -0.015525 0.118819 -0.053315 -0.305863 0.083137 0.107275 -0.283389 -0.009421 -0.116381 0.032060 -0.136806 -0.197434 0.140054 -0.201788 -0.092447 -0.092640 0.179488 0.145299 0.135451 -0.047805 -0.188096 
-0.151098 0.059841 0.134025 -0.291697 -0.100362 -0.015103 0.167804 0.161508 0.167784 -0.178224 -0.191520 -0.256102 -0.011701 0.110161 -0.137621 -0.050041 -0.082331 -0.023883 0.019236 -0.053525 0.058721 0.107511 -0.046292 -0.015788 -0.092654 0.004322 0.119985 -0.007331 0.021438 -0.137663 0.131288 0.023105 0.264662 0.333969 0.231693 -0.025579 0.117589 0.090463 -0.198854 0.008842 0.099618 0.034052 -0.107432 -0.033373 0.000718 0.247093 0.205582 0.175448 0.133100 -0.220850 
-0.121692 0.050498 -0.183895 -0.140625 0.115549 -0.117419 0.072502 -0.062824 -0.015915 0.031617 -0.059230 -0.020452 -0.174621 -0.035643 -0.381830 -0.128853 0.022263 -0.083428 -0.048021 0.028182 -0.140704 0.109641 0.029014 0.006236 -0.239739 0.310314 0.184412 0.169163 0.167308 -0.091677 -0.010127 0.004128 0.082330 0.022713 0.044255 -0.044828 -0.114716 0.210975 0.094666 -0.223171 -0.043423 0.054386 -0.038959 0.011494 -0.286152 -0.138711 -0.272306 -0.154413 -0.086029 0.237675 
-0.176063 -0.075500 -0.025479 -0.087429 0.191259 0.046402 0.120120 0.168844 -0.051096 -0.196801 0.083615 0.026588 0.100283 -0.274453 -0.117735 -0.072587 0.013569 -0.003470 -0.151081 0.149266 0.033409 0.023461 -0.115281 -0.235027 -0.021858 0.022603 -0.127969 -0.040810 -0.032373 -0.144326 -0.195434 0.196465 -0.212045 0.108512 0.009802 0.075589 0.192854 -0.180166 -0.064977 0.144594 -0.019059 -0.107867 -0.025527 0.210002 0.020194 -0.041572 -0.244051 0.280617 -0.355391 -0.075923 
-0.146131 -0.333194 0.191556 -0.036043 0.078778 0.186297 -0.134230 -0.064479 0.163496 0.194037 -0.094721 0.029599 0.100759 0.073643 -0.023837 -0.106692 0.012005 -0.089759 0.010511 0.071264 0.045009 0.071705 -0.013005 -0.034706 -0.070418 0.086395 -0.013939 0.201271 -0.105883 0.060613 0.062768 0.052378 0.117455 -0.194961 0.170430 0.043598 -0.027983 0.079768 0.159659 0.230623 -0.335321 -0.137401 0.057900 0.318041 0.008204 0.344952 0.074340 -0.175209 -0.086060 0.032789 
-0.132833 -0.066093 0.222147 0.031228 -0.159414 0.015231 0.086407 0.034096 0.146203 -0.092688 0.069647 0.161415 -0.096811 0.221781 -0.015399 -0.093193 0.010090 -0.125992 0.190089 -0.151386 -0.124801 0.090726 -0.025216 0.195658 0.139101 -0.008175 0.109328 -0.172774 -0.004696 0.103990 -0.241864 -0.337074 0.045494 -0.034415 0.109753 -0.042227 0.093586 -0.024369 0.176520 -0.069721 0.088463 0.054775 -0.173675 -0.032895 0.220213 0.065465 -0.182710 0.173750 -0.339531 0.216685 
-0.142896 0.146306 0.089455 -0.156300 0.103355 -0.115258 0.185013 -0.239216 -0.137152 0.134175 -0.192314 -0.092218 -0.265352 0.070441 0.162797 -0.003854 -0.118189 0.015661 0.028833 -0.039836 -0.296196 -0.134338 -0.146298 0.000471 -0.113491 0.079489 0.001950 -0.097315 -0.097404 -0.054048 -0.056792 -0.040355 -0.136603 -0.118371 -0.169727 -0.082861 -0.257132 0.080812 -0.027129 0.162998 0.082567 -0.010623 0.146234 0.049004 0.189477 0.151658 -0.158286 -0.033359 -0.101973 -0.376695 
-0.139481 -0.188696 -0.342213 0.076459 0.076595 -0.197156 0.062278 0.079133 0.056705 0.057678 -0.217173 -0.185280 -0.038080 -0.041930 -0.094637 -0.113643 0.074192 0.041373 -0.005992 0.043946 0.027754 0.037293 -0.056990 0.079459 0.254448 -0.205274 -0.274191 -0.014440 -0.089212 0.063086 0.125255 0.142211 0.208799 -0.025867 -0.240849 -0.195035 -0.150566 0.204775 0.175620 0.072190 -0.027699 0.194734 -0.131727 0.021536 0.177001 -0.028801 0.046049 0.229396 -0.049906 0.126871 
-0.146298 0.184918 -0.159538 0.034045 -0.003610 -0.060159 0.141124 0.164058 0.024476 0.153065 0.120927 -0.177528 0.193219 0.193770 -0.078354 0.230341 -0.289726 -0.033395 -0.099982 -0.186749 0.068030 0.209167 0.063632 0.211047 0.017733 0.197252 0.106589 -0.049819 0.000706 0.237105 0.017431 0.175340 -0.203649 -0.056118 -0.063630 0.007904 0.194417 -0.106864 0.132832 0.029056 0.047191 0.187732 0.065329 0.333491 0.105259 -0.015414 -0.005622 -0.087069 0.080222 -0.033065 
-0.140981 -0.254529 0.104108 -0.041473 0.107826 -0.029787 0.038676 0.148661 -0.078011 -0.008416 -0.240215 0.198373 0.062508 -0.151193 -0.027256 -0.002964 -0.054590 -0.057950 -0.039184 -0.055089 -0.049386 0.071228 0.025437 0.226434 -0.005394 -0.110121 0.026660 0.018556 0.259767 0.080908 -0.150290 0.118190 0.023874 0.091688 0.180425 -0.069221 -0.260273 -0.235594 -0.298488 -0.096360 -0.103037 0.102196 0.250378 -0.046742 0.336444 -0.156946 -0.039718 -0.144462 0.153191 0.064691 
-0.155389 0.162435 0.134501 -0.106363 -0.060782 -0.135868 -0.115355 -0.028481 0.164386 -0.113298 -0.063721 0.148905 0.037619 0.042490 -0.041861 0.179476 0.083312 -0.086981 0.142583 -0.146018 0.262970 -0.015369 0.295109 0.026734 -0.059189 -0.175880 0.002323 0.009988 -0.082254 -0.383600 0.072144 0.212384 -0.025679 0.014563 -0.309736 -0.243972 -0.010437 -0.071454 -0.023473 -0.003925 0.035672 -0.020361 0.063071 0.011433 0.017171 0.055858 0.003594 -0.271022 -0.273087 0.095034 
-0.129138 -0.008855 0.120123 -0.111932 0.235886 -0.052189 0.062673 -0.055079 0.149152 -0.132626 0.171301 -0.097076 -0.017607 -0.098157 0.297221 0.004884 0.078556 -0.065877 -0.056294 0.163739 -0.082496 -0.192048 0.393851 0.067967 0.095064 -0.065803 -0.007860 -0.070827 0.061976 -0.075333 0.188835 0.001547 -0.229696 0.157799 0.251325 0.042758 0.045898 0.259220 0.298713 -0.138079 -0.110762 0.155909 0.081369 0.036155 0.105482 -0.040339 -0.093621 0.028704 0.139239 -0.004850 
-0.126835 0.223523 -0.021092 0.138597 0.130888 -0.151475 -0.000234 0.071524 0.036763 0.076350 0.069211 -0.112565 0.065480 -0.128039 -0.121143 0.141122 0.132515 0.362874 -0.054795 0.088846 -0.106271 0.041259 0.047206 0.255600 -0.083205 0.023562 -0.207002 -0.167353 0.074858 -0.118023 0.009597 -0.131203 0.034958 -0.111849 0.363227 0.033595 -0.107890 -0.020465 -0.026482 0.203301 0.102533 -0.226149 -0.214948 -0.039567 0.067996 -0.008236 0.194837 -0.222741 -0.168212 0.049536 
-0.136561 0.013176 -0.059905 -0.313524 -0.219319 -0.014167 0.085118 0.005036 -0.010108 0.019125 0.036273 0.008481 0.187593 -0.107182 -0.116960 0.238258 0.039488 -0.136931 -0.147433 0.036803 0.194838 -0.285437 -0.327771 0.168695 -0.132584 -0.283655 0.063665 0.059820 0.010254 -0.084899 0.024671 -0.163665 0.047545 -0.361514 0.109186 0.092589 0.015015 0.004481 0.194207 -0.015218 -0.092769 0.121889 0.057460 -0.116038 -0.041657 -0.119965 -0.059127 0.060324 0.013434 -0.101582 
-0.148706 -0.046287 0.169910 -0.002483 -0.107031 0.163981 -0.047966 -0.128640 0.218629 0.011652 0.120013 -0.232821 -0.037655 -0.054681 -0.197789 0.046725 0.119342 -0.002929 0.287096 -0.185958 0.015653 0.096016 0.093487 0.073196 0.033696 0.154723 -0.351896 0.138745 -0.155393 -0.031911 0.038788 0.017433 -0.053771 -0.204308 0.008819 0.072945 -0.044229 0.049309 -0.209130 -0.055696 0.073512 -0.138318 0.103644 0.014350 0.044330 -0.301561 -0.214811 0.198111 0.236490 -0.080676 
-0.134127 0.112668 0.050662 0.031303 0.008399 -0.046413 -0.228641 -0.034987 -0.149536 0.315860 0.198739 0.120665 0.131398 0.127317 -0.149531 -0.004921 0.110232 -0.172336 -0.018906 0.071092 -0.133882 0.185445 -0.118478 -0.060938 0.246568 -0.231021 -0.020145 -0.193662 0.073940 -0.262280 -0.101620 0.188677 0.075564 0.075887 0.031730 0.197487 -0.144602 0.051014 0.044843 -0.240394 0.105474 -0.035877 -0.099061 0.102972 -0.016272 0.204364 -0.136074 0.017078 0.204029 -0.135383 
-0.146617 0.037658 -0.033959 0.158893 -0.061692 -0.094760 -0.049933 -0.160587 -0.143167 -0.093930 -0.055870 0.043342 -0.163625 0.228375 0.034460 0.005370 -0.190453 0.027491 -0.090541 0.132014 0.141053 -0.283274 -0.071074 0.315316 0.186253 0.019147 -0.165310 0.264049 -0.061268 0.045955 -0.045748 0.197078 0.075088 0.142029 0.252377 -0.113752 0.070547 -0.108264 0.057819 -0.109984 0.169227 -0.252833 0.217167 0.032226 -0.208260 0.089797 -0.081645 0.102805 -0.052492 0.047009 
-0.137785 -0.101210 -0.148441 -0.047725 0.069937 -0.287719 -0.066785 0.098332 0.104012 -0.184960 -0.003975 0.149461 -0.088607 -0.072635 0.315919 0.224882 0.001213 -0.011559 0.107477 -0.023567 -0.325412 0.284318 -0.124675 -0.047301 0.043204 -0.049701 0.095585 0.186897 0.158867 -0.024775 0.148157 0.023200 0.180873 -0.223658 -0.080122 0.097969 0.308561 0.022298 0.018375 -0.011280 0.085569 -0.287430 0.093288 0.001354 -0.004589 -0.025589 -0.008897 0.008133 0.072346 -0.025429 
-0.121271 0.106930 -0.114945 -0.015086 0.131585 0.214209 -0.255201 -0.053561 0.115989 0.277028 -0.188174 -0.085310 -0.016582 -0.204923 0.081657 0.275743 0.058471 -0.209886 0.028289 -0.154471 -0.095781 -0.119094 -0.063419 -0.140140 -0.139287 0.038869 0.029079 0.087351 0.002066 -0.000637 -0.004391 -0.147939 0.009996 0.312116 0.041740 -0.052477 -0.058309 -0.245887 0.224512 0.101196 0.252591 -0.035244 0.024650 0.014466 0.058181 0.001481 0.062977 0.192238 0.056127 0.247140 
-0.148441 0.124624 0.011323 -0.196968 0.268197 -0.003337 0.027132 -0.288552 -0.209056 -0.179655 0.063660 0.042984 0.093309 -0.022881 0.025649 -0.166560 -0.023109 -0.057821 0.210498 -0.018046 0.319196 0.205943 -0.053473 0.046585 0.100274 0.078180 -0.089096 0.091580 0.241625 0.145992 0.127528 -0.006123 -0.081298 -0.063296 -0.054546 0.186912 -0.067070 -0.136717 0.075871 0.255006 0.116452 0.094226 -0.111994 -0.282244 -0.007499 0.203690 -0.032408 -0.004325 0.092801 0.115573 
-0.155115 0.082706 -0.050400 -0.036345 0.001028 0.050538 -0.218254 0.400441 -0.273591 0.131471 0.023217 -0.083128 -0.028393 -0.109938 0.070471 -0.004952 -0.030135 0.189208 0.149291 -0.253936 0.112982 -0.025417 -0.002032 -0.047010 0.126004 -0.196992 0.130975 0.178538 -0.118487 0.134466 0.011082 -0.136021 -0.144744 0.098341 0.106042 -0.049718 0.034150 0.357610 -0.156873 0.099558 -0.059528 -0.034703 0.055261 -0.104291 -0.061849 0.119065 -0.290168 -0.096388 -0.067518 0.032032 
-0.158449 -0.114547 0.145894 0.119527 0.084171 0.217420 -0.116680 -0.025291 -0.200438 -0.149054 -0.027316 -0.135218 -0.065381 0.055342 -0.071281 0.147128 -0.258226 0.125409 0.145840 0.305393 -0.015210 0.072672 -0.083679 -0.076974 -0.207165 -0.127849 -0.184655 -0.056976 0.020047 -0.093327 -0.201365 -0.125382 0.124668 0.045202 -0.117687 -0.216265 0.290379 0.037935 0.170932 -0.010295 0.027429 0.163499 -0.090360 -0.014666 0.058012 -0.083604 -0.096063 -0.259767 0.220036 -0.010152 
-0.136389 0.297774 0.181174 -0.028035 -0.025941 -0.192071 -0.090806 0.180846 0.063980 0.056985 -0.098385 0.113350 -0.107943 0.057218 0.227846 0.018824 0.275727 0.051682 0.057834 0.072835 0.141174 -0.161019 -0.173145 -0.262246 -0.035366 0.265053 -0.131594 -0.054680 0.054732 0.211978 -0.065015 0.194435 0.079591 -0.183129 0.134556 -0.203330 0.046838 -0.097318 -0.060708 -0.121339 -0.146858 0.201691 -0.207610 0.070336 -0.005631 -0.005555 -0.076875 0.031840 0.140755 0.057675 
-0.127183 -0.083425 -0.064597 0.208367 0.143899 0.092470 0.360437 0.034869 0.047409 0.325175 0.003308 0.112322 0.145137 0.047181 0.163397 -0.177580 -0.088542 -0.200361 -0.027465 0.074610 0.229960 -0.045100 0.111538 -0.132397 -0.193790 -0.116820 -0.000600 0.016648 0.062474 0.021576 0.209478 -0.103272 0.043747 -0.140051 0.048578 -0.174352 0.081537 0.061252 -0.170413 -0.152822 0.329406 -0.192600 -0.166334 -0.033446 0.039514 -0.057100 -0.119572 -0.040183 -0.016923 -0.068364 
-0.119328 0.048945 0.011442 0.036863 -0.007575 -0.107010 -0.078031 -0.066371 0.059805 -0.075791 -0.193800 0.319316 0.095039 0.151904 0.104853 -0.236320 -0.021537 0.144851 -0.185045 -0.214119 0.032057 0.086631 0.014891 0.041158 -0.030102 -0.103569 -0.056183 -0.059305 -0.039487 -0.153744 0.035369 -0.275259 -0.011228 0.109513 0.021925 0.003506 -0.036479 -0.006620 0.039289 0.326217 0.000662 0.094910 -0.048421 0.310064 -0.282347 -0.301668 -0.109806 0.062735 0.243686 -0.063561 
-0.153290 0.031234 -0.149052 0.138150 -0.028050 0.044774 0.068227 0.027170 0.102241 -0.160865 -0.150561 -0.214712 0.218457 0.307206 0.041868 0.094830 -0.020990 0.091529 -0.092275 0.023002 0.020435 -0.054519 0.070741 -0.218646 0.174588 0.056011 0.132963 0.212553 0.216461 -0.200705 -0.240904 -0.167885 -0.223515 -0.090896 -0.080870 -0.064129 -0.225779 -0.062377 0.024490 -0.073104 -0.247494 -0.250940 -0.135381 -0.125474 0.080752 0.063460 -0.023345 0.078334 0.136299 0.020258 
-0.167771 -0.135867 -0.121847 -0.159029 0.118054 -0.199025 -0.015547 -0.055291 0.231106 -0.024920 0.179108 -0.129888 -0.018186 -0.164265 0.039704 -0.075925 -0.220966 -0.130132 -0.017762 -0.014591 -0.038339 -0.000204 0.038394 -0.130879 0.161088 -0.077199 0.000534 -0.217445 -0.293752 0.088944 -0.304991 -0.124233 -0.048692 -0.151257 0.083944 -0.179936 -0.075845 -0.145604 -0.175662 -0.037816 0.065865 0.044709 0.059005 -0.072915 -0.353521 0.130189 0.138967 -0.141728 0.132518 0.112382 
-0.146880 -0.229080 -0.117632 -0.100516 -0.277287 -0.113522 -0.138192 0.112627 -0.017100 0.066689 0.151795 -0.085466 -0.259412 0.067049 0.026260 -0.176999 0.193639 -0.077090 -0.215624 0.157913 0.085828 -0.103671 -0.025116 0.190701 -0.152352 0.142502 0.062775 -0.149073 -0.029881 -0.072851 0.089411 -0.039893 -0.186825 0.104410 -0.211140 0.063262 0.122342 -0.108940 -0.100040 0.181829 0.030452 -0.191109 -0.098349 -0.060272 0.198824 0.100238 -0.106927 -0.107532 0.261950 0.172819 
-0.156653 -0.087987 -0.153541 -0.212369 -0.134199 0.132130 0.064830 -0.068706 -0.063009 -0.260459 0.112949 0.142134 0.131859 0.098329 -0.001065 0.124711 0.303109 0.100697 0.095077 0.125471 0.043800 0.071413 -0.043775 -0.109187 -0.064497 -0.028020 0.081878 -0.055918 -0.120332 0.391273 -0.057112 0.035319 -0.031463 0.187786 -0.001345 -0.119971 -0.292836 0.150680 0.110202 -0.067519 0.233347 -0.208492 0.007670 0.200268 0.030158 -0.120348 0.109586 -0.144634 0.005169 -0.102557 
-0.146090 0.090582 -0.171638 0.112139 -0.197419 0.284900 -0.012147 0.034999 -0.015596 -0.116808 -0.318254 -0.067652 -0.099011 -0.121703 0.218334 -0.038562 -0.057130 -0.196490 0.071902 -0.092493 0.022620 0.016168 0.162758 0.150570 -0.168914 -0.074494 -0.075673 -0.360428 0.149664 0.081896 -0.201302 0.264912 0.002462 -0.116447 0.002865 0.264178 -0.016815 0.156025 0.038953 0.001865 -0.092913 -0.125022 -0.086986 -0.031620 -0.233515 0.022953 0.011600 0.006462 -0.026930 -0.005336 
-0.120241 0.090939 -0.034155 0.053727 -0.278380 0.101873 -0.097750 -0.101081 0.025595 -0.092600 0.078917 -0.076062 -0.249419 -0.245391 0.035865 -0.050766 -0.295858 0.037220 -0.119059 -0.016102 0.210387 0.101745 -0.127325 -0.250998 0.254665 0.066097 -0.011293 -0.161790 0.194934 -0.048543 0.334080 -0.183949 0.096858 -0.002842 0.068308 -0.002954 -0.166725 -0.074512 0.019981 -0.154707 -0.070045 -0.042381 0.083119 0.215277 0.152271 -0.068465 -0.012966 -0.141497 -0.140553 -0.003487 
-0.146012 -0.201026 0.099018 -0.071042 0.002148 -0.203799 -0.128097 -0.075408 -0.022117 0.351667 -0.081561 -0.124133 -0.054982 0.101523 0.011535 0.114578 0.016626 0.064687 0.125666 0.193197 0.188872 0.129499 0.165222 -0.024342 0.096768 0.048652 0.187604 -0.156822 0.093774 0.138267 -0.010709 -0.028194 0.045529 0.155033 -0.022497 0.034332 0.059526 -0.148246 0.080662 0.067427 -0.176743 -0.081112 0.012735 -0.222543 -0.187598 -0.334807 0.015220 0.105724 -0.215720 -0.302684 
-0.134647 0.149172 -0.074603 -0.063177 0.077523 0.077773 0.099421 0.154364 -0.235467 0.003128 -0.059897 0.148891 0.082837 0.161816 0.044939 0.062589 0.061896 -0.362728 -0.114618 0.048141 -0.012701 0.098433 -0.023267 -0.041202 0.161176 0.309535 -0.298888 -0.082767 -0.259934 -0.118939 0.018055 -0.223028 0.088948 0.090486 -0.013372 0.062179 0.093281 0.155760 -0.055362 -0.005454 -0.180631 -0.053095 0.226394 -0.192997 0.065746 -0.146821 0.220552 -0.101030 -0.063308 0.050078 
-0.134552 0.005177 -0.244320 0.133578 -0.031022 0.115779 -0.199807 -0.202307 0.111571 0.000875 0.060804 0.273238 -0.035133 0.061496 -0.233082 0.015525 0.023385 0.110786 -0.081365 0.008744 0.023678 -0.032258 0.100569 -0.160652 -0.017377 0.103486 0.160750 -0.172885 0.146033 -0.028806 -0.054052 0.105447 -0.037732 -0.169242 0.172442 -0.204221 0.187577 0.249644 -0.094947 0.217035 0.085843 0.148786 0.291704 -0.201733 0.168161 0.082441 0.080840 0.199711 0.029384 -0.077201 
-0.136798 0.007997 0.070800 0.092418 -0.141182 -0.101467 0.185767 0.318065 0.075541 0.043242 0.076933 0.285758 0.002480 -0.166608 -0.180228 0.081910 -0.154895 0.142452 0.114239 0.128903 -0.012439 -0.205184 0.285934 -0.088376 -0.034258 0.144222 -0.133156 0.028361 0.068499 0.095915 -0.028202 -0.154060 0.194066 0.048668 -0.246168 0.224452 -0.177281 -0.049770 0.171409 0.058972 0.056978 0.009880 0.159379 -0.036435 -0.096292 0.248811 -0.045826 0.090534 0.138514 -0.080281 
-0.151268 -0.230675 0.072044 0.266594 -0.188838 -0.187385 0.027389 0.057909 -0.070177 -0.060973 -0.150869 -0.220233 0.093040 0.098926 0.024946 -0.155726 0.198744 0.023492 0.029898 -0.121999 -0.040902 -0.027049 -0.080418 -0.275436 -0.052400 0.028462 -0.033374 0.061899 -0.023747 -0.094445 0.024412 0.057841 -0.155397 -0.038516 0.141713 0.292420 0.020865 -0.066730 0.147770 -0.040015 0.328229 0.283070 0.228666 -0.096603 -0.044173 -0.022080 0.091600 -0.225999 -0.126746 0.007191 
-0.141814 -0.228064 0.117551 0.200726 0.020552 -0.052401 0.155496 -0.106416 -0.241239 -0.097909 0.209760 -0.032271 -0.048347 0.150971 -0.009996 0.426091 -0.032479 -0.140468 0.046780 -0.097024 -0.099303 -0.188060 -0.020774 -0.103901 -0.027640 -0.015297 0.079308 -0.126385 0.068159 -0.016950 0.217884 0.070658 0.072673 0.038184 0.022703 0.043393 -0.155023 0.077775 -0.294591 0.228031 -0.114554 0.109467 -0.155594 0.112508 -0.169901 -0.021815 0.003929 0.121781 -0.025853 0.247296 
-0.122953 0.065685 -0.251731 -0.181016 0.006254 0.172385 -0.031235 0.024287 -0.016264 0.064589 0.084689 0.030731 0.056334 0.276010 0.191096 -0.113570 -0.146052 0.345703 0.179576 0.151559 -0.104696 0.047209 0.064330 -0.036321 -0.233603 -0.081890 0.044579 -0.065329 -0.269653 -0.130963 0.175180 0.081860 0.116990 -0.058216 0.075191 0.191639 -0.113652 -0.251672 -0.086162 -0.151821 -0.112529 0.126083 0.109711 -0.055983 0.063545 -0.027691 -0.063261 0.154542 -0.084788 0.229135 
-0.137442 0.224430 0.112660 0.113432 -0.146011 -0.102825 0.091830 -0.372720 0.089897 0.036916 -0.105443 -0.134218 0.267603 -0.109957 -0.004575 0.019262 0.159903 0.088303 -0.251935 0.100446 -0.108504 0.093300 0.031636 -0.035714 -0.062764 -0.179580 -0.034304 -0.008228 -0.028333 0.300939 -0.000560 -0.116042 0.131221 0.166595 -0.164206 0.085660 0.204896 0.037664 -0.219742 -0.063036 -0.152774 -0.003977 0.177679 -0.035536 0.016032 0.148375 -0.205364 -0.025619 -0.043749 0.182148 
-0.158990 -0.048128 -0.172113 -0.049897 0.066104 0.010645 -0.336390 -0.088604 -0.035161 -0.137673 0.056241 -0.012170 0.243830 0.002309 -0.046441 -0.150402 -0.079933 -0.081866 -0.013749 -0.173010 -0.208947 -0.418005 0.154798 0.034113 0.060492 0.144977 -0.011926 0.080502 0.012788 0.125264 0.044746 -0.026251 0.241083 0.018833 -0.082207 0.109523 0.110518 -0.092506 -0.131654 -0.079603 0.003721 0.077839 -0.302691 0.010260 0.127957 -0.069678 -0.019532 -0.167767 -0.134753 -0.288285 
-0.129589 -0.046559 -0.139846 0.103864 -0.047237 0.136773 0.217501 -0.157114 0.241025 0.143452 0.174646 0.123044 -0.147862 -0.137575 0.271127 0.121776 0.048832 0.131502 -0.020347 -0.002623 0.165074 0.053285 -0.148442 0.114203 0.118205 0.121974 0.084302 0.273820 -0.085977 -0.185461 -0.305194 0.087656 0.126620 0.212753 -0.031015 0.200061 -0.007497 0.120170 -0.103705 0.057058 -0.016450 0.254071 -0.161100 -0.049279 0.044339 -0.039410 0.017993 -0.169608 -0.031837 -0.088837 
-0.134298 -0.016313 0.068281 -0.280460 -0.028146 0.310292 0.055378 0.073119 0.096906 0.185771 -0.064807 0.043200 -0.085004 0.130244 -0.035042 -0.032176 0.076058 0.145334 -0.012744 0.125340 -0.224144 -0.124082 -0.039643 0.060449 0.259573 -0.089266 -0.164528 0.069294 0.370510 0.034490 0.080519 -0.056197 -0.240497 -0.042812 -0.193157 -0.012236 0.147856 0.009879 -0.191428 -0.044138 0.126480 0.128305 0.023069 0.107947 -0.245201 -0.016788 0.235028 -0.059906 -0.124033 0.102761 
