-0.136488 0.090914 0.018171 -0.090440 -0.136957 0.235949 -0.186801 0.151748 -0.344642 -0.261166 0.025354 0.037644 0.034275 -0.118337 -0.096955 0.157585 0.026680 -0.176394 -0.197387 -0.054383 -0.053934 -0.060933 -0.065429 0.056091 -0.005642 0.110542 0.190232 -0.199854 -0.001336 0.000032 0.220229 -0.212292 -0.058316 -0.198452 0.168878 0.198290 -0.142768 -0.233396 -0.036267 0.036458 -0.061328 0.172896 -0.030629 -0.009080 -0.244330 -0.128224 0.115625 0.048867 0.074953 0.061065 
-0.138531 -0.112778 -0.247276 0.274579 0.110293 -0.000042 -0.040138 0.105331 -0.048311 0.205798 0.138629 -0.054207 0.105008 -0.091296 -0.229919 -0.100989 -0.275718 -0.022680 0.128623 -0.356155 -0.148089 0.173169 0.184968 0.060662 -0.041300 -0.057649 -0.173063 0.064239 0.025260 -0.108327 0.068401 0.015461 0.097977 0.024485 0.122993 -0.104469 -0.109367 -0.294886 0.294424 0.140138 -0.007523 -0.050746 -0.161940 -0.006815 -0.048735 -0.059987 -0.059461 0.049501 0.030267 0.089558 
-0.132918 0.121446 0.179841 -0.001513 0.099955 0.114941 -0.224966 0.170616 -0.150440 0.268078 0.267685 -0.067531 0.030433 -0.259091 0.265902 -0.045637 0.132836 -0.068080 0.069484 0.061315 -0.003776 -0.011839 -0.049518 0.155587 -0.137614 -0.142390 0.043361 -0.066733 0.230807 -0.097785 0.215275 0.076794 0.095818 0.048543 -0.194747 0.108845 0.079079 0.003876 0.080825 -0.085796 -0.024667 -0.104793 0.123946 -0.080209 0.254063 0.172998 0.072322 -0.095808 -0.196682 0.200076 
-0.148241 -0.252127 -0.017965 -0.027519 -0.205283 -0.145822 -0.117644 0.073528 0.185463 -0.172477 0.191951 0.143235 -0.139885 -0.120522 -0.024287 0.205450 0.030187 -0.061570 0.015958 -0.166462 -0.262486 -0.288688 0.006616 -0.275686 0.082721 0.053097 -0.055648 -0.105399 -0.001194 0.074108 0.010683 0.101710 0.096249 0.035000 -0.117793 0.200919 0.223683 -0.007539 0.136279 -0.005468 -0.069886 0.017280 -0.127321 -0.072830 0.098472 -0.047196 -0.215460 -0.247421 -0.121286 -0.192759 
-0.149758 -0.137610 0.198429 -0.115419 0.158552 0.053422 0.153754 -0.156917 -0.163505 -0.110427 0.221913 0.143059 -0.059132 -0.218438 -0.156268 -0.076331 -0.165352 -0.004215 0.188347 -0.025948 -0.167910 0.272718 -0.230583 0.038957 0.028984 0.040228 -0.136149 -0.082190 0.020489 0.147210 -0.009553 -0.021256 -0.393545 0.060984 -0.183800 0.008548 -0.059377 0.139642 -0.042222 -0.126936 0.077098 0.087738 -0.035597 0.334650 0.051016 -0.005543 -0.049669 0.009660 0.053303 -0.011531 
-0.152008 0.048569 0.135792 0.170208 -0.057052 -0.203702 -0.055641 0.030899 0.288466 0.126963 0.247034 -0.062845 0.027148 0.044918 -0.099538 -0.031256 0.274000 -0.112434 -0.091949 -0.119056 0.090744 0.158850 -0.207476 0.298471 -0.218839 0.019891 -0.054873 0.055749 -0.128496 -0.048953 0.095374 -0.051076 0.039051 -0.136845 0.231990 -0.031402 0.196112 0.177262 -0.119291 0.026908 0.069255 0.160048 -0.050133 0.149240 -0.196763 -0.139994 0.022176 -0.052073 -0.150948 -0.200051 
-0.140347 0.123224 0.000066 0.009097 -0.088594 -0.172861 -0.082588 -0.026169 0.213074 -0.093942 0.189429 0.176373 0.156074 -0.041334 0.125474 -0.238870 -0.114067 0.020631 0.117619 0.130109 -0.178743 -0.005503 0.187975 -0.161837 0.060561 -0.055101 0.188812 0.146594 -0.043886 0.081554 0.205188 0.022299 -0.148898 -0.004807 0.107655 -0.055784 -0.285928 -0.122683 -0.425228 0.207384 -0.061212 -0.152729 0.004522 0.018579 -0.058986 0.121607 0.044344 -0.034147 -0.200726 -0.018201 
-0.152848 -0.042590 0.016330 -0.085121 0.213647 -0.088674 -0.036119 -0.194049 -0.039079 -0.069086 -0.052224 -0.031781 0.230134 0.032828 -0.055377 0.176579 0.129737 -0.069718 -0.250680 -0.228763 0.058598 0.164241 -0.038124 -0.237307 -0.010838 -0.109946 0.034153 0.253450 0.235068 -0.296079 0.014002 0.136297 -0.175420 -0.151317 -0.204408 0.060453 0.101862 0.011451 -0.208544 0.139362 0.147197 -0.109847 0.000449 -0.193056 -0.023912 -0.139840 -0.127267 -0.044041 0.116729 0.129450 
-0.127722 0.265543 0.033002 0.034753 0.138367 0.067150 0.331150 0.018014 -0.070582 0.010990 -0.225933 0.162013 0.010521 -0.228681 0.093985 0.206590 -0.140705 -0.111711 0.123736 -0.075467 -0.136641 0.078972 0.041747 -0.124944 -0.128502 -0.006723 0.116136 0.124546 -0.157535 0.037648 0.147165 0.171569 0.089118 0.060188 -0.012754 -0.042227 0.181216 0.143640 0.091849 0.120835 0.025183 0.139346 0.014325 -0.186782 -0.019596 -0.051125 0.347242 0.094689 -0.099616 -0.291316 
-0.133148 -0.139343 0.145676 -0.014252 -0.094397 -0.073805 0.004835 0.118842 -0.025573 0.093164 -0.163439 0.110688 0.019646 -0.021976 0.219524 0.016179 -0.000668 0.274786 0.035308 -0.041620 -0.258332 0.185487 0.038596 0.088077 -0.226187 0.119381 0.239249 0.124550 -0.110360 -0.018909 -0.272447 -0.171229 -0.019077 -0.302102 -0.057481 0.106604 -0.133720 0.067311 0.141848 -0.184904 0.030844 -0.064252 -0.006613 -0.177642 -0.112229 0.023416 -0.274407 0.195102 -0.157176 0.035653 
-0.153879 0.299501 -0.024409 -0.022094 0.278045 0.082362 0.044121 -0.130647 0.190368 -0.068858 -0.019724 -0.066589 -0.040460 0.187849 0.177564 -0.137034 0.026725 0.084566 0.105800 -0.125118 -0.194489 -0.119184 0.025056 -0.202101 0.045509 0.159250 -0.094543 -0.152838 0.169101 -0.007186 0.075584 0.090344 0.187808 -0.230450 0.134902 0.002033 -0.032909 -0.058725 0.037424 -0.209313 0.259571 0.349313 0.111896 0.135539 -0.040302 0.056136 -0.113942 -0.020312 0.016394 0.154503 
-0.150319 0.014293 0.062320 -0.234239 0.113899 -0.074582 -0.028525 0.093591 -0.061700 0.053933 0.075369 0.227863 0.235242 0.205647 0.121474 -0.069997 -0.011878 -0.095725 0.168698 0.048287 0.123861 -0.239922 -0.327584 0.086869 0.006379 0.139008 -0.069879 0.019214 -0.246822 -0.114975 -0.242928 0.044754 0.031854 -0.113156 -0.115935 -0.130221 -0.173159 -0.231770 0.152482 0.152751 0.158015 -0.055518 -0.103090 -0.052523 0.093726 -0.125407 0.167579 -0.208327 0.058562 -0.075789 
-0.122613 -0.177796 0.021651 -0.042460 -0.135463 0.157857 0.050431 -0.292592 -0.027616 -0.088367 0.109683 0.105541 0.141481 0.348918 0.059123 -0.019457 -0.074365 0.021278 0.004656 0.123320 -0.049640 0.102799 0.028848 -0.103480 -0.348055 -0.079214 -0.135124 -0.056144 0.055397 -0.158820 0.180897 -0.080744 -0.056891 -0.106130 0.204475 -0.010274 0.159675 -0.076961 0.160711 -0.165096 -0.227732 -0.146682 0.127254 -0.063728 0.085923 0.216864 0.131892 -0.044210 0.155758 -0.218087 
-0.142745 0.114033 -0.256366 -0.090937 0.025562 0.051733 0.170811 -0.035698 0.151589 0.274319 -0.201203 0.219140 0.095274 -0.266623 -0.058236 -0.038191 0.158865 0.190651 -0.175374 -0.100806 0.183146 -0.075404 0.008587 0.036401 0.004363 0.074094 -0.037681 -0.079601 -0.084584 0.005933 0.073001 0.029203 -0.102188 -0.187585 -0.025285 0.214806 -0.081951 0.080252 0.048990 0.064415 -0.271719 -0.033272 -0.137793 0.204194 -0.001325 0.310441 -0.034752 -0.214810 0.159088 0.023591 
-0.125496 -0.134001 -0.134141 -0.200979 -0.041957 -0.101416 -0.327729 -0.097043 -0.062852 0.059604 -0.144773 -0.223483 -0.097554 -0.077408 -0.014691 -0.128798 0.021103 -0.089678 0.228572 -0.018783 0.093626 -0.137305 0.108195 -0.040737 -0.050478 0.226028 0.092309 0.198658 0.055120 0.158856 0.164509 0.019215 -0.044203 -0.294581 0.022601 -0.059031 0.140376 0.137243 0.023327 0.012110 0.055350 -0.094795 -0.179359 0.165097 0.253162 -0.074475 0.148813 0.302657 0.122424 -0.084345 
-0.137585 0.091457 -0.043729 -0.073977 -0.297723 0.020326 0.006082 -0.294879 -0.232840 0.080164 -0.079060 -0.308613 0.078223 -0.085544 0.140449 0.029282 -0.047076 0.095400 -0.001144 -0.144324 -0.222743 -0.109479 -0.159499 0.090032 0.227206 -0.152044 0.011819 0.134820 0.023529 -0.221756 -0.090317 -0.238241 0.148673 0.181601 0.070645 -0.004322 -0.047706 0.083804 -0.049846 0.060030 0.198489 -0.015013 -0.088833 0.151046 -0.042280 0.209574 -0.003615 -0.130304 -0.020133 -0.221844 
-0.149334 -0.166109 0.257206 -0.143364 -0.038058 0.014941 -0.157243 0.022327 0.131461 0.095902 -0.202304 -0.037881 -0.034497 -0.158484 -0.200614 0.067668 -0.169527 -0.027671 0.050407 0.138301 0.044254 0.099418 -0.008274 -0.143855 0.047084 0.073562 -0.344201 0.006054 -0.134294 0.059551 -0.089316 -0.178478 0.133098 -0.079106 0.072128 0.011633 0.210548 -0.078171 -0.111383 0.201849 0.132250 0.041923 0.192192 -0.119777 -0.148293 0.307584 0.140502 -0.048092 -0.076125 0.278063 
-0.143519 -0.005175 0.019946 -0.121259 -0.010357 -0.092819 0.075931 -0.008834 -0.194109 0.088087 -0.051223 0.152314 -0.434909 0.122708 0.122384 -0.148819 0.156395 0.015626 -0.048415 0.109310 -0.010836 -0.087023 -0.085397 -0.116904 -0.079503 -0.139353 -0.136051 0.343570 0.232697 0.081589 0.051283 0.015583 0.002886 0.107824 -0.012247 -0.075034 0.029539 -0.098364 0.161283 0.072473 -0.184875 0.008048 -0.139029 0.115652 -0.420556 -0.093699 0.043097 -0.033713 -0.083023 0.147637 
-0.123397 0.066564 0.086166 0.023100 -0.043474 -0.014500 -0.100032 0.202361 0.000438 -0.076267 -0.120008 -0.036775 0.124622 0.141527 -0.157820 0.158724 0.021545 0.159574 0.384431 0.060251 0.197544 0.020818 0.236296 -0.015148 -0.018002 0.182569 -0.000512 -0.080447 0.407623 -0.219754 -0.089640 -0.040325 -0.198872 0.144140 0.042315 0.055081 -0.120433 0.255869 0.100625 0.082412 -0.040515 0.094181 -0.067699 0.025779 -0.125536 -0.011217 0.083106 -0.206808 -0.145229 -0.102654 
-0.157219 -0.171085 0.164534 -0.094664 -0.093543 0.272507 0.166572 -0.008408 0.167729 0.069369 -0.172328 -0.023046 0.117145 0.107433 0.138290 0.208501 0.149346 -0.127562 0.020647 -0.261723 0.008262 -0.119081 0.102503 0.118974 -0.077935 0.211930 -0.037201 0.206553 -0.096253 0.127078 0.151860 -0.028455 -0.099763 0.388257 0.135821 -0.043305 -0.101476 -0.109601 -0.079205 -0.076951 -0.024350 -0.047583 0.081677 0.128424 0.167427 -0.142349 -0.090513 0.003441 -0.061444 0.235722 
-0.138377 0.018036 -0.130396 0.073599 -0.187167 0.261846 0.136161 -0.106920 -0.087208 0.187326 0.101598 -0.200447 0.077541 0.153625 -0.181867 -0.022319 -0.197607 -0.145671 -0.183662 0.367932 -0.022654 -0.049378 0.002075 -0.100864 -0.137459 0.100443 0.123669 0.075586 -0.069231 0.048626 -0.047132 0.131654 -0.047727 -0.118702 -0.132270 -0.063811 -0.007622 0.135863 0.043343 0.159623 -0.010625 0.270292 -0.134367 -0.000215 0.126045 -0.048970 -0.202198 -0.119489 -0.280031 0.148491 
-0.125292 -0.124614 0.064926 0.006400 0.204410 -0.196928 -0.031673 -0.014567 -0.173344 0.101097 -0.260410 -0.039243 0.078978 0.087885 -0.237587 -0.074572 0.251125 0.086711 0.043537 0.156107 -0.041303 0.059091 0.059112 -0.138693 0.022903 -0.178136 -0.028057 -0.087995 -0.199837 -0.148155 0.089450 -0.061847 0.135464 0.134723 -0.074292 0.160030 -0.063631 -0.263852 -0.182299 -0.223723 -0.150002 0.246070 -0.143760 0.075781 0.211315 -0.074235 0.017589 0.086882 -0.218396 -0.134573 
-0.160905 0.130840 0.233884 0.000146 -0.051758 0.298029 0.085459 0.032490 0.119006 0.218810 0.150345 -0.037395 0.089465 -0.061617 0.004572 0.083063 0.177517 0.129492 0.068063 0.265530 -0.019066 0.058034 0.165100 -0.039469 0.155667 -0.015440 0.021771 -0.096872 0.113992 0.122619 -0.135206 0.049501 0.037296 0.019575 -0.021833 -0.033428 0.216982 -0.277291 -0.077225 0.054318 0.088304 -0.133783 -0.278550 -0.000923 -0.122836 -0.107396 -0.136730 0.191327 0.303818 -0.211758 
-0.157166 0.024467 -0.368567 0.153033 0.013432 -0.046296 0.124011 0.002874 -0.010257 -0.141801 -0.018863 -0.071492 0.213415 -0.140928 0.139644 -0.079602 0.149594 -0.172249 -0.004526 0.110595 0.068606 -0.226457 -0.031102 -0.046389 -0.142895 -0.002568 -0.316746 -0.167401 0.023152 0.045112 -0.156076 -0.132098 -0.267511 0.110832 -0.043306 0.096914 0.092549 -0.026439 0.008493 -0.087294 0.175429 -0.144762 -0.000011 -0.077430 -0.157826 0.042830 0.003834 0.325041 -0.249023 0.004473 
-0.138695 -0.003476 0.012862 0.348865 -0.225723 0.020173 0.279651 -0.002129 -0.006237 -0.197592 -0.105136 0.062919 -0.131255 0.126531 -0.106353 0.015783 0.232563 -0.115431 0.181918 -0.055304 -0.121859 0.035735 0.013236 0.127509 -0.037377 -0.103738 -0.054274 -0.054242 0.161059 0.085118 -0.100078 -0.105904 0.243913 -0.273948 -0.266019 0.035010 -0.106473 -0.000673 -0.154251 0.182633 0.001371 -0.136122 0.021433 0.092962 0.217118 -0.001422 0.194301 -0.030334 0.084080 0.162170 
-0.133368 0.002609 -0.248820 0.095493 -0.063333 -0.079106 -0.124980 0.077485 -0.185100 0.135312 0.096700 0.186923 0.247576 0.175531 0.086656 0.057548 0.045706 0.105719 -0.119439 0.053192 -0.155420 0.215196 -0.019665 -0.013913 0.389735 0.276801 -0.021200 0.083334 0.035237 0.108710 -0.119509 0.057631 0.085859 0.061504 -0.013640 0.048271 0.247606 0.076004 -0.007615 -0.027340 -0.170817 0.004184 0.331789 0.188026 0.006676 -0.122098 0.176030 0.072642 -0.025963 0.058604 
-0.135239 0.132555 -0.049942 -0.118709 -0.008801 -0.061281 -0.143048 0.161674 0.128362 -0.220755 0.079569 0.003080 0.085967 -0.058910 -0.063363 0.201695 -0.002490 0.139964 -0.103535 0.039461 -0.098720 -0.175331 0.240197 0.093832 -0.186087 -0.344361 0.053503 0.129874 -0.136406 -0.091739 -0.176713 -0.063150 -0.095972 0.021068 -0.181581 -0.323039 0.122937 -0.030554 0.103646 -0.018937 -0.055861 0.231416 0.120109 0.305447 0.050394 0.074555 0.063112 0.092141 0.150051 0.119838 
-0.136467 -0.244230 -0.034560 0.196187 0.001528 -0.064169 -0.094634 -0.008533 0.142682 0.158419 -0.121687 0.186727 -0.056747 -0.119992 0.035516 0.269398 -0.024598 -0.056861 -0.101180 0.335113 -0.119535 -0.135997 -0.179526 0.091731 0.119770 -0.023284 -0.128072 -0.026137 0.167913 -0.184930 0.224123 0.106822 0.027453 -0.009600 0.056662 -0.203681 -0.368190 0.154004 0.017919 -0.026453 0.084808 0.103686 0.095020 -0.059616 0.006280 -0.023118 -0.055084 0.207490 0.191863 -0.081590 
-0.124780 -0.033990 0.029027 0.188236 0.204141 0.073603 -0.061819 -0.316601 -0.137087 0.010059 0.011013 0.122360 -0.232706 -0.183114 0.089034 0.104389 -0.074465 -0.010713 -0.009290 -0.035354 0.080849 -0.153420 0.178137 0.093202 0.046038 0.144743 0.062643 -0.183201 -0.051710 -0.217774 -0.262263 -0.030020 -0.006372 -0.110889 0.159859 -0.343986 0.138948 -0.013610 -0.238141 -0.125777 -0.217867 -0.140117 -0.073623 0.000351 0.001061 -0.130860 0.024701 -0.144049 -0.180048 0.076576 
-0.139657 0.062576 0.259329 0.161845 -0.042835 0.003971 0.026250 0.099754 -0.183681 0.144113 0.144045 -0.150564 -0.011128 0.181283 -0.039385 -0.000744 0.104834 0.194396 -0.083678 -0.295368 0.116050 -0.193404 0.008440 -0.265844 0.213319 -0.094423 -0.142048 -0.110704 -0.194884 0.181120 0.130889 -0.075238 -0.204910 -0.132584 -0.084291 -0.264093 -0.144019 0.210544 0.056407 0.005560 -0.116354 -0.013379 0.068106 -0.203743 -0.001494 0.078109 0.040807 0.133723 -0.018752 -0.050384 
-0.160597 0.128217 0.041861 -0.084261 -0.277401 -0.246873 0.004938 -0.012087 -0.033255 0.088233 0.024360 -0.111801 -0.158411 0.093362 0.104314 0.154016 -0.220211 -0.167316 -0.016589 -0.136107 0.234035 0.157319 0.011581 -0.092395 -0.160466 0.141019 0.007751 -0.261145 -0.068744 -0.143177 -0.062651 0.342418 0.121246 0.106419 -0.220567 0.032766 -0.139612 -0.130254 -0.118161 -0.071184 -0.074818 -0.061665 0.060262 0.199560 -0.142710 0.130580 -0.052691 0.221892 0.051091 -0.023375 
-0.131549 -0.154356 0.058737 0.061359 0.052962 -0.040388 -0.062024 -0.340198 -0.006501 0.043635 0.092139 -0.000471 0.200599 -0.191713 -0.126538 -0.014948 0.068325 0.044564 0.052814 -0.020710 0.226281 -0.103985 -0.028184 -0.178952 -0.169081 -0.185708 0.288565 -0.050160 0.084934 0.345143 -0.219870 0.044837 0.257259 0.108121 0.117748 0.095241 -0.212437 0.056682 0.165072 0.010014 0.017280 0.016114 0.267556 0.045624 -0.126182 -0.141320 0.066187 -0.019342 0.046643 0.012762 
-0.126855 0.160226 -0.059089 0.086842 -0.082986 0.209751 -0.180768 0.084768 0.112701 0.168966 -0.085733 0.240811 -0.122844 0.048870 0.075887 -0.199534 -0.256378 -0.222558 0.112706 -0.137136 0.206935 -0.025078 -0.080280 -0.096783 0.019691 -0.220265 -0.035420 0.120213 0.064232 -0.048985 -0.164909 -0.306613 -0.053238 0.044112 -0.052172 0.165842 0.052088 0.060226 -0.178723 -0.053994 -0.129078 0.207735 0.142074 -0.074767 0.133973 -0.164543 -0.187117 0.071203 0.139146 -0.148928 
-0.156083 -0.230945 -0.086650 -0.094763 0.240399 0.098283 0.088993 0.041400 0.097898 -0.003485 0.024732 -0.065123 -0.093596 0.087854 0.012135 -0.223905 0.076375 -0.189839 -0.026317 0.046400 -0.005270 0.026862 0.208358 0.011979 0.096873 0.116187 0.265261 -0.162992 -0.151354 -0.175408 0.199511 -0.298643 0.136801 0.118251 -0.342241 -0.087282 0.034632 0.151136 0.099660 0.130550 0.064432 -0.114871 0.192833 0.055284 -0.251302 0.013571 -0.072658 -0.051138 0.067846 -0.118881 
-0.163689 0.131003 0.166193 0.211342 0.215162 -0.121727 0.065030 0.177254 0.064872 0.003882 0.003063 -0.190698 -0.116704 0.094376 -0.033952 0.093136 -0.145842 -0.190776 -0.094286 0.179999 -0.091825 -0.078237 -0.044680 -0.180213 0.090820 -0.068624 0.129454 0.100799 -0.166572 -0.109201 -0.113811 -0.047234 -0.111913 0.013192 0.275115 0.331633 -0.022055 0.125029 0.160561 -0.110569 -0.000648 -0.337246 -0.060364 0.210356 0.079177 -0.005722 0.085563 -0.050787 0.150989 0.134962 
-0.152677 -0.066558 -0.196950 0.134961 0.080120 0.114244 -0.143827 -0.152258 -0.097818 -0.077280 0.066682 -0.012084 -0.200239 0.185418 0.072662 0.151642 0.038395 0.272439 0.339034 0.045436 0.076120 -0.047313 -0.034948 0.236361 0.023272 -0.149880 0.048365 0.012195 -0.347833 -0.005060 0.113723 0.241038 -0.117799 0.065888 0.016097 0.298801 0.103064 0.032179 -0.086612 0.199196 0.083260 0.066929 0.054982 -0.132742 -0.108570 0.047704 -0.104526 0.029725 0.104303 0.135141 
-0.130571 0.147400 0.226934 0.032515 -0.091977 -0.119639 -0.103443 -0.182872 -0.037296 -0.223677 -0.221644 -0.064942 0.002842 -0.123317 0.138314 -0.260529 0.154614 -0.200663 -0.093349 0.082382 -0.009211 0.175388 0.199208 0.175046 0.177969 -0.014025 -0.151820 -0.061221 -0.081340 0.002210 -0.063811 0.186507 -0.144629 -0.002993 0.095906 0.001458 -0.036189 -0.046026 0.341078 0.248475 -0.133882 0.081213 0.158091 -0.065445 0.136767 -0.071996 -0.226353 -0.044500 0.029318 -0.079928 
-0.133984 -0.161421 -0.035868 0.158037 -0.176119 -0.025078 -0.014561 -0.028719 0.106051 -0.054744 0.096149 -0.105457 -0.046633 -0.118215 0.223304 -0.176816 -0.002077 0.047774 -0.137590 0.031711 0.099624 0.151048 0.189992 -0.033151 0.047215 0.091626 -0.025840 0.102958 -0.093876 -0.013728 -0.051483 0.018443 -0.070190 0.102573 -0.138798 0.066386 -0.093590 0.006465 -0.010759 -0.320670 0.128974 0.264394 -0.225596 -0.233339 -0.033921 -0.058185 0.407470 -0.224680 0.250508 0.112101 
-0.132355 -0.026900 0.042217 -0.038202 0.048204 -0.183546 0.134935 -0.166057 0.237955 -0.049998 0.090402 0.042563 -0.058443 0.106975 0.009158 0.023847 -0.081516 0.051538 -0.071909 -0.069083 0.104846 0.018422 -0.211403 0.116220 0.197083 0.043879 0.326555 -0.122860 0.206125 -0.028442 -0.020808 -0.199823 -0.075129 0.144009 0.044511 0.008655 0.132585 -0.128492 0.175395 0.182162 -0.131917 0.189163 -0.203894 -0.167542 0.183597 0.191077 0.122256 0.317968 -0.095612 0.180158 
-0.147428 0.342176 -0.077396 0.028678 0.118894 -0.068296 -0.222368 -0.092993 -0.109799 -0.061794 0.066160 0.147397 -0.138843 0.082906 -0.317702 0.025904 0.146090 -0.047031 -0.123992 0.024776 -0.112922 0.040278 0.014900 0.065421 -0.202203 0.300794 -0.027806 0.130034 -0.018175 0.180295 -0.067230 -0.107304 0.110565 0.308391 -0.033485 -0.082046 -0.106382 0.074212 -0.038449 -0.084554 0.079297 -0.101364 -0.070695 -0.263709 0.107973 0.254111 -0.119300 -0.024112 0.159893 -0.055289 
-0.140864 0.221486 -0.103135 0.063684 -0.213249 -0.092713 -0.074706 -0.058361 0.142160 0.047435 -0.287761 -0.013805 -0.064072 -0.013699 -0.154244 -0.002012 -0.116832 0.215558 0.018467 0.062883 0.032003 0.090264 -0.212941 -0.001152 0.009519 -0.075930 0.150810 -0.170987 -0.003373 0.095420 0.263894 -0.076679 -0.176290 0.023798 -0.121948 -0.186847 0.143346 -0.197047 0.137877 -0.200051 0.190467 -0.245132 0.124999 -0.030338 0.010446 -0.282818 -0.006961 -0.234645 -0.074059 0.070524 
-0.144183 0.105445 -0.160462 -0.379160 -0.112181 0.009501 0.082787 0.026184 0.044572 -0.121746 0.092365 0.040227 0.116316 -0.026937 -0.046533 0.041335 0.070540 -0.134870 0.205538 0.051301 0.040014 0.206793 -0.014749 -0.013074 0.183341 -0.235952 -0.084388 -0.089598 -0.118896 -0.041266 0.045478 -0.000286 0.260842 -0.015730 0.163000 -0.125843 -0.058093 0.338770 0.022017 -0.210525 -0.152896 -0.107976 -0.207577 -0.179752 -0.026565 -0.140461 -0.104299 0.055320 -0.004234 0.282272 
-0.143004 -0.050644 0.240920 0.145690 0.033406 0.029642 -0.047983 0.090883 -0.085529 -0.272421 -0.167789 0.132975 0.248905 0.045336 0.026312 -0.277664 -0.324760 0.236460 -0.222308 -0.018659 0.101135 -0.189842 -0.042715 0.148845 -0.073243 0.014743 -0.079434 -0.038302 0.047620 0.032460 0.156212 0.120278 0.281675 0.122781 -0.068254 0.044303 0.164764 0.211846 -0.087236 0.018724 0.008863 -0.097334 -0.233935 0.088247 -0.046023 -0.057139 -0.087421 0.089435 0.030145 0.063461 
-0.144625 0.010926 -0.000959 0.008847 -0.048421 -0.098041 0.357490 0.106642 -0.103620 -0.205684 0.203820 -0.071876 -0.051617 -0.200645 -0.160068 -0.013165 -0.057906 0.120356 0.079916 0.108020 0.348447 -0.112491 0.011712 0.086881 0.159832 0.159751 0.001341 0.387193 0.035859 -0.124453 0.111349 -0.020372 0.118700 -0.129144 0.046124 0.015890 0.030588 -0.192568 0.004068 -0.200933 0.000296 0.015208 0.274325 -0.071948 0.066835 0.058761 -0.195701 0.009873 -0.015070 -0.110911 
-0.136148 -0.209019 -0.123340 0.172722 0.081146 0.052420 -0.047508 0.299668 -0.131965 -0.147879 -0.179369 -0.018652 0.042959 0.034618 0.184862 0.031706 0.089022 -0.165691 0.045947 -0.020780 0.168832 0.226563 -0.183528 -0.124696 0.042047 -0.117545 0.226453 -0.008525 0.044133 0.221269 -0.053858 0.107403 -0.013845 0.003010 0.171479 -0.304398 0.098567 -0.072340 -0.056558 -0.053164 0.074117 0.067923 -0.112194 0.079636 0.021448 0.368506 -0.179567 -0.184087 0.030470 -0.080318 
-0.139575 -0.045186 -0.141954 -0.176138 0.058817 -0.166800 0.155967 0.165453 -0.139915 0.023550 0.107047 -0.045746 -0.189182 -0.035191 0.233026 0.070912 -0.053114 0.275811 -0.194213 0.065577 0.085181 0.148716 0.106863 -0.097555 -0.213585 -0.005358 -0.134446 -0.206093 0.042348 0.071591 0.009600 -0.211239 0.056040 0.066721 0.229668 0.006397 -0.053142 0.053058 -0.115472 0.321070 0.171338 0.017807 0.048074 0.014159 0.313274 -0.237119 -0.055789 -0.079308 0.072262 -0.040155 
-0.151035 -0.106605 -0.013561 -0.200876 -0.007692 -0.217496 0.212154 0.155993 -0.099964 0.206892 -0.092604 -0.125721 0.024332 0.077858 -0.171417 -0.196223 -0.085902 -0.116205 0.010125 -0.056978 -0.263718 -0.244970 0.069682 0.283613 -0.034040 -0.092783 0.112036 -0.159855 0.170376 0.103224 -0.115805 0.204485 -0.152707 0.009646 0.135800 0.002971 0.132925 0.021716 -0.225379 -0.093352 -0.059322 0.064376 0.166836 -0.246934 -0.071314 0.012456 0.028783 -0.104258 0.205063 0.004777 
-0.141503 -0.024768 -0.103638 -0.057715 0.108776 0.288179 -0.077784 0.140373 0.236630 -0.197518 -0.039687 -0.386368 -0.103443 -0.117183 -0.038619 -0.141157 0.042882 0.218786 -0.027519 -0.020017 -0.149779 0.072722 -0.373157 -0.067484 -0.089631 0.110155 -0.042749 0.034733 0.021141 -0.085030 -0.162988 0.155181 0.040299 0.066653 -0.029456 -0.058179 -0.127424 -0.028559 -0.091093 0.084634 -0.375105 -0.080771 0.104522 -0.089595 0.011983 -0.094226 0.117454 0.047830 -0.016129 -0.121063 
-0.136948 -0.085299 -0.038912 -0.173039 -0.080016 0.296641 -0.042980 0.079401 0.053742 -0.020878 0.014686 0.234867 -0.236152 0.094349 -0.217191 -0.143183 0.060337 0.049032 -0.254120 -0.116418 0.076461 0.049111 0.141672 0.063680 0.142272 -0.170549 0.051026 -0.009051 0.034084 -0.100769 -0.142218 0.267772 -0.030945 -0.019839 0.137360 0.062102 -0.090232 0.024894 0.058951 -0.070206 0.366249 -0.131169 0.052888 0.047278 0.110767 0.076792 0.192106 0.130687 -0.297150 -0.137965 
-0.129361 0.011578 -0.053095 -0.111780 0.271941 -0.009178 -0.066157 -0.078021 0.118626 -0.040488 -0.024398 -0.176646 0.004985 0.168691 0.115129 0.295703 -0.250316 -0.068283 -0.136554 0.025258 0.072895 0.068655 0.132553 0.315395 0.134127 -0.149495 -0.167116 0.071655 0.114511 0.393005 0.014894 -0.083261 0.053749 -0.169466 -0.177018 0.113471 -0.151470 -0.070459 -0.007348 -0.108372 -0.109668 -0.059526 -0.063850 -0.033649 -0.067381 0.003381 0.045703 -0.114516 -0.187801 -0.231311 
