-0.134876 -0.263098 -0.111005 -0.003693 -0.331763 0.019673 -0.032304 -0.214466 0.152080 -0.168432 0.047022 0.060865 0.023225 -0.099426 -0.030325 -0.192801 -0.170920 0.056160 0.064435 -0.104135 0.063042 -0.036362 0.138159 -0.138703 -0.245507 -0.063279 0.127768 0.082981 -0.166113 0.231953 -0.062421 0.019862 -0.018736 -0.069754 -0.110759 -0.173331 0.243998 -0.038467 -0.249908 0.075617 -0.227969 -0.036588 0.170042 0.013852 -0.018733 -0.117730 0.055556 -0.067302 0.292770 -0.077440 
-0.137877 -0.002563 0.068446 0.330858 0.234801 -0.030763 0.161301 -0.160348 -0.046130 -0.194483 -0.029730 0.150814 0.038632 -0.028438 0.105212 -0.242602 -0.029857 -0.178614 -0.055262 0.024455 0.140502 -0.025615 -0.148204 0.056979 -0.123430 0.036893 -0.296566 -0.016996 0.052712 0.148185 0.254474 -0.031621 -0.006382 -0.014014 -0.052639 -0.154308 0.116189 0.177620 0.036283 -0.022571 0.244137 0.138163 -0.298145 0.199276 -0.047907 0.094983 -0.046955 -0.096253 0.181584 -0.095327 
-0.125394 -0.122855 -0.037299 0.056646 -0.263475 0.060072 -0.259685 0.147401 0.013160 -0.163159 -0.147954 -0.029756 -0.042260 0.019925 0.127649 0.005304 -0.269369 0.115446 0.092567 0.031738 -0.081824 0.134185 -0.003780 0.139062 0.154676 -0.025768 -0.092285 -0.036363 -0.173982 0.151041 -0.109889 0.249517 -0.011399 0.186025 -0.017770 -0.025828 -0.066510 -0.017335 0.123945 0.181829 0.382065 -0.012680 0.071221 0.165359 -0.234211 0.220108 -0.119223 0.181720 -0.075665 0.096309 
-0.129118 0.028025 -0.203052 -0.074680 0.036294 0.275711 -0.142013 -0.092569 -0.032777 0.116178 0.089317 -0.165219 0.109249 -0.117274 0.031268 -0.088010 0.407014 -0.146259 0.023531 -0.017080 -0.120060 0.034648 -0.011460 0.296244 -0.060841 -0.253879 -0.137913 0.075612 0.003281 -0.066470 -0.077658 -0.035337 -0.017605 -0.131210 -0.065000 -0.070155 0.090537 -0.250324 -0.132221 0.167245 -0.053123 -0.030785 -0.164080 -0.058752 -0.043525 0.322369 -0.021819 0.072663 0.124912 0.212359 
-0.151036 0.008528 -0.118788 -0.037859 -0.150573 -0.119042 0.133301 -0.227891 -0.017392 -0.113819 0.252800 -0.087132 -0.027266 0.044053 -0.050817 -0.225027 0.024631 0.009391 -0.221156 0.084793 -0.071945 0.183285 -0.069446 0.282458 0.205410 0.209497 0.247084 -0.062069 0.188394 0.120088 0.078102 -0.178811 -0.174780 0.099363 0.114307 -0.012133 -0.038170 -0.156765 0.171155 -0.043014 -0.036599 -0.163702 0.088288 0.016523 -0.205702 0.114902 0.142938 -0.193261 -0.131214 -0.133014 
-0.128147 -0.010861 0.031755 0.048838 -0.160013 -0.006464 0.173524 0.335452 0.015594 -0.037534 0.182938 -0.202135 -0.118372 0.048972 -0.186681 -0.047470 0.027834 -0.248990 0.152270 0.120173 0.282720 0.124329 0.041385 0.155837 0.238031 0.071550 -0.252718 -0.029074 0.053998 0.156711 -0.003305 -0.060043 -0.101818 -0.003330 0.096293 0.051603 0.173145 0.109794 -0.286814 0.132747 -0.041938 0.047421 0.083491 -0.019762 0.184426 -0.212483 -0.099939 0.043751 -0.116631 0.150536 
-0.147116 -0.013131 0.175539 0.138654 -0.025638 0.058955 -0.205597 -0.113063 -0.325732 -0.082133 -0.029825 0.123272 -0.202512 0.042313 -0.116090 -0.093314 0.170604 -0.132679 -0.211502 -0.088510 -0.012088 -0.039295 -0.021806 -0.283960 -0.008057 0.130625 -0.087591 -0.067494 0.238232 0.171574 -0.333065 0.016350 0.091432 0.132364 -0.123579 0.032697 0.007764 0.102341 0.081271 -0.047318 -0.255090 -0.163442 0.082168 -0.015451 0.015497 0.133525 -0.217020 0.109353 -0.078993 0.149933 
-0.147180 -0.048722 0.182312 -0.145658 -0.130957 0.042701 -0.152161 -0.178629 -0.267119 0.064472 0.091022 -0.253501 -0.004696 -0.002392 0.118568 -0.108986 0.085677 0.082482 0.031198 0.112064 -0.114715 -0.267662 -0.211346 -0.153185 -0.037296 0.152380 -0.024336 -0.083886 -0.212450 0.023706 0.167932 -0.022273 -0.116209 -0.095437 -0.018674 -0.272175 -0.125299 0.051997 -0.130839 -0.026285 0.288699 -0.102937 -0.004288 -0.114755 0.233076 -0.151720 0.147290 -0.005252 -0.188953 0.105152 
-0.135045 0.159293 0.005200 0.075455 -0.174463 -0.171305 0.021435 0.244805 0.113523 0.155569 0.049764 -0.042600 -0.235815 -0.058878 0.418651 -0.046395 0.179085 -0.033981 0.096828 -0.167071 0.199593 -0.013629 0.184563 -0.153243 -0.046147 0.098561 0.081752 0.049354 0.064130 -0.087253 0.078923 -0.013712 0.001114 -0.057309 -0.117665 0.121852 -0.108602 0.142693 -0.076789 0.062383 0.113306 -0.385858 -0.051010 -0.045639 -0.050450 0.230461 0.071938 -0.108660 0.138109 -0.115683 
-0.136271 -0.003880 0.115289 0.175381 -0.222540 0.038726 0.120418 0.345989 0.048758 0.037788 -0.050443 0.052070 0.144475 0.089273 -0.014873 0.191592 0.073004 -0.116163 -0.388616 -0.038756 -0.098609 0.169164 0.013953 0.042555 -0.236250 0.067859 0.099252 0.102382 0.004337 0.005148 0.076681 0.083698 0.038365 -0.138012 -0.099444 -0.300546 -0.037826 -0.245899 0.134404 -0.047681 0.037899 0.067623 0.120195 0.144267 0.344302 0.064806 -0.014473 -0.043771 -0.048671 -0.021109 
-0.152554 0.193069 -0.082781 0.061216 0.113088 0.055786 0.004098 -0.025367 0.260427 0.058576 -0.085361 0.103874 -0.100334 0.044899 -0.278492 -0.000090 -0.096859 0.253013 -0.142388 -0.018841 0.082162 0.092992 -0.166013 0.116499 -0.179714 -0.030274 0.140213 0.043308 -0.258658 0.148756 0.044096 0.076909 -0.071937 0.068695 0.000845 0.069383 -0.123167 0.127755 -0.265769 -0.112966 -0.055820 -0.260077 -0.273204 -0.072536 0.078190 0.089111 -0.182658 -0.121232 -0.218121 0.202921 
-0.157210 -0.248450 0.069981 -0.086509 0.165581 -0.107294 -0.174523 0.112923 -0.160670 0.126176 -0.011999 -0.044244 0.095760 0.070492 -0.062787 -0.069962 -0.039186 0.000321 0.116370 0.293396 -0.096197 0.204770 0.395322 0.090084 -0.091123 -0.030292 0.021917 -0.094146 -0.093798 0.038452 0.153297 0.004956 -0.245430 0.115986 -0.036724 -0.023990 -0.181851 0.210964 0.193584 -0.033525 -0.273927 -0.090847 -0.176339 0.060033 0.166104 0.037384 0.027846 0.060698 0.196028 -0.038335 
-0.134917 0.146982 0.088518 0.064679 0.052656 0.174963 -0.179355 0.169040 0.115911 0.057453 -0.012803 0.218905 0.081679 0.041785 0.193213 -0.114336 0.046454 -0.126952 0.162357 0.178516 -0.139856 0.063925 0.026910 -0.247291 0.161010 -0.006187 0.236827 -0.054677 -0.100648 -0.023458 -0.028829 -0.019925 -0.119696 -0.035929 0.090057 -0.103736 0.292352 0.089295 0.011014 -0.060626 -0.107409 0.269987 0.008692 -0.024550 -0.154177 0.081645 0.048859 -0.387058 -0.206024 0.171792 
-0.135140 0.013888 -0.056013 0.157200 -0.145084 -0.147337 0.039783 0.057551 -0.091356 -0.084467 -0.001946 -0.036546 0.235051 0.133704 -0.369996 -0.026177 0.131348 -0.086196 0.284964 -0.288827 -0.084509 0.082808 -0.038946 0.000067 0.048579 -0.088436 0.061537 -0.057056 0.083989 -0.231242 -0.132535 0.157436 0.037891 0.080720 -0.039790 -0.147642 -0.164292 0.137590 -0.046681 -0.332764 0.170873 -0.033874 -0.036015 -0.060734 -0.149445 -0.091822 0.168920 -0.124798 0.181755 0.142071 
-0.160782 0.028758 0.098058 -0.238467 -0.074375 -0.068173 0.178790 -0.133232 -0.139499 0.120181 -0.194923 0.155740 -0.068961 0.060707 0.002253 0.129107 0.118464 -0.145463 -0.124418 0.033115 -0.047409 0.163199 -0.269803 -0.039377 -0.013049 0.002437 0.183867 -0.103142 0.014197 -0.056103 0.090781 0.370186 -0.093029 0.023074 0.247037 0.160520 0.081900 0.160261 -0.218154 0.259043 -0.039682 0.085900 0.024438 0.137053 -0.033823 0.048517 0.191824 0.156705 0.202789 -0.007524 
-0.160136 -0.117366 0.217065 -0.023254 0.117647 0.135214 0.131573 0.017109 -0.149946 -0.105609 0.104270 -0.105798 -0.093428 0.098387 -0.260727 -0.059165 -0.024954 0.115139 0.161635 -0.093307 0.011482 0.037350 0.062482 -0.219140 -0.047668 -0.150876 0.315903 0.216999 0.068335 -0.011851 0.156887 -0.064281 -0.118681 -0.054532 -0.029251 0.304799 0.182885 -0.177944 0.121336 0.084032 0.319761 0.079682 -0.004592 -0.135568 0.100047 0.167624 -0.203516 0.020467 0.056637 -0.045876 
-0.143905 0.182155 -0.147976 -0.179160 0.043012 0.178377 0.253876 0.042306 -0.025729 -0.022140 0.042732 -0.228680 0.070181 0.046101 0.080549 0.236184 -0.005382 0.130318 0.143909 0.172867 -0.183607 0.128734 -0.226460 -0.161094 -0.048612 -0.100529 -0.068731 0.121460 0.124355 0.265890 -0.290761 -0.050823 0.063924 0.032268 -0.164719 -0.077334 -0.042440 0.214799 0.162868 0.141424 -0.006620 -0.095268 -0.056969 0.101901 0.013562 -0.129274 -0.050827 -0.226402 0.115696 -0.166360 
-0.148754 -0.068824 -0.243974 0.147738 -0.077438 -0.053988 0.031611 0.221912 -0.106919 0.053598 0.108819 0.065676 -0.227456 -0.240784 0.085892 -0.095746 0.174104 0.075422 0.208374 -0.054627 -0.149984 -0.154269 -0.328278 0.047842 -0.003955 0.028240 0.183020 0.111454 -0.138176 -0.032098 0.157751 -0.059377 0.104609 0.284801 0.104151 -0.007202 -0.077402 -0.054922 0.094648 -0.108887 -0.220010 0.202711 -0.041630 0.115568 0.057918 -0.118227 -0.214941 0.174736 0.048849 -0.089900 
-0.146074 0.001663 0.106598 -0.053768 -0.103214 0.334991 -0.165121 0.148675 0.172331 -0.113247 0.067795 0.033784 0.157509 0.260620 0.026404 0.017084 -0.004231 -0.128934 0.044269 0.159870 0.049641 -0.323642 -0.131814 0.040584 -0.207964 -0.074357 -0.028589 -0.176111 0.186740 -0.023468 0.083648 0.036185 -0.109657 -0.044785 0.100761 0.255808 -0.087060 -0.132885 -0.055385 -0.226747 -0.057708 -0.188326 -0.002663 0.181770 -0.183952 -0.138511 -0.064809 0.090188 0.024523 -0.219794 
-0.142214 -0.283359 -0.212899 -0.061562 0.208350 0.128949 -0.008003 -0.050306 0.107668 0.138272 -0.061258 0.137496 -0.090211 0.178290 0.066085 0.230334 0.014292 0.003324 0.096493 -0.131177 -0.060270 0.020212 -0.006562 0.115872 -0.021092 0.452005 -0.001258 0.095600 0.216022 -0.131074 0.092628 0.057402 -0.210450 0.027516 -0.327761 -0.144933 0.168665 0.033188 -0.052806 0.027353 0.060456 -0.012166 0.035718 -0.141092 -0.140320 -0.163198 -0.102774 0.092500 -0.069631 0.036330 
-0.131501 -0.090568 0.155979 -0.221945 -0.062323 0.140113 0.010274 -0.117590 0.114059 0.099871 0.069931 0.049914 0.226383 -0.227138 -0.009550 0.001971 -0.057448 -0.300137 0.054802 -0.015011 0.251935 0.068689 -0.047776 0.022741 -0.117475 0.206787 -0.084417 0.433906 -0.165147 -0.079339 -0.198070 0.003205 0.062739 0.220838 0.188066 0.041960 -0.064994 0.118939 0.162621 -0.146115 0.043221 0.021893 -0.014671 -0.151348 0.018526 0.124092 0.055659 0.048118 -0.122752 -0.141775 
-0.131672 -0.049892 -0.148309 0.073054 -0.066530 -0.096631 -0.157342 0.059973 0.000301 0.153607 0.167947 0.026909 -0.192385 -0.120111 -0.175241 0.017176 -0.301720 0.018765 -0.023693 0.006572 -0.365505 0.060423 -0.057132 -0.001948 -0.280079 0.046315 -0.234625 -0.097026 0.113979 -0.276502 -0.118797 -0.175083 0.054105 -0.203913 0.244047 0.120246 0.238777 0.171404 -0.009140 0.007302 0.109390 -0.041291 0.003141 0.037597 0.082366 0.112803 0.088093 -0.043172 -0.059753 -0.105513 
-0.125958 -0.001304 0.084286 -0.016381 0.106428 -0.237000 0.114134 -0.064466 -0.211301 0.120069 0.101848 0.304952 0.103636 -0.208827 0.135647 -0.011793 0.000163 0.058247 0.040611 0.192368 0.025902 -0.110287 0.128905 0.207365 -0.099516 -0.189550 0.047322 0.195780 0.091369 -0.077635 -0.154794 0.100886 -0.037657 -0.019177 0.009287 0.053461 0.055274 -0.097379 -0.029782 -0.010276 0.169162 -0.235652 0.204314 0.246011 -0.039815 -0.274175 -0.180583 -0.140437 -0.083906 0.257956 
-0.154846 0.155275 0.124986 -0.071562 -0.161686 -0.028463 0.305346 0.027069 -0.038644 0.023973 -0.228498 -0.105768 -0.030814 -0.254242 -0.065187 0.197473 -0.015935 0.229311 0.020121 0.023850 0.084751 -0.197936 0.136699 -0.025770 0.001198 -0.067060 -0.131947 -0.162264 0.036575 -0.052277 0.016405 -0.005958 -0.249710 0.069423 0.079070 -0.253325 0.343946 -0.064114 0.149176 -0.232402 -0.117256 -0.058907 -0.121353 -0.074806 -0.180291 0.141967 -0.018942 0.183875 -0.055920 -0.006418 
-0.154800 0.297536 -0.141713 -0.030579 -0.064308 0.232286 0.000960 -0.113293 -0.086396 0.194518 -0.059579 0.088674 0.121583 -0.046452 -0.205494 0.022717 0.060912 -0.116735 -0.082018 -0.178304 -0.057819 -0.095776 0.310272 0.010543 0.117252 0.120727 -0.003477 -0.204984 -0.296321 0.010984 0.144927 -0.172374 0.167359 0.207633 -0.163554 0.184686 0.138892 0.033665 0.086099 0.120111 0.154237 -0.052505 0.059070 0.232103 0.045170 -0.180370 0.013919 -0.023221 0.008854 -0.108994 
-0.138262 -0.161698 -0.029443 0.205432 0.041892 0.182945 0.148401 -0.057956 -0.021383 0.323487 0.122118 0.124157 0.093352 -0.029394 0.163886 -0.106426 -0.039139 0.219579 0.002612 0.095396 0.059726 0.317477 -0.038045 -0.156726 0.090463 -0.174255 -0.189901 -0.230964 0.076942 0.065489 0.035107 0.166313 0.190578 0.173212 -0.059500 0.103915 0.013115 -0.218639 -0.110484 -0.190844 0.039869 -0.032556 0.076678 -0.249858 0.081229 -0.040134 0.166925 0.079107 -0.069996 -0.127037 
-0.135189 0.151419 0.326993 0.061749 0.088284 0.020961 -0.254085 -0.095590 0.188605 -0.228006 -0.071526 -0.185666 -0.230246 -0.187336 0.104239 0.107940 0.018597 -0.004627 0.049027 -0.147320 -0.116273 0.117498 -0.028883 0.257654 -0.060926 -0.034431 -0.054221 0.008595 0.085310 0.007913 0.117737 0.192353 0.082681 0.162124 -0.021356 0.133321 0.158792 -0.084169 0.193107 -0.005038 -0.089477 -0.037022 0.017362 -0.143819 0.148013 -0.295319 0.196810 -0.165627 0.095481 0.086564 
-0.135970 0.063153 -0.213243 0.006971 -0.156001 -0.131856 0.008065 -0.121253 -0.209009 -0.239694 0.072049 0.038422 -0.135545 0.136324 0.043940 0.204858 -0.081740 -0.089545 0.057300 0.170926 0.273674 0.067415 0.002393 -0.132413 -0.221873 -0.018278 -0.107301 -0.070607 -0.148308 -0.306498 -0.044783 0.000645 -0.061161 0.102871 -0.216136 0.137771 -0.096669 -0.288728 0.052649 0.125498 -0.111593 0.179720 -0.219610 -0.010776 -0.017753 -0.020916 0.117568 -0.155444 -0.176602 0.066330 
-0.132399 -0.082779 0.160371 -0.060352 0.193868 0.080504 0.012766 -0.074183 0.030301 -0.081229 0.068349 -0.015399 -0.312192 0.089019 0.083300 0.249932 0.142536 0.069367 -0.060420 0.059053 0.087226 0.184196 0.056790 0.060968 0.037704 0.069228 -0.010334 -0.153812 -0.312263 -0.081074 -0.215573 -0.288182 0.056715 -0.038265 0.150258 -0.099537 -0.089402 -0.074665 -0.162115 -0.296216 0.131516 0.089233 0.195350 0.118916 -0.089101 0.031261 -0.113328 -0.046791 0.313972 -0.011592 
-0.148536 0.042804 -0.228755 -0.015396 -0.015109 0.095742 -0.123488 -0.157014 0.236995 0.011809 0.069916 -0.009506 -0.051998 -0.033182 -0.061827 -0.028626 0.171245 0.292266 -0.107556 -0.090355 0.167388 -0.064179 0.123645 -0.218423 0.116841 -0.060163 -0.233440 0.152773 0.199106 -0.069547 0.076052 0.141218 -0.297260 -0.004316 0.172996 0.022850 -0.199761 0.100738 0.130129 -0.025847 0.026076 0.236755 0.195052 0.266966 0.189417 0.016849 0.057390 -0.064669 0.024261 0.113248 
-0.153486 0.110471 -0.073172 0.171671 -0.062621 -0.029113 0.030973 -0.240739 0.084282 0.012271 -0.315003 -0.309125 0.068810 0.050134 0.198510 -0.174768 -0.019077 -0.109213 -0.018618 0.015022 -0.057459 0.321360 0.120785 -0.138782 -0.068099 -0.032955 0.120519 0.086508 0.047759 -0.151366 -0.004539 -0.137803 0.039418 -0.202195 0.149220 0.030146 -0.062344 0.026750 0.000858 -0.054926 -0.014657 0.019273 -0.070619 0.044577 -0.098138 -0.308703 -0.245688 0.298413 -0.157197 0.037752 
-0.144551 -0.250261 0.105596 0.103077 -0.234309 0.052086 0.065797 -0.146018 0.069187 0.067765 -0.102872 0.082992 -0.158218 -0.064366 0.009054 0.193535 -0.053627 -0.049498 -0.051151 0.098785 -0.152427 -0.202954 0.117668 0.112171 0.383008 -0.093376 0.096410 0.181920 0.097895 0.083365 -0.116753 -0.074288 0.092012 -0.189246 -0.173808 0.179908 -0.108606 0.053029 -0.111218 -0.161974 0.003155 0.132687 -0.378157 0.107492 0.100452 0.001017 0.174212 -0.021747 -0.047669 -0.020068 
-0.165201 0.177626 0.150437 -0.219108 -0.010531 -0.129816 -0.244656 0.047788 0.049562 0.116973 0.123700 0.216217 0.008405 -0.012738 0.026818 -0.033574 -0.077635 0.061159 -0.018217 -0.237216 0.180536 0.075643 -0.025882 0.111139 -0.054156 -0.236547 0.153974 -0.168340 0.251271 0.090820 -0.167097 -0.262444 -0.085560 0.075450 -0.077471 -0.232798 -0.099071 0.012184 -0.064446 0.156045 0.117733 0.262770 -0.172384 -0.057468 0.038975 -0.134406 -0.002172 0.182414 -0.063570 -0.172656 
-0.126186 -0.170292 -0.155318 -0.395877 0.126085 -0.007168 0.083450 0.088150 -0.189136 -0.051795 -0.112999 -0.030158 -0.054870 -0.026061 0.142654 -0.012436 -0.111478 -0.122121 0.102760 -0.433847 0.044306 0.063830 0.034392 0.030235 -0.060012 -0.087649 -0.074446 -0.135166 0.002707 0.267318 0.149405 0.047048 0.140830 -0.253749 0.072358 0.081487 -0.056146 -0.034733 0.062543 -0.247254 -0.094844 0.035654 0.031566 0.139358 0.000803 0.070816 0.019469 -0.152100 -0.260218 0.097158 
-0.121528 -0.113021 0.181246 0.187081 -0.004509 -0.141435 0.059103 -0.157009 0.048600 -0.141888 0.099492 -0.046318 0.366431 0.100457 0.185607 0.179617 0.080782 0.163923 0.099840 -0.222665 -0.030684 -0.025719 -0.147288 0.153908 0.084953 -0.098541 -0.032197 -0.121659 -0.152683 -0.167771 -0.012036 -0.126605 -0.080626 -0.022394 -0.131602 0.161994 0.075783 0.256229 -0.042674 0.112341 -0.219020 0.000289 0.207624 0.064597 0.155585 0.208507 -0.120482 0.029885 -0.209046 -0.109800 
-0.138627 -0.072537 -0.103305 0.092428 0.197224 -0.027932 -0.144714 0.056557 -0.206072 0.062828 -0.164824 -0.273834 -0.102849 0.191829 -0.014843 0.005124 -0.033410 -0.026421 -0.215924 -0.021268 0.099392 -0.193523 0.121288 0.091781 0.071443 -0.245985 0.036954 0.213006 0.002389 -0.116650 -0.027979 0.167611 0.098569 0.201533 0.126724 -0.186212 0.106767 0.051104 -0.215432 0.040618 -0.029756 0.015093 0.079322 -0.033167 -0.072139 0.003281 -0.003532 -0.220828 -0.155113 -0.415224 
-0.138482 -0.038044 0.121277 0.031564 -0.052993 0.265655 0.236590 0.050311 -0.036379 -0.059899 0.126737 0.174790 -0.120127 -0.068308 -0.007498 -0.017539 -0.156930 -0.071738 -0.173688 -0.120532 -0.141942 -0.068024 0.075748 0.018948 0.074583 -0.193544 -0.137926 -0.005375 -0.098650 -0.179352 0.163146 -0.007761 -0.033903 -0.124750 0.067272 -0.111395 -0.366687 0.146238 0.110206 0.272688 -0.132348 -0.015987 0.084565 -0.335027 -0.258890 -0.132571 -0.123612 -0.081721 0.040063 0.059021 
-0.137250 -0.070822 -0.147229 0.086520 0.112700 -0.221105 -0.061027 -0.137320 0.270641 0.172318 0.079052 -0.143479 -0.084475 -0.101506 -0.140275 0.232045 -0.026265 -0.359111 -0.009156 0.215440 0.130058 -0.150837 -0.113705 -0.090640 -0.033021 -0.259701 0.170518 -0.179504 -0.008321 0.149185 0.138145 0.014823 0.107411 -0.047901 -0.156451 -0.057763 -0.028061 0.107778 0.217308 -0.025781 0.087693 0.007969 0.272321 -0.102575 -0.076323 0.098991 -0.011908 0.103011 -0.028105 0.110076 
-0.142151 -0.126631 0.189223 -0.056199 0.010906 -0.175533 0.129090 0.118832 0.146236 0.094244 -0.128217 -0.155371 0.096918 0.086348 -0.039008 -0.072974 0.113688 0.164834 -0.073785 0.049014 -0.156514 -0.136267 0.095235 -0.043311 -0.285866 0.100074 -0.134324 0.068219 0.105087 0.121264 0.072778 -0.248904 0.218867 0.279530 -0.022076 0.146688 -0.118434 -0.032395 -0.161803 0.137807 -0.010081 0.252634 0.074245 0.017193 -0.289754 0.054461 0.159949 -0.056768 -0.059872 0.248624 
-0.132762 0.077584 -0.036017 -0.200138 -0.133340 -0.242438 -0.076472 -0.112930 0.073208 0.051147 0.050281 -0.048366 0.212192 0.029836 0.085788 0.073097 -0.151078 -0.040278 -0.066371 0.033579 -0.105044 -0.098968 0.051609 -0.053520 0.170666 0.162296 -0.090256 -0.118277 0.121647 -0.018974 0.092602 0.150450 0.152560 0.070227 0.107732 0.033540 -0.012376 -0.146826 -0.100806 -0.049661 0.003036 0.115609 -0.125448 -0.215995 0.145700 0.084456 -0.533604 -0.235155 0.261413 0.017506 
-0.136131 -0.051736 -0.140647 -0.181299 0.135623 -0.092318 0.033090 0.260898 0.060652 -0.215268 -0.270734 -0.024671 0.078081 -0.276360 0.012338 -0.298426 0.027388 -0.043973 -0.307812 0.088790 -0.054270 -0.037318 -0.139756 -0.020902 0.090593 -0.018192 -0.022441 -0.095187 -0.091900 -0.145223 -0.204349 -0.033211 -0.230241 -0.033003 -0.318254 0.239236 -0.007159 0.030941 -0.045309 -0.115990 0.105891 0.068676 0.119839 -0.169358 0.079713 -0.063872 0.025524 -0.003230 0.084697 -0.089203 
-0.129936 0.235114 -0.118355 0.043355 0.038837 0.143562 -0.022344 0.086601 -0.237812 -0.014003 0.223269 -0.134515 0.113950 0.124971 0.184793 -0.006482 -0.320785 0.159876 -0.199923 0.029747 0.180659 -0.112512 0.015840 0.167275 -0.011793 0.098436 0.189446 0.113816 0.041860 -0.027470 0.004909 0.027440 0.161677 -0.083043 -0.065157 0.082311 0.108871 0.221551 0.029306 -0.168166 -0.079314 0.159915 0.055729 -0.081356 -0.017197 0.051634 0.167789 0.213407 0.221536 0.296797 
-0.147481 -0.142332 -0.010915 0.099615 0.056201 0.141376 -0.011356 0.032307 -0.014064 -0.053023 -0.169831 -0.026445 0.083580 -0.234543 -0.146563 -0.048551 0.139367 0.234111 0.143151 0.141419 0.295569 -0.078746 0.041144 0.140975 -0.062375 0.280225 0.205489 -0.287763 0.113855 -0.075058 -0.141119 0.121889 0.305602 -0.280909 0.129494 -0.035747 -0.108991 0.030797 0.111644 0.255172 -0.001872 0.060050 -0.033388 -0.037181 0.026295 0.003695 -0.020114 -0.133820 -0.044472 -0.081976 
-0.160102 -0.160237 -0.078245 0.045068 0.276078 -0.071415 -0.104613 0.162615 0.046697 -0.267674 0.209343 -0.022923 0.251476 -0.221589 0.006496 0.261836 -0.020416 -0.011405 -0.186740 -0.102714 -0.012208 0.021447 0.016417 -0.328512 0.200922 0.048123 0.066235 0.021410 -0.011272 0.008507 0.046080 -0.071521 0.057012 0.056743 0.212156 -0.059268 0.046781 -0.129712 -0.111000 0.149984 -0.001816 -0.254384 -0.247565 0.095668 -0.076614 -0.102818 0.149453 0.143145 -0.005412 0.098475 
-0.125107 -0.104446 0.040618 -0.282351 -0.078888 -0.092948 -0.055276 0.047709 0.142780 -0.013997 -0.129198 0.165135 -0.058557 0.313501 -0.075833 -0.202059 0.054407 0.143913 -0.024397 0.104306 0.150931 0.037619 -0.200782 -0.026125 0.223828 -0.136836 -0.124384 0.130367 -0.041491 -0.253138 0.139500 -0.160202 0.360247 -0.059154 -0.054000 -0.139894 0.212730 0.012592 0.245393 0.041411 -0.068810 -0.231675 -0.038066 0.060106 0.056444 -0.034107 0.030602 0.039673 0.059294 0.097631 
-0.141241 0.165152 -0.123606 0.041977 0.150230 0.094357 0.144212 -0.069000 0.036196 -0.208251 -0.292071 0.170589 -0.025084 0.066211 0.066970 -0.022531 -0.228497 -0.139544 0.280226 0.069187 -0.109477 -0.145109 0.066467 0.029201 0.046301 0.007663 0.055245 0.005700 0.173569 -0.032631 -0.019214 -0.205752 0.019993 0.178745 0.144963 -0.137295 -0.173809 -0.138720 -0.146454 0.069282 -0.008691 -0.135466 0.213762 -0.073216 0.364561 0.213671 0.159412 0.099621 0.026557 0.071599 
-0.127805 0.143186 0.256112 0.017720 0.228024 -0.047324 0.056251 -0.004900 0.095227 0.260410 0.096701 -0.205123 -0.053688 -0.057147 -0.134629 -0.204447 -0.322242 -0.048265 0.125325 -0.098426 -0.009770 -0.034498 -0.130255 -0.081696 0.159416 0.157741 -0.047184 0.025202 -0.074007 -0.145346 -0.106929 0.168768 -0.040224 -0.125555 -0.231357 -0.087239 -0.129391 -0.289045 -0.049522 0.077549 -0.219943 0.011808 0.029421 0.334875 -0.090328 0.081422 0.032036 0.028205 0.042905 -0.045170 
-0.146504 0.043678 -0.067230 0.010037 0.149630 -0.187330 0.210121 -0.006923 0.203341 -0.050022 0.194859 0.065784 -0.076695 0.342991 0.084169 -0.157137 0.159738 -0.016044 0.002162 -0.070568 -0.169236 -0.238469 0.193110 0.036325 -0.048076 0.049187 -0.034614 -0.063175 -0.237849 0.144550 -0.337566 0.264155 0.010764 -0.087306 0.161100 0.021144 0.077063 -0.066802 0.213851 0.056840 0.052875 0.047799 -0.131458 -0.145051 0.085775 -0.077524 0.084964 0.195145 -0.069031 -0.050489 
-0.137632 0.309573 0.018629 -0.105078 0.038386 -0.139993 -0.121714 -0.001491 -0.052644 -0.262830 0.105077 0.180659 0.003564 -0.095455 -0.153078 0.067293 0.160668 0.096775 0.122356 0.208763 -0.147476 0.126000 0.144947 -0.009367 0.033793 0.076396 -0.128755 0.216974 -0.009731 0.095845 0.228972 0.136725 0.187066 -0.249272 -0.155044 -0.032290 -0.064315 0.029248 -0.193964 -0.107783 -0.038250 0.081951 0.154409 -0.079657 -0.145990 0.080885 0.019789 0.206556 -0.145321 -0.273858 
-0.155443 0.076283 -0.046734 0.228722 -0.003428 -0.171446 -0.200493 0.045804 -0.179766 0.225744 -0.265665 0.108096 0.129995 0.106357 -0.054779 0.140726 -0.012721 0.056631 0.058267 -0.071677 0.105310 -0.037353 -0.192001 0.025722 0.087841 0.069253 -0.166044 0.180293 -0.140418 0.289772 -0.019861 -0.197345 -0.206361 -0.250927 0.161445 0.152476 -0.035542 -0.208119 0.134041 0.070255 -0.058976 -0.026675 0.084633 -0.216312 -0.099406 -0.087558 0.100644 -0.069554 0.185655 -0.047673 
