0.2733459676324135 0.10132552980074289 
0.3221784018842997 0.1534845073052882 
0.2549995637392226 0.1330590422444191 
0.24679082714867923 0.16731628375349306 
0.26064857718309187 0.12241415682348687 
0.330121370757812 0.09676988186805682 
0.317871484656868 0.12969326336341264 
0.2800133691883722 0.13656971124925274 
0.2936122514260679 0.17144095399899437 
0.32323950276396324 0.12401903324532326 
0.30160135643480057 0.1517444798608672 
0.30676189152787586 0.16036832282786673 
0.30459439528326215 0.1791473487885399 
0.2872300106025039 0.151038822041866 
0.3091754641349215 0.14716275112649055 
0.3194139640249033 0.10164183952476033 
0.25969208702117824 0.19157086039469112 
0.33644351773517495 0.18722931039442275 
0.2679084465402744 0.15487082860200643 
0.28364281709168115 0.1816577660250721 
0.7348467521863247 0.5823357140828048 
0.7084420955247727 0.618554855386042 
0.7409942915589188 0.6533612410991206 
0.7876991941363594 0.6267737938153953 
0.7897383228675797 0.6787773090455671 
0.7923936897548352 0.6578443745771869 
0.737288811579224 0.6433019281491488 
0.7915097218267202 0.5967256514039387 
0.721422734306113 0.6138835728750142 
0.7522031579616686 0.6480475728844037 
0.7365393947010624 0.6278900830090364 
0.7517983138983095 0.6223813367433719 
0.7185254370631499 0.676261548596142 
0.7689548514046309 0.6491632026694705 
0.7495188905526147 0.6793363624686316 
0.7013813678609618 0.6132006571724016 
0.7700505811975165 0.6529334813057797 
0.7395550506550265 0.635298820015162 
0.7871098230891951 0.6074600538746571 
0.7767079178937536 0.5882782317208257 
0.18224059990228328 0.8811717408674655 
0.18435304422197146 0.8037272128946094 
0.2195358224589688 0.8697713593740604 
0.20702427623772163 0.8150030657641293 
0.20755705636999722 0.7967643972308263 
0.20248142162581595 0.8004398580675264 
0.18387786154299596 0.8757312012668104 
0.24804167060081772 0.8495579485474514 
0.16655953066270895 0.8422264822211888 
0.17090503850103406 0.8724538510356267 
0.16995761412196256 0.8049306194022782 
0.24277385961553477 0.859871045902347 
0.1953362317305815 0.8404476501094728 
0.24770774430277726 0.803505901070834 
0.21335017324467978 0.8005957220936445 
0.21693089929032247 0.800239835515007 
0.24231481442598446 0.8451676991463346 
0.19320630787820464 0.8275651406826844 
0.20255758933451248 0.8173216472691998 
0.22726792098339274 0.8296703079349963 
0.8427045297976843 0.14750431182324975 
0.8286817833730371 0.1408620213220687 
0.8403683032944815 0.07829488717803525 
0.8301940828429997 0.14188263332047013 
0.856619066208246 0.15456972231151922 
0.8128076312909245 0.13899065179580353 
0.8585669488023541 0.1381729686328942 
0.7603032923557872 0.10817473445175195 
0.77474079727452 0.13522499534658713 
0.7733748454248414 0.10761263829806203 
0.7911914027662185 0.0650584523401933 
0.8014140870969528 0.08513259862991046 
0.8062447247406059 0.06747928268369002 
0.8254207393561795 0.11518184522870797 
0.8521104228165653 0.15543044990099236 
0.7763523533674619 0.061581893639491736 
0.7693877183938731 0.07781865629082113 
0.8576704589552162 0.1033851327988446 
0.7896034503693967 0.12905607918371037 
0.8079518844897868 0.15061997271218164 
0.25045053817027807 0.39013775043911925 
0.271338861556801 0.44338390401168204 
0.29928617010097003 0.4564941274139178 
0.3107516230845072 0.43813380760878723 
0.2686983927105634 0.4069899519597455 
0.2480895978568898 0.37252505329897967 
0.23064248903664974 0.3762001120671533 
0.27682663216268577 0.43431303287636824 
0.2792169742378661 0.3866039859035708 
0.27228944434686403 0.46402587294914316 
0.28151249351648766 0.46826479196177784 
0.23578175508135107 0.4496909539386071 
0.2346084723721318 0.4049894007003274 
0.2961451281179575 0.449380840312892 
0.2793269796862649 0.44753569641614244 
0.2700313935518997 0.41784584469849745 
0.31030153979517716 0.3928445484245883 
0.28240061828247426 0.44592671563963665 
0.22985178477658663 0.45646831271611765 
0.2928562600193089 0.44492369515877883 
0.80939036866246 0.9242056726123963 
0.8382981126846996 0.99 
0.874481827873075 0.9164130101712531 
0.8483465246850301 0.9705246197909457 
0.7999826546242275 0.9315449756713431 
0.8606806636293716 0.913682082536043 
0.7965358214193993 0.9139141184170207 
0.8298151097183185 0.9780925892309484 
0.8637960004412617 0.9395225913475536 
0.8170765084604266 0.99 
0.796627011421092 0.9479523673245172 
0.8532090350512025 0.9596303132021611 
0.803159890340122 0.9560219176767085 
0.7779781814816926 0.951565364561912 
0.7973190425502784 0.9686247655793706 
0.8373635255381343 0.9400523241018547 
0.846214367455141 0.9794776090677769 
0.8758032020987893 0.99 
0.8512825515547897 0.9647494107857231 
0.8039460425514104 0.9385018607325599 
0.14889573562825636 0.7440046887955408 
0.13150379580167534 0.6987753673995217 
0.15146207783662619 0.6954269059707724 
0.07158075538939124 0.6708629993473317 
0.06756432468859146 0.745351774223309 
0.13673609917259774 0.6743379724847276 
0.14429075339903402 0.7121679356186522 
0.09291110088521826 0.7503889521114895 
0.08153123377199262 0.7262034312666703 
0.12054388422558479 0.7065508392672349 
0.1283777364198467 0.7537636819739371 
0.08556709224357065 0.6573427819717338 
0.1280516508859687 0.6584648138577097 
0.11453192973729061 0.7429471351111373 
0.12654116413955885 0.6607386301326457 
0.10084501255475274 0.6846306433578687 
0.12056647253624433 0.67668774605429 
0.12263567932390948 0.6872370146976159 
0.1319459679901872 0.6933321812768192 
0.08543702281657628 0.684623907889929 
0.5301122710328712 0.8574864357524962 
0.5982084096757863 0.8757426785988123 
0.5590327029589447 0.8629651036534627 
0.5882220843449927 0.8600184859478236 
0.5497046611694925 0.8933477422563032 
0.5568847120500892 0.9125623157504892 
0.5961828679517044 0.841469415599815 
0.5664372254190275 0.8325271008493411 
0.5358675336453721 0.8797799938004575 
0.557593590494118 0.8419022676448316 
0.5604076559548672 0.8835932499375231 
0.574970163994354 0.8176726574621499 
0.5418992241422622 0.9120402163094037 
0.5453225584945561 0.910485985009038 
0.5766966180086487 0.8266950422245134 
0.5250427853330343 0.8407779248303228 
0.5366217027633557 0.9064280370875885 
0.519018249235971 0.8294080941605262 
0.5363055565938836 0.8465400641205989 
0.5076230119136191 0.8566562017870399 
0.8586439407503789 0.39281038182072514 
0.8989951398472591 0.41852603006685135 
0.8827469950848387 0.4179138670331219 
0.8577522157330147 0.4554196751443764 
0.8726868818988803 0.4384638503799483 
0.8895853841686124 0.3901847651781989 
0.8702140441053217 0.4571776926986602 
0.9092176088546909 0.44917068596736687 
0.9191269221322491 0.43339025526848096 
0.9019541645436426 0.39147646291213034 
0.9223625011442855 0.4816103690057339 
0.9166820170409465 0.46183913140955357 
0.9115210882422538 0.44877663242390836 
0.8984211222786787 0.3838702670767201 
0.8886829716588155 0.3998181335315386 
0.845322395258209 0.43272292157005743 
0.841323097200671 0.4169463763884856 
0.8481871392726523 0.42716298388534985 
0.8589551260781295 0.4395693853206221 
0.8856611389745721 0.4458577601293216 
0.3604049702754406 0.6495310868730895 
0.3176689643389357 0.6301499095472541 
0.3679581814209195 0.6635372847765381 
0.347732582388823 0.6730002638890953 
0.3825999368479849 0.6076017147258873 
0.32627511888131544 0.6160660909112358 
0.3189287611381796 0.6386129658507051 
0.3374367230209019 0.684636752667632 
0.3942440013697691 0.6531194113427677 
0.3158091971078988 0.6353658185916815 
0.3510428915210822 0.7018564249335393 
0.3157510522261609 0.6438592100582938 
0.3219461008132923 0.6983562344669936 
0.34110044473164214 0.6407819016009854 
0.32037791031857177 0.662181515818405 
0.35231512179433866 0.6360924782153252 
0.3462797026859531 0.6686379350746113 
0.39369660780099325 0.6173719536235828 
0.4095506580048882 0.6316780310252846 
0.323712952406424 0.6158384749943834 
0.6777655960455828 0.39314536732188426 
0.7008394506668086 0.4117095068495924 
0.641475307499697 0.44682367753125707 
0.6893612051626083 0.4123299632184532 
0.7271242403902063 0.36890227420426547 
0.7173932742472228 0.4386446512645471 
0.6718559688468086 0.4127069092769019 
0.6646717777316039 0.4075581566287477 
0.6450927585430247 0.36903187851482067 
0.6433297504903853 0.4329457397463725 
0.7109816518372358 0.36242833243311 
0.6409297238759036 0.4576280817156523 
0.7185506029222715 0.4467101078378915 
0.6829298696084186 0.376446606593528 
0.7072554106604578 0.39297758635773367 
0.7313879756184658 0.36576761949295555 
0.6926690986379636 0.4354642517582492 
0.6751218500347994 0.3752766565429765 
0.6802650894356098 0.44605113282017317 
0.7236570540319379 0.4463181418750109 
0.07666639854304097 0.49330570495265086 
0.13146659743148303 0.4713990056523772 
0.1176612509820366 0.5466461217392751 
0.05575832229316266 0.47855186719372045 
0.10716293604692065 0.519762375564151 
0.056800937881653246 0.5054702003167231 
0.0681668507995994 0.4804650122184507 
0.06013738671038717 0.4656914068714884 
0.12894486986659426 0.550582307279328 
0.08241820629128105 0.5433436159164755 
0.04323355543485789 0.49895520616512734 
0.12235381093671761 0.47640310061204116 
0.11659891813429751 0.5362571502909591 
0.08676365509033208 0.4825076586336384 
0.10428417214572672 0.503903398895367 
0.11720692371799721 0.5515820489346781 
0.08507880033793278 0.4730000589539318 
0.12589992988877893 0.4658030589882952 
0.06270069603619907 0.5450979664300549 
0.09655552882200577 0.5432328664249727 
0.14115035645053403 0.1670262003777794 
0.17105835225191912 0.13069817549932694 
0.12088860259183941 0.1206034605331053 
0.10196169056782112 0.18141055628348318 
0.15722774492867667 0.15148167321930572 
0.0826171766283043 0.1262505215486901 
0.11534391367399609 0.19162781215351915 
0.16282000510407635 0.14902009582362857 
0.09057772653165018 0.16310678052764352 
0.16748675485492953 0.10651388020070433 
0.09109137363650692 0.18997930470134533 
0.14280842153202877 0.1470282962259983 
0.07585276273415612 0.1300774275041084 
0.12656784680686925 0.15904804895386526 
0.14049673003779187 0.10393626756873361 
0.09924190255665809 0.1257720189135677 
0.12260631676474809 0.12402823538753067 
0.11251485863995253 0.11038998694465937 
0.1384349382979748 0.12931359423600813 
0.134971722035264 0.11081509514223152 
0.9493665143888207 0.8590801349254664 
0.99 0.7987698476456567 
0.9732375856137059 0.8359382775659158 
0.9881786968360683 0.8139068455700795 
0.9629028876189805 0.8271744017466162 
0.9486994864537212 0.8216521902900457 
0.99 0.8516245154013264 
0.99 0.8619144335852922 
0.99 0.7879006548097351 
0.9592179963185784 0.7842692950588046 
0.9370939455013735 0.794486816336724 
0.9849953581267276 0.8266319865486602 
0.9865269700371977 0.7720154193085538 
0.99 0.8230997765202246 
0.99 0.8071130377945439 
0.9363793475177727 0.8477219322131346 
0.9431564862787177 0.824512507090913 
0.99 0.8451076258016536 
0.99 0.7812260392372804 
0.9379973578612454 0.8233750228258166 
0.41084576109754833 0.01 
0.41213099527627767 0.03427059953933925 
0.4144794518708918 0.03380726031538893 
0.43629471482297383 0.0555143372460489 
0.39085286350213294 0.026226248106166236 
0.3627723872460948 0.01521136557529662 
0.38650524080002324 0.047968012591347725 
0.39202295153273675 0.01 
0.44109315893613055 0.013924263744624611 
0.3681055360662744 0.06902218290211018 
0.36984913115292006 0.02055168119541858 
0.44050344894048504 0.01 
0.4231820461086791 0.047757080898335996 
0.4532816108628748 0.01 
0.44932959455476196 0.08086185231160131 
0.42394002066418457 0.044938037253853286 
0.39628374873701483 0.06676674706108762 
0.3857406153757748 0.01 
0.3712632777391248 0.01 
0.4519750519275174 0.07192453204225652 
0.4901945710561875 0.15349056063071326 
0.4274982903131496 0.1351080390210137 
0.42588206654322747 0.17008029327802904 
0.40437267059129517 0.10865071095331055 
0.45922800389282026 0.16383625604941704 
0.45253709095756744 0.09979737676721098 
0.4728348870864776 0.08709905485478457 
0.4843158043272183 0.16138167063495554 
0.49686047854485066 0.11925144199547642 
0.40603971977603137 0.12796092085713273 
0.4147859034483863 0.14643552709331442 
0.4592227108573005 0.14617363293276525 
0.4427195482716345 0.13548728540390592 
0.45152831135248417 0.12412403679540034 
0.4957829672106533 0.09019515451858234 
0.45432680592243857 0.1607302019050954 
0.49368703053940477 0.15651916037396468 
0.42353050207524645 0.13150361796661433 
0.45012570576713734 0.07910949722659098 
0.4762554807040722 0.10885126887108953 
0.5000411696216733 0.6146959927484328 
0.40824555775592375 0.6223701768150322 
0.40819134900484977 0.5751032563479489 
0.4186481423183164 0.5297610561440467 
0.4993390540017011 0.5564460808405619 
0.4027490964863464 0.5507531646352885 
0.4173062856319336 0.6165094328910266 
0.41658749188404787 0.6043927130815219 
0.4295270221683644 0.5639540309489804 
0.4377089581963157 0.619203877341222 
0.42777869351495407 0.5787884970186618 
0.4152668387285532 0.6022585778199466 
0.44702428802293165 0.6089287612873965 
0.4133105152745477 0.5307029955943857 
0.4990927157011579 0.5418675522992069 
0.48102064885687923 0.5605190044254266 
0.4717662413603311 0.5994006547362207 
0.4262161644195029 0.555867170837102 
0.4849990133586943 0.5326640183743989 
0.4129845574591405 0.5445586333325969 
0.5878525296106266 0.13344550994813945 
0.6064449741907353 0.05898910765957863 
0.6307555866921224 0.0482368082636718 
0.5709156179460768 0.05636988765008763 
0.5827731578691693 0.07183813612799608 
0.5519310147313203 0.14267959252889173 
0.5867628614744813 0.13531523958337288 
0.5591646780492401 0.11470039209771496 
0.62112386177455 0.09671624071134605 
0.6088020742285536 0.05194858756157635 
0.5600903753096002 0.13750295178919375 
0.6277634320469013 0.07637049909773 
0.6116544982270857 0.10897540407454966 
0.554287335006001 0.09432781877428038 
0.5839354657629444 0.13936587008578483 
0.5484659761874682 0.06050817272354635 
0.6319290823264854 0.13980462459634807 
0.617216063829009 0.13653955695319736 
0.578908584206084 0.10433862516954116 
0.6090756105159529 0.12360372592771675 
0.3977057053273298 0.9843300230753607 
0.3647139822060755 0.9319679317409734 
0.36940787839546707 0.9880913957492395 
0.3626594268781642 0.99 
0.3900638421422463 0.9848396389030656 
0.35485403334146953 0.9651988788599357 
0.3933802694210302 0.9734399724322557 
0.3786990168465903 0.9331771974319812 
0.413308383089505 0.9531831289307915 
0.4149662799569077 0.9263288638244617 
0.3560103395052875 0.9632863631650066 
0.4367438754041513 0.9097181492758543 
0.4304759916526334 0.9271474840494836 
0.38287155331107314 0.9899415140303655 
0.3659558615716807 0.9762371493453893 
0.44032546465606837 0.9819628473039113 
0.4348564141728271 0.9148444382471628 
0.3460718320757535 0.9081842427057503 
0.3932665748120385 0.9066470805976614 
0.42677419578881537 0.9673812275899945 
0.03719346121084598 0.9341812726242259 
0.01 0.9092212621665142 
0.08438622291668554 0.916712505764521 
0.04256516020306399 0.8536009037435316 
0.014858906292183414 0.8521186758014623 
0.01682071995941644 0.8978568615147561 
0.01570552501514064 0.872001178688874 
0.020596152563576352 0.8850195273189883 
0.0541167827999338 0.8897801359576395 
0.018111254197895797 0.8794123357825259 
0.06263183641965808 0.9422146864558949 
0.0257746248312496 0.8750202428439301 
0.01 0.9225096749152234 
0.05155499731985023 0.9153902186816453 
0.01 0.8983483542015789 
0.021275451054220615 0.8531081688432504 
0.04710450331727738 0.9012271651344882 
0.08564472802059694 0.9255882328833022 
0.01 0.9030036472944458 
0.0113418367904317 0.8995722114479117 
0.5442002989485565 0.28282462251353524 
0.5182181912930596 0.3142446728545958 
0.5706023252406847 0.3164126335596521 
0.5898023552378518 0.28339547864115716 
0.5364839954118981 0.30047059641661494 
0.5958128005556178 0.34874920631099865 
0.5408689186891058 0.26118000212756853 
0.5763512690239565 0.25911407792211083 
0.5178535949471221 0.31362862971872213 
0.5261327057840925 0.34207578083093737 
0.5265899395324011 0.2609837117437966 
0.5879123455414601 0.29888636829637877 
0.5687054308641566 0.3136827814496294 
0.5189418955731163 0.30745186769612776 
0.5214053978119348 0.27099619240669914 
0.5526118134557491 0.3423011836633757 
0.558588968348226 0.30415139070922276 
0.5609205773559984 0.2717215773642774 
0.5426248275188403 0.2794999746270832 
0.5217615526194362 0.3456000705687343 
0.15687072646082056 0.3562168641522567 
0.10749757967102815 0.393864379838348 
0.15769950377200598 0.42439777788517796 
0.14522668917540396 0.3629260450113786 
0.072364809513262 0.3970789076203648 
0.13448676681570265 0.34990997085269804 
0.1262550244045727 0.3785124099241391 
0.14963051069525912 0.4153052351613322 
0.1612245135623404 0.41616066996025225 
0.13082720185651808 0.4081287170394402 
0.11879600071288195 0.41645241548915435 
0.07521599785124261 0.37484735903193694 
0.12479801476035275 0.3407841593015559 
0.09790336437428737 0.4174530605340887 
0.14313913469757492 0.4169856943725411 
0.07768076357204161 0.33456400320998864 
0.15290882516629567 0.3598515639356493 
0.10902963820393521 0.3613860852368809 
0.09185294472503364 0.3965141909826432 
0.14580599910191766 0.41153542297865253 
0.99 0.084948933394138 
0.99 0.1036107471567536 
0.99 0.03746211086145204 
0.99 0.038528093170485694 
0.965264546307013 0.025889881607023477 
0.931156587175852 0.07446759777016781 
0.99 0.06284106055124325 
0.9534519531105207 0.04402914454408112 
0.9521060154848737 0.11420457298953177 
0.9502162053434565 0.1219384215783813 
0.99 0.08120454137395475 
0.9311316396547273 0.1102690319831207 
0.9495973960128059 0.11328558918320433 
0.9217310752776415 0.045548701849149095 
0.9379986924419113 0.06388531608364191 
0.9344948070793503 0.12173581697751401 
0.9330226127917303 0.04552487397952161 
0.9291927727351736 0.061990818827423376 
0.9490666334052549 0.0534910270529916 
0.9711754414640433 0.11332959911559433 
0.9330357826340813 0.22207295237493763 
0.9735001006476254 0.20606882666291781 
0.9378171467260711 0.20468222079341652 
0.9413808835161129 0.18086978064167042 
0.99 0.21598751385430145 
0.9802100316396922 0.26184265695602504 
0.9217068596293033 0.24486736264771486 
0.9338078053864383 0.2528404018422664 
0.9024455187466379 0.1941427262593307 
0.9195064437252982 0.16655764630694914 
0.99 0.21233070022822487 
0.9316656482547797 0.21545154818291634 
0.9383538347564462 0.20026249173211474 
0.9025395423647993 0.18171653276196914 
0.9110734033287304 0.23709382175124852 
0.9453640353141081 0.23949619266736796 
0.9794861309741916 0.24041693027083888 
0.9587037896534538 0.2543797216501545 
0.9266198798237043 0.18129005789781455 
0.9775392663573932 0.22321115983271073 
0.7416154034444313 0.9281186041140751 
0.7293417549928981 0.9454123846342782 
0.73021143888653 0.99 
0.685539110816829 0.9242179022669091 
0.6590604693790872 0.9572322699932085 
0.7192849796456173 0.9175794598423654 
0.6590344767558624 0.99 
0.7236058366125054 0.99 
0.7052846445984892 0.9647131016285272 
0.7394907441616392 0.9166641145002871 
0.7034062214806901 0.914185541163875 
0.6715995242670668 0.9832305515648055 
0.6794360061084628 0.9730178859495786 
0.7463185451079274 0.99 
0.7161882771183378 0.99 
0.6546708313624812 0.99 
0.7354436559193137 0.948509716007603 
0.7284418255902265 0.9642900731709472 
0.6889171413027684 0.99 
0.7269915086024274 0.9239689126235977 
0.9505003900916139 0.7576419551028619 
0.9231346975561718 0.7144950070519577 
0.9268376083636393 0.6734510704720379 
0.9089877050150467 0.7302442983092481 
0.8653314336386252 0.7122827613818505 
0.8622419903778092 0.7494230470744636 
0.9478414167823319 0.737576763455364 
0.8788212012075697 0.7569929227951309 
0.9328362350985816 0.7590990181455926 
0.8913073940834606 0.7458859200418158 
0.9505277025184871 0.7610686077321053 
0.9260027869151122 0.7022938437395092 
0.8749709361726168 0.7091124132310711 
0.9350987674360178 0.6689110016431886 
0.8675632542343419 0.7463671076697953 
0.8633690424919421 0.6878548436651133 
0.8660923523347457 0.7338041788074195 
0.9223847526029689 0.7617331006626056 
0.8661332039238963 0.6880903010317105 
0.8585974455072589 0.7525429499988204 
0.7737318499285026 0.4050867932148593 
0.8169311301218128 0.3181848977418441 
0.8239554208987567 0.34914753363976075 
0.7857225485177325 0.3285679017841486 
0.7746912148115566 0.39959151317375735 
0.8423135562908399 0.32765986508304173 
0.8091854848109024 0.30905790641077174 
0.7933072056978164 0.3799771475473099 
0.7900482430888633 0.3227721682504563 
0.7905405255650487 0.39336759359757134 
0.7997521750754115 0.3402975271086125 
0.8061314709626743 0.38871815867157733 
0.8230302162902862 0.32968024507454385 
0.8176340337189815 0.33243172036785185 
0.784813601585311 0.38946803793261353 
0.834602339988588 0.3785660893199114 
0.8561762030460468 0.3634407478128473 
0.8426896742033726 0.3126190068190342 
0.8024966213794079 0.3810999199186285 
0.7779549045953557 0.356829703599334 
0.5699739514121416 0.5134629705810972 
0.5112624062862415 0.5001709888004202 
0.5717651405393247 0.44174703398489573 
0.5786167424020288 0.44043304640341774 
0.4827512798345917 0.46159924100996236 
0.539212837005194 0.42598025217060287 
0.5704852378419696 0.4769514093435561 
0.5779840641447617 0.4502328207253253 
0.538992536781408 0.4674970689020881 
0.48907578060078377 0.5097118954657016 
0.5628916875987485 0.5048171926807548 
0.5437588894472712 0.4773149893145519 
0.5204352103417451 0.4376548653951372 
0.5157577298090359 0.4393103397884501 
0.50496829572854 0.4968698887636268 
0.5116213732015367 0.48508165977341533 
0.5619901092824979 0.428254087135584 
0.5219618212137966 0.45888085021706093 
0.5011122277473263 0.4354777270045943 
0.5708746937796004 0.4601636344364114 
0.4231749582671718 0.8427843665345697 
0.42172859325058865 0.8536624102073289 
0.47339090093540115 0.870383206657758 
0.4575358437805145 0.8383181272864881 
0.42146683404344143 0.8638457684121151 
0.44277753906517014 0.8371311998321598 
0.43662848152347017 0.8891919584760989 
0.4767721031276584 0.8823524411092251 
0.48187968974245154 0.8753104639640823 
0.4990010317636725 0.8415287785444648 
0.45199057592642805 0.8907583002631689 
0.43762768528339563 0.8340821675281078 
0.4564312934870762 0.7965849728015771 
0.45375614204607584 0.888175695024422 
0.479145034565749 0.7932414269569236 
0.41572676275208653 0.7923160306667276 
0.465142583523705 0.8326678120361068 
0.4763918015540247 0.8669399131987081 
0.4708084630150531 0.8260773457100832 
0.42310045832220766 0.8027905090810551 
0.21331933039897655 0.08818932598250369 
0.1554949042220375 0.09179959194971636 
0.17984734775199449 0.046607575696920034 
0.1378178601901852 0.01 
0.17500509889393515 0.06650977328528429 
0.17264849904050356 0.01 
0.18122407158085857 0.06645955368767806 
0.16952058738808226 0.017977808751661228 
0.1527707353823612 0.08732026093161153 
0.1757172980920808 0.09111881361628488 
0.1428959306005311 0.02577296939262621 
0.14709772721159176 0.01 
0.1687120312693441 0.01 
0.19433268504020673 0.0769366159580503 
0.2213201406308969 0.07176885899814348 
0.1837569840502054 0.09549142277416964 
0.20271170828930649 0.08271847499258965 
0.18223724843608147 0.02267191668211338 
0.1523324030625373 0.0856304450823123 
0.13955151043989075 0.037896171210487925 
0.710605800571526 0.83139467862875 
0.7641820317897674 0.7782008849849638 
0.7404046178498557 0.770658925354707 
0.7775464464565518 0.7802750739424916 
0.7188960102926405 0.8159416056557799 
0.7568722328659222 0.760660860508679 
0.7672904643663961 0.8126841358798208 
0.7115840056612783 0.7755420660814124 
0.7692870837682101 0.7444469211522097 
0.7709579573921586 0.7330055634251703 
0.7184180513220877 0.8268154947728701 
0.6892371728335077 0.7571336232848165 
0.6984908759475801 0.7345731990342569 
0.7834748627771029 0.787041777361082 
0.7675168403709438 0.7950099146711458 
0.7186577270893648 0.7542413578413089 
0.7177360260053055 0.808996033604848 
0.7071505284889492 0.7528490821837476 
0.7196730043531645 0.7347727873830061 
0.6965750628127144 0.7989322013915819 
0.5942152210501566 0.7277603341797173 
0.667841209342637 0.7949944314332815 
0.6457087499714003 0.7361020333334315 
0.6689177021122575 0.7040455210990613 
0.5999736261379295 0.70852956435175 
0.6460321041328334 0.7893045810053491 
0.6536947858253089 0.7535440868614096 
0.6040368805178852 0.7352090147056237 
0.6375796695478628 0.7037186460534829 
0.6401241000667506 0.7782561761787788 
0.6680400033199883 0.7724127647045189 
0.6695143378160265 0.7209751504614351 
0.5834941392365457 0.7773688888406939 
0.6234402829159691 0.7790771970248306 
0.6643937827245326 0.7384786016354038 
0.6114037858132091 0.7282130107544136 
0.5941055752711268 0.7335204998245115 
0.6540892747003363 0.768618093292746 
0.602422526271523 0.7695723556986993 
0.613548842978217 0.752894146153883 
0.0677251916895706 0.949856197177113 
0.10903262962929534 0.99 
0.13284434324437827 0.9831943078735861 
0.04004454771888724 0.9671981508638339 
0.043296624286985094 0.961077593343611 
0.04735670563366162 0.99 
0.09020574658510333 0.9679366290295993 
0.11972866495442734 0.9543210490901469 
0.04020256402713431 0.9742683031898389 
0.06655789364619422 0.99 
0.06508121522973129 0.9542399753069235 
0.0658036057241159 0.9849019152505292 
0.12332632419572293 0.9282597887858859 
0.09100115995390837 0.953239658814913 
0.05398158483126853 0.99 
0.08245758508702418 0.99 
0.07143678594427 0.9386523497005808 
0.053192448620956255 0.9895666565763837 
0.08778349997641463 0.9718678998412542 
0.13824310314511074 0.9395113562009592 
0.581467539081802 0.6364221174547467 
0.5931668739931788 0.6319164099672856 
0.5244723309078128 0.634760098030686 
0.5745032695961486 0.6168903293942511 
0.5067838409157035 0.5716118520723199 
0.5272702380817653 0.5890142034818535 
0.5534493327905551 0.5591701366954966 
0.5532151655173295 0.5447148922739747 
0.5604568006247749 0.5421024369440907 
0.5982654135208281 0.5554730384820465 
0.5558800430584415 0.5803168611795357 
0.584762922119405 0.6087609951110476 
0.5388227001463523 0.6255105249177809 
0.5206843948428073 0.5522944796766845 
0.5946046911058958 0.5874669321887211 
0.5895156577055655 0.6265025417647004 
0.5353927477996245 0.5852883228284179 
0.5782789721221705 0.6206294888216035 
0.5303774010590456 0.605602744426362 
0.5566882539107627 0.5548946465451173 
0.46579356629087576 0.3615347239495984 
0.43180837210963946 0.35026754531183857 
0.4077909964879268 0.33425123962260744 
0.44370826590901036 0.3007592207966846 
0.4472025787048323 0.31158267429991704 
0.38662560621547853 0.32820349273981736 
0.4250312956818503 0.3138173395337907 
0.41739537056616277 0.34764064222706786 
0.38022414605380533 0.26943601059134603 
0.40510815082153245 0.35080513059112595 
0.3814613353074777 0.33324664432754725 
0.38500818391846026 0.2875599866862036 
0.4450364141667961 0.3447712029947208 
0.3740073560523349 0.2749191037882499 
0.4117082512522784 0.27329855670495995 
0.3676874065861797 0.3657515405894806 
0.38897393643412265 0.27520832819262153 
0.4152714986831245 0.3204019300808748 
0.4033111699683594 0.33482824040603654 
0.45782438102547884 0.3278546324294558 
0.30498547643686524 0.5330140707686123 
0.3260666272459234 0.5976174410520253 
0.31772817139065773 0.5518087677297936 
0.32548699370641593 0.5402645433162654 
0.26389730465314576 0.5484602810192953 
0.2542669947919687 0.6105769143058624 
0.29925557179996254 0.5618592116233727 
0.2723122883211982 0.5301625864650197 
0.2916566057111749 0.5462541160587991 
0.33083352765984153 0.5542809184732882 
0.26584170443367205 0.5722976056095086 
0.3003325889569015 0.5951932983003922 
0.32146733887712936 0.5376614180293834 
0.3201022423238171 0.5254492283845196 
0.3383011129369521 0.5982927341299966 
0.27528756834324475 0.5461777521203585 
0.312645717193463 0.5557610399284028 
0.3256089467075398 0.5138534898260523 
0.2460900489004943 0.528509846877293 
0.29668183423776884 0.6099440512531838 
0.018829290973677137 0.591110765615094 
0.07299540507546838 0.6248034271322287 
0.03850365546459158 0.6362755699463986 
0.022625206095722803 0.5911476164725297 
0.04433967438689055 0.5921183240749626 
0.010030976301165381 0.5807359247646443 
0.05467104636512591 0.5966454960061884 
0.019566225696815473 0.6416421466992859 
0.05743751200806661 0.5809533356648624 
0.0345439525676251 0.6433935782389714 
0.03569091362772512 0.6501715405245344 
0.08481358405139598 0.6541064282471137 
0.01 0.669189595511336 
0.09297495371307621 0.5900017765625083 
0.02907686784633083 0.6468486101493747 
0.04025143367604265 0.5751817586428783 
0.08222867974642595 0.65270593396601 
0.09460568553684255 0.6576602448280826 
0.01 0.5811674446367571 
0.03741798520058671 0.5837523097701269 
0.6791892529081562 0.0662332716757913 
0.6215830861817888 0.09824972255823176 
0.6570089531338089 0.10002140932514784 
0.6820242911950114 0.01733542106902037 
0.6166431798317875 0.01352480268110847 
0.6696678187870009 0.05876490466573231 
0.6950274238098476 0.098770406714579 
0.6335053254856982 0.060661111697361526 
0.6752900899053873 0.027034635870997158 
0.6704985978196881 0.0667487385282885 
0.6264518041100129 0.04951125760357097 
0.617021007013532 0.08478578983991762 
0.6223170020230878 0.07966055641658933 
0.6366065709826337 0.07413005501215278 
0.7072111514740747 0.08283369755031429 
0.6477908871465968 0.08476488180419547 
0.6938352698567158 0.032952061258458815 
0.638014649570771 0.03557252486586906 
0.6751585218668263 0.01886294727290115 
0.6571027294320935 0.031136846742468846 
0.6817272236775861 0.23231474377880243 
0.640529669432172 0.25922947371385346 
0.6885111800758699 0.24831969009677413 
0.6760528953183385 0.26123421798032814 
0.6491004760602906 0.21682044873707018 
0.6045736580402002 0.212677222277598 
0.6535762520716355 0.22784552868196 
0.6408616542870758 0.2014555757004025 
0.6293058900048826 0.28587375314316005 
0.6893590915700306 0.25055173611108345 
0.6065244510196751 0.25132090393451123 
0.6925278674635783 0.268538822957905 
0.6469776983897443 0.2797313894992864 
0.6748940233301918 0.1988311875436766 
0.6030069356431131 0.2313280139657338 
0.6385434114316287 0.24169046386680032 
0.6509418869689547 0.29078227094131853 
0.6430567413119069 0.2003834067781188 
0.6143353066102617 0.21198653214889632 
0.6535380434690868 0.27146190982574814 
0.1959518124622005 0.5729218509417745 
0.21753481628402596 0.5872035426094858 
0.21256174962161783 0.5941002462998395 
0.139355799323146 0.5409689173865949 
0.12996973168304504 0.585579375426247 
0.19279005742462946 0.6269369851476403 
0.1697298118908706 0.610831086723932 
0.20167657273559797 0.5601156124099935 
0.14384679159617628 0.5962287319507449 
0.1627987963085309 0.5969996728800833 
0.12329529057460359 0.6313447122341342 
0.14925292777248633 0.6266582749777382 
0.13980937499605817 0.6133498709320405 
0.14435748842640256 0.5776205173764366 
0.1335283958243453 0.6166640099560352 
0.16035562639276155 0.5915414164079075 
0.20059833693183715 0.6061746926355381 
0.21542127215672827 0.6193343167308651 
0.12618827666060184 0.584372927814425 
0.2054049275104535 0.5624882974316796 
0.46632215105717545 0.9155322671751649 
0.5145536389617913 0.9595605205116242 
0.44270857404036346 0.9402204270528025 
0.473329689049552 0.9171242612254462 
0.5203874220194028 0.99 
0.44930583043689104 0.954984524590988 
0.45454120475329396 0.9823406472786922 
0.47885670983466067 0.9605226419675802 
0.49576881245807947 0.9772592594584836 
0.510635122526768 0.99 
0.522313061823499 0.9752157255680978 
0.5391931634707808 0.9720915361756987 
0.5276096178397125 0.9697679347950442 
0.5249265355976969 0.9124407131028531 
0.44994230505235605 0.9129186592559346 
0.45573047513443743 0.9371261285940627 
0.468502872476889 0.953964457033068 
0.5376233686387617 0.9308350767708167 
0.4861560273331079 0.915271707800974 
0.45257373116446353 0.9804646033191056 
0.24061527114441153 0.1942224366148075 
0.25792056888587067 0.20973021789713903 
0.18626815685759734 0.19901556667912898 
0.23594312007295593 0.13829201657096163 
0.23517319960035676 0.1608632246567507 
0.24685467925059001 0.15024597593452507 
0.2262908362289283 0.15926544693809713 
0.22325450489140988 0.15284659222203079 
0.2407746888099588 0.14340914820957784 
0.17444742294622761 0.1736226609177398 
0.2577020496266315 0.20182123116627448 
0.23650203739347 0.19277805855232372 
0.19128361387094195 0.20530143799040507 
0.25986108024989296 0.15039651155654932 
0.19985036201903839 0.11669089867201365 
0.26203933328550477 0.17959770668985686 
0.25993425403291254 0.16445196485666316 
0.2450949564520763 0.13910368504935397 
0.24391061974314565 0.13438072061787112 
0.21307086375186335 0.15255880449500117 
0.7448816838285816 0.5451293216899821 
0.7640869919943744 0.5234473324470276 
0.8317258971646291 0.5039808104467632 
0.7888991861045348 0.5127059549011208 
0.8012754560609765 0.5469772676181104 
0.7957385937483434 0.5501074397442026 
0.8137727567643536 0.5454793480377045 
0.7817328884096935 0.50345486162543 
0.7739109477507405 0.5481515244071009 
0.8011502412027435 0.4839434802118864 
0.8349370872541777 0.5602545284512651 
0.8271337479443682 0.4955440360641752 
0.7700866060434247 0.5437375295009587 
0.8213158112231623 0.5531373274501574 
0.7607728493883191 0.5488972032198846 
0.8147974512953621 0.4800681856321088 
0.7890953952816748 0.49094904509944737 
0.746151752027566 0.5716989034101424 
0.7667078159732086 0.5680468119089834 
0.8004842831400081 0.5640519161441726 
0.26568331549988183 0.7600326469787413 
0.2472621518619255 0.7029150545043444 
0.25923654403889945 0.6931044515611179 
0.31574581805157664 0.6929839141352377 
0.33021630359434595 0.757180517525099 
0.27630793401864273 0.7432647159859076 
0.3108918003814211 0.7286890538076737 
0.2689304885540383 0.7055183039406238 
0.26454576519011536 0.7186914394229917 
0.2992226804188889 0.7391040760901236 
0.3003171816312986 0.7561842995028178 
0.28131978333779933 0.7515370449226019 
0.3261893861985809 0.7682151393707894 
0.2630256204215966 0.7410773850185514 
0.31419085155617604 0.6999557499764146 
0.326933506895679 0.7592065053557897 
0.3279173438450151 0.739897425543251 
0.28981226408615585 0.6875790011167033 
0.2785250065972561 0.6951235016962135 
0.30591722460037557 0.6907318982774184 
0.26638396396957875 0.9044658068405964 
0.21687697945125722 0.9127153605116495 
0.25764855999680814 0.9663332268051728 
0.2679114040927597 0.8765340805323801 
0.25160608565819303 0.9267940971461575 
0.22633890000511336 0.8874520771205778 
0.2516333496640211 0.9015543379438455 
0.25440231012990433 0.9212812120233652 
0.2135167570846593 0.9599579163378933 
0.2607680681105492 0.925693347996869 
0.21618381815383456 0.8815019121840388 
0.2685585529288576 0.9370265862437865 
0.24386483436309653 0.9586784487966759 
0.18727514394590536 0.9658702828266971 
0.18206852002052995 0.9546205815583886 
0.1935228973215751 0.9309693293909573 
0.22188809771729565 0.8795470634356486 
0.17666578102133157 0.951031410020073 
0.23689446842580233 0.932794364690405 
0.1822664905281169 0.9302022600818218 
0.42134388040653753 0.4923588799633331 
0.43584169373701853 0.4284027993019688 
0.46113380272767074 0.5065348752735863 
0.44252845900516263 0.44387982041003776 
0.4498257855102448 0.41136318458454446 
0.46008204745262965 0.4713372179168394 
0.45601223895499365 0.4823354975077697 
0.4633518457392934 0.48735976504175826 
0.4517148601751971 0.4391700536263545 
0.4056398883255445 0.46017390031564204 
0.4163458234674928 0.44395809862132735 
0.40079912672122575 0.43328256814519955 
0.4877547356310363 0.5053279932449501 
0.49224232189833894 0.48533728521479563 
0.41461025293946263 0.5068495303050252 
0.4945769799447888 0.4660893670532067 
0.41003926584099987 0.4719014650239395 
0.43197798750320954 0.42786205279251177 
0.4551875087601589 0.446214710174241 
0.45268713519399195 0.4280601457365848 
0.9187150176833073 0.4590454537040758 
0.8999466726847493 0.5477247337841755 
0.9032364774249146 0.48772820919413196 
0.9279981669455389 0.5003230157044156 
0.8580075318237348 0.4584892052038951 
0.8442323277478442 0.48315743735423955 
0.9038625495585804 0.5065494903470648 
0.917670578667908 0.5305681943728796 
0.84778129853552 0.4811367307933738 
0.8419763743371479 0.4931748129434748 
0.9321522829615826 0.5561678196668178 
0.8759234540294734 0.4846423525805383 
0.9286608938505521 0.5439031707046796 
0.9152811862443958 0.4633585789777547 
0.8532907438830118 0.4992328314162166 
0.8705369669293282 0.47710748276549036 
0.8385132965686759 0.5410206308212754 
0.8583373921961914 0.4604542391635152 
0.8404563237992179 0.5363503778655949 
0.8824194769931516 0.4970835137799243 
0.410150961878393 0.7214150628681486 
0.44098780574413193 0.7227742497098076 
0.37722352190226427 0.7142718901619832 
0.3662697688928467 0.7611659671916499 
0.37433546235783977 0.7748489793182458 
0.3940613816823209 0.7268740704727348 
0.4220679148473042 0.7257694107090137 
0.36345939251705095 0.7358510150320655 
0.4500119102990739 0.7883052153890294 
0.4269537886268581 0.7702586411178435 
0.42782515196920806 0.7896208386998287 
0.45507175529148536 0.7482551505643633 
0.42871036392211104 0.7119737578930669 
0.3931461603686222 0.7779087313919717 
0.39959100545572374 0.7381132563903354 
0.3996814917715356 0.7468454615455724 
0.3776224052806417 0.7767322122640103 
0.38770710551957893 0.7589252870535533 
0.4232326949466866 0.73473992726057 
0.4451808327370714 0.7123263338991694 
0.08636095359623498 0.787919551357439 
0.01 0.7486994750374018 
0.019996222592484056 0.7097059615534009 
0.07770460682579837 0.7077592991425844 
0.019061239027778218 0.7064469094837291 
0.07572474946777064 0.712768626540014 
0.05240965796752574 0.8034350540403267 
0.01 0.7826589553724825 
0.01629875664899899 0.7528121679819857 
0.08418757674235976 0.7090911925557803 
0.06273747251947702 0.8016571912107164 
0.0673210087186269 0.733601495289709 
0.08421396614489939 0.7598091756438391 
0.08329482127853134 0.7548511960327077 
0.02308246807206985 0.7561330642329894 
0.01 0.7349373535871361 
0.01 0.7695127666394427 
0.06268743495100834 0.7588029181187542 
0.08812878932240463 0.7430295010790183 
0.06560898385896193 0.7163074163652123 
0.24711438815041292 0.3070567690303291 
0.33405936775965267 0.36262226061102365 
0.2855099352088792 0.36826664115933977 
0.31261957605002383 0.351895614684679 
0.2542329044472576 0.3416970076445266 
0.3220482386968134 0.34693585539009253 
0.27675288370163204 0.3237481436634616 
0.24373941507438196 0.3514312652562165 
0.3280888653210393 0.3379927330816526 
0.31631588358178064 0.36887455260005464 
0.2779176556410614 0.3439459274736596 
0.26600488908463227 0.3540040268583403 
0.2781108814197499 0.30338364200393336 
0.24340715328574675 0.34225778080575353 
0.2575498592378597 0.29787127930273993 
0.26385375104838726 0.2968113404738989 
0.26512865690775284 0.3222873847404563 
0.26164381101480333 0.3252756878710927 
0.24532123323227106 0.2995852672195049 
0.3418409503440728 0.3769413445000015 
0.5080386228820442 0.6812600739381307 
0.5677431422824182 0.7039091116270217 
0.5559274258964225 0.6638468356925865 
0.5664611831710762 0.7535235931513715 
0.5611279115102805 0.7399382445063403 
0.5486954999575498 0.6663723224662236 
0.5840731394744321 0.720642642377454 
0.5457948753240986 0.7481628795071655 
0.5812062374725724 0.6855375383814092 
0.5656432455024027 0.656532415212058 
0.5865174120889914 0.6597495037211628 
0.5167244693800073 0.6597937804096619 
0.5115070252932231 0.6911871451464204 
0.5868419732328833 0.7132353170411806 
0.5501271057990125 0.6817992143725755 
0.5434604976164161 0.7169501438705669 
0.49346676067351275 0.7170028416206996 
0.4886929743412217 0.7371818270181784 
0.5352765929216152 0.7408269980888069 
0.5689392733184396 0.7073431692448151 
0.8934240293958168 0.8339293458179909 
0.9110916274892442 0.8006349078125178 
0.8328061884286057 0.7933521762658993 
0.8573938395494067 0.8150365806874602 
0.8916701140328671 0.7628742491060242 
0.8746708348307591 0.7640799193248691 
0.8681952901694933 0.824566170539929 
0.9156428755459435 0.8130533837081746 
0.827256776742699 0.8101008632825945 
0.8230720412655979 0.7690521072259251 
0.8251579597828478 0.8249359863178601 
0.8525758297214249 0.7541715053560493 
0.8235872840383478 0.7479448228939699 
0.8185394206472242 0.7745931516751325 
0.9086688823091769 0.7503326775738121 
0.8295945940700802 0.7820703066495196 
0.8689926405357427 0.8143949495270932 
0.820194879690326 0.7628190894567185 
0.8313309268210906 0.8302631239388062 
0.826675543972569 0.7760785556215062 
0.5690571748438086 0.9617998068836461 
0.5685083049555518 0.9198660949574351 
0.6131620906881599 0.9470329080349231 
0.6194054645496682 0.9070975817074656 
0.5724829317708312 0.9115784048893162 
0.612543659249076 0.9119924337704146 
0.6171993296503842 0.9249447965000259 
0.6500086968408985 0.989860013359431 
0.6276632943050189 0.933249019020419 
0.5668451215621344 0.9738247715089651 
0.6578494546816961 0.9363716779136049 
0.5614249622800713 0.9409611155188917 
0.5798024714040214 0.9728634639855075 
0.5818112535977112 0.8994479671636189 
0.5874573590023685 0.9232043450185049 
0.583352332086862 0.9649538618687424 
0.6590749786439524 0.9580847246074986 
0.5679721104277852 0.9108131753970073 
0.6067678246371615 0.916409992980875 
0.5792818252180431 0.9374548776433286 
0.7579142605744784 0.26359197220069774 
0.7458197121770935 0.28696063919306125 
0.836116583370087 0.2757608238736185 
0.7644581961186752 0.2595690248720046 
0.7447237392537733 0.2545829754122783 
0.8010025650690796 0.2814462400828984 
0.7548422460312417 0.20174811735728035 
0.82098909547907 0.2837733451694914 
0.7482631037191649 0.2176930997578697 
0.7479105208218186 0.2021538145213847 
0.7648548663881182 0.2122212436172552 
0.7826416678612269 0.28784308489725663 
0.8048066279308003 0.2254503135801475 
0.7410035174706429 0.22607849471247918 
0.794654461171683 0.23267635907019446 
0.8232191835181298 0.2745504788257065 
0.8245615853241769 0.22474606020210264 
0.7493750665825392 0.28067727817546767 
0.7743904876324201 0.2615102481786556 
0.7916942234429507 0.20265164690517984 
0.06889138506678004 0.04547201336013126 
0.13349171972843824 0.11045942023991487 
0.1208494013996946 0.09811781680906702 
0.09141013313737117 0.10644432245640138 
0.05535832357733762 0.10929413843279921 
0.1210571596300562 0.08365487394037914 
0.07616423625137361 0.11631887748242009 
0.0892318762910159 0.055184352082096655 
0.09328759590559647 0.0496538299112832 
0.08570040955087425 0.11979925663714878 
0.11171055829361676 0.031904296548250596 
0.1233150671354075 0.05210830814678876 
0.04281337326888349 0.054061728787569346 
0.07811138872529606 0.039617231822674535 
0.13273068883940886 0.0870847174932424 
0.09738595457226956 0.05628819339895297 
0.07141462588259595 0.054644100445074034 
0.03729433454640696 0.10926626772149937 
0.10257948941558907 0.11260730345779521 
0.04126587886231294 0.044250322873623835 
0.6129233768728444 0.22752311308741316 
0.5886411879091196 0.19515234749002194 
0.5558768514877351 0.23987783684358557 
0.6153732481634209 0.17891261883294876 
0.5871430210400383 0.2064581388138146 
0.5275962348770242 0.22609435878143574 
0.5677304085435565 0.256004988743847 
0.5513677945413779 0.24287104636483778 
0.5218596833120606 0.2304577118979049 
0.576466099110508 0.2688488950374277 
0.559170898987658 0.2160473855213757 
0.5483793156207725 0.2565929332735253 
0.577228274607688 0.21128507883404082 
0.6056036509968286 0.2212044574364996 
0.5959876165902079 0.2606743716163197 
0.5765775918850614 0.21784567224237306 
0.5338141497637362 0.18931312053402263 
0.5780532231127655 0.27641880409362457 
0.5430993939041141 0.24395486703187133 
0.6148701389860868 0.23473237277103473 
0.9335989177935488 0.6808547038589444 
0.99 0.737197344185286 
0.9251336009936562 0.6876364308089987 
0.983362666519081 0.6721237021587895 
0.99 0.6672514542491708 
0.9835974221525432 0.7002396701874963 
0.9422656420060984 0.676679360570761 
0.9746796245369198 0.7007566892382195 
0.99 0.6992982391509832 
0.9406004195473223 0.6560501291632723 
0.9518190612046308 0.7260918566393525 
0.99 0.6949296948186774 
0.9356920556763457 0.6556237634717607 
0.9258262518575767 0.6744292728490705 
0.99 0.6756444433044486 
0.99 0.7099497287975164 
0.9852362032329619 0.7086490148716125 
0.9342288567822803 0.693398999293478 
0.9723871324986603 0.6444167637957292 
0.9883212437866655 0.7142920062422345 
0.6256325350755083 0.5409137175932991 
0.6495040634109663 0.5830553766050581 
0.6062345169113392 0.6084168060710997 
0.6637441541758272 0.527831620434 
0.6436489617926606 0.5831615510232622 
0.6660351815782379 0.5936566493654325 
0.662586828525038 0.6010143641528193 
0.648881048110622 0.597890501012273 
0.6911983549273996 0.5417916553869271 
0.6264064279921225 0.5603740817813437 
0.6795714357729146 0.538903832607274 
0.6819534141015373 0.5485189802304724 
0.6513488846749413 0.5576414934564539 
0.657302439899905 0.5470386820670263 
0.6853728519291358 0.5325141787060932 
0.6698994198911901 0.5516437939419343 
0.6836047121546054 0.5790151688553138 
0.655568062402767 0.6143907616904952 
0.6952075391118322 0.5251323301947872 
0.5995479736751973 0.5518690580025528 
0.2175027882024173 0.5304588801556896 
0.15794583867547574 0.4885994056369707 
0.19443892775799565 0.487419268773156 
0.2057496077311378 0.5331100781075871 
0.1546534583863874 0.45273109544151613 
0.18317596594698887 0.4927635931828849 
0.19851847197765116 0.5205334259581886 
0.18141128786526167 0.4676363856308662 
0.209406397721661 0.4989338788409761 
0.191081233615898 0.4495434780685035 
0.21979724237948037 0.48475028635284434 
0.19468253008957315 0.5147991867237031 
0.22545394194243618 0.5252396674218449 
0.1918076013390739 0.5318006219628362 
0.23523328520847087 0.4834576961295296 
0.2054329317552817 0.5389327695649507 
0.1899999465880892 0.5073633372514548 
0.17045175431727225 0.5012591796434891 
0.22052700576040923 0.5265288484646451 
0.2177383331941279 0.47810880953070006 
0.03885739207226675 0.3937092981255635 
0.01 0.3895180608588613 
0.04199972749966724 0.3860724865120987 
0.06446175203524519 0.4802060157499259 
0.01 0.43240609039060923 
0.01 0.45005970827821196 
0.06237469635097219 0.3867799227965666 
0.030445411863991134 0.47341323082688974 
0.04329398466987654 0.38614399775557456 
0.044329478591719554 0.4287492801343756 
0.01 0.4446254632043337 
0.06933271518927756 0.4082144742761156 
0.0130338728079199 0.4116059839551933 
0.01 0.41377839663874416 
0.01 0.4786655483750119 
0.04626339733448673 0.43246197007050396 
0.02440125621266205 0.42850460743972785 
0.01 0.43659342171674853 
0.01 0.4366415615574745 
0.08104450028152363 0.44561955738540837 
0.6802935201908304 0.6574495491379856 
0.6909074665997701 0.6606057486324427 
0.6489971265737203 0.7082516458580668 
0.7111414487497616 0.6645901871737447 
0.6291292789810019 0.6223399153821714 
0.6659599635128507 0.6331687509479161 
0.6467798613023964 0.6892879065667291 
0.6980629278809812 0.6778876904971609 
0.6894150841370988 0.6912108466080052 
0.6223343859825473 0.681733077525344 
0.6602093701125671 0.6837114063610799 
0.6765084875098011 0.6271734804555545 
0.684884641245034 0.6413841783377906 
0.6247280131692796 0.6902570245388435 
0.6623198435367956 0.673278167946035 
0.6783016939542984 0.7026277729921667 
0.6639234692174183 0.6989292604234794 
0.7105870002976123 0.6461771895497043 
0.6948853354977275 0.6971743525100275 
0.7134215165276693 0.6506365362473439 
0.016876249655629838 0.24160638008592417 
0.06074197652023019 0.21400108514902047 
0.01306208133880192 0.1707764919439654 
0.048028639050518504 0.2086886351361703 
0.09147196870535909 0.15240964406718113 
0.029573486426671357 0.18087774390315725 
0.08204155142979563 0.18645459950063273 
0.09124889042026171 0.20387485231886956 
0.03870027446491044 0.22321828655887338 
0.011602784947067818 0.19995360095210815 
0.025663103348918095 0.1677660920604961 
0.051591983416727105 0.21542857278679528 
0.08316713219882343 0.19171502756251696 
0.09951166595546318 0.16429297054508776 
0.055056479568654546 0.2289354124491278 
0.10627738444452511 0.21398037991165664 
0.08972997269231986 0.22211164197543198 
0.07098221203763506 0.2400259750267389 
0.024434165250067807 0.23970864880497877 
0.09280973710662825 0.17675925823248276 
0.99 0.4378154629615704 
0.9448937876640264 0.4814431929959249 
0.9873399872183835 0.4301843371627924 
0.9873743764570703 0.40527626855901655 
0.9406987255838042 0.41100670853251764 
0.9463045621445821 0.44091934964352497 
0.984865194613886 0.4936324753031439 
0.9360458173734545 0.41333053505589445 
0.9891766108736165 0.4664754195086703 
0.99 0.46974826236125333 
0.99 0.42468802195534866 
0.9574887438447631 0.46773311806958917 
0.9269649869363603 0.4483395189658221 
0.99 0.40446036917463846 
0.9651726825477479 0.4163371088587157 
0.9320713275275101 0.4871211448015682 
0.9835306411283258 0.4086584162067034 
0.9237334092004464 0.4236135245465921 
0.99 0.4112782751796781 
0.9605849989485536 0.48242975046752234 
0.7952303741180038 0.03052254784215054 
0.8272228396259319 0.045348390068299736 
0.8029675748778291 0.044905426006675006 
0.8030522357382257 0.01188633349538478 
0.7630468705421866 0.02995746933234905 
0.7695061628356783 0.06163927850557052 
0.8242928861377401 0.011636865204396305 
0.8166578408324998 0.017546485382647088 
0.819599958763318 0.06290639440213651 
0.7727352779669548 0.042643275934262904 
0.7889946029092687 0.02517986026483686 
0.7531324976869859 0.05838618361785099 
0.7473296797232307 0.035125455995746624 
0.77956334659091 0.01309348963059026 
0.7880308465261746 0.01 
0.802443431318776 0.026041323603896348 
0.7479381238093515 0.05341645402578157 
0.8044742643284327 0.01 
0.7952238705038047 0.01 
0.7435497045634756 0.01 
0.9242849155819274 0.2841581512169764 
0.9280426164127155 0.35051404760813915 
0.9872675180800516 0.2819156082686246 
0.976419195324026 0.2938409156450271 
0.911284647279345 0.2728047649916334 
0.9010696732767879 0.34608573441113033 
0.9720706380758783 0.3640817748854321 
0.8953249820005352 0.3573297396492195 
0.9468883426764234 0.32744891090912165 
0.9342372669571856 0.359825351697498 
0.912401604643513 0.3007534392699203 
0.936760654975837 0.30040264943666195 
0.9223055238789596 0.32530929958014204 
0.9370081949563431 0.35923463285015744 
0.9340440040021173 0.28812457083084003 
0.9259219547141264 0.3530593112359101 
0.9234696506479423 0.31358559354415916 
0.9496290162957246 0.35114298089461426 
0.9847760161977139 0.34715347510256256 
0.9633965848191373 0.3414167580581384 
0.30064522847648045 0.01 
0.3324632568901641 0.06275619307957984 
0.2882741415336637 0.01 
0.33690385246153737 0.01 
0.27754373529407234 0.030101203656372512 
0.32915106928213567 0.01 
0.25910799831986714 0.017036901815096796 
0.3079136357407567 0.01 
0.267737506450045 0.011813121931722126 
0.30367598219203185 0.0688172638307213 
0.29084463707765373 0.03443279449235462 
0.3036684137206779 0.019688390977687112 
0.25536343321893473 0.03625654782752177 
0.2878537292713576 0.04179018400555473 
0.30053884817620696 0.01 
0.33351353265278794 0.01 
0.30160910617461806 0.024341095337669004 
0.24180614553394467 0.059466990058266125 
0.33521328255030125 0.01 
0.26506387158902683 0.03332429594561035 
0.18301176620409426 0.7862018281077019 
0.20712193458196354 0.7395358733691642 
0.19582188328319353 0.7466541431597549 
0.13165295353508288 0.7839949426626921 
0.16115887360566183 0.7037008630766166 
0.14589559634064947 0.7322442560775194 
0.18020373993738517 0.762311301891054 
0.13673791843364505 0.7073008490478412 
0.15275503186379227 0.7344926116781825 
0.2226652894988166 0.7440688455581685 
0.1421700294758359 0.7557854406018362 
0.1324399789376915 0.7146197665180998 
0.21974138150125277 0.7457511361357564 
0.13975331324171172 0.7349150555002852 
0.13888002457315807 0.7140545146011985 
0.21311018993290282 0.7880404748545934 
0.17360403767804017 0.7480722207791412 
0.20657273085709388 0.7475126003007296 
0.14427743778477184 0.7779886169006692 
0.17655526434413576 0.7594086010450058 
0.9272785091351994 0.12987355518914995 
0.9269249096496239 0.1858637839893809 
0.854017225902744 0.20723287961801218 
0.8605054295788301 0.17090179866071345 
0.860542941205953 0.1500930151260254 
0.8453166967006279 0.15876182935461192 
0.905340915377103 0.1679210202914702 
0.8775917355969293 0.14888318190154912 
0.9112322496261411 0.13166846217525727 
0.8345796368041192 0.17148202672263396 
0.8864541866952864 0.19109095079556354 
0.9027391092703922 0.1605361495692778 
0.8670213980058467 0.1911563912347229 
0.8293828931476941 0.20387696889241252 
0.8860803121691135 0.12381467366584051 
0.8993485466786925 0.1909805220132847 
0.8485542126295255 0.19903039695876892 
0.8972296602987286 0.20371190128473712 
0.8588034164517934 0.17325121765755463 
0.9201087859625535 0.13480331286974018 
0.5213211382826779 0.01 
0.5544139910931382 0.08028838404535062 
0.48681879068807227 0.01 
0.553881233158849 0.010491652308777643 
0.5411528085742467 0.06571725591704314 
0.5461053054137266 0.01 
0.5676261430904234 0.01 
0.5642429851322504 0.061899177277382686 
0.5706862232541278 0.02825925754575661 
0.5140902720669513 0.05357962689710098 
0.5318499160458664 0.01 
0.5517593290059915 0.07403659265206283 
0.5194905013485402 0.01 
0.48656253107452113 0.040763362223821875 
0.5400338552488724 0.06538149201338843 
0.5669235880808409 0.02825873558388374 
0.5659369252191006 0.0571444957541158 
0.49980527453784973 0.01 
0.5027059864837663 0.03964828806076628 
0.5518225493613806 0.052203149816827416 
0.3073303868785878 0.43513883655646945 
0.38385591968173577 0.42035188851595207 
0.311819316318667 0.49924903067831655 
0.4007368034162223 0.4198316096291898 
0.3906778179735724 0.41014421421135616 
0.34087014393638393 0.49667158559458563 
0.3403862269190009 0.4041928951605946 
0.3562966140674616 0.44273278249994374 
0.33687464920652943 0.4580172627271812 
0.3762803311320429 0.430588708828866 
0.355710304231632 0.41893919300855964 
0.393248351685208 0.46426656810401273 
0.37358742026925285 0.45546768307632807 
0.38812502127373805 0.4689875687387396 
0.3327793543671564 0.4464813543724749 
0.3200712955326723 0.46097207425678893 
0.36172279235166777 0.48032895483513605 
0.33085782688256854 0.5022551142382741 
0.3090107914934525 0.49937047808336466 
0.3956751897392769 0.4853122533192847 
0.32978812828753706 0.8146142709079689 
0.3427918483966105 0.8877476828942497 
0.3670673410238745 0.8319797404391654 
0.3055560537139131 0.8635598099267396 
0.3771820418093923 0.8712292559373819 
0.28231913288730054 0.7975247357664842 
0.317881347494328 0.8759812905794957 
0.3121650517482657 0.7973411182652383 
0.33583635017861707 0.8867030083528736 
0.30924234727309313 0.8175245299305763 
0.3367345791925488 0.8153837727139907 
0.2965451679293115 0.8256522552082367 
0.36325371100712645 0.805698489708713 
0.33170702853380307 0.8303476193777408 
0.3445380851429805 0.8813365974648437 
0.36859810122449876 0.8863100371483522 
0.3291656801563223 0.862041433239028 
0.3472241791032189 0.8759355777930201 
0.32599096905762215 0.8131789882103012 
0.33660230539610597 0.8799076054611009 
0.17987940580860032 0.2570705205071166 
0.17751248940837894 0.2511441683423441 
0.13902385161356723 0.2615125709468739 
0.21360273137494973 0.2687250255824923 
0.12647307044234424 0.27288939765025066 
0.13173509006517836 0.246134693597657 
0.19079569052300965 0.24085596311391724 
0.1202628168551634 0.2915810557344839 
0.15825188860771267 0.2681168293809407 
0.17424283432619492 0.26985847525272816 
0.16510005552141477 0.2302436294109474 
0.19141480349408482 0.26022892176743995 
0.16463055356951814 0.20607215535996315 
0.20849214879051828 0.28312111244240323 
0.13344284229363523 0.24124989451232215 
0.21019134880248688 0.24753699719491393 
0.21195792949608072 0.29901361198386617 
0.16720740355185276 0.20339333034913548 
0.20808752798246966 0.2027102160340175 
0.17620372859729744 0.28465383261683747 
0.18042098671123258 0.42544239474444145 
0.22146496320598724 0.3983675270728454 
0.18646687000422194 0.4101222969535613 
0.19469057182494526 0.4178711755830034 
0.1875278989000158 0.426902775150187 
0.1833362093486105 0.39987861763015486 
0.20476416476686293 0.3762538483760648 
0.20391375201492268 0.41971219735846754 
0.22198622396399426 0.4222827260811373 
0.17021305313334992 0.37344936290742464 
0.24530442393581645 0.35949650866208427 
0.23871396331440078 0.3675849462947163 
0.1593874128782944 0.4150202033165164 
0.15864410240641325 0.334902303191136 
0.1791521748982538 0.3999531574412591 
0.18113024190846166 0.4007057118741256 
0.24543774206920205 0.3890589657013362 
0.16161091964375607 0.34647165076930786 
0.16727125621771027 0.4250515085002436 
0.2189536385841718 0.40429178632299 
0.6998628418627156 0.47816769749219074 
0.6578354618958836 0.5196998315052291 
0.7387837115422268 0.47823254849359814 
0.7199074960736734 0.47369821202998774 
0.6668649719627596 0.5055317189488732 
0.7519746841707272 0.4623024743617074 
0.7352006287548891 0.5030624161418848 
0.689162802596195 0.46888595860454096 
0.7569894304716531 0.457626114942904 
0.7381720128078364 0.5154541311817281 
0.6797647928796297 0.5235950744177486 
0.7086528799471772 0.4680931187566656 
0.7434291129925448 0.5392672278487259 
0.7014749049761023 0.5294047387558933 
0.6821831480600813 0.5555725798093797 
0.6741921753873009 0.49111116934846855 
0.7266897066881013 0.5145812359117443 
0.6906371609035349 0.4639619970009782 
0.6678282312026886 0.5419027688220758 
0.7331124261165595 0.46455418267190124 
0.7784936808892418 0.8967983773641744 
0.7880338956861672 0.899545714955447 
0.7849378993296047 0.8482110520953562 
0.8014760662763534 0.8472987946339229 
0.8226605984871658 0.870879914819089 
0.7704574071738906 0.8623786586209174 
0.7373669271229257 0.8712985671141547 
0.7271851805360969 0.8890417152951731 
0.7944951585779648 0.8779076072329909 
0.7547095602830345 0.9020032569621217 
0.789985016889745 0.8643578632627212 
0.7696258686408207 0.855915352968674 
0.8204802465966418 0.9363691255687268 
0.7699537403243001 0.8897881178318975 
0.7570770596447509 0.9187773712396046 
0.7639051943017379 0.8485784431565984 
0.7391184972394801 0.8983274059464686 
0.8260109939875382 0.877706768614426 
0.7295817559399331 0.9252938950386285 
0.8004288178637146 0.9112963300733797 
0.6900912126172655 0.8394509353473198 
0.687230355685015 0.8230845650241019 
0.7204148697352781 0.8089281319645858 
0.6346513410576926 0.8587743619428064 
0.6697060085737225 0.8112364153712635 
0.7143498758639139 0.8446251328948438 
0.6728843510209798 0.8181982369278921 
0.6462746267716756 0.805876777661124 
0.6738316031504455 0.8757806546776483 
0.6866824995075477 0.8587928409716992 
0.6963495408840027 0.8443527748958187 
0.7015091787601611 0.8095020673031216 
0.6886024141478496 0.8113493089637756 
0.6930405719575599 0.8625111337397395 
0.6564353193011405 0.878889592461603 
0.6687222171854682 0.8474691017095581 
0.63251442387762 0.8044438461428429 
0.6922720286992275 0.8321971309153221 
0.6906494208842426 0.7960769489707674 
0.6456230974984358 0.8712129241781926 
0.4107394656526664 0.21507441277580416 
0.436212509133099 0.29447542601723226 
0.4218376528356208 0.28925292318956314 
0.4634634818659885 0.20606735727272663 
0.47396092069049606 0.28459104574925254 
0.48093575133762534 0.23977133767258754 
0.4580786807751976 0.2066181688870438 
0.49006214473435694 0.2780729624447145 
0.41418621725716953 0.2251295581220927 
0.48003035823218326 0.28047895705443393 
0.4302048186690914 0.20384165187419998 
0.4830010347025835 0.2523614576670759 
0.4153758481934979 0.21066265789283609 
0.48278847348667026 0.24433383431300237 
0.43686852888675104 0.2750506075756712 
0.48381838797248994 0.20961732142891543 
0.475867567735509 0.29256834605197113 
0.451283625438756 0.24637705604525895 
0.4821018701096177 0.2307002510638057 
0.483533706060604 0.22526702385173986 
0.7136160913554702 0.18323788671883082 
0.7355817408881317 0.10873850367820379 
0.7218585523166958 0.1531152954042035 
0.6850693634012319 0.10921084551457877 
0.6719508791388011 0.0946047756760579 
0.6756381450593623 0.17539394907897043 
0.7408208480226147 0.1286086724668984 
0.7019664656341567 0.11179020833318229 
0.7450833989378646 0.1257618812155588 
0.7434605668716835 0.140263200402547 
0.6648044176309216 0.1423630903925678 
0.6721775788815025 0.1641902238488104 
0.6527366248692124 0.10234675725862152 
0.6688258084712959 0.10560120770568737 
0.6866535416064876 0.11093613348470557 
0.7087897858377387 0.1750430133807026 
0.7144465099277714 0.15930161594639625 
0.7450718730363854 0.10617804457805474 
0.6765410566244316 0.13390191013492653 
0.6750739719104888 0.17183018015068985 
0.4026770574737749 0.5634402126768673 
0.3275816965335503 0.556199871411238 
0.4136157023905934 0.4887051445884356 
0.3869414727601418 0.5655108448909716 
0.3700072572664371 0.5174277026682593 
0.37439536497485776 0.4737294904802224 
0.3960663772612635 0.5573359686984537 
0.4023352135759216 0.5194478912092428 
0.32023132161763157 0.5143018450226061 
0.3618110562874912 0.5545400278025628 
0.40083845652992917 0.5010382965367002 
0.34322125443801405 0.5539427505716484 
0.3745527140340997 0.5131950599538263 
0.37814451111930186 0.5292977533063749 
0.4138887838800753 0.537686311234291 
0.32621005891996074 0.5397875082393012 
0.37223163770669654 0.5304230894072637 
0.33071863924200573 0.505676196953759 
0.35556407431738885 0.49665220641854063 
0.35533187184572784 0.4751380388387735 
0.655062185525597 0.39365753884544386 
0.6459763939457379 0.3902141506915138 
0.6422954995733987 0.34831689168189917 
0.580604494217696 0.37299660128214773 
0.5767638098055096 0.31636907855268 
0.6455778878522761 0.38006070993276575 
0.6514211534158775 0.3949105630055721 
0.6149640550111649 0.3345806214409069 
0.5805189915990437 0.32515309725488883 
0.6352682724327642 0.363361942344565 
0.5925664449549757 0.3606565978770826 
0.578713249971163 0.36447662715972307 
0.6420003394886837 0.3305920392025881 
0.6294925800048754 0.3948690745051436 
0.5908661021570342 0.36399478972317806 
0.6550611127247606 0.3402321240256709 
0.6511133017089761 0.3565773093059711 
0.6486703172381606 0.3573005806447268 
0.6532203539424105 0.31847132335000117 
0.6121676710463693 0.3830879897329479 
0.23328767612497023 0.6283204211179811 
0.18791120626701108 0.6508017658940685 
0.24694638014331732 0.7056911252157491 
0.2565279156748353 0.6529630414372174 
0.2302376295597889 0.6466642776214747 
0.2137819994968301 0.6167972115924172 
0.17179852560113187 0.6338522558786929 
0.24992588029996782 0.6208345404732953 
0.2070132478348224 0.6563538873468018 
0.20727184612496807 0.6418078806227454 
0.21467292947740915 0.6202985765587813 
0.23293251181600344 0.6551935265778719 
0.22480455283751294 0.7041296337664779 
0.21592058266001085 0.6555110417368463 
0.18171382182136306 0.6675627420496142 
0.1788636666217793 0.6291028634573635 
0.2422382270598577 0.6789006983202421 
0.18755463423704227 0.6120184092791625 
0.1759492311365164 0.7016707732557241 
0.26447343277213986 0.6484881533003197 
0.3009863502135152 0.19727287037178115 
0.3179883143862065 0.27237613231414576 
0.26410899487518696 0.2470777543931026 
0.341593888354662 0.2586339138873947 
0.2854360117535711 0.27891760270719984 
0.2883713121261345 0.2381091561373976 
0.350875496490194 0.27630871632578285 
0.34501916904770946 0.25080555934749976 
0.2998736101680699 0.28498434277872936 
0.26399284211829377 0.2589475435454009 
0.34146636988632395 0.19565792730785675 
0.3085566471731291 0.2754848638029176 
0.3173928221668768 0.28517689957645076 
0.2631136806777792 0.2737524805479785 
0.3049812978393039 0.25788069144626014 
0.27872481208170036 0.25382338426954804 
0.32699054092701607 0.2598434578807532 
0.3438212194261208 0.2241528280660938 
0.3327245873595511 0.2739555023518052 
0.3367826843133831 0.2181138152694521 
0.7470055722611121 0.45147863848281344 
0.7763361839969776 0.4258688566239235 
0.7564105997125772 0.46289019970419654 
0.7783710665593673 0.4738808103886075 
0.7935652607412613 0.3973716450433952 
0.7284999550754525 0.44805252527649325 
0.7311089620016912 0.4535895792417227 
0.7682107718352275 0.46002562897104543 
0.8092155762003327 0.419382762329823 
0.7827209934949411 0.41023197828368513 
0.7772819080376944 0.4104348567487418 
0.7635237054545405 0.43351749369712184 
0.7611761155284335 0.3838033045315103 
0.7850692937522897 0.4273365236595554 
0.7283388879295626 0.46078656619206176 
0.7520175904378044 0.38138194393965696 
0.7959516333077392 0.42061902322907785 
0.7802671329917492 0.41582001087580617 
0.7982425809971714 0.3831422197624779 
0.7893464908392244 0.38741882457904203 
0.4959050488781704 0.4012977259351993 
0.5456818622164026 0.3492115479537235 
0.4906255109825392 0.3851632115811465 
0.49716270906007687 0.36161533063239415 
0.512160077604836 0.3929418885605004 
0.541250005578735 0.3498269402210686 
0.5119062112083888 0.39908691277754216 
0.523773588427443 0.3811569878074551 
0.5043106726172877 0.37364241123222147 
0.5442107118253073 0.355158471429998 
0.5391049662840159 0.33023156935929815 
0.5363505119188919 0.32851426079088486 
0.4797841505316593 0.37722628340503306 
0.5315263562000706 0.34547121264711245 
0.5002818679111176 0.40906068985786226 
0.4980061205099011 0.3433197948240039 
0.4754815958839762 0.37484143106509943 
0.4746953814655459 0.36559325732720926 
0.49807011432241033 0.3295534532300025 
0.4545913468663286 0.3923799405481836 
0.8270374517198779 0.7420847180837719 
0.7899183009291297 0.7593785961069707 
0.8218956084348683 0.7000563274179955 
0.8206293657362177 0.6866799424213506 
0.8462578833639474 0.76485658777776 
0.8515199205272019 0.7349970249377935 
0.8205161510544238 0.7349553128559246 
0.7998642392005404 0.729160795089071 
0.8085481172505167 0.6821606301583264 
0.8553731448384877 0.7390342503752871 
0.7939713147191172 0.7329866216587875 
0.8278399802940534 0.7436775792670827 
0.7725151788645863 0.6844003722514225 
0.808271365027558 0.7182436612209325 
0.7936072967203663 0.7695190243149692 
0.8293077325707507 0.7131340577392445 
0.7831458154835993 0.7459072707614414 
0.7959764074539113 0.7123981634022553 
0.7811040475601154 0.7662243717212538 
0.7894081484420242 0.7720356618573048 
0.5244064306858582 0.13020406010720884 
0.5084102599450502 0.14357815151126943 
0.5653191349021517 0.1887963376496019 
0.4978825708157093 0.2005715081942573 
0.5224819157280047 0.18478663120741556 
0.5008412585555929 0.138272116962379 
0.576553186566547 0.19934201267096913 
0.49543491825802916 0.1281926284585777 
0.5387020301748097 0.15720301440210926 
0.5576651461550456 0.16976694793724417 
0.5662280713716409 0.1061835023868905 
0.5831630700029916 0.17285199242482213 
0.5602387581695095 0.13629993490307887 
0.5529780960513679 0.17687898785650807 
0.4996983467118538 0.19485653824173155 
0.49776130466606844 0.11707256765052072 
0.5074198665792446 0.1675069133194015 
0.5460679788187258 0.18677135170705172 
0.568328549523411 0.1255083375451566 
0.5649073524184363 0.1180836778664082 
0.34492777077302555 0.4004584904609907 
0.3804635406478383 0.3378639357372244 
0.39683519786932847 0.37581061380600506 
0.40495799461865933 0.41713603515980097 
0.33062683711526875 0.4035060530516708 
0.33282299961589995 0.34014421970685027 
0.4224978076057504 0.3321324691914844 
0.42074901369087025 0.3500343837609653 
0.3331222774631956 0.4086627148193609 
0.3372690944175083 0.414244336827597 
0.3970836100394882 0.3225208293546047 
0.33451581852043427 0.32011773886280365 
0.42215693580830044 0.38227385172608364 
0.3430507213652671 0.3880540661380929 
0.37629071414850734 0.33312510738245477 
0.34997714916139183 0.3238933668892882 
0.33152926867849586 0.340181332213526 
0.3610696978594185 0.3269734218891858 
0.4222712706925928 0.3874765005889429 
0.3400409047007254 0.4087091923262605 
0.10525307866627114 0.8734057053034094 
0.16090391275881916 0.8807562860942059 
0.15990744940661897 0.9476108047180096 
0.16869423506500503 0.8827749858433415 
0.14586146194798383 0.8635375672054315 
0.11752262702358156 0.9397862979237885 
0.08817012076787734 0.9508696963936025 
0.10615785569282588 0.9488222747007016 
0.16145171552087728 0.9235984747103387 
0.10211692643270047 0.857694388776409 
0.12882215153528764 0.9454350857434995 
0.1248478938363723 0.9250497046995592 
0.15386171489019335 0.9207826401461078 
0.11393514424293831 0.8762231334308052 
0.09281517320140453 0.8637073074497834 
0.13693000620379586 0.9172054183857963 
0.1295883614247399 0.9300123632408391 
0.08769562650148455 0.9147933530888179 
0.1507827223405066 0.858838341329554 
0.11458524538780446 0.8938346693124135 
0.889873819883096 0.9683680930626831 
0.8955916058216322 0.9450606091129808 
0.9189153465806577 0.9470754159406322 
0.955724300523579 0.9790468802402317 
0.9241948218324741 0.9322572698338203 
0.9177935458459834 0.9582842069858709 
0.9289604408701312 0.99 
0.9655970191177086 0.9525779573222767 
0.9510079343919786 0.9812412946170487 
0.8993532081697724 0.99 
0.974938730175438 0.9869358462540437 
0.9128991151788477 0.9542663276270947 
0.8916697155755537 0.9434156580124167 
0.9135846401400203 0.9465244739659061 
0.9628622286958431 0.9281890038853648 
0.914886278386671 0.9689498304747063 
0.9106709774506362 0.9555767838977304 
0.9781086066300585 0.9605049834742856 
0.9510263249404377 0.9374814287721178 
0.9036574916962034 0.9581267647051337 
0.7106046727938804 0.3567961214139761 
0.680769811356994 0.31230082237966694 
0.7430091259313039 0.37021893064757594 
0.6833621911816246 0.3239808991591433 
0.6824965746210396 0.32302000800954117 
0.7332823926357326 0.33753375278281983 
0.7034464678320009 0.30286996501831764 
0.7295729215777272 0.33529355710271624 
0.7368211308102844 0.32857977566565477 
0.7630128470563438 0.3418575993391023 
0.6885321888760821 0.2735610284557941 
0.7147873811567556 0.3649256824835166 
0.7326595655973365 0.2973868478069444 
0.7685177823862352 0.34833805159057507 
0.6720450373770006 0.33961828242973285 
0.7638807066017761 0.2867704125358501 
0.6905671105852296 0.3708482776720615 
0.7202203968949548 0.30514882847851854 
0.7211642556160278 0.30540831786895334 
0.709149752331037 0.3140472773635389 
0.4072921531828123 0.1253626518831602 
0.3828168767727621 0.1217774337354632 
0.33426870055370184 0.1491019376710102 
0.33486783860363506 0.1348148656189796 
0.36561996091259086 0.0706844918896976 
0.32664362749350745 0.0835639177831287 
0.39967206655067794 0.10568877339946672 
0.3706668330128069 0.061892223506626695 
0.3660317639555295 0.11184487724371336 
0.323453595391687 0.14220970476747652 
0.3153802853925699 0.09532451520016481 
0.34686259140026904 0.06274024206378297 
0.3966049230251127 0.10948698612079241 
0.3507019384974993 0.15072282301504855 
0.3270964177604641 0.1495840892989992 
0.37430375924214687 0.08631340941469452 
0.32696074443507844 0.15564978506945717 
0.38234537150575987 0.07167724683209435 
0.3872742241264557 0.13955440476772796 
0.39523805127541944 0.10721253002498374 
0.033570487283908004 0.056386751098390864 
0.0727314843678466 0.08426680797691675 
0.07352004151115778 0.10569916388123377 
0.048699652483151265 0.12561907250395465 
0.02719006902917844 0.12023126991250455 
0.01 0.057358462251151404 
0.01 0.12253770031997593 
0.01 0.07061888825529394 
0.032746181261711804 0.10165552441177096 
0.04412471077112862 0.06531886092408959 
0.02107534187674455 0.10816092585596182 
0.01 0.05105200452273491 
0.05206442101955498 0.0640920080220096 
0.04815032296739935 0.07419279986070336 
0.026210533313169547 0.08814684219372622 
0.031055470798892815 0.03516001718804335 
0.02879729870177422 0.04469803100065286 
0.01 0.11871112189575515 
0.01 0.06719786043275466 
0.03260129822661221 0.0678805036528061 
0.8290902531265705 0.6047721562690407 
0.8591859747276156 0.6111426949147571 
0.7781959018297119 0.5827878659902834 
0.8303670033215373 0.5958795401809881 
0.8706032283386261 0.5842466856644261 
0.859717075411551 0.5700024564770767 
0.8017267737908103 0.6456463330859564 
0.8313713905598634 0.6606783857292058 
0.8705580713577051 0.5950515109690594 
0.7780733689215916 0.6661922651734485 
0.8322011808255783 0.6072234105486493 
0.8171614747808456 0.6284828476118861 
0.8289487504791382 0.6529613423888376 
0.839628763826429 0.608065476400839 
0.840168584227151 0.6234619656426525 
0.7837156064017906 0.5680000570774904 
0.831840631193433 0.6155111627819481 
0.7998467638883541 0.6644837803252971 
0.8674688237718676 0.5979053186138644 
0.8283423015869262 0.6013607004380157 
0.9215896607808236 0.01 
0.9382543031975041 0.044388960045279466 
0.933788105703526 0.02441865615714641 
0.9344449067432032 0.0749075480223072 
0.9168847152239618 0.06315317900896122 
0.9219508484470696 0.033790071920047814 
0.9188026376387156 0.0813291124280003 
0.9452972149056239 0.07339956359311663 
0.8771604164966554 0.06941544664094496 
0.900671694147285 0.012934824706528857 
0.9294588901884784 0.025454561549079657 
0.8767449080620175 0.08556140955903264 
0.9322750576898157 0.025520694989078253 
0.8767589360664653 0.05242665650530101 
0.8587488019126979 0.06831210728487871 
0.8541653639864848 0.01 
0.9116830760742215 0.017773447235954497 
0.8954392357916447 0.06162859252512244 
0.8524924778311044 0.08554931119908588 
0.8567711772667723 0.01 
0.036024775808757556 0.25925393667320445 
0.041445058939364475 0.2772931730198156 
0.10867295877206405 0.3022354547294804 
0.030543893487943716 0.31653184529357536 
0.0982931027433194 0.3211302244874569 
0.036786575262839204 0.2895555429043352 
0.03841081491127257 0.2776947135334325 
0.09867919863105454 0.3475282492121037 
0.058677436702582075 0.26506264393233664 
0.07451443903574026 0.34294395163471536 
0.0843324867036625 0.31987057074028524 
0.05420153745352448 0.26815996964767363 
0.04443139798515457 0.2989659689651184 
0.021894747440746994 0.31677521197670344 
0.07602179795842454 0.2830172344991923 
0.0934685958908437 0.2615984913946702 
0.06977461774276486 0.2697530498020087 
0.06261390974574685 0.3563575696366622 
0.1088227482941918 0.33379215066843726 
0.06241282899900902 0.30857999914102585 
0.872605871673723 0.8803061805278357 
0.8850984846855092 0.8980109919013731 
0.9263070885955484 0.906185857286744 
0.8630839387216587 0.8348192395691556 
0.8552085019630551 0.8931353019941451 
0.9068778053501277 0.8268311374958639 
0.9252733001501127 0.8510193047378709 
0.9150412282380195 0.895211768822976 
0.8708779820679785 0.8418581003178214 
0.9037659071204407 0.8848669452802749 
0.9320601298667276 0.8152902852949009 
0.8660852592514391 0.8229774790773037 
0.8931307396153126 0.8582647314624787 
0.8554524541580065 0.9128297735631302 
0.8602721383172778 0.8982292670573424 
0.854091127727572 0.9098856347530972 
0.8834729459450621 0.8793718163867869 
0.9410672636338986 0.8723801802857872 
0.9289586757408846 0.8817188104168555 
0.9367655378150993 0.8424731469184727 
0.055748895014247124 0.7995500595504281 
0.07576806571727564 0.8718101591682996 
0.11826304429563443 0.8240336063429059 
0.10916724318363695 0.824727262611721 
0.05206520317512174 0.8627394697486008 
0.11780878257105068 0.805786053225994 
0.10051525928515573 0.7954686186460865 
0.059067020074589915 0.846429197204134 
0.08789958117434643 0.7842043361582228 
0.11802773998812886 0.8771532662438353 
0.11186613970632989 0.8025526857318995 
0.13785966301737418 0.8818762431793881 
0.05078567701679195 0.8355048550914543 
0.069588404467956 0.8212623458884739 
0.11035470296049922 0.8770861874857856 
0.08920182201991998 0.8458016026397739 
0.12795177280604536 0.8777734833714653 
0.09270056466468168 0.7977219959541099 
0.10908577389048904 0.876846812584762 
0.060150814835423394 0.8134849624850813 
0.9182264961564154 0.5705718631903083 
0.927534803682078 0.619473777189552 
0.8943532656536927 0.614633190752825 
0.9842546141748273 0.5593789970422124 
0.9236102143036286 0.5513220484580164 
0.9707158248118838 0.5580652646931137 
0.9480193443812842 0.6009287097880743 
0.9732281886238238 0.6078897471966191 
0.9087168648493255 0.5766028480729949 
0.9762351224892832 0.5558856860821272 
0.9448984682885652 0.5536896221122419 
0.9668841506928996 0.5480602532087463 
0.9365634043680033 0.6039173148330614 
0.9836079987071706 0.6066033564448751 
0.9699187841199947 0.6138641812326165 
0.9679401306996498 0.6321642554929495 
0.9390478543191595 0.5630790578336367 
0.9511216031594408 0.6121287478568969 
0.8941213788818693 0.5562185728416381 
0.9702143686324983 0.5629222762147067 
0.2528803220736777 0.9558819255000952 
0.26570555613683894 0.9450325273807823 
0.305387439788902 0.9836740983962864 
0.30082424065197616 0.9802342856044917 
0.34083463759398414 0.9442875009229394 
0.3138265011808066 0.9831700246189534 
0.319234718680786 0.9758733374031279 
0.32925619442335713 0.946467399420056 
0.27468463087240336 0.9875881725964052 
0.24452172922302273 0.9054885763633426 
0.3098039105804797 0.9041620066250065 
0.31540224287553986 0.9101894929281277 
0.33722743007896083 0.9179669571650664 
0.2585941860072393 0.9221195763422474 
0.30915431452641273 0.99 
0.2850873739014939 0.9300818476962606 
0.3230516796939758 0.9873072453031293 
0.2687068673670765 0.9681875776392709 
0.3330725078053127 0.9394089790532122 
0.2977711889619556 0.9879152252857292 
0.6446867840953502 0.4432872018408338 
0.6321595418379287 0.44371103013579255 
0.5989812055032991 0.44291534524825804 
0.5970430923736971 0.41441806028628236 
0.6567804708310211 0.48868891901411865 
0.6329908160164796 0.42100912230823273 
0.5573762891786654 0.5019527696036826 
0.6110870724289578 0.4282287497240172 
0.582689698226202 0.41388859151932744 
0.6568443972997868 0.49020172721941807 
0.627121127971686 0.44316936071020546 
0.6385085570850593 0.5017114267531614 
0.5796467427068516 0.43883170817654543 
0.5659745597449288 0.44107492896818634 
0.6449072449593776 0.4736902822391586 
0.5749301643146615 0.4502014146009234 
0.6223359909596083 0.48148871007096994 
0.6309887012551644 0.4565523960107882 
0.6381605987157472 0.46796505741717237 
0.6050122654502862 0.47134442810384514 
