0.303520891067285 0.16822992393330324 
0.3090994843499631 0.16381014120164972 
0.28404698623903485 0.11905812169685771 
0.2830102062217226 0.12038422436311333 
0.2979020668182621 0.15421847914373502 
0.2745988451363337 0.14608030472850314 
0.3154718401628696 0.13478283092894705 
0.3016871661003445 0.11849734958351103 
0.2805047583674028 0.1562337322163373 
0.3051786571471249 0.14742236313290888 
0.289243253643891 0.1395185136811553 
0.2889342267687637 0.12829797035094692 
0.2782658711130873 0.13346406942465636 
0.29512409951173757 0.14776968660869322 
0.28119910582024704 0.16770260786883245 
0.3198340749320151 0.12546529987101523 
0.27152288699858584 0.14190205735862305 
0.3148839503048557 0.12277997659517306 
0.29419824124021704 0.1270428556305765 
0.2755933572574948 0.13564759544173682 
0.7311355106973527 0.6445996225843375 
0.7564742480872496 0.643651497996886 
0.773521503919261 0.6324192493725852 
0.7463001922160285 0.6326495447164204 
0.7246364396128194 0.6075740705497739 
0.7468065774001654 0.6140009714350461 
0.7428150719007215 0.6146009126962043 
0.7352730585352565 0.619610201101601 
0.744321808070798 0.6302197779978519 
0.7589094625564294 0.6277274808629626 
0.7721967507337099 0.6460126314028173 
0.7428857352352869 0.6170409728515296 
0.7641151210188518 0.6165233096339637 
0.7661510589402791 0.6154191681728736 
0.7717987063139102 0.620560183031888 
0.7687764497219942 0.6246674946025067 
0.7280186763490983 0.6338447068178698 
0.7606576055537314 0.6060621071674622 
0.725765837613909 0.628603947921583 
0.7481473738532431 0.6315672219880462 
0.19656599978070832 0.8404333219822931 
0.2226019196775094 0.8581975809223314 
0.20471522213132506 0.8430058002540332 
0.19698015319038528 0.8392917754978793 
0.19854469314707018 0.8587713080607934 
0.18918006088372674 0.8363824117119126 
0.19714558753360126 0.8216223522509694 
0.2317371848024093 0.8493462845719421 
0.1932183740253212 0.838652815884794 
0.18377878514076948 0.816889444853111 
0.1853863104793992 0.8308692685718331 
0.18738692353970798 0.822556224798022 
0.20240025781213983 0.8255215781271477 
0.21760183085269022 0.8435041517647037 
0.21228430195023662 0.8124967933149897 
0.18480801690899257 0.8428202290543515 
0.217230051879835 0.8268631365234079 
0.20885311672481327 0.8372875717123256 
0.19821070611603275 0.8192371071760616 
0.21364289781732898 0.8245070727191006 
0.7885702248804577 0.09099859493626491 
0.8104351699524496 0.1020232793914782 
0.8099191871516096 0.12099647925814119 
0.8034072128367041 0.13041818365890961 
0.810058331961823 0.12626266068299039 
0.8146460407284755 0.12465159940675152 
0.7941094951724799 0.12596217527502857 
0.8233752095102129 0.10322093758421476 
0.7964465868463648 0.10605971511582242 
0.8251904251919042 0.10505406245735281 
0.8113405760095374 0.1189786941363718 
0.8252736026172549 0.11737339466604116 
0.829628772790487 0.13033343464019936 
0.8149200696259732 0.11603182848929336 
0.8255011296646328 0.10779185084659354 
0.8022282776842313 0.08608252923269794 
0.806994510123373 0.11977644808336967 
0.8054646307253831 0.12264529972797472 
0.7926246254489335 0.09763064648615788 
0.8060595807421883 0.1310190084374821 
0.2899625700349395 0.43673011380400983 
0.28826741625799157 0.39835365207788287 
0.25358777031886237 0.4158174793733784 
0.2805716703355078 0.43646358254515805 
0.2838928585298721 0.4364503491181715 
0.28446269309578875 0.4340964748402804 
0.26407766282211914 0.4134876967058959 
0.2795044236687265 0.41514410371172317 
0.2648359296144349 0.42398773305229637 
0.28975233497677366 0.4018488226441633 
0.2900962854352833 0.4443646467539405 
0.2980172227661037 0.40323960334867115 
0.27801928446056445 0.42213846249880177 
0.25531893113438514 0.4211488406846994 
0.2935423361875081 0.4111871425063831 
0.2614713583312073 0.42876793060807633 
0.2616525755483371 0.43090519922535897 
0.28958432444915094 0.40532082779919465 
0.28222709946398006 0.42727569850024244 
0.2583443909334605 0.4065171475781587 
0.8475984478631825 0.9707216701510493 
0.8518453817535663 0.9623336477889247 
0.8392675888733168 0.9683373312429133 
0.845106723788815 0.9783175412702039 
0.8512878910105747 0.9583256355415367 
0.8508567703125848 0.9459814269237042 
0.8215945628247854 0.9510128884374272 
0.8032640396687398 0.9527315880977343 
0.8296233124489604 0.9454791988105417 
0.8244644326790819 0.9725264948982171 
0.832461182832531 0.9586745850053517 
0.8415762106690081 0.9703549882044521 
0.847270650987882 0.9583595829684597 
0.8385526098647342 0.9349761317677926 
0.8394236554447743 0.9459880582897819 
0.8271706134315154 0.9699326983235963 
0.807284476337669 0.9462421026690936 
0.8355909304580876 0.9732661138675406 
0.8232052264912207 0.9580239331068551 
0.8056694967957733 0.9357666148679654 
0.08731383707371594 0.7171407380180538 
0.11306502990797947 0.6963368765975776 
0.11695787835910987 0.718729089632854 
0.10627693741504576 0.7042063767539569 
0.1147280758739547 0.7295124960702981 
0.09513402854285025 0.7028406822141597 
0.07855370446815518 0.7084522942689164 
0.1023750841535796 0.7174386322123811 
0.12565354581791927 0.7191710081782489 
0.11874527621308989 0.6872682971502765 
0.12154989710854161 0.7306284420184246 
0.10089966733892375 0.699789773378228 
0.10176766927716908 0.7041967319881379 
0.10812957366264805 0.6834897732048701 
0.10299274289207437 0.7192964938931083 
0.1138283542722733 0.6909329359604376 
0.10093045686641083 0.7101730199750792 
0.09396507040846179 0.7103558058676949 
0.09494632359425838 0.7028417518164686 
0.09579450264702787 0.7241268780068163 
0.5369436116344825 0.8686419621757101 
0.5525691606588949 0.8747724575425778 
0.5644773829256033 0.8423261246703285 
0.5310347858260671 0.8619630312237836 
0.5293512514502563 0.8792233215879037 
0.5324222149937243 0.8777164667743181 
0.5340350892365818 0.8802163728805514 
0.5668588532107728 0.8480840434888729 
0.5721709434879497 0.8863258335009029 
0.5731057914748118 0.8764035768479119 
0.5495228331720652 0.8847554249571011 
0.5722379863605509 0.8859394907747261 
0.5777536099132025 0.8474841859527718 
0.5416128354836071 0.8479455953681211 
0.5595978589600863 0.8449790951639748 
0.5324599944981493 0.8627412728051015 
0.5729704686353306 0.890829222199288 
0.5763781380290401 0.8855097826787962 
0.5517717885358696 0.8547007937919849 
0.5504657348269053 0.8722722142234794 
0.8926109173533249 0.418810606548229 
0.8614147888953518 0.43680198950021054 
0.8601199055832813 0.41590456204789616 
0.863610007056094 0.4524013546328746 
0.8796557942541295 0.4410210862516272 
0.8778468425767593 0.4557239406538008 
0.8732791499867198 0.4160696095612777 
0.8626266043815972 0.42222474312464653 
0.9030803962338455 0.44741092625108225 
0.9000943052981214 0.4278773572687603 
0.8625527918671108 0.4459920318785336 
0.8783190006031774 0.43700693747292507 
0.8970739361786831 0.44780314216540845 
0.8794927897773638 0.42250633573675034 
0.8582113289496527 0.4240767170661294 
0.8737272956998824 0.4414909154559081 
0.8978409134618117 0.43874697020045594 
0.9041556374765332 0.4463094434292621 
0.8921812877170133 0.4287448811732036 
0.8984920636225453 0.41191222716209613 
0.3846797435777746 0.6700423665490052 
0.35844134014652895 0.6581116475039195 
0.3476784992156221 0.6536208894683159 
0.36541805789462267 0.6435522884725987 
0.34507486419294375 0.6723954194799416 
0.3644824226853482 0.6638281174680488 
0.379655621487088 0.6516579712262052 
0.3696925338485582 0.6609113310012782 
0.34077792800177986 0.6332124485296534 
0.350478440797769 0.6762131509213953 
0.38406072713204475 0.6354579697241299 
0.3690475520755864 0.6581898149806263 
0.37513715829762856 0.6658809826866927 
0.360535340195474 0.6423130417956271 
0.348844478113004 0.6710092061588675 
0.344946401000309 0.6552845405420766 
0.3464150793630333 0.6560657213644 
0.37995624305314996 0.6544571766816867 
0.353731084968946 0.6303584855682484 
0.34900074149900184 0.6568531644734901 
0.7066299711684477 0.3938870774831847 
0.6794358036601148 0.41691764688136745 
0.6935874641900776 0.4242256389688348 
0.7040453972484385 0.43173056209420335 
0.7055374856029969 0.39646637566741755 
0.7016678858680944 0.4197345747885031 
0.6907581984464367 0.4087937567100356 
0.68488207283533 0.40531492102267214 
0.6892683157032304 0.41736970908407756 
0.7050709883932147 0.43311039841066007 
0.6993972199542713 0.40634691115057703 
0.663378719471973 0.3976693467760176 
0.6677771414269066 0.4188036413765789 
0.686140081141004 0.4096915023281808 
0.6748775708972957 0.38856602457409545 
0.6808365946943208 0.40150621966012023 
0.6774133517618574 0.433738503188402 
0.6810959387815523 0.39197383781637607 
0.6948907602305326 0.38720239559359615 
0.7050290208131725 0.38913717631791545 
0.0827250439464355 0.4926264366678133 
0.10334437016149355 0.5000448888520954 
0.07804057979439004 0.4957142943417858 
0.07309871640585043 0.5357607707923422 
0.11411683309888437 0.5096739949905081 
0.06753136318976999 0.5291826765282077 
0.08210337035634269 0.5361096144058527 
0.113615784218878 0.5080703588409101 
0.10481204131932506 0.504996216329912 
0.11127806499098797 0.5273507511370994 
0.10375601969975103 0.5268110829280737 
0.09878794085660662 0.514171314977698 
0.080362212870305 0.5002659337606312 
0.10912697849961181 0.5075791005665002 
0.06904313170300638 0.5161385260989321 
0.08863032952277673 0.5114552215493285 
0.08611991158077592 0.5106307818865726 
0.07834993534225956 0.5281349099131281 
0.08370511136257813 0.4912784298462392 
0.09668782583736989 0.5099994543330093 
0.13451836062502912 0.1549043029848328 
0.1345541404100815 0.13590643780848166 
0.1064845146386114 0.16381292593746483 
0.10177274776574205 0.12543121251294323 
0.10706566844553761 0.14438369938924447 
0.11930500574660491 0.16058793711801334 
0.10548637160725707 0.16258763123894757 
0.14281330221654262 0.16431944879788649 
0.12414414073651481 0.146652856264683 
0.12649695256422808 0.13888738402934128 
0.11525358456111982 0.17173715367911557 
0.12325029796855083 0.16661330465584012 
0.14556679822839916 0.1333406370536831 
0.1123651465452479 0.16784603962384476 
0.10930322991715521 0.13795695551813794 
0.11185042647511453 0.14684439288540188 
0.13559006070664695 0.14995625043300237 
0.10985877196435895 0.15487361572640546 
0.10990279266213654 0.17429590014508928 
0.09760790341441031 0.1487299929565146 
0.9731139929746424 0.8355235758816749 
0.99 0.8166868318455992 
0.99 0.8454830533108492 
0.967045186730184 0.8249634018090591 
0.9871325176105497 0.8166124638019169 
0.9767623662173379 0.8379905909088453 
0.989895521581979 0.8060384330227827 
0.99 0.8125880937385203 
0.9613376263956072 0.8077789503892101 
0.9673939338001911 0.8304931077324474 
0.9809319057207828 0.8247753181481863 
0.99 0.8437026940272748 
0.99 0.8417801596384032 
0.9821194249527982 0.8042115103869669 
0.99 0.8343258982193807 
0.99 0.8311253155963145 
0.9676262353329623 0.8287619756897003 
0.99 0.8036028350436282 
0.9614791100049952 0.8080792716092913 
0.99 0.8111390109566535 
0.41136359776626225 0.052919268752996455 
0.42176442511233736 0.04397241895100364 
0.3912374181111605 0.01719691972206088 
0.3884040726267223 0.010240684470707362 
0.3893122022884012 0.03819838416647212 
0.3895713469307773 0.031103291193573877 
0.3970116903100329 0.021413984168578214 
0.43297052832732097 0.025636984169772423 
0.4243364619137966 0.0508795549953011 
0.4158753102162591 0.03165009236518511 
0.40276880274993354 0.05207427444113203 
0.3889348180699477 0.054525220147257074 
0.3944000449106422 0.01 
0.42512485714792814 0.042486669974526985 
0.4217247839070286 0.025058501653097785 
0.43626738491617334 0.039827872766168296 
0.42423341640750717 0.03404487664384543 
0.4118315625142089 0.05111942756036996 
0.4033991460575024 0.03209515532187597 
0.4264626865247015 0.02225952982461874 
0.46683642885111737 0.10652972435213545 
0.42985598388762786 0.13343717504019334 
0.4603234410651403 0.1325750172555351 
0.43782309916835066 0.13790626958575714 
0.45739165130484916 0.10523526151523985 
0.42290751595958287 0.12508625346701321 
0.44068862341522946 0.12709022972341188 
0.4597225721387554 0.11254955477589623 
0.4691835543201263 0.11206440166799118 
0.46732010430014254 0.13000504750940314 
0.4310130631900264 0.10264963706912987 
0.46432749216406083 0.14689637603405734 
0.44424433974058275 0.14525236146343706 
0.4272887122649328 0.11351686159025251 
0.4231808987878964 0.10152089417629946 
0.44576808269631274 0.10928921810038388 
0.44682759237142466 0.11684541941614013 
0.4618987206508533 0.11427269037163834 
0.44315515213098194 0.1341363882509096 
0.45293214952787764 0.14723081245858977 
0.4271387523051252 0.5867095802020995 
0.44391018564227913 0.5839310975218164 
0.4745294090068957 0.5917080422126791 
0.4360067406323028 0.5853785659619033 
0.4542132822454686 0.5780930348057355 
0.4668342801550662 0.5616744904678874 
0.4671467640904251 0.5628717058276608 
0.45429933651515575 0.5993978055431036 
0.4360585666687629 0.5626674878335205 
0.4328012244431465 0.5857126586821212 
0.4699862356570555 0.5719004808623245 
0.4437915477379306 0.5974029719091035 
0.4572557196770323 0.5644053878011083 
0.4572491179533422 0.5684047630351117 
0.42991371246098986 0.5877808412628125 
0.44259526270490984 0.603528952194656 
0.43079450237356115 0.5751953471368715 
0.4530838274473235 0.5726372954482993 
0.42615606444897247 0.5875434789417995 
0.4347468448494066 0.5995002994825875 
0.5901701719386241 0.07585668519576402 
0.5646170327793221 0.07962453149540558 
0.6097005564410594 0.08561500805198367 
0.5627663192480594 0.09228400751283809 
0.5981506950827317 0.0797553044270793 
0.5938837737380072 0.0696505762225153 
0.5903211951115498 0.1176261863612574 
0.5718652747241281 0.07515106160270976 
0.5716139698812639 0.11797283846026449 
0.6032725900808907 0.1055955950504598 
0.566536689432288 0.11664144561675399 
0.6027145235367573 0.11424482045007608 
0.5659779222064311 0.09202877198500384 
0.592558229497941 0.08874172458419279 
0.6062062660050062 0.10677548902464033 
0.6071968207548278 0.08454583133588896 
0.6088561544524269 0.09219386214603717 
0.5639753520885167 0.1138883269680451 
0.5837219253606293 0.08940107816676975 
0.6105835914333726 0.10323986013032356 
0.41016918225715615 0.9534287749940529 
0.39484648871667954 0.9278546717112892 
0.41059465868075645 0.9472097341185306 
0.37689065609405603 0.9689159798498274 
0.3932035613828461 0.945828438095693 
0.3915932275274309 0.9353102897293841 
0.4177100395405363 0.9271025712078357 
0.41602452796126294 0.9603184879383267 
0.39687913680659814 0.9407101108421103 
0.39073050456872177 0.9568581149176234 
0.38007628560732465 0.9418481022958625 
0.3834101959322238 0.9666915344715157 
0.3756349383557398 0.924799696444477 
0.37594775000974784 0.947545171160797 
0.41138518389135686 0.9512978731061645 
0.39917498622587866 0.9502642931339957 
0.4071613815733577 0.9248405055017834 
0.4168088557939893 0.9632806662844732 
0.41048769609066627 0.9486928082408316 
0.4160332839781093 0.9727875158815017 
0.061856508009314116 0.8880238940186663 
0.04295504521286079 0.9022909595411446 
0.019754231500049138 0.8871653435313647 
0.05020286000452219 0.8762877452138035 
0.05555164173943273 0.9145896174018404 
0.03975840356795003 0.9093824459853126 
0.05012395351350287 0.9243321637221541 
0.03807733331073377 0.8762701714592271 
0.024009480944469534 0.920538477423205 
0.03971246836608237 0.9192059325567216 
0.05179290989297275 0.9231540419456963 
0.03521803056237925 0.9042747804902451 
0.062228131410716175 0.9188916852878461 
0.028252997107310475 0.8802883629589945 
0.01953875351152172 0.9235566953065835 
0.03150444114948266 0.8790762981840509 
0.02759448285351128 0.8898754763986392 
0.05794450868815458 0.8761047104382192 
0.03856698704146954 0.8976885763512393 
0.0380483134537856 0.9227826339769927 
0.5348866594891756 0.3239998979347473 
0.5354807356492929 0.3163152604358701 
0.5755736512562282 0.32759877266750537 
0.5320894942216164 0.31321026587509715 
0.5677898268326169 0.3214846644781058 
0.5379729106294626 0.32072641220954484 
0.5358642569577287 0.2869041045889052 
0.5446736260232519 0.3130196966210515 
0.5523610465207348 0.3008152838309968 
0.5623559135391494 0.3296125485728516 
0.5345230291563466 0.30861987017165554 
0.5347963753069717 0.30719936490685473 
0.5307360295680701 0.29609098821115226 
0.5332673672974787 0.30823990396171047 
0.5302155797154918 0.2931108821414206 
0.5481505673844136 0.29920208552680155 
0.5561993116940056 0.3076782376154757 
0.5426460353753828 0.31315081367454106 
0.5697607204967513 0.32506082583137036 
0.5632242391702879 0.3108621280573328 
0.10606753348615103 0.38079682026112655 
0.10784863485480699 0.3941981805875371 
0.13241675902533184 0.3936222399895487 
0.12320219463810209 0.39598617271550657 
0.1062887090450641 0.40327373680546164 
0.09550755979382541 0.3656485494869168 
0.13214980018650116 0.3703640425459144 
0.11670489316910813 0.40339343720832604 
0.10384672706371961 0.3652612214557725 
0.11278844155639506 0.3896954053128062 
0.09764139475654138 0.39265821012712854 
0.0914316293967812 0.3886551230990351 
0.13359924067679804 0.3834529457767822 
0.12196034017071884 0.35696982714792663 
0.13931168961167467 0.3954061719636038 
0.1310675251887448 0.39570287864399006 
0.10359972862093231 0.3662263001677398 
0.11514263650612325 0.37996459659029125 
0.1026033071410422 0.3775365775928223 
0.09351399098358266 0.3945931426193803 
0.9566921421889722 0.0927988279582779 
0.9841389133900438 0.07455898664633451 
0.9609261984256869 0.06820606011130946 
0.9895422868216487 0.07598340117668816 
0.9865833387646452 0.04806799888719622 
0.99 0.0741122502056809 
0.9762194731386247 0.04946883319035919 
0.9801760904681226 0.08849015702905777 
0.9833848285400592 0.08313229356867223 
0.9679788911466396 0.09340527512934381 
0.99 0.09128090805492636 
0.9728449444414344 0.07378094248337011 
0.9816374003209798 0.05741725686366834 
0.9526607873312136 0.05767060626631325 
0.9482657636196206 0.09145657802421281 
0.9689169583200146 0.09602475118327577 
0.9882840915340972 0.06255323408961233 
0.99 0.08134297587883701 
0.99 0.09226220595783258 
0.9723566634916354 0.06659425959029995 
0.9474271033007245 0.19893387124577935 
0.9414043264568737 0.2208001312130848 
0.9508355754216394 0.2383082546452776 
0.9425097306335852 0.23620509274686757 
0.965628744797236 0.20078220441232628 
0.9699556702324604 0.22691770792331345 
0.9650592982600911 0.24021780119815483 
0.9685805989982934 0.20877919274581172 
0.9499419865165295 0.2184963410919784 
0.9267143238518638 0.19378177769336974 
0.9559659716510758 0.19952043532860914 
0.9473743399811076 0.1943010834403578 
0.9305007181090137 0.21166532690567857 
0.9310448492120116 0.19443073786834117 
0.9392725599906453 0.2131720327501101 
0.9443806065043787 0.19592488325878107 
0.9506198942200959 0.2104479233519274 
0.9662743868440014 0.19766776004801995 
0.9442585319600042 0.20409156715100893 
0.9299910099314351 0.19364801709960622 
0.7210924808649283 0.9719618393502294 
0.6967870045573293 0.9623662032467549 
0.718796823292162 0.9531303921130229 
0.7282348364379477 0.9331679443158669 
0.6942737215710547 0.9547247071201017 
0.7219920065036252 0.9459530379752082 
0.7165482905281015 0.9635887608440665 
0.6946228265915373 0.9578033931388078 
0.7153603520118875 0.9508596098590496 
0.696104070213031 0.9392300958350233 
0.6835930391448675 0.9382371290394408 
0.7096694138236523 0.9568568777283278 
0.7125700435374662 0.9570602574152216 
0.7150160944233438 0.9624986970899218 
0.6932899510992327 0.9419527428654235 
0.714044813965998 0.9701829522335481 
0.6924288150796505 0.9464449291707968 
0.6800327032953377 0.9558103456242397 
0.6853707677402414 0.9525178464522608 
0.6884782643112598 0.9669098375589184 
0.9282982760012484 0.7231613958565141 
0.9226090041244076 0.6978286976575891 
0.8957492731668114 0.7224580171090021 
0.9105987675846352 0.7302571071509599 
0.9187638841437565 0.7067864629861912 
0.9029582642429959 0.6947944178219403 
0.9085026438841476 0.739125421365721 
0.8939200141173435 0.7223420614006197 
0.9152157228491345 0.694310803432042 
0.8935190859325728 0.7359597996464203 
0.879324357453872 0.7046034006295568 
0.9230530050880378 0.7112882659019857 
0.8991063449559564 0.7075115871356286 
0.9193739370263851 0.7380894585689082 
0.9284542771851616 0.697820138326744 
0.9031123424301509 0.6934192092150631 
0.9075938788853363 0.7005699511184746 
0.902425845863205 0.6973959591246696 
0.9258685816799143 0.6989279584594413 
0.8874038706968415 0.7212706818186325 
0.8077096849600904 0.33457622563990114 
0.8078632511813058 0.34965982186346023 
0.8058127678938241 0.3411826512968953 
0.826913660738085 0.3392054724037657 
0.8188739293108108 0.366545621912503 
0.8072312065151647 0.3696431660460737 
0.8393118230796528 0.3360819154650071 
0.8027691262118014 0.3601164153193088 
0.803221176252206 0.35645995761873495 
0.8449541524346423 0.35387725418649196 
0.7998757238121785 0.34391199445760295 
0.7995801545492393 0.3463683408869234 
0.8184976514379418 0.35277045343826763 
0.8032457948219247 0.33587029384406136 
0.7979874856363579 0.37584336518696193 
0.7980116696686457 0.3527181569708331 
0.8116015128831217 0.34257704619716495 
0.8362823033030847 0.364611296276092 
0.8164043294985729 0.37787528626179573 
0.8451650162533939 0.362639061555745 
0.514941913320007 0.46296771708807355 
0.5354274947309083 0.48581263919489537 
0.5183884567196508 0.48015837164291286 
0.5446822789091637 0.450606190792817 
0.5089955640606673 0.473564089069781 
0.5470687977121864 0.47107583207305503 
0.5502548127118029 0.49446732477462957 
0.5061335275489952 0.48271738490047145 
0.5382423641005051 0.4680010312504682 
0.5250309090604366 0.4772233945546528 
0.5228931093471788 0.4581787898864131 
0.5376742541634316 0.48113814844866326 
0.5416497043731194 0.48925301462409027 
0.5529165690263934 0.4848788908082183 
0.5438447723163112 0.48879210409321094 
0.5302043323473565 0.483810034190538 
0.5382483134975612 0.4510700666977646 
0.528142855786428 0.4583736716266493 
0.5408422220668592 0.4797864993570231 
0.547406019056686 0.45315952947092514 
0.43925800820515526 0.8585612269500098 
0.4655233306761477 0.82520952624179 
0.4559968709324923 0.8578603817966057 
0.449419117230047 0.8202509611765365 
0.4610395469299674 0.8326397351171657 
0.4538675469885827 0.8635067507947921 
0.434314169368467 0.8278269761307753 
0.4426506844967529 0.8503800718703002 
0.43021731687558773 0.8360954838839371 
0.43936636656683664 0.8656186570303194 
0.44003995057186523 0.8627314326371783 
0.42949542281926173 0.8432154072553937 
0.46152245004066855 0.8334570179296342 
0.4690037510178979 0.8231050748812577 
0.439167865747162 0.8282863794373669 
0.473123808166432 0.8331444533863189 
0.4450861556681465 0.8616030839840936 
0.45586764900354054 0.8298344511025733 
0.42875108875904466 0.8551497888989213 
0.47126323452434066 0.8627743288216427 
0.16286971947906093 0.03307738131038101 
0.17594244705248804 0.051763436160402236 
0.18018950593435218 0.05260789154772648 
0.18711591614071216 0.03385809864827553 
0.17085909528158494 0.05176839867214823 
0.17661616548375578 0.06177049834448231 
0.16513900374828105 0.023537414749573646 
0.16449500092757524 0.048987309833438124 
0.19889312567108602 0.06790611361519228 
0.1992200088700136 0.03177300443638945 
0.205514785069803 0.051146232014093254 
0.18899279054574064 0.05847445551000311 
0.18256069703977879 0.028544341423281643 
0.20029272887831964 0.039831616754603213 
0.18173948733524944 0.05544927869397101 
0.16551905490709792 0.07218837536898447 
0.20031355584573493 0.025791320137374805 
0.1665562159342496 0.06434364541958171 
0.1719851357306462 0.026984136286826638 
0.197272810836923 0.033940006299639974 
0.7373657981720863 0.7672021447210643 
0.7244180867835005 0.7922821094222553 
0.7091193240206899 0.7713229712903982 
0.7555200646518042 0.8064197435251718 
0.7130333312292604 0.7792455870809536 
0.7142701625274854 0.7772288112569495 
0.7550627298748023 0.791169945291723 
0.7491672804462838 0.7717823772243199 
0.733908905413706 0.7699798367794555 
0.7120140903022675 0.7935127958645897 
0.742131953958762 0.790204821631613 
0.7410605457065629 0.7692406307767952 
0.7229751073673029 0.8006334636174544 
0.7147537227715036 0.7685009183273617 
0.7481320376483428 0.7648465692412421 
0.7372088330687615 0.8031567171486664 
0.7461139909559467 0.807617047613026 
0.7097695548011751 0.8021103499874097 
0.7288008590318269 0.7842106865719255 
0.7547445001647025 0.7993575457250596 
0.6294346972102075 0.7602381826683657 
0.6198236976066515 0.7367654786856208 
0.642677150211555 0.7276881327686052 
0.6060703835579494 0.7592935930192298 
0.6240858038889306 0.7558057025420276 
0.6254745669379395 0.7698478434128446 
0.6354862618670318 0.7589647479471037 
0.6389010481828569 0.7634027766162648 
0.6019263848528813 0.7301753053610475 
0.6158503859884555 0.7261339277862018 
0.6150358156449871 0.7256734709958871 
0.6422136253731712 0.7315883091986808 
0.6337152350305216 0.7390492416244185 
0.6371078872122147 0.7592136686613205 
0.6419124697206443 0.729843747426245 
0.6113529992020186 0.7621838262250549 
0.602964132322613 0.7526051944142574 
0.646914914398628 0.7381811296902594 
0.6176234100742422 0.743338089741086 
0.632777790477496 0.7537041064136478 
0.10512292308338425 0.9561229656304058 
0.07290145481675428 0.9669409221020242 
0.08375167665587518 0.9761000226510927 
0.06985355812755656 0.99 
0.06563184157905248 0.9612847366396271 
0.0695917147850077 0.9801898841542473 
0.11071042889881952 0.9529916214603085 
0.08514424805632301 0.9752885055426614 
0.06573213294482756 0.99 
0.08549878143046188 0.9838967979803888 
0.06492066745140374 0.9592318105192135 
0.07995323863273746 0.9891304361553109 
0.08398792169515125 0.99 
0.07870447859822186 0.9592665142335572 
0.10243145505141427 0.9718192648958781 
0.10705865863448073 0.9579281183575705 
0.07787487959246271 0.9746881705554735 
0.10332851266502244 0.9779722972041155 
0.07172846849661718 0.9519383837114377 
0.06717673331780466 0.9536886996603745 
0.5623360839008522 0.610116081597588 
0.5306525645493122 0.6112926685617165 
0.5478881759194417 0.603437904275813 
0.55091129721824 0.5867775173521551 
0.5273871018881148 0.5679090916344446 
0.5357310291043251 0.5892152116234866 
0.536185159402003 0.5797706085851584 
0.5278439951815501 0.5819503744343146 
0.5567642660578888 0.5695782862674214 
0.5564052690527974 0.5643784622363245 
0.5302616816254679 0.6038620123451705 
0.5461760536873286 0.6085940394636687 
0.5512084521158807 0.6117753444480608 
0.5702627640133415 0.6048254406690339 
0.5538933891879785 0.6008366118644037 
0.5725313629487 0.6133273900456458 
0.5469034482539674 0.6123924608671809 
0.5282375613098649 0.5921498867131635 
0.5444273729807322 0.6112725386523791 
0.5663070971681408 0.5920146728464939 
0.3961779381920666 0.30540288278845207 
0.4069583316149973 0.32515514680445157 
0.4210987779171591 0.32560154403922104 
0.3931756466440383 0.32384212079140107 
0.4383630062072078 0.3338719791237303 
0.4395015664639593 0.3328055650378155 
0.4034880418407228 0.3026477674941154 
0.43332909246707263 0.2943174963141098 
0.42974357899745474 0.3145476420829494 
0.3979115176038855 0.33977094035593797 
0.3979048344004579 0.29866739166558515 
0.41965344965417295 0.31108958664953834 
0.44058738202108366 0.32112039304820783 
0.4330478547421423 0.3059909844339872 
0.41674614736939763 0.30991101364017914 
0.39647656305725854 0.2946560668914151 
0.43698704564524743 0.3108778581380438 
0.43065184142871593 0.3038700127410081 
0.4375018563793163 0.33313667251625056 
0.42150599805147587 0.32636692212649054 
0.2752846818801949 0.5372385683307176 
0.2766215732148833 0.567491757048666 
0.28009918233426007 0.5854019905068151 
0.2961620446178344 0.5386587710728364 
0.2839608579720586 0.5580943924574027 
0.31239729733913707 0.5406980349998318 
0.31719631137526844 0.573900941344509 
0.29232880855613574 0.5628573589624307 
0.3169766970503931 0.5814811345472919 
0.2690838087904399 0.5531323733845561 
0.2717637342495527 0.54741515282631 
0.2901421273753976 0.5404192311186071 
0.2686954723518522 0.5497048171094052 
0.30935706908838584 0.5826337843722865 
0.2863178298360581 0.5513575105384643 
0.27377002508510306 0.5653487379409856 
0.28020129540826516 0.5765130629953285 
0.268629981703958 0.5563129584503743 
0.29512623843567143 0.5557116528166487 
0.31026323244515536 0.5561440548245884 
0.0628623349519613 0.640667394250815 
0.045598093008861855 0.6394914016794798 
0.05072944444493594 0.6308814144737938 
0.07091253438099557 0.6068463689328505 
0.05715766648667096 0.6013756699036105 
0.03671051869394322 0.6360557529705493 
0.07754828984896256 0.6005101913323255 
0.03611775907491081 0.6215928437931858 
0.0727810511032246 0.6292518534838273 
0.035623436872187206 0.6293862805949637 
0.04454541693264094 0.6276646597590313 
0.0566479532439476 0.6056445230437439 
0.07396343783407444 0.6160543455530725 
0.04803402473924513 0.6400562183304551 
0.048792112789728254 0.6332402790607335 
0.05972812235055985 0.6471021437448751 
0.03360470243960047 0.6320894874177171 
0.07649328766542698 0.6151321234834884 
0.03503498680610614 0.614967757141828 
0.048399154740257536 0.6003874510887934 
0.6626145623093395 0.054397588492216396 
0.6460765334993566 0.05618838785187963 
0.6479342128578508 0.07609364235941712 
0.6528436799246347 0.05147385211037818 
0.675852798577581 0.03696181553453799 
0.6680628131629158 0.06169937470679178 
0.6404248175787374 0.056543027580994484 
0.6788738894893273 0.030568579056195533 
0.6767683441682539 0.05499701053237609 
0.677232496432543 0.04548101490250786 
0.6706248695341743 0.071221439626386 
0.6613011987865477 0.05008100439876386 
0.6500636415821701 0.04825202923819901 
0.6614889870297712 0.03177287132251493 
0.6542978175937879 0.05160638516002615 
0.6547912198738125 0.07381450504720066 
0.6768152978810891 0.052748808008563006 
0.6798446947632443 0.07488506353011065 
0.6830548216865866 0.03185369385990021 
0.6547557226724925 0.030243672212160216 
0.6297512593003433 0.24063006477715607 
0.6261505549303363 0.2340807168311783 
0.6489844431829851 0.2685805867962344 
0.6370140306794331 0.2577881185782161 
0.6259779859962111 0.24286761022161982 
0.6682026917952628 0.24197074354730178 
0.6726238191226266 0.2462215928458514 
0.6299950413973051 0.2672307393131126 
0.6710810586813349 0.24296840756748833 
0.6601614139671712 0.26783848995758663 
0.6246276814287924 0.22709524937676612 
0.6528019320066603 0.269020960317121 
0.6396790918487565 0.25883690843793233 
0.6292540746910351 0.24921861610825682 
0.6287990110491168 0.23370555207145852 
0.6585168417699212 0.24774444118558417 
0.6355313052543266 0.25179423343911567 
0.6559490906115046 0.231958520282799 
0.6443536270173303 0.24928166850524355 
0.6260855821278128 0.2453673576290048 
0.1561161523737592 0.5799932738750143 
0.14799818757060762 0.5740853448650189 
0.16593763147235188 0.5618028165041673 
0.186482523578557 0.5699160077596809 
0.14892661430769788 0.5732288526572799 
0.15487242713893923 0.5873423021004133 
0.16271575046075515 0.5589451978351749 
0.1815431749784998 0.5962712743550941 
0.14526099033983328 0.562174451976392 
0.16526075047839456 0.5614999724078419 
0.18978363163040335 0.5872302375418873 
0.1614491222596924 0.5582724515951358 
0.14478659541494474 0.5783290596041675 
0.1548635827355206 0.6048856321500429 
0.1614405334052901 0.6054396115017563 
0.16584769184613332 0.5675708592265358 
0.14544692882708393 0.5987953004252046 
0.16292530786367293 0.5614038933717973 
0.16652089818006402 0.6071622763849663 
0.15448935054138324 0.5926324694031246 
0.47376860973704354 0.9712749752639552 
0.5102043140937593 0.9481635266303248 
0.5151061604221565 0.9792358632123827 
0.49307838151685524 0.9383483747306076 
0.48794254499501877 0.9529866807510732 
0.4904243090819361 0.9470346921892704 
0.48056659880289876 0.9390535793094859 
0.505639175680916 0.9770808422161271 
0.511962185123908 0.9765797170952962 
0.4861906978674896 0.9623792488637961 
0.4939711470935061 0.9665922642772279 
0.4901361918001924 0.9782191294931795 
0.4754885069248136 0.9464997266115059 
0.4989183363134523 0.9649323345093738 
0.5033565758728402 0.9587030282714191 
0.4680441013158351 0.9713890650855644 
0.49945312879373477 0.9809692693455637 
0.49326182390707174 0.966299111403453 
0.4775228175895606 0.9646695824123723 
0.5063816573885848 0.97450161598069 
0.22676880262387344 0.176633765284332 
0.22041081806053348 0.1696159245787079 
0.20134907366621044 0.16683333727010727 
0.20895779849378823 0.1539970979098828 
0.23722046781475345 0.1607263683022318 
0.24434302389187182 0.14595681800242197 
0.21112496896913846 0.16351279838461352 
0.2118817904456328 0.16905001572865647 
0.21641062873502406 0.14956758730394015 
0.19983884720354658 0.15675739495640545 
0.2045439168081583 0.1781846352987329 
0.2091358054792245 0.16041996386564458 
0.20674558802557463 0.18084925294863996 
0.21385837034385108 0.17611445483753355 
0.24013391042072796 0.1731743107348932 
0.22288387977353447 0.14895404119268263 
0.20960413477609594 0.18587840091665045 
0.22880976711641113 0.16553430651732076 
0.20810056208070665 0.13678576254709324 
0.2251893191237176 0.17438740755205673 
0.7957402411307478 0.5306682442135926 
0.8087130309053382 0.5390223910418446 
0.7854852867828642 0.5161314272568845 
0.7885099718892782 0.5086871348239249 
0.7996104238610945 0.514548706355834 
0.7726689152105847 0.5382858546722044 
0.814211412979544 0.5302190285582518 
0.7953182680924794 0.524187254184012 
0.7958133961315822 0.5207805934094505 
0.7854111405280477 0.5047793761104585 
0.7716582341518067 0.534895762133455 
0.7950363607882343 0.5066198370041831 
0.7978310823578799 0.499478194998261 
0.7957290466772904 0.5213040489734694 
0.7726579106247256 0.539208282123575 
0.8154113113980301 0.5397104139200988 
0.7810394848875596 0.542306828985349 
0.7913013967106891 0.5002655525238016 
0.8057551316948081 0.5364637839053843 
0.7779743664839593 0.5011389905863242 
0.287807209663815 0.7175361038152703 
0.2946856513658204 0.7107784706926972 
0.3014684879227983 0.739503151789856 
0.26884554801916766 0.7199691318034024 
0.2851120326432225 0.7278639923260508 
0.27529421239023183 0.7437390173833587 
0.2667738686595371 0.7025575510515691 
0.2599893033420131 0.7280781595388117 
0.3046171829615706 0.702068438039831 
0.28252091478666386 0.7450283739619227 
0.26974118877499875 0.7197259556464078 
0.3006677342563744 0.7173124899533841 
0.27061364012724387 0.7153821511628771 
0.28892600264635243 0.7229019493121785 
0.2983543835216372 0.705733212648158 
0.2941098728887673 0.7320460022617612 
0.27042248849989026 0.7296727382367391 
0.27850856659444884 0.7050035915881904 
0.2764530497867421 0.7457741098331752 
0.28622222284879467 0.7486070581509618 
0.21263468139367447 0.9334478286956052 
0.22026328804943002 0.9316023753054781 
0.22554056043863452 0.9108397561782077 
0.21017643007024064 0.9358242080181902 
0.2285488740516363 0.944178862866806 
0.24001161003937316 0.9144819895670617 
0.2426376400264293 0.9054176478299446 
0.21874545912847387 0.9060904739127237 
0.24490401311621968 0.9390893065324334 
0.20270102259337908 0.9059684539379323 
0.2036781243981318 0.9228391310990924 
0.23319402604440978 0.9342138761141341 
0.23373029887128366 0.9141590823542751 
0.23599082578545322 0.9173779146229019 
0.23522319677642153 0.9083446968370953 
0.2244676449247667 0.9216381628238286 
0.24165107443793588 0.9427710241807468 
0.21713449141746263 0.9196745446042222 
0.2189865405512814 0.9049454815018292 
0.19911489170842558 0.924421086092419 
0.4435481935975764 0.48152665642212705 
0.4306615975201783 0.43902527447908274 
0.437650284658317 0.4811550399829122 
0.4609303880658306 0.4408953669147257 
0.46230339441251145 0.43603413752579423 
0.4544295504209816 0.4653045039609551 
0.42702941702216823 0.46533497388110356 
0.4358733028956945 0.43804481975489645 
0.4629124116745292 0.48104144654321135 
0.470479882717092 0.4720943067894397 
0.47446820450506466 0.4649910125380583 
0.4750254897426183 0.47862933611423086 
0.4320486912319466 0.45738545523196766 
0.458363604269428 0.47576858781013753 
0.45012522522605153 0.4500318226432537 
0.42923363744186116 0.4669257966494441 
0.45734627113346155 0.441644218669208 
0.42742970147232406 0.4823243619380495 
0.4618715207754618 0.47729206038420563 
0.43761032903060865 0.43701024918683185 
0.9020596915833756 0.5325244194279045 
0.8614443728927551 0.485776150308711 
0.8855228049451247 0.5298949440902008 
0.8745101708838879 0.48637436583482807 
0.873037789676005 0.4842264249257627 
0.9003427821637747 0.5249234582136307 
0.8856815897817235 0.5321975905990355 
0.8589890894053824 0.48637334048470354 
0.8747587984184249 0.5160193823175369 
0.8965474129358947 0.4990640644818815 
0.8846600278140192 0.5022255770049453 
0.8884117371552424 0.519233916976929 
0.8900999258362045 0.4832609694378368 
0.8748506122113018 0.5101703706576483 
0.8632383202624364 0.5210614729355757 
0.8864055608144675 0.5140582841860546 
0.8950646782652898 0.5133062852559852 
0.8668687121317507 0.49381897421971915 
0.8961864037248545 0.5001331754302276 
0.8610121129253897 0.4865540050124064 
0.40196061913060543 0.7696435890339508 
0.4160512862350313 0.742703355570188 
0.43007831191326173 0.7408546800035124 
0.3982043695913486 0.7282629318112724 
0.3959717065845113 0.7531376913211599 
0.42378625597196673 0.7328552677934425 
0.3961658530194267 0.7322503042433707 
0.431788462578277 0.7305318741276903 
0.4153597776230781 0.7640775388828692 
0.4315921179621192 0.7240172684872096 
0.421017242463281 0.7351591015413315 
0.41953662242017 0.7577291201580354 
0.4089296054083451 0.7235037019551616 
0.396970740052046 0.7553902286664959 
0.39737225107089835 0.725865177847304 
0.43216646756963417 0.7531734620481049 
0.4286756682404684 0.752847173460886 
0.4062104899907129 0.724599662474894 
0.3957455384365663 0.7574888673525899 
0.4108793455198997 0.7468776001149903 
0.031178285086213217 0.7728301957915187 
0.049544331831930626 0.7448288663346048 
0.02095021805705393 0.7671647400837288 
0.05007605294453094 0.7472807002809861 
0.06826812393313463 0.7480906265310057 
0.04983072368908326 0.7318065186443706 
0.056759560110206095 0.7581505347435313 
0.053719180816252494 0.7395989961711328 
0.050177846711414564 0.7690933879984829 
0.02926102621564265 0.77139234999571 
0.05626188250085769 0.7678813097966406 
0.027614363016425066 0.7565496315709335 
0.0639203405951789 0.7345812931951924 
0.06877841121825692 0.766660375051198 
0.03408515107203412 0.7743025953035796 
0.029868794614412157 0.7345771788858597 
0.060390189006068164 0.7391049119049963 
0.06435353745570488 0.7629618568609416 
0.04581477413428165 0.7457987935798124 
0.04573087713807264 0.7671606857069323 
0.3143043233485107 0.35150280170681303 
0.30612230817827646 0.35058766900275756 
0.28552221080474893 0.3354099153548139 
0.2893632483108152 0.3240562638122287 
0.2749871477982124 0.35422845919153767 
0.278441176845009 0.31120699634096083 
0.3133747988988032 0.3453943836582422 
0.2966211248271864 0.332127624616402 
0.27472070822635253 0.3429997652450385 
0.2939386196837795 0.3513307112582992 
0.29224450683606523 0.3304028659891645 
0.2746137893449303 0.3131184225765367 
0.27292728066427807 0.3261282929252645 
0.3146857456499608 0.3142899565891734 
0.2754868853299318 0.3264868400067463 
0.2800459539684734 0.3311856970890316 
0.26901158826429644 0.3542617580098983 
0.28322088996822353 0.3047527255177621 
0.2775214095400665 0.32286899826304116 
0.292047721377342 0.3312802538167034 
0.5356965455457033 0.711413790255313 
0.5278112668466367 0.6861778069058391 
0.5618634639153957 0.6838726214147793 
0.5623071288567029 0.7162265624819256 
0.5197435339838282 0.685936991021459 
0.5516542246785632 0.6841821752458473 
0.5219345021571932 0.7217493479585502 
0.5521330399840303 0.7161566050340737 
0.5562765205866829 0.7066401968565671 
0.5597620801681013 0.680960721656168 
0.5450838369153302 0.693400870947856 
0.513144949447308 0.7119981573978561 
0.5294374426067928 0.7267182379714991 
0.5129188221944684 0.7150920424966548 
0.5607343021300667 0.680216258867565 
0.5486182242772093 0.7143873410159891 
0.5421065874701159 0.6911692191888186 
0.5321104400193288 0.6819689273211109 
0.5390458446658973 0.6978195061566758 
0.5307273128034408 0.7222074305141567 
0.8476132534787802 0.8103691293004041 
0.853668815052811 0.7856518869254304 
0.8828779545900257 0.7951489138679897 
0.850456608378742 0.7916367551943317 
0.8642252005866058 0.7718862989293425 
0.8577394498180912 0.7708997493006747 
0.8542447178593382 0.7807743326207188 
0.8483088728216982 0.7985481839308373 
0.8498183245879357 0.789000288816145 
0.875375166639472 0.7841816156986915 
0.8847320129476567 0.8048352780292173 
0.8738516192626092 0.8062670037551721 
0.8610138369934233 0.7765198092126707 
0.8596916051771338 0.7906034198430489 
0.8549458685159382 0.7853004191680536 
0.8454637814413706 0.8186830169986471 
0.8603621735776934 0.810205221238391 
0.8824948569778571 0.7832894136076097 
0.8802928708563703 0.8127033043066544 
0.8787657472352272 0.7709870496531396 
0.6122100919201087 0.9462895317951664 
0.6030207595919522 0.9359377341232539 
0.5960319532102627 0.9586885104579059 
0.6112093420811807 0.9479548383703237 
0.6267483814008807 0.9486701822179849 
0.6041563171347601 0.9465297061262856 
0.6234635116597075 0.9213400040835568 
0.5901714973511576 0.9496620237403939 
0.61290213358856 0.9603372855475913 
0.5994979917865307 0.9595171197205382 
0.613573626174043 0.9326984586050531 
0.6148932437684621 0.9270551507369102 
0.6119122581616543 0.9693521190960386 
0.5878750755565408 0.9567475139007808 
0.6113241657044229 0.9250553592152685 
0.5859320249517768 0.9560743470303753 
0.594148660793481 0.9337413445149653 
0.5853775818359881 0.9498608080993511 
0.5894599860374158 0.9708014918628375 
0.622307607279854 0.923741858137532 
0.7955344894863241 0.22460828500645283 
0.789532677520695 0.23957019917685773 
0.7673570174557971 0.25826618033145854 
0.7962960710909266 0.22899001268893215 
0.8003752765589454 0.2256945060112697 
0.8036174454099076 0.23544049676708406 
0.7872386266849936 0.24526792798533056 
0.803451749588905 0.24990564722402683 
0.8153641983639561 0.23179771562408072 
0.7726611788461557 0.22556846297584573 
0.812544315691478 0.25076026626748954 
0.7947293441952943 0.2592311438912044 
0.8089575635315229 0.23772750078138696 
0.7888627331613218 0.23629937237879245 
0.801575342820251 0.25990073722805923 
0.7671034088399418 0.2456196961616953 
0.7862504017410814 0.26924526306394436 
0.77538059932562 0.2543069842158335 
0.7931532891420581 0.24559616643826204 
0.7710188805937075 0.24575726343624657 
0.10378211783917612 0.09506854573251167 
0.09018735666692079 0.05411256739563213 
0.06404994153757448 0.053542193572623645 
0.11109500593516819 0.08752730289187725 
0.09790113346901727 0.05702018064071768 
0.06310253294738052 0.08740559621899212 
0.07996321818505266 0.08251616291619673 
0.08747220506063841 0.05264071413149238 
0.09584829469815653 0.0886681006617942 
0.10863284037412099 0.0880312763337101 
0.06332178885060283 0.09979317100192142 
0.07651304103517945 0.077728101490266 
0.07475717378737136 0.09327841513825277 
0.09495126026946049 0.08141295607162555 
0.07159362976882201 0.06003472161248478 
0.10194122884587253 0.06717748620931338 
0.06540142920946647 0.09177824139569993 
0.1020590326394135 0.08549267175295361 
0.06977801820866186 0.09728470335237241 
0.06502601119883898 0.0802390188725405 
0.5457071872028233 0.2507990677445359 
0.5698338934995076 0.20807112154683638 
0.582667522199503 0.20483627093581275 
0.5528347678887406 0.2410149639755504 
0.553612764854275 0.20457092246704983 
0.5555134669919415 0.2215276235374825 
0.5895358948246704 0.23607921198575482 
0.5833697070884575 0.24173489361921185 
0.5683531774667495 0.2035512321667182 
0.5663570241508747 0.20523627430696212 
0.5450998443831052 0.21658481956738537 
0.572804939599748 0.24199352416183184 
0.5567285396773259 0.23962727501770203 
0.5812262525085544 0.2510158531438435 
0.5461665125679851 0.22879702280528172 
0.5737891210662293 0.21530330921787447 
0.562399316946819 0.22639174646388693 
0.5910016016343853 0.23176844365109847 
0.575555386472861 0.2512258032453495 
0.5472998806026417 0.2383904135128069 
0.9465930360028975 0.7051571482685763 
0.9428645242322531 0.7092362605165334 
0.9597865620663727 0.7093980556068726 
0.968297939418289 0.6758721241973463 
0.9454611480057966 0.7132715678340849 
0.9485981825021282 0.710715143919017 
0.970281513368917 0.6723445944956061 
0.976481457574201 0.668588029347558 
0.9677276731036512 0.6995473779085933 
0.9770891391931166 0.6683825179354278 
0.9550121360831071 0.6783520125063054 
0.9422170239594709 0.7091890958151955 
0.9655399439366588 0.6817096808957969 
0.9531584156196902 0.7064753822309366 
0.9589663350940003 0.6930385337076639 
0.9785469277884163 0.6774909544959075 
0.9820494284477637 0.6863344902111091 
0.9490202244303074 0.7019871065944218 
0.9887714704576865 0.6884508199606965 
0.9645265941828288 0.7079785795280749 
0.6391152888294687 0.5872748256281951 
0.6578072035329089 0.5673864118428419 
0.636874521402031 0.5641463539811952 
0.6660889207449974 0.5777808967257749 
0.6232511985390936 0.584731801978941 
0.6526421550410381 0.5534360795515495 
0.6306055744216409 0.5689073304240211 
0.6513481443871091 0.5551542324303027 
0.625576283750787 0.5657654995772897 
0.6409373106324057 0.5691393806107355 
0.6366331395355808 0.5479594892375307 
0.6316537058851879 0.549579408484646 
0.6457206683041969 0.5508822971111001 
0.6310525384211744 0.5674689882463474 
0.6632457055171197 0.5780063028040394 
0.646959138575043 0.5886710872359568 
0.62442671839877 0.5566333316741102 
0.6389045650448522 0.5621667843520606 
0.6406762280922449 0.5668792383301663 
0.6489876185239446 0.5809593578385926 
0.2036265476298777 0.5077615735381422 
0.17592449295628784 0.4984948772054047 
0.20081642219691073 0.4720672159684188 
0.18041333264624232 0.5125144025439827 
0.18965049246701188 0.5063377137807065 
0.2020141895426158 0.5191313046263287 
0.18003423736463048 0.49341539003517804 
0.2167522051826823 0.48537990029053346 
0.20641086884930662 0.4921788940716137 
0.2042618860348559 0.4862955376594053 
0.2076362667520134 0.5060797024012493 
0.19751751002514892 0.5009045692018468 
0.186552515980379 0.49335206857254105 
0.19853625732381372 0.510532602006381 
0.21445441534091714 0.5192110327309573 
0.2168484450096309 0.512555419964512 
0.17504598199407378 0.4940245115259916 
0.19536425210902772 0.5119386645315573 
0.21201655665083133 0.5154450436193135 
0.1772254845787352 0.506317969117627 
0.036661469255699713 0.4482593130256369 
0.034292409791218094 0.4424914931027385 
0.017034925564294118 0.4511594406419526 
0.050517467026403994 0.4239502902050874 
0.053177441451415584 0.4467764940405584 
0.02785189160888175 0.41628346615228756 
0.034151031562409416 0.43305170810409227 
0.029980537251861877 0.4448702522141572 
0.017266763364951296 0.45364134522346394 
0.03290784621106396 0.4508639484797632 
0.011459216197269226 0.42318243810961637 
0.020724475428720135 0.4193525986247394 
0.02135572039020963 0.4215887149525481 
0.03566314542001902 0.45429547632590994 
0.03418207716531961 0.45114102872617673 
0.051693918780038976 0.42319935806130304 
0.03755279410247521 0.4594676361602446 
0.043520640237566445 0.4170310488204167 
0.054609967628285704 0.4539235310225077 
0.05095909871100527 0.42304745788805637 
0.6576557684719395 0.67571759923111 
0.6542303799218696 0.6594887501972039 
0.6473852167402432 0.6463692519117228 
0.6727292946853977 0.6783253232621644 
0.6538201080052779 0.6729201242757713 
0.6758040684890263 0.6402036354294731 
0.6862850325207287 0.6482436310080311 
0.6489063498841713 0.6542270725426118 
0.6841741692626313 0.6549208960961909 
0.6564995411523379 0.6887815027049733 
0.6867490345366803 0.6798462865799948 
0.6932227337030845 0.6638271799391153 
0.6931736647414675 0.6504801780955579 
0.6535543516068072 0.6614854829381429 
0.6747107837962815 0.6851255784801761 
0.6712100983647088 0.6519785494236423 
0.6719702876773235 0.6778144927082825 
0.6787769631487935 0.6648442344860687 
0.6855679644062285 0.6782396237718423 
0.6736192680816515 0.6423895657006726 
0.06253629216263405 0.1806935230622058 
0.06917238026454904 0.18323472720883158 
0.05451514152593488 0.18966451272239193 
0.051268044896225815 0.18915693541406423 
0.07911616241878935 0.20829301878932396 
0.07268815599678022 0.18099905515320835 
0.04780409773320549 0.1856517130355554 
0.042311616506850745 0.17879997531651057 
0.0724399596730903 0.2050699013734693 
0.056194177088098124 0.1933442658189508 
0.07563363352378413 0.20716639585022112 
0.048525742778355904 0.1822706647478843 
0.07163295869176833 0.2127088688913082 
0.07496175866245149 0.21766394282287377 
0.05249723009770308 0.19884818162132786 
0.054052276060377116 0.18776253383138264 
0.07170720623105228 0.19400647579637656 
0.0620705684400052 0.1970410119559903 
0.06368547510664001 0.1825872310505072 
0.07087020568688257 0.22177762711878854 
0.9501886763840778 0.4644980719277016 
0.9586170909507562 0.4337024562171354 
0.9468671379835675 0.43524394097868874 
0.9555142006379576 0.460992986858288 
0.9478400568800254 0.43464657756374353 
0.973332825391912 0.44499392289708184 
0.9804826848018581 0.4418784731297423 
0.9465996075620638 0.45347543736967016 
0.9675731262831706 0.42747013065509953 
0.9719957225518422 0.44777097560198237 
0.9616888561210091 0.4341954673664272 
0.9483923380304051 0.4603466305405954 
0.9756492980475908 0.45014997796116596 
0.9874878734540886 0.4577597446450692 
0.9785754954197804 0.4599595184334375 
0.983825478851099 0.4642304411306123 
0.9586071083210252 0.4588703827735217 
0.943772338321891 0.466949906128565 
0.9389505638635625 0.4616945457835583 
0.9614696828361174 0.4306998134488841 
0.802615679214101 0.05165184798334587 
0.7691379852329705 0.02007897438614538 
0.7775017975355522 0.05144042089526226 
0.8045091513106953 0.019298204801767842 
0.7940105235734566 0.03310483394755158 
0.7952527530775382 0.02570877880395982 
0.7977692673772174 0.029230993666731812 
0.7809353190649724 0.054060757443852026 
0.7846350797536067 0.014251024473305129 
0.7695199099436353 0.03921185038041357 
0.8041658541904007 0.029793386554694497 
0.8016416117803202 0.048716722924076826 
0.7613863240476815 0.01978976759148518 
0.8011827940784577 0.03565477740081474 
0.7651763147414247 0.015138708521654363 
0.8054993469115628 0.01901254309293316 
0.7716736089367857 0.035135068278029175 
0.7659019651748412 0.026160760106197334 
0.7861690456308437 0.021171877214456153 
0.779763807662531 0.04909378302310368 
0.9645296523610252 0.3083719433142107 
0.9393358084517583 0.30484595010090937 
0.9470531731951042 0.32816036861102077 
0.9208356108977243 0.3134953886619949 
0.9361766824680696 0.30825556962543527 
0.9385775265948098 0.34565650633110406 
0.9266854358015935 0.3082848280539365 
0.9458467699381898 0.3135580082168522 
0.956191970064672 0.31056353344415166 
0.9280701134419371 0.3087261010745936 
0.9631415803720392 0.3020264962628855 
0.930990151592932 0.3421583186703406 
0.9190996910587933 0.3378560988358371 
0.936276145007554 0.3264765773112276 
0.9337225757291355 0.30252546054841295 
0.9264001529151549 0.3446879252789652 
0.9527053411056617 0.3243496852061114 
0.945410590030933 0.3319980221057197 
0.9566329183963918 0.31840645977094556 
0.950485780164059 0.31775731965798526 
0.29327118018051207 0.01 
0.29938012802090097 0.044799809440294505 
0.30376968166963453 0.03093505987135367 
0.30851943304201696 0.014216258322979968 
0.3005336484418099 0.011058239670142833 
0.27203470308451416 0.021973393569850102 
0.27908979302128756 0.024364481258701214 
0.29071928629409277 0.03600117124517952 
0.2889507944954261 0.01 
0.265451490907079 0.01 
0.3097155764050785 0.01 
0.29160291555491324 0.0179690049523591 
0.27783939171514505 0.013730806582389149 
0.2955359116946871 0.01330085053972005 
0.2845283854885712 0.01608929614186182 
0.26947437789713913 0.014278189155298632 
0.27821083407058395 0.015215893146893467 
0.31467783296450363 0.016012264966765704 
0.2655547568767466 0.01 
0.26623522957578316 0.019868275455338712 
0.1548102032479574 0.7355027836269431 
0.19048170951762747 0.7575799910522599 
0.16045743965758957 0.764826788433132 
0.1770971809322681 0.7685039011180568 
0.2022422055146451 0.7753130611483565 
0.17982515499428015 0.7515791345830733 
0.19073431930738877 0.7324905749942818 
0.18035344281487897 0.7354268747005165 
0.19997688789339535 0.773661342335187 
0.15965851471925174 0.7285684630394477 
0.1900547578467114 0.752885101496189 
0.20045420861007632 0.7621765439792078 
0.17973555059243534 0.7654690436441248 
0.19253286490833701 0.7447768995338674 
0.15925582587380804 0.7495693914651813 
0.19031078984144545 0.7536045567982942 
0.15774309037665507 0.7299712814046829 
0.1536313966363401 0.7704579499973087 
0.19045089083320127 0.7664706763145525 
0.17335863295180362 0.7495825820308913 
0.8623838173801075 0.1416394721009961 
0.872675637551864 0.14856384604635153 
0.8626105966892619 0.1784736574760374 
0.8945469402069535 0.15870746760411605 
0.879082090326263 0.18143876895963487 
0.8735434023337316 0.15481533681317855 
0.8705977604068618 0.15181011562724775 
0.881383850300412 0.1455242390914986 
0.8899247039577894 0.16111317324691599 
0.8884847356124377 0.16318573392334954 
0.8707510779941056 0.1801022898738927 
0.8822105096341954 0.15475207171218228 
0.872745933018834 0.18126517801391318 
0.9005750551407724 0.18767749061672626 
0.8898116277803447 0.16059001126369388 
0.8837111456578556 0.1477437109809186 
0.8901728512436115 0.14519922895148757 
0.8949152345821779 0.17879382010070669 
0.8924232591297298 0.15104322274505794 
0.8589792768788577 0.18902046399381922 
0.5242306823804093 0.02084488299622734 
0.516152305928854 0.037959398956268146 
0.5122903381061268 0.059999720043792185 
0.5348673618319996 0.031443682166319736 
0.5558124729692105 0.03816015256306006 
0.5533096589943404 0.04394290192128532 
0.5417784093654059 0.03665617755700418 
0.5523300234255047 0.05389597140488848 
0.5112481983394959 0.025704078887472455 
0.5152256565173113 0.038623376363634956 
0.5417162065625205 0.03251973006033586 
0.5107087627743464 0.04013886670744249 
0.5365540587400035 0.04089624843704808 
0.5264305028281201 0.05980512709090732 
0.5447946137231369 0.0260527044880769 
0.5125711993596584 0.054888583535315595 
0.5337410136739696 0.049653995096765595 
0.5426053191331894 0.035063971380033615 
0.5273590731685766 0.019410757190680597 
0.5087613369055762 0.03493733643377928 
0.3719323239543699 0.45390890073925955 
0.3686917262696367 0.4665223498035786 
0.3585468750553316 0.4566689623406768 
0.3658623899258878 0.443828264485031 
0.35583426795690176 0.4293407253611718 
0.3771161345503638 0.45005476745895895 
0.3599348139434556 0.457854750286342 
0.33637155941835406 0.46553799743786506 
0.36765363605092166 0.4505430258452665 
0.36455440578304205 0.45835028272263445 
0.3604475218360188 0.46689428603014743 
0.3534326058076498 0.43021569662967557 
0.3392060986609914 0.4507913491364212 
0.3620221505179032 0.46106117725206736 
0.36879987675344084 0.4376476741176182 
0.3647800046083458 0.46461349668927393 
0.33326268462072867 0.4502101586333949 
0.33161655752967173 0.47476798258165076 
0.3663612945466169 0.44256431238883914 
0.3486860453501325 0.4727902810624378 
0.3141839334900567 0.8382834067168344 
0.33493865297791214 0.8367613980962749 
0.3235811544344309 0.8358537468397533 
0.3471639756885044 0.8585259824963491 
0.31388311112378664 0.850869627897534 
0.30533229114376914 0.8548266153457384 
0.33567356270363724 0.8362838717922694 
0.34258642705119924 0.855557105746291 
0.3530149786383514 0.84040398336564 
0.32782615905480106 0.8443053262136407 
0.30770890065672896 0.8207338471523713 
0.31843417739493035 0.8173193476819137 
0.3511992300546727 0.8526448216955227 
0.32472517573090576 0.8514119720937442 
0.34029844232354256 0.8160563277614667 
0.30714695434209005 0.8180466256044803 
0.34050806582163357 0.838842485844609 
0.30681493929514114 0.8304128952189641 
0.3291436800692461 0.8451914528512381 
0.3346087926056387 0.8343074770094803 
0.18415858084347542 0.22798368451711926 
0.14732524875535308 0.24408429152649216 
0.14982549759453798 0.23668624545700093 
0.18970644175752843 0.2376372941147896 
0.1890546437731634 0.24240552723542164 
0.1796924057858454 0.2591149103596763 
0.17885342371395266 0.24886141449657284 
0.1622720577324035 0.26939150786667576 
0.17106328846947788 0.23615996100265987 
0.15152276796400865 0.25664809630219343 
0.15238712333286245 0.26448437566519073 
0.14532296321814753 0.23439077148716814 
0.18666091209977936 0.2404733051808507 
0.14828878934724768 0.2686675997269259 
0.1707155397037442 0.2565207654456411 
0.15753652074943078 0.2731593036420432 
0.14163685978364607 0.25542361985226686 
0.15097646055606095 0.2285667490343392 
0.17925250747931892 0.24479919404627645 
0.1555071377451534 0.2534654095415889 
0.2215220486562564 0.399735426947939 
0.20713360192799185 0.3846674419435214 
0.18352239606463688 0.38121017176575467 
0.22392462390468537 0.39280365843879045 
0.18430164376248048 0.3921888029425008 
0.20569683178101045 0.36444742982715017 
0.21599243549171251 0.3594623460312908 
0.17815500790991717 0.4026663991903027 
0.21044102558655337 0.391958146188636 
0.2249391932018978 0.3941068799727868 
0.1793397955639886 0.4017687191765205 
0.1783492375840257 0.37860726392103017 
0.2017328730603793 0.3806740802235554 
0.18693678274959744 0.38839990440951294 
0.1979481263184417 0.36900655343346994 
0.18358492939357995 0.3727397434327148 
0.210940730140719 0.3970581047224765 
0.191686223009831 0.36634881925975527 
0.1830742392519415 0.3857376275762301 
0.19390131672840394 0.35785060842026173 
0.6957342849669206 0.4900141899759779 
0.7161739798469909 0.5023820265929931 
0.6986737531728466 0.5108753573426258 
0.7236464460633281 0.5013881140339554 
0.7255970268121777 0.5242559819670127 
0.7160247602830855 0.5214159304381848 
0.7224224150348338 0.5237106670996003 
0.6875852964484508 0.5110345847015374 
0.6924414506648557 0.48606859037597416 
0.7013754967009429 0.48558506441825744 
0.6937877209627472 0.5001947083987737 
0.6950948826418679 0.5301837939451629 
0.7045014971594017 0.521618609801977 
0.7081613889116621 0.5283196668256532 
0.71402319676349 0.5232532676780687 
0.7301399831666574 0.5019669370611188 
0.696725492506825 0.5209730867750269 
0.7005684387014358 0.48637216041832837 
0.6905702643364648 0.49028522760262666 
0.7040714021680933 0.48895383259274267 
0.7756954969687142 0.8970022561357617 
0.7885130532712235 0.8885400075740632 
0.786027646324398 0.9086991289759259 
0.7977531107865861 0.8903652386584592 
0.7943300990137827 0.9070314987722887 
0.7918692511772174 0.8922231909316743 
0.7957064865914862 0.9146776871418101 
0.7853666506058093 0.8852487938645185 
0.7927933196463659 0.8986258354165889 
0.7677685740128504 0.9013747952119459 
0.7821381499857522 0.9050851465820592 
0.797835599841286 0.881025698270465 
0.7981550848401643 0.8709898579666702 
0.765877494487883 0.8940139079862508 
0.7922418201218148 0.9149045780242531 
0.7693815645466332 0.8778715225998526 
0.7820535378409439 0.8954573361460997 
0.7910988350482455 0.9173770664184597 
0.7688468855362091 0.888501934609954 
0.784002169810457 0.8843413178181994 
0.6692430657001819 0.8246583252939549 
0.685465076660996 0.8492712259659126 
0.6705915722504159 0.8328827414586373 
0.6889414034608832 0.8522913387610124 
0.6818619330873584 0.8639774274358829 
0.6612612508592868 0.8477024356277764 
0.6889748653198736 0.8688225969879103 
0.6694239616604302 0.8441475893745839 
0.660582197006264 0.838686196812626 
0.6851935168998717 0.8389874378136917 
0.6717782813476469 0.85517468635353 
0.6555162596869568 0.8452600649472771 
0.6961176101816511 0.8291719949286046 
0.6744709107533022 0.8700630666026321 
0.6647274502440718 0.8395969141934451 
0.6611623774961857 0.8347499755085979 
0.7003146904953215 0.8401276502877716 
0.6863553369946546 0.847152205629866 
0.6738613994357373 0.825014850349453 
0.6943255425656439 0.866614217497896 
0.44687484886475065 0.24487351262228435 
0.4495303754604199 0.24564452901197895 
0.4366838652789572 0.23487236057030506 
0.4489491826813866 0.26633207670933773 
0.4762487564893602 0.2542706535739656 
0.4452922289310451 0.257257973715019 
0.43640713141149123 0.22667179711991892 
0.47144629991321507 0.26924516659792413 
0.4433101878784857 0.2479584603390778 
0.4386028740458935 0.23189376910079912 
0.4791777728061807 0.2327704191287572 
0.454507359095967 0.2578759936301656 
0.4494939160726744 0.24301895092137554 
0.4473950124839117 0.23722645170457 
0.44993576114553574 0.23157197790999046 
0.4406943195940705 0.26828070932511533 
0.45549163102134765 0.2594620621070625 
0.456867991130835 0.2642880884310572 
0.4391281889057305 0.2609099407335938 
0.45193411725210664 0.26208265360043936 
0.7218634920484744 0.1608103154656783 
0.6991648724012824 0.14729036967627263 
0.7202040495796524 0.14540122936471064 
0.6941008522126143 0.15916480844044967 
0.713541270662494 0.138740677644418 
0.6898410816049008 0.14599095953990215 
0.6788737553253357 0.1463003815788707 
0.7000886626515099 0.15519057619081753 
0.693742109650466 0.13025167290411446 
0.6902799502395921 0.15535033187143876 
0.6928771537755083 0.12267114331899565 
0.6928827963880554 0.12095485043057053 
0.6830071613013295 0.1384768564525391 
0.724351214758639 0.16068057941171687 
0.7017520101444491 0.13046916013370055 
0.7018825272022184 0.13960939601276848 
0.6978014733750009 0.1536892631640128 
0.6910334619665265 0.12393556807231235 
0.6950835353607402 0.16719821782362226 
0.6768568769414532 0.12142600104264378 
0.3703070024254972 0.5370153110320514 
0.37800280653665574 0.505082765813871 
0.3614487651864445 0.5279668645562308 
0.3551142396657031 0.5166171880205311 
0.38085667852625754 0.5027038082383509 
0.37201498104935554 0.5259391609343835 
0.3782655486906334 0.5355574895696317 
0.34552492017458764 0.5046115286917334 
0.38142223361398714 0.504802131235174 
0.3532700981191275 0.5228878405655862 
0.35728043015248867 0.5154087408760906 
0.38242331134399504 0.5080091203085159 
0.35695983264954195 0.533619387671501 
0.3824727856140278 0.520453713907018 
0.36996506450197036 0.5045986783216994 
0.3829632605058646 0.5178773209804576 
0.3461266289422801 0.5032788250808662 
0.34308284865953115 0.5335029762525261 
0.3582162059309593 0.5185812850524885 
0.350295405451157 0.5143959549943126 
0.6009528959487273 0.344267231520054 
0.6265645737972911 0.36795519943637883 
0.6406181285651967 0.37585200698551685 
0.6008114356904721 0.37267342223701755 
0.6346770695399251 0.35844391096937595 
0.6452634176712714 0.35749529297786375 
0.5974822178953881 0.36612371660210713 
0.6016050876608134 0.3610218852454229 
0.6168343818321024 0.3709346111065725 
0.642389326489735 0.34462278978029537 
0.6064663734388092 0.3618957662311255 
0.608609522088636 0.3451947522715882 
0.6363015724155769 0.368727560580152 
0.6044139886405525 0.3369059125497916 
0.6336618533053593 0.3670597411684509 
0.6067998244300309 0.3511271676959759 
0.6156794242169155 0.3498815257635082 
0.6210291332919395 0.35436568517313627 
0.6347558391934714 0.33968761854472485 
0.6115881707634777 0.3317013708969751 
0.1914452485838301 0.6702054073034699 
0.23875946806595053 0.6597680507424513 
0.22546435775360213 0.6627065214839044 
0.21497458798527502 0.6647989871588763 
0.21100044552168457 0.6748265068545811 
0.1930927296779807 0.6564168174203032 
0.22604393453831753 0.6482279939241149 
0.23689650149081637 0.6565752445741967 
0.220888608677423 0.6672520130588259 
0.21465592135829675 0.6466282782387737 
0.19032852474513612 0.6539354126213573 
0.20907572717490613 0.6531507777243402 
0.194905436763399 0.6684718518441972 
0.20631935309351254 0.6393048504377694 
0.2138438455179921 0.6370717266085968 
0.23034330910462655 0.6648119836088637 
0.20345291246858635 0.6789980979574922 
0.23046308624570405 0.6319337648123978 
0.22303169955067603 0.6535508695557625 
0.21317221936472963 0.6446747460276941 
0.33050847167576913 0.23066570305735656 
0.3258885959751767 0.235801648382042 
0.2942090393092975 0.2588612069017157 
0.29642314630192035 0.25108589191299185 
0.32309054790221653 0.21995705599718524 
0.33287093207572976 0.2234094258639362 
0.30831298928828754 0.22504940883683336 
0.30725805111399107 0.21953968047349626 
0.32071892141087743 0.21930573693013233 
0.3189484386743399 0.22929229441634894 
0.3021614328172694 0.2541076027075732 
0.32800283056381896 0.26009776470421453 
0.3134324051541102 0.2537289355332779 
0.31493735397024913 0.23251616993515348 
0.285465787693319 0.2263589629005444 
0.3187537284342213 0.2227714692837942 
0.32349182018410777 0.24946453479347874 
0.3016560673661165 0.23154058186173754 
0.29953456644774673 0.2517982177389232 
0.32494210656095185 0.23510174808887205 
0.7778551589547106 0.4359575401512455 
0.7614908470842529 0.44327325187777766 
0.7593114138184173 0.40510642768456856 
0.7579249028818472 0.415567049269001 
0.793979222257301 0.41972121087972236 
0.7835684742555254 0.4284088672463005 
0.7795302951846468 0.4176499016437159 
0.7702040770879187 0.4142552227710111 
0.7725158523172863 0.4330198049234796 
0.7608566969505551 0.434977506229138 
0.7657184027350197 0.4213004259721206 
0.7756198560933091 0.4106739528328363 
0.7642352101555344 0.4377312454071331 
0.7615419465441163 0.4422129090734999 
0.7840741755331114 0.44929807107840475 
0.7811378824704639 0.43434417932534614 
0.7482757309210737 0.44109687720248814 
0.7892646157768627 0.421632265548427 
0.7466586965185991 0.45355821388208817 
0.7661938933727904 0.44900087804427735 
0.4958676592667503 0.36489680241459066 
0.4843427697526125 0.3702936413094786 
0.4968557192900208 0.3898844126193217 
0.5078799171839892 0.38812513400406207 
0.5112778096080697 0.38826118546487165 
0.5063817304069747 0.389620179527284 
0.5250041890208903 0.37699830464822104 
0.49466921966629956 0.3471367425589337 
0.4846308249968197 0.36786113643143087 
0.5158473882727338 0.36686738951584535 
0.49668349057605354 0.38585352475384216 
0.5245623050292566 0.36985900354806667 
0.5159557662130926 0.374664963381764 
0.5225107170902347 0.3890093240048776 
0.524211178633701 0.35286090107126805 
0.5008589803915223 0.36020003159909286 
0.5089017477104038 0.36837109183529687 
0.499571312241169 0.34909723389866376 
0.5227373953247313 0.38494815842224167 
0.4871371393593573 0.3739139886604099 
0.7960524625729989 0.7109824769992437 
0.8304821445070114 0.731532634887931 
0.8052759249571253 0.724276928600422 
0.8099332045508018 0.7147096067877253 
0.8313889948810884 0.7201692088065208 
0.8028111570759731 0.7516339557257367 
0.8260563274832853 0.7315058698406192 
0.8205975209906646 0.7316110798853457 
0.8315294061454032 0.7151161050021999 
0.7846839994859303 0.7515751683403837 
0.8143441866599836 0.7187470315997503 
0.8030420814300543 0.7032858695370993 
0.8113754187096671 0.7063668677986698 
0.8289115972964667 0.7160232593453527 
0.8193019871226094 0.7323329189871335 
0.7826320432345483 0.7087812102936359 
0.821322567105992 0.7347391816931861 
0.7965209818693316 0.706020515166929 
0.8085502059540763 0.7466411203216003 
0.8017574599996063 0.7229356433271534 
0.555657217353128 0.1280239552819158 
0.5394632638817978 0.1763822537751323 
0.5282706701478963 0.15412535622887397 
0.5214141053876348 0.15863783725715744 
0.5584163944232228 0.1275970461943983 
0.5120517162144649 0.1702032111891239 
0.545661709442888 0.1724799735036927 
0.5234541474326545 0.1321463014656189 
0.5305017583215696 0.1751072936710781 
0.5255958655603233 0.14009000477175082 
0.5383144468605366 0.16439234182489296 
0.5479171998430779 0.1421427071078581 
0.5403572606766514 0.14922104764911687 
0.5132372560723605 0.13888845732666127 
0.5299030423559282 0.15937751768618724 
0.5376882277269055 0.13084793385925686 
0.5112943911899641 0.14779849816328813 
0.538222304460574 0.14554418020586998 
0.5102119912149494 0.15669700110111925 
0.5463902512860331 0.14728275526791174 
0.35817503944934564 0.3890591851600456 
0.3609287508750751 0.3434500926629235 
0.39294896905390564 0.3908020387134589 
0.38072290706925216 0.37776454937056914 
0.37790096507409526 0.37882567889474933 
0.36203601149294257 0.39203834255044745 
0.36875024610778645 0.3922193362226929 
0.368563111375282 0.3728567477242093 
0.3565022508519818 0.39089762349126944 
0.35508796741411247 0.3493076961172937 
0.3837733743832745 0.37875868567837384 
0.39818659727934846 0.3584378375153658 
0.35032701278921874 0.3721366916864634 
0.39314939627898704 0.3893154465758049 
0.35042397825009625 0.3867104132646873 
0.36174540505525954 0.3711001468079344 
0.3718352049093571 0.3920725186374338 
0.37941613806112084 0.3796448528199455 
0.3923100008309178 0.357355249532156 
0.3653952083608701 0.372007781238979 
0.14851976098559017 0.8891910973691749 
0.10822435865933261 0.9240539033603338 
0.13641045845416175 0.8959534521726737 
0.11721051639516777 0.9236737160067419 
0.13276390967093873 0.89938220613657 
0.10851502857051751 0.8876316171162969 
0.11444379312741147 0.889473383029368 
0.14002192910859002 0.9114906047198696 
0.10603423774226228 0.9033163337147856 
0.13137546098361697 0.9100611298139389 
0.13538353880279697 0.9312283713676686 
0.1358194801673608 0.9106085940404928 
0.1358710615270032 0.8838151025094015 
0.13571370498126395 0.8978656577036271 
0.10921823115589208 0.8924910240060338 
0.11102745737908809 0.8933335782265935 
0.11894858482055652 0.8942469052400573 
0.1500806908357722 0.8928567963537053 
0.11585381763924814 0.9152190225592923 
0.11580357035080488 0.8904306991938814 
0.9197852824001813 0.9679998490455763 
0.9501003005267854 0.9577683614441234 
0.9158687157270468 0.9431638440931953 
0.9155305454072103 0.9621576132754786 
0.9497408423366668 0.9709015188706291 
0.9460398666174511 0.9700964260683935 
0.9233074701487993 0.9400382257362465 
0.9483396946911754 0.9743865554527728 
0.9430011982219934 0.9439617377383 
0.9309535437950126 0.9657579545833579 
0.9460148114466165 0.9379711309187688 
0.9530800259244421 0.9398468355781222 
0.9274318863126643 0.9611060456664375 
0.9570042230609492 0.9346711831808073 
0.947885465852674 0.944468718645812 
0.9492378126397586 0.9551525554543964 
0.9171110196109342 0.9729137681338806 
0.9214623170195458 0.9676245988729626 
0.9165958755653836 0.9355614331727576 
0.9559105009801634 0.9504062124318658 
0.6951459429064557 0.29974900243337005 
0.7124066213407418 0.32855387167713546 
0.7357582267295368 0.34578276221228327 
0.7278547658805009 0.3163633501720063 
0.7319784083825306 0.31187499371366845 
0.7237166347927759 0.31773933577145835 
0.7267372088821018 0.31555283068094186 
0.7353658285323407 0.3059954160653666 
0.6977501740488304 0.31292367064511795 
0.7408220808434972 0.3449385027728571 
0.7291717595130125 0.32415401110979997 
0.7118201668933735 0.3338575642386701 
0.7339953696905672 0.32057816154200663 
0.7075690924718999 0.29691539580270576 
0.7071396727875578 0.3390005183736278 
0.7429768974280072 0.34091249079975156 
0.7212731337153113 0.3385451932944833 
0.72312769878283 0.2992881578920366 
0.6993356040471381 0.3443637354621703 
0.7426577693107413 0.3398819113613287 
0.3503488475251368 0.09787078616976493 
0.336223188594748 0.12961972888930642 
0.35036128455459575 0.13082051020231603 
0.3795006427526721 0.09357817312905108 
0.3340095846262166 0.10674283341094298 
0.36173144564501797 0.11784323297689779 
0.34178750752320947 0.09309777310519263 
0.38079179875973795 0.09072160298179682 
0.36254118262291546 0.12754362779928433 
0.3501865569870425 0.09005125058671248 
0.3375083973170514 0.1320075699216293 
0.3659687868937452 0.12000751091124419 
0.35939340900108513 0.10972023041490159 
0.35089493781967174 0.12406174618082721 
0.3580391324778326 0.08803175527794804 
0.37327657141957643 0.12487838062641375 
0.37871068606888053 0.1138452438531434 
0.37664662805408944 0.1135311804965903 
0.3644692925922449 0.12867566052247265 
0.3471496074990009 0.12472951710258753 
0.03822955264852673 0.07590323456907065 
0.026540949648569297 0.06001736545173489 
0.04846105882234124 0.08869825188109133 
0.010256863950769817 0.09275427220192632 
0.01 0.06751707886517445 
0.01 0.05982411374270499 
0.030759284987187767 0.09143463176590717 
0.018383034494210165 0.06470419871612185 
0.021919452356487734 0.10256452164700455 
0.01 0.07641457273462517 
0.01 0.07240105585783191 
0.022106878833744043 0.09736302308740363 
0.021415013519209415 0.06999903323856789 
0.030612055074365107 0.0793998529698971 
0.038236863034371425 0.061163450291837895 
0.037934443620225466 0.10020857776891512 
0.03836432884715456 0.058060665779188114 
0.047010855041766296 0.08316720862024543 
0.042472577494635004 0.0935711006457881 
0.012966035126467329 0.10206736439777532 
0.8167127365513447 0.6360184387944683 
0.8402604628266771 0.6304212093325013 
0.8230956761785739 0.6378519869638565 
0.8469412803033325 0.5991074401630705 
0.8144575492648266 0.6281998968974604 
0.8180055546202938 0.6223201008367033 
0.8367202922815994 0.5965807464764408 
0.8068871009501194 0.632398948331644 
0.8048638466827176 0.5930464079048224 
0.8426018334181807 0.6031902589280209 
0.8457387815960238 0.595225699364778 
0.8241899337097005 0.6399983563255557 
0.8277536858506955 0.6286521200090643 
0.801579971513976 0.5994271851135816 
0.8112696621856967 0.5928919456986312 
0.8182918745260965 0.6419854239987647 
0.8089736682352221 0.6109640157992772 
0.8473846809901822 0.6348395609017892 
0.8088584657659583 0.6153720444794318 
0.8435963377491117 0.6204281907263299 
0.8900741816527138 0.03475688476324999 
0.876926693474707 0.022927290985393894 
0.8765492903696064 0.029799084049909063 
0.8968167994950587 0.035630087538678086 
0.8857218541622331 0.022929075464165387 
0.9152110949821795 0.038714163398253267 
0.8835942168367356 0.0362574851616197 
0.8730947224705533 0.013504433111808992 
0.9150995356966658 0.018682250480741274 
0.8755612367168005 0.023390541014784196 
0.8757111157366027 0.03228330553489273 
0.916046027261161 0.020633158769146905 
0.882119452273997 0.046702815531169665 
0.8914351300159911 0.046585711933364755 
0.8745283988459315 0.023016965891938822 
0.9176571867651685 0.013741379842614365 
0.9172303705080027 0.052638705720194086 
0.9042433308295821 0.0459516390907733 
0.8949335526832543 0.05094604010099563 
0.8951703904823258 0.043584082356401356 
0.047812750558740194 0.32227105746391654 
0.08532561731788027 0.29395044201576176 
0.08056315353729265 0.2898033509711013 
0.07339242482077121 0.3098354278992337 
0.08475306540426208 0.31026561382508727 
0.051185389309278 0.30790142216855987 
0.08242358552540793 0.3035475922131465 
0.03776924183326635 0.3212175688987056 
0.07453534902489856 0.2868952865645742 
0.056942192342453055 0.28680124860565054 
0.05353790939516408 0.28896138782267616 
0.08088527820730151 0.29921448464018013 
0.0666507713436689 0.32722457179196895 
0.04379083371716541 0.286644915233728 
0.051807909418949125 0.31744717981756854 
0.037458178443750156 0.30948487576624606 
0.06534728516701846 0.3268156925231342 
0.07182669025283639 0.2971224647755416 
0.04823066438950637 0.29866941528549107 
0.04194157640753404 0.3240118299558184 
0.8962394927395837 0.8548128410013391 
0.9001075988228668 0.840441837906823 
0.9103544677611644 0.8639190548980342 
0.874749150207476 0.8671919857158992 
0.9106940528193292 0.855914209545474 
0.900999185257031 0.842317780342445 
0.8872568035854225 0.8876407550298097 
0.8803662758502212 0.8410141733622872 
0.9142807910571881 0.8787208011532953 
0.8879185224583914 0.886173068843939 
0.8724333881814255 0.8673840002493657 
0.8920743808498155 0.860270188837957 
0.8787374874375673 0.8552216916276038 
0.8897051659268383 0.8860457918933298 
0.8979932381417304 0.847372773066473 
0.8691967258821608 0.8409090547075875 
0.8995196676438119 0.8874458905928757 
0.8750725566506203 0.8770662231314287 
0.8743782638719587 0.8882116806325466 
0.872244599166036 0.8569988692111311 
0.07941204225251511 0.8432976369819617 
0.07947991314820378 0.8172217399199354 
0.10101591751789807 0.8380129164419465 
0.07335470463121817 0.8470512294785003 
0.12205756877877127 0.8510761171276873 
0.09639660648365397 0.8087336513750583 
0.11471586714980972 0.827831793416322 
0.07781821059777735 0.8360873809287069 
0.07906425072860127 0.8304436019238574 
0.08388658966178254 0.8206024535043611 
0.11424035125282386 0.8219328807785518 
0.10039295313676844 0.8113740725077788 
0.07816914258283968 0.8137588382552263 
0.07942174642356091 0.8482217725231335 
0.07986491897196277 0.8085582552278552 
0.08037813174537409 0.8193145194983912 
0.07790905777562174 0.8366872509721947 
0.09918090579288959 0.8449317823252814 
0.12063210286284251 0.8399601755810252 
0.08399804687133824 0.8216445907125872 
0.9185043587941732 0.5781362021435814 
0.9303693220552631 0.566755969372237 
0.9570129490952088 0.6071971719802438 
0.920067496699042 0.5973853739376251 
0.9216678598054382 0.5627822738572673 
0.9216821845325489 0.604490062202706 
0.919080366937847 0.5817638180684144 
0.9263525073685206 0.5689871670453895 
0.9439471948997137 0.5819591966455749 
0.93961812858977 0.5632479478291933 
0.9213059260511868 0.5744694437131157 
0.9177626249440987 0.5644690904251467 
0.9635517209564193 0.5810092821875823 
0.951263544456854 0.586551523964127 
0.9325964681961895 0.5731834318216891 
0.9488038778426447 0.5760804787438505 
0.9408810328295713 0.5755676131720254 
0.9616009192695739 0.5886224662711421 
0.9674460689331781 0.5878954543669178 
0.9337646117280581 0.588319637730258 
0.29259527485104914 0.9740089187970982 
0.2685871039549301 0.9348812147216969 
0.3136591502287795 0.9622379564035677 
0.27454910296470036 0.9772323604616511 
0.29924718810272827 0.9605732710257118 
0.30464925558292066 0.9537232976507 
0.28711769028489076 0.973623263427464 
0.3128870197614706 0.9374972562886857 
0.28315073266633994 0.9761746793787199 
0.2835173633293494 0.9310204629530631 
0.2850642749445584 0.9346853280974563 
0.27422149671746315 0.9597012292857781 
0.29454452032853085 0.9724206758263514 
0.2837869607366474 0.9657074033843358 
0.3036262758295289 0.969728681614134 
0.3149647923594648 0.9300974902381363 
0.31119528866043816 0.9704803227749474 
0.28529183440910916 0.9380564363696702 
0.29896111421395954 0.9414180738774863 
0.31220347058316306 0.9680534407388053 
0.6009683934008795 0.48079591482625356 
0.5930054942453751 0.48080524010763814 
0.6082630408960249 0.46025182394168446 
0.5833045604823718 0.4842284812458016 
0.6164297219195143 0.46707845198657444 
0.6124454646843565 0.45690134142217875 
0.5942088294102068 0.4460803305691278 
0.6175411684821076 0.48021455894758114 
0.5973674267370708 0.4732614128546144 
0.621619749716751 0.47606310905466714 
0.6319152100233066 0.4411302629054325 
0.5828527827205909 0.4520571531816089 
0.6093020794681614 0.43641565734341636 
0.6040398136430659 0.44005765243965594 
0.6057740662474075 0.4436122162266911 
0.5837772742520791 0.46792562020901485 
0.5999599933888222 0.4762885300042048 
0.5870656213468898 0.48076272543027204 
0.6143870216347278 0.4722877312016196 
0.6039355682308064 0.4469992087178293 
