0.29852965189992786 0.1427085654874252 
0.2963422757073914 0.14259943526029387 
0.29211175143464585 0.14237635900995843 
0.2986043945825965 0.1402041782266724 
0.2953967569841593 0.14482370018555463 
0.30025539885290004 0.1421763689989124 
0.297110249409227 0.14068567211334207 
0.29740631455442246 0.14517413944511812 
0.30025936846629636 0.14130618515969465 
0.2988895288486102 0.14250876176347835 
0.2946369747795821 0.1407304163873468 
0.2920853110505178 0.14468373637745793 
0.3000226274504087 0.13870556345201257 
0.293327557957483 0.1473173940753754 
0.29540939549519035 0.14585309369828434 
0.2971401072718196 0.13916778775118532 
0.29771257148602015 0.14168408629273105 
0.2974444038274902 0.14329169247287785 
0.29668672156511355 0.14677957621904883 
0.2938593685504624 0.13886663057638338 
0.7485672870399985 0.632725482438024 
0.7489849356197138 0.6301968229301943 
0.747691393685875 0.6323425255970254 
0.7513741981596135 0.6288182898914871 
0.753316353827924 0.6252801083412736 
0.7518369292715348 0.6321069197925459 
0.746541105933359 0.6264817585247127 
0.7510551241140379 0.6264814250265417 
0.7451270950460873 0.6268711815345439 
0.7532369053670888 0.6263495799471107 
0.743792887545451 0.63260511335594 
0.7447161587756369 0.629337286772061 
0.749229738890524 0.624597327494922 
0.7453766371274269 0.6330501134463385 
0.7443332066106078 0.6253625528623376 
0.7525181148965341 0.6288828632433179 
0.7463886266716813 0.625065899293666 
0.7522469927289953 0.6301567212694584 
0.7455171244035529 0.631732904159003 
0.748573955309754 0.6341397755930147 
0.20382014809155868 0.8357590438521025 
0.20782710602891138 0.831923725259277 
0.20301901894316868 0.8349194977548768 
0.2123502163868627 0.8340459641864673 
0.20416424601187558 0.8376743440553607 
0.21104530526263507 0.8346356182659941 
0.2087919918585883 0.8349265260110411 
0.20541230059798146 0.8345478631392113 
0.21071767730689495 0.8386218704250225 
0.2080096365505642 0.8325038746422707 
0.20473848284756424 0.8330395608552027 
0.21259136378163662 0.8378798648765342 
0.21178255866002219 0.8327395171713499 
0.2107339106784428 0.8341183219589331 
0.20622734564174594 0.8321181015191602 
0.21076236856090186 0.838935162796527 
0.21094077910203507 0.8345194213450228 
0.21201900097349888 0.8315112918071771 
0.2058542150622841 0.8362879997464774 
0.2128919485036164 0.8355602772555182 
0.8132663812938832 0.11173983702652697 
0.8143829266373099 0.1126532680646548 
0.8143463906659717 0.11057770722647342 
0.8109230558020083 0.10708444427757079 
0.8099632352340395 0.11025329765231222 
0.8126101746528648 0.11212404945697951 
0.8079716277817106 0.10596755728316279 
0.8111403081729813 0.11041626273536444 
0.8131178607937243 0.1110654619745579 
0.8125195933398894 0.11350572898975991 
0.8102018102850038 0.10912431749210932 
0.8060139923158437 0.11214735957126105 
0.8101010658564752 0.10843127406414282 
0.8137314612072679 0.11385728089528878 
0.8078425337401809 0.10947053367444862 
0.8048731495219681 0.10449193781307096 
0.8059367013985629 0.1113335335058405 
0.8060093429642649 0.11169706956836142 
0.8125159502434979 0.11306533368235036 
0.8093570584568412 0.10969906676817419 
0.27498060986730927 0.4197539836663639 
0.27181927357515834 0.42186083132663904 
0.27865404260074905 0.4225625395487054 
0.27675921870152687 0.41817949203729177 
0.28088942533762584 0.41555651290320916 
0.2784898598630948 0.4167691620888607 
0.2774505314808461 0.42234477691998906 
0.2786063079767239 0.42334003918404706 
0.2717796158180896 0.42419362757920853 
0.27978074766359984 0.41701587461721057 
0.2776345958559163 0.4199440804124704 
0.28058537915135956 0.4212555557363721 
0.28000256098374154 0.4222912912427358 
0.27336875541383415 0.41569823950354423 
0.2768984018066521 0.4155591523697786 
0.2766857225380172 0.4231085172079079 
0.27214608911029675 0.4190277740135297 
0.2733709653757499 0.4205018638136648 
0.2736603010422668 0.4231554219978624 
0.2730189026378741 0.4207258184611558 
0.8251704817516945 0.9584523017199664 
0.8247252064068588 0.9610188259470838 
0.8240940449971025 0.9554269395628674 
0.8308048709070048 0.9601725860137185 
0.8253365052640734 0.9577898141446824 
0.8234309784140681 0.9552321968123212 
0.8234864682372608 0.960130811318611 
0.8260803668338835 0.9558193505336032 
0.8264995491439375 0.9607948532552609 
0.8260714727309107 0.953657785033611 
0.8230186938191206 0.9567489175040401 
0.8281566901911867 0.9611668086177367 
0.8311417075745078 0.9586230551383861 
0.8254430820892823 0.9597058760614192 
0.8229744645728695 0.9559039547943358 
0.8311898494020813 0.9570079897632416 
0.8275411887409166 0.9580807240856138 
0.8226546273658879 0.9587640591416832 
0.8287636055105441 0.9541751796451778 
0.8280562559702592 0.9533226149306616 
0.10607431502212802 0.7061935218451778 
0.10612313018803088 0.7012762102129426 
0.10741817886506995 0.7093973297564039 
0.10322735714370265 0.702028932705103 
0.09779959385036681 0.7093658840285049 
0.10743032194988755 0.7081148854974624 
0.09938802306313288 0.7080097106934152 
0.10300696641682572 0.7051712031032272 
0.10611711924599393 0.7084192940396784 
0.09854277366943134 0.7086080271753592 
0.10307406355367128 0.7029570348642836 
0.1064521177251431 0.7038543134822649 
0.10718816017083953 0.7036472926142526 
0.10280782395061878 0.7082837912376734 
0.09980916447551812 0.701436967749464 
0.10330631797119964 0.7096381906157105 
0.09943338165096821 0.7056705987363595 
0.09886239705307587 0.7046284452007582 
0.10636690368002777 0.706056502005631 
0.09999811193968601 0.708781630210808 
0.5500375911308611 0.8677297595824359 
0.5581193773092084 0.8626531390594395 
0.557670108810686 0.871457377132561 
0.5541142448029568 0.8646599214022354 
0.5566755656302179 0.8657289556770222 
0.5565047608841733 0.8624405449756535 
0.5509031190420196 0.8709512933565048 
0.5580768676981416 0.8674610105278274 
0.5549007318262471 0.8697279976972349 
0.553200888578505 0.8679988825356222 
0.5524452749663955 0.8711138158203676 
0.5543152790648008 0.8713281489689605 
0.5552154882375937 0.8641780779663037 
0.5583623185112462 0.8630464225325892 
0.5523717227784263 0.8662682119769725 
0.5525155166325871 0.8634950129789508 
0.5568788072562656 0.8647832293366114 
0.5592831476960407 0.871483575195586 
0.550224868081515 0.8676595359743478 
0.5514909290973692 0.8702295036251734 
0.8825014241141571 0.4351118363449763 
0.8843447465988765 0.43218082117244916 
0.878586204940372 0.4381710090484397 
0.8831956723005311 0.43772291259628493 
0.8764829683980722 0.43731433719312 
0.8832213172668628 0.43137738385763386 
0.8772309438350399 0.42910787995676275 
0.876940367598879 0.43116193741164227 
0.8780981880356162 0.4341646298440771 
0.8841707779327098 0.4290154361039413 
0.8791886004270094 0.4320693615687776 
0.8780885639487006 0.434907282833704 
0.8776527040194567 0.43088146076152994 
0.8831087587957938 0.4348368408976821 
0.8803667856024648 0.4286779056961581 
0.8805913014661279 0.4324121709003318 
0.8780024917049309 0.4350523441708834 
0.8849963485185184 0.4295735356323218 
0.8767281533435346 0.43142709950914776 
0.8776245350674452 0.4291728689137582 
0.3640110744037517 0.6580902531274869 
0.3619108599764226 0.6544545788972485 
0.36509755107735664 0.651149680028383 
0.3606022536299215 0.6544655358343006 
0.3676024560263625 0.6532427962570099 
0.3689677985788123 0.6580776657807835 
0.36794734102505766 0.654320668002281 
0.36823089788096425 0.652850137573828 
0.36265497298688404 0.6491739002117842 
0.3608314727556963 0.6563983688375501 
0.3601668263922916 0.6531480459622186 
0.36038151496996557 0.65598849249764 
0.36014233742226054 0.6551555268849826 
0.367912289952727 0.6574069365365193 
0.36492938231070426 0.6575849133114525 
0.36018685419859975 0.6522188209292176 
0.36491696363760306 0.6507141263412879 
0.364881747591072 0.6504270911744341 
0.36023896636714625 0.6526710031634904 
0.367784736707595 0.6513351027352489 
0.6847800242945498 0.4065220548004969 
0.6851136154719526 0.41331868831276297 
0.6825456816164607 0.4108994486217372 
0.6822561880012498 0.4163407450608696 
0.6894406154043488 0.41207852651473587 
0.6801185276360436 0.4121212898843439 
0.6845515869318743 0.4086903872285074 
0.6807818566464979 0.41132714051199726 
0.6891289268109554 0.41435069449598505 
0.6840799279808588 0.41159382297748 
0.6874141266259022 0.41216035739848533 
0.682666568548368 0.41189356627801926 
0.6840046410380275 0.41458619459182405 
0.6894297546722308 0.41502196394864577 
0.6846402958964687 0.4085268714587177 
0.688097194809804 0.4110277358002915 
0.6891309926171676 0.406584062380558 
0.6877842778306089 0.4102957050393216 
0.6813836601487251 0.4128982711319069 
0.6883856021778479 0.4135175398156143 
0.09450830479547365 0.5105755902849316 
0.08917268938729905 0.5135616125322059 
0.09102173544636688 0.5118138985386416 
0.08728926534387278 0.5092930369887659 
0.08803403161456362 0.5148123276620675 
0.08832164359933554 0.5104138478769136 
0.086873696721285 0.5191756814708312 
0.08808274689060229 0.5119212936323297 
0.09549715310950677 0.5100807295979342 
0.0934892223953464 0.5172799129965637 
0.09220171957694775 0.5126574661945533 
0.09290244715263006 0.5144079952655538 
0.08593211214589243 0.5153898394611204 
0.08811335592360366 0.5142439309674194 
0.08597587578193737 0.5177531259993962 
0.0917357558281327 0.5146458294787438 
0.08676713284215533 0.5171125032143694 
0.09281529498620072 0.5168327700286828 
0.0934699965928419 0.5188734045568817 
0.0887665721338197 0.5158720153097927 
0.12185473843348721 0.15309665723250926 
0.12159106880198721 0.1499580592217787 
0.12355000600640159 0.1459140342487061 
0.125500311785802 0.1528566714090105 
0.12188402512907527 0.14797447785006662 
0.12656032827808697 0.15241330774621778 
0.1172809440398868 0.15302556514794802 
0.12307629822117938 0.145504366216469 
0.12443577516280131 0.15188859438018482 
0.1212816124128274 0.14578755794394724 
0.11877784647646211 0.15289509565424508 
0.12484596429313342 0.14839816168565323 
0.11789371602153265 0.15109316455762822 
0.11999699421256875 0.14852855633688292 
0.1249063026897843 0.1541274022394597 
0.124244971294277 0.14871940046260618 
0.12102366883301063 0.15058334074577073 
0.11809325737845734 0.1447303193152234 
0.11936707695881131 0.1454216324815877 
0.11828758885231207 0.15135158407624405 
0.9817837403073916 0.8264570862694703 
0.9801546838724369 0.8209902548707487 
0.9790353644937031 0.8239507601361048 
0.9809256416904459 0.8207952876718652 
0.9768873016680046 0.8225150863529844 
0.9790592925886362 0.8250817751970029 
0.9813763666527654 0.8259852791767445 
0.9784841445779916 0.8166963049588715 
0.9750184202672528 0.8241952211715906 
0.9757204152898215 0.8182018852685822 
0.9751943489514302 0.8168131988157477 
0.9780389126812375 0.8236244363242546 
0.9828037985028734 0.8230353909651509 
0.983919021792202 0.8222696209405517 
0.9786704818667141 0.8242854350084179 
0.9772714025135021 0.8181613524464265 
0.9835418671917501 0.8227971293724786 
0.977790372917894 0.8182243846624323 
0.9838782462318495 0.8195669010987846 
0.9786770118912717 0.8208415519305533 
0.4144613704768269 0.03151391188997471 
0.4129724682291915 0.03168232082468399 
0.4077904317408352 0.03229755982117867 
0.4126611298224285 0.030677563786143232 
0.41352484525005523 0.02903584514803502 
0.4144625574422637 0.03164130387542306 
0.40876946216944937 0.030689682075623788 
0.4096778968500232 0.02739627672822241 
0.41434992125722536 0.028739125526870336 
0.4150362782989811 0.03220478237968278 
0.4152845615116932 0.03654696536712367 
0.41420644454782213 0.03170352677786584 
0.40990073266815835 0.03530296573829658 
0.41177262146685545 0.03579046553825344 
0.4153674833377733 0.032299912640046474 
0.4071606056523012 0.02817733443884193 
0.4142003676113271 0.028680295114212315 
0.41508748418059743 0.034617729032289074 
0.41026574862308346 0.036034498507808356 
0.4133685504451238 0.027311114003916583 
0.44863192854923467 0.12178742964158855 
0.44749529730568544 0.13009114329849555 
0.44772513364823746 0.12202001234100855 
0.45112328360831133 0.12485861735222678 
0.44763873928659914 0.128786480365526 
0.45232205459718544 0.1302673931792151 
0.44560557445769966 0.1264204846393598 
0.4523302208667687 0.1231428589170104 
0.44790306371139355 0.12215058596144665 
0.4477732234255446 0.12599461166296785 
0.4513316918353768 0.126613043415546 
0.4484054591390041 0.12138166451659034 
0.44808472879668826 0.12741035234456752 
0.4516067499565366 0.12700718768161917 
0.449842128226285 0.12381347443208886 
0.4508185769914665 0.12537477235259128 
0.44908884897010964 0.1290015679144205 
0.45049721678257415 0.12285420197354936 
0.44902497053847257 0.1219013634103978 
0.4431289455371324 0.12672013003736968 
0.45275135462377397 0.5793846790747617 
0.45353665204922816 0.5748802615961224 
0.45362061213895505 0.5803529399941496 
0.4522093948026813 0.5834729737538739 
0.45580740725019636 0.5768346618037605 
0.4537411222990479 0.5794451783475961 
0.45155761427298047 0.5744468801177964 
0.44955603425831225 0.5759795958104948 
0.4466044817233649 0.574684566002042 
0.4485813994465794 0.5771019194291533 
0.45193992866123234 0.5794090204194545 
0.4506249967370743 0.5762322239599644 
0.4532282673516667 0.5827388899279919 
0.45531953345120774 0.5829608538095642 
0.4501213405255056 0.5739922582338947 
0.45456221494107585 0.5823332413579378 
0.4486806576025735 0.5809955313914549 
0.44711367520894685 0.5813720408263678 
0.450000038450818 0.5764101945395131 
0.45221978035062643 0.5819038206583127 
0.5829529589575989 0.09659503488907015 
0.585722949308192 0.09826549361093256 
0.5855822238261755 0.09889344662443103 
0.5816917390847758 0.09807988439368179 
0.5865287489060378 0.0900307312854496 
0.5877779922083738 0.0943676063307507 
0.5834793778704455 0.09562846887454733 
0.5867185023250913 0.09412140390117048 
0.5880850615589255 0.09798119503421458 
0.5872634001391945 0.0923316615851055 
0.589287098605045 0.09716863329807691 
0.5826496706241349 0.09473761111645464 
0.5819023516127153 0.09372012609344141 
0.5852311916771775 0.09640257994118585 
0.5899400123939939 0.09058928941933582 
0.5814763858562091 0.08990922082511188 
0.5862118740711203 0.09332919124602178 
0.580668415901009 0.09071295936476825 
0.5814610128977914 0.09128043422236655 
0.5858302329311349 0.09755771836505514 
0.39344199048039524 0.9514231925258873 
0.39056708199330775 0.9519592053508948 
0.3911035275417384 0.9509312805423603 
0.3924492853073033 0.9474274880520448 
0.3945021914589452 0.9453276847067906 
0.3950231313512043 0.9467361505027797 
0.399986943646861 0.9464371150457028 
0.39652859747026964 0.9464049902351401 
0.39910507821549185 0.9509113871096223 
0.3987836150676726 0.9472363669309166 
0.3999384931849793 0.9510548889694888 
0.3927157949674265 0.9536223009496487 
0.39419230320111465 0.9475335445872465 
0.3940481349203654 0.9511819051314716 
0.39865586696870486 0.9528786662490089 
0.3935128225408548 0.9454278590042532 
0.392067103551024 0.9476778198719437 
0.3952934563984488 0.9461195713144195 
0.3999359522201154 0.948005025833588 
0.3935203070437562 0.9449844574539394 
0.0437215225068122 0.8958430083924517 
0.04069065493586735 0.9018673578158967 
0.0402515745536999 0.8961916197474228 
0.040556547976974666 0.9043019616578698 
0.046148477339555155 0.895758776257058 
0.0460010864657028 0.8968996228391145 
0.0412369830938004 0.8987148277618683 
0.037269564639972774 0.8980753464667175 
0.04359761131511127 0.9031395369495403 
0.04079685193150582 0.9040117947063774 
0.03786809605468549 0.9014904420708995 
0.043286536693051866 0.8968782664495402 
0.038948930211410715 0.9015769945698298 
0.044896469159396914 0.9042244949882389 
0.04429434631463538 0.9029653945331927 
0.04493767476942941 0.8996449596235984 
0.04207217750181403 0.9022188994772372 
0.03852869333525767 0.9030162378268781 
0.039144299152342785 0.9019786417539117 
0.04208598727275455 0.8993512879356769 
0.5506331053481993 0.30396595615457034 
0.5578284878217297 0.30940354617770677 
0.5546700262235 0.30323582617760847 
0.5557935401808555 0.31082970983272007 
0.5506793838844635 0.31215631816144696 
0.5492349610841716 0.31183698898544765 
0.5577996184577151 0.31183486025872137 
0.5487714590023545 0.30769916633680533 
0.5491014502042804 0.3043428353725355 
0.5568541079241839 0.30942305799647013 
0.5483046122681287 0.3088827847977473 
0.5512243153737559 0.3110614407750273 
0.5526486408200496 0.3092346464912073 
0.5578631505617732 0.30758993136305685 
0.5521974611917108 0.3083137345722754 
0.5534615189905956 0.3104364758042083 
0.5483154176209111 0.30503620409486953 
0.5559636597850003 0.303108000066257 
0.5492961354008179 0.3063187839705544 
0.5534208324315691 0.30443953560366654 
0.11494765707350052 0.3847745697082718 
0.11653553835579254 0.37940213471808665 
0.11145209974618958 0.3846331962666607 
0.11515218823494963 0.3768860436853868 
0.11440362393853219 0.3773545279878943 
0.11584092775144078 0.3785628767540662 
0.11684537712058915 0.3852964076868649 
0.11518483832969113 0.3821104316782508 
0.11208315560154575 0.3840022657468051 
0.1147940917328645 0.38098304631642443 
0.11435292943384509 0.38587053946334077 
0.11484773748062373 0.37955309923999725 
0.11293606457658448 0.3764085281191367 
0.11450154428684808 0.3827368882498984 
0.11203701223592738 0.3839866084057421 
0.11386286207746414 0.3795316609512589 
0.11381426769813238 0.3854161725910324 
0.11377399117685837 0.3858685126037794 
0.11560644956016067 0.3851488478457201 
0.1161991500263299 0.38523731404412365 
0.9695556817168199 0.06801136841358008 
0.9722568210724702 0.07594471097204696 
0.9746268209513166 0.06937466444079654 
0.9731754360218853 0.07673640797201198 
0.9713454179056452 0.07561627492467263 
0.9711751526647864 0.07633143702027836 
0.9718307093452958 0.06828962473045978 
0.9717382447817979 0.07542690899152303 
0.969099677476827 0.07380705047707027 
0.9708619396256735 0.07654713008874463 
0.9754318237551416 0.07777153498079989 
0.9699144130517777 0.07169949132667441 
0.9709046964400732 0.07199475914758277 
0.9723151888766525 0.07469219381011293 
0.9699345053032965 0.07409378800760699 
0.9734076156280965 0.07590914899433472 
0.9708449603904578 0.06915815394957973 
0.9697222499226862 0.06853348419103818 
0.9675673824589651 0.07381829788349109 
0.9725526160138794 0.06954026917509339 
0.9518289644975991 0.2196174773993016 
0.9472590436956184 0.2200571261154506 
0.9541682448171427 0.22072430211356847 
0.9510792412289933 0.21417826176908952 
0.9480936325576681 0.21176136398590106 
0.9534601909090162 0.2138445574051692 
0.9488506784322857 0.21407832784435268 
0.9518417739244079 0.21379385986773414 
0.9528573429038265 0.21885865679016772 
0.9542978226453804 0.21509464586528462 
0.9503888416736646 0.2159992645949036 
0.9470069863425233 0.21357923717926053 
0.951427985323172 0.21291260546271873 
0.9464994762551364 0.21647134513474736 
0.9535660402401095 0.2166948656684794 
0.9504396522768354 0.21542183488943512 
0.9545384976674196 0.21238170183239063 
0.9531239563104089 0.21665691168234924 
0.9473698713984964 0.21505771555527978 
0.954768553056386 0.2149579467293882 
0.7056455962689709 0.9594888118663579 
0.7047800105251381 0.9615540373925731 
0.6991639493408013 0.9596490580706243 
0.7014661867063052 0.9575710498743538 
0.7027248525319484 0.9597192351659718 
0.7053396923708117 0.960221657339288 
0.7005791885271299 0.9523927799857046 
0.700583547807578 0.9569538526090131 
0.7071791554926162 0.9521779774754942 
0.6998070465243078 0.955695495766842 
0.708059410666553 0.952930667103659 
0.7036914386547094 0.9564321445380111 
0.7071372074088746 0.9615597562038369 
0.702103557238515 0.9556365719150414 
0.7080794820571951 0.9608013954715596 
0.7069533973618771 0.9585925982180522 
0.7039130764965583 0.9579457577743663 
0.7059681598896711 0.9520054376932809 
0.7034780074457812 0.9584864190499935 
0.7064829649915954 0.9550111950194061 
0.907002803558253 0.7148977258966875 
0.9018653576867804 0.7120924121410226 
0.8986389336194271 0.7174544075926365 
0.9042542188272267 0.714766410046407 
0.9064902008970488 0.7108148119407246 
0.9058790114265719 0.720431019331412 
0.9033893539522341 0.713632745145418 
0.899089508521399 0.7185288159925296 
0.8995412882127921 0.7152863034798408 
0.9078196019433494 0.711490248996155 
0.9025343609814498 0.7121963040722336 
0.9033026513717279 0.7155493936363045 
0.905956508841003 0.7169746188364738 
0.9014491335496028 0.7183598056844819 
0.903183913302519 0.7198060794136992 
0.9066678697654066 0.7166795635978956 
0.9000487116231832 0.7143902288895909 
0.9006141916099978 0.7184724231773042 
0.902172524124832 0.7119810129132919 
0.905093231690954 0.7115932814504673 
0.8243916093739027 0.3604535796272707 
0.8227830879268088 0.3565566013131424 
0.820382160049034 0.3570578882046635 
0.8237262537017884 0.35852732927515607 
0.8186658321684255 0.35533784532771306 
0.8193721527729467 0.3618561914168452 
0.8239761560818388 0.35570943879679184 
0.8237161354796155 0.3610397096551163 
0.8235819603281328 0.36148207771586033 
0.8187734011677597 0.36352665337844337 
0.8173277950398969 0.356876376699407 
0.8182475670076108 0.3584144898786021 
0.8220212307452737 0.36027857335670593 
0.8201271971956179 0.35920855845115973 
0.8204704045123158 0.3592604131278548 
0.8248681341257289 0.36262607537991665 
0.8239754979383902 0.3571956390602028 
0.8212930693718394 0.3604061269758494 
0.8179124257900946 0.3552344125675945 
0.816811097239357 0.3616171238767038 
0.5252624973466155 0.471995359343324 
0.5263536155848503 0.47381880234708956 
0.52520036010832 0.47672400559327316 
0.5315052782420971 0.47075367318880834 
0.5249952258394398 0.46935304356762775 
0.5332595683647403 0.46881932908212626 
0.5307844093220536 0.46953774104796614 
0.527004430125134 0.47046480491038206 
0.5311204530877324 0.4777371828334893 
0.5298338490741359 0.47823153453605394 
0.5325070352076203 0.47198853199335866 
0.5305600442739891 0.47317700785410843 
0.5338144857623164 0.4699024403708508 
0.5256898805899602 0.4703395541670041 
0.528833395438145 0.4719685474048605 
0.5307552463623252 0.4762677335907403 
0.5259188440052174 0.477734435425848 
0.5287474318393214 0.4719329872117863 
0.5247920186208808 0.474573264570035 
0.5273843843349091 0.47190855563709805 
0.4525718026906995 0.8417274031432033 
0.4488554352216803 0.8465737465660018 
0.45381102783412075 0.8464831531054741 
0.44615295096162555 0.842763103285627 
0.448783104706232 0.8406370419116911 
0.4522132645885623 0.8462770562650579 
0.4507131909014995 0.8383761509083492 
0.45383833368750365 0.8369991252764349 
0.4505079919842788 0.8421249682653127 
0.45326898434632373 0.8440089151541343 
0.4531305043550838 0.8390424546283701 
0.4457547757569385 0.8405342267674921 
0.4508185023989931 0.8462936097011475 
0.44855145867492463 0.8466300486299546 
0.4502664200572074 0.8423447101500038 
0.4506165846563901 0.8461276787260998 
0.4550644612116901 0.8439344236582974 
0.4510091768105047 0.8437654064814345 
0.4546767662788944 0.8403633716126218 
0.4510586224962994 0.8395585754990741 
0.17884314342764218 0.051231828482125735 
0.17704937280207528 0.05200075894867118 
0.177330745742982 0.045331506437707926 
0.1782287102000466 0.0503259842915361 
0.18443959918954964 0.044533349241109584 
0.18481485265612244 0.05068474227395627 
0.1790237649756183 0.047841896081954535 
0.18251227761587022 0.05106353251265032 
0.18166280135149343 0.04580913217086611 
0.18386565893018617 0.05303501273452976 
0.180230897438103 0.04569382730521829 
0.1841382173492068 0.05158484621538589 
0.18301938397870932 0.04833934308109299 
0.17958234123258 0.0488176151621217 
0.1860902230165488 0.04658973224048066 
0.18094573938473332 0.044555628890702546 
0.18158906731994826 0.043269519537551905 
0.1816677588835875 0.0514915900748281 
0.17826694792796097 0.043987536410105416 
0.18429984178185954 0.044735700084283375 
0.7306052656941332 0.782124809538342 
0.73723553664051 0.7819405047294332 
0.7364943181735185 0.7817252236058735 
0.7292707980020231 0.78314319100407 
0.7332293448344078 0.787145764589461 
0.7350438209502962 0.7818595570393052 
0.7373628165966329 0.779359258352743 
0.7288287806980871 0.7833379419753431 
0.7298383299348409 0.7809390555337841 
0.7380454277576031 0.7817301434810039 
0.7339715824982147 0.7816758737300982 
0.7296346070397685 0.7865216759551646 
0.736397988103095 0.7850261364869692 
0.7351816234590315 0.7803691544431144 
0.7371371532123007 0.7852983876522631 
0.7330733980910866 0.7816530869911134 
0.7288675976428719 0.7803558704525932 
0.7345751021572074 0.786348428495193 
0.7307088377183875 0.7873361308849374 
0.7363663686768434 0.7835619514944714 
0.6249870702576936 0.7535246671078916 
0.6269867743301453 0.7534893523277728 
0.6280066298541649 0.7544102328880841 
0.626138514243546 0.7496423880240476 
0.6285779029164725 0.7502352314716104 
0.6256479069212135 0.7512706636707313 
0.621977596830554 0.7503973919221466 
0.6273968065024776 0.7446396282811265 
0.63121025049924 0.7531688647544221 
0.6265523622090223 0.7510131938144384 
0.6274932277000691 0.7514928996154171 
0.6258052007305293 0.7466543986965498 
0.623564029365448 0.7457941262371868 
0.6223869658903952 0.745370424584525 
0.6245843135748785 0.7454667198283947 
0.6227259436033465 0.7502823541427666 
0.6261793838971413 0.753684213986745 
0.6310320460284677 0.7462437901145618 
0.6296826649835104 0.7464448897129152 
0.6306086056211829 0.7471897191317084 
0.08482433773987406 0.9780794227528721 
0.0873938321068578 0.9780255494944133 
0.0850259394798663 0.9763649281604211 
0.09033459573961031 0.9797435340299352 
0.08602268973881376 0.9789076384690337 
0.08954372419060373 0.9755487762771894 
0.08724356825847408 0.9787688299575739 
0.09284408030336401 0.9727275762870091 
0.09023922965807092 0.9796302929559442 
0.0913486415528598 0.9774101036505699 
0.08921832415136188 0.9777537233606005 
0.08481625894525156 0.9747963931160049 
0.08608380798980543 0.9791628221324247 
0.08842189463539687 0.9769082985071056 
0.08753199456540096 0.9771368536418339 
0.08880318791886471 0.978278122716597 
0.09250138944452943 0.9739056589313329 
0.0934107379670674 0.9735106677458268 
0.08468724121526999 0.9798364262589452 
0.0916852675777419 0.9794368094890878 
0.5460207541030327 0.5849050012212352 
0.5534125420032014 0.5843065914722134 
0.5503085553953434 0.5860223122728128 
0.5518568222183732 0.5912316523821505 
0.5534218373273981 0.5889625884105749 
0.5492439332209678 0.5900878353474421 
0.5476388513208943 0.5896750506202878 
0.5484846482034055 0.5915905981086355 
0.5497759169908022 0.5865380070537288 
0.5457791274986745 0.5870357760683489 
0.5480507209638934 0.5894444671745163 
0.5516418486115064 0.5882852839307368 
0.5545074478085027 0.5862692114816292 
0.5475490950484153 0.5907406472035514 
0.555267623540845 0.5864199522811068 
0.5526792755240812 0.5864343993160684 
0.5530611653229027 0.5870732248393115 
0.5510189478423525 0.5835510301165026 
0.5489042422912113 0.5921997391210192 
0.550803151998715 0.5866940790689619 
0.4125494721709053 0.31916958907853565 
0.4211757646247638 0.31259830616079226 
0.4212654322907544 0.31124439072832355 
0.4131440561426358 0.31680213417015596 
0.41726482521799757 0.31671153100067534 
0.419072461910194 0.3119348538854606 
0.4140232704744147 0.31211924993063267 
0.41281291484914096 0.31205778014953267 
0.4217705334392869 0.313829734921015 
0.41945304635231107 0.3167429670641395 
0.4212412472483104 0.31146049002855153 
0.4182966483445266 0.31210312288370406 
0.41325401696870123 0.31375544182907755 
0.419034640477438 0.31592203298384114 
0.42126988391751896 0.3115808624927422 
0.41561017471176115 0.3195827240549802 
0.4176611545653518 0.3207004231915644 
0.4180238388398002 0.316158731444044 
0.41781512063989934 0.3194358547775285 
0.4157129823122716 0.31824124489467603 
0.29553272010425274 0.5633650150985956 
0.2883230564592533 0.5644912761090126 
0.28846261149428054 0.5592864826189495 
0.2892979833790845 0.5596328404166417 
0.2940507674764944 0.5617149433580333 
0.2889345663012818 0.5573513321127792 
0.29429835413180216 0.557082060389726 
0.2948519889059527 0.5618706043683763 
0.29630271034691436 0.5604215722741963 
0.29543160897523213 0.5589495440349387 
0.29250649566657433 0.5615440362331513 
0.2893035416297728 0.5587023396089256 
0.28805261054492526 0.5654837017152461 
0.2920040692138349 0.561267993392358 
0.29043661866104514 0.5622195147277577 
0.28910174407570455 0.5602391185773392 
0.2917245271912996 0.5665539437334535 
0.294945780930266 0.5639491595401994 
0.2936992255283152 0.5643512476427259 
0.291591724487295 0.5632266870033401 
0.04774446615870272 0.6263529991047637 
0.052149964476562644 0.6190737456806614 
0.05546353152392734 0.6268200854664243 
0.05138172110775319 0.6211175400841338 
0.0507481051414216 0.6233251990730239 
0.053986293041881024 0.6204989697045985 
0.05664380813245238 0.6177963835388206 
0.05541421979649077 0.6269478429914958 
0.05209853523284401 0.6188595995638962 
0.05205433782829806 0.6268120832090496 
0.0481143874488597 0.6241798736441693 
0.05075763449334513 0.6267796429790821 
0.056206085804342006 0.6259199779211176 
0.05163164886612571 0.6200333484876688 
0.05242250439145447 0.6190441130704856 
0.057611662924514875 0.622850973455999 
0.048685239577581696 0.6259751557335888 
0.05607355903035458 0.6211689254181874 
0.05457726903855834 0.6241710058594749 
0.04865724880180036 0.6267263890164951 
0.6631576224363731 0.05294859784258124 
0.6615514029266282 0.051116355217821235 
0.6619701280251202 0.04785536384251665 
0.6631302347757291 0.04858141014221662 
0.6652867115648529 0.05634176068168196 
0.6688662539117545 0.05655150155669536 
0.6592846714561293 0.0521956015788399 
0.660252658147985 0.056553527069838724 
0.6658206749497948 0.053003194780866625 
0.6595913322157678 0.05373834138886686 
0.662286162058143 0.054489532028714635 
0.6683937538120135 0.05370843712796478 
0.6595659066479743 0.054900985647019424 
0.6617573919892135 0.05763498986481366 
0.665512975348323 0.05636652289844338 
0.6593697769235232 0.05551647475168985 
0.6656326367967145 0.051524489371940124 
0.6623814492764988 0.05262369791062438 
0.6669525632239302 0.055670186765411085 
0.6626324261264299 0.048906785779845065 
0.6523590403099087 0.2518571021200509 
0.6512948877183312 0.2517548065795153 
0.6532179122167016 0.24527967667620196 
0.6526855914542795 0.2438896315717647 
0.649948692701173 0.2493830357228753 
0.6472182454465601 0.2518520877944772 
0.6522981821674786 0.24811331863607286 
0.6524621664052235 0.24323092744528893 
0.6501021549677227 0.24354272194730592 
0.6523943453111883 0.24976798557827537 
0.6448603254962848 0.2438911608887052 
0.6525019202716057 0.2425847630448369 
0.6506569873854675 0.2437117510931552 
0.6538895763318346 0.24434751114813216 
0.6505542634685313 0.2464400377310199 
0.6538678971807617 0.24529781854267682 
0.6515942893375651 0.2510960694974025 
0.6534892711952265 0.24796335690498925 
0.6470651466820119 0.24645520820350783 
0.6473086747998441 0.24655986297336613 
0.16955152063700987 0.5876376350016652 
0.16949452966502118 0.5809288341945706 
0.16514971904947157 0.5853891043629061 
0.1709493254132241 0.5871460049670182 
0.1697927185233631 0.5879266056818508 
0.17046357548357793 0.5872771397919264 
0.17293981516114673 0.581506372416316 
0.1698574485536121 0.5790935735794597 
0.1744259947195339 0.584751239447172 
0.174017542737163 0.5859011892778249 
0.17160760990594573 0.5856654653163932 
0.17031246352246135 0.5810381845377971 
0.1708892037719487 0.5858899865753838 
0.16731276474676324 0.584113170957842 
0.16933779243439023 0.5792541583460985 
0.16551861496541556 0.5800602888076221 
0.1660003282336139 0.5879584462309329 
0.16787754327832408 0.5863788874099514 
0.1715791706672225 0.5852965976199337 
0.16896860299169167 0.5876081169457629 
0.492788753237484 0.9525160223553908 
0.4888502185835343 0.9526428633933605 
0.49739382632943024 0.958291593047047 
0.49221696967327083 0.9537597343620681 
0.4927873612058773 0.9609013811035125 
0.4964998916701529 0.9603543580404978 
0.4941525937924479 0.9524662535493876 
0.49632108234749606 0.9515153220084475 
0.491931854069983 0.9528464501896156 
0.4925513414301098 0.952846758944171 
0.49272103400124195 0.9539307115243909 
0.48984649900590316 0.9531894627621724 
0.4921574357262544 0.9559931124203057 
0.4878805090063635 0.9601802136405405 
0.4920155306671681 0.958166089964397 
0.4927840988552888 0.9541856225691198 
0.48841755878349297 0.956627899900404 
0.4954178214249488 0.953798232728905 
0.49430527229031 0.9566350595507632 
0.49015082850415864 0.9594030868609912 
0.21940207382271948 0.1595723014741476 
0.22482916110019083 0.16254934498453322 
0.22570642382578776 0.16222966360186902 
0.22399301211887454 0.15767164658877297 
0.21766959674099698 0.15677854555460716 
0.22382548582117662 0.16384721660980164 
0.219995845810241 0.16410582040216584 
0.22473848220371148 0.1606564683611123 
0.2250418827513333 0.1634899912477267 
0.21819595610260445 0.15654580130676796 
0.2210945105711886 0.16259611832979434 
0.21947036025925937 0.15757696926454068 
0.21713054977936885 0.1564378540450113 
0.220856684180487 0.16515579763680538 
0.22047973145569527 0.16219569932285519 
0.2226528824763865 0.1649735100659903 
0.21652325400493044 0.15729299339519284 
0.22418160646594545 0.16423355165379572 
0.21747047584750578 0.16474211781402187 
0.21762831458864815 0.16439870417529226 
0.7890619115466988 0.5228851713832895 
0.7896550326711834 0.5209192519316467 
0.7985236967548098 0.5256684339470319 
0.7974710066680384 0.5262138787115269 
0.7915239622968528 0.5194102934097637 
0.7955720691518475 0.5194987631737641 
0.7892347669196816 0.5242024393642856 
0.7895115104655327 0.5205057680622275 
0.7910322105302505 0.521611760241372 
0.7945504957619678 0.5173737442841729 
0.7958862213995643 0.5252707809078532 
0.7941285171978119 0.5209392377051519 
0.7899078575200043 0.525887566675945 
0.798339833584762 0.5244482361521229 
0.7943249811604668 0.5232584539396364 
0.7889501515108553 0.523897971131545 
0.7923623617835168 0.517511319417095 
0.7984528536354599 0.5187778618436203 
0.7979944183681137 0.5244657881149631 
0.7897797965916731 0.5239582916963321 
0.27997584501159817 0.7242717567618305 
0.28508671710210076 0.729601200304203 
0.27813373272748365 0.7226275721871966 
0.2851580564672307 0.7238076643923569 
0.2828537881540624 0.7267668637076029 
0.27897169001317484 0.7269053988526125 
0.28131760399026967 0.7296099952351965 
0.2862759575630515 0.7248964409280315 
0.28209318812586204 0.7289081900916861 
0.286143171051831 0.7240595080015364 
0.2845811820173276 0.7259382480195034 
0.2843477326634523 0.7230113942945507 
0.2810692678862974 0.7249574506567458 
0.28302317805049376 0.7218364486511343 
0.28707379965210733 0.7281910363519944 
0.28451273250987347 0.7226073391910861 
0.28561366193806975 0.7238640697277727 
0.2813638515606242 0.7225857311191874 
0.2864475419636229 0.7298069184883583 
0.28600596678421014 0.7208146309361599 
0.21739025849154336 0.9280455554054917 
0.21669081233659324 0.9299631074182814 
0.22463579983341872 0.9215260384869208 
0.21815831119940934 0.923969465365392 
0.21747416246694065 0.9253007861430289 
0.22266542156484537 0.9261215975481272 
0.22004372755907617 0.9291623559026313 
0.219524718228573 0.9285738354348312 
0.2220339333926209 0.9218067708126224 
0.2202037973570161 0.9274337746760429 
0.2210404962807396 0.9239729977608796 
0.21971335771345216 0.9261406342329473 
0.2165454069399486 0.924318662748448 
0.21774717866015714 0.9272810737408312 
0.21948861050551832 0.9225896411212596 
0.21783369459023674 0.9272876286865774 
0.2240025323279656 0.9263005985798536 
0.22043803768664474 0.9240765997815605 
0.219865275753984 0.9247270695755331 
0.21897604354009956 0.9303157679389703 
0.44633772317008313 0.4610212085546297 
0.44753429940970046 0.4612994698674774 
0.44802723326471877 0.4614156768193081 
0.4463521151696113 0.4563386469757073 
0.4549900423999452 0.4597002042772743 
0.45219294753988115 0.457657251865311 
0.44687020744575146 0.4588505681808767 
0.4530419721554785 0.4582988187845598 
0.4535760949153789 0.45888347517923955 
0.4532177631800331 0.46068641170378644 
0.4533128175342726 0.45680769575159824 
0.4461739722548787 0.45911333309482655 
0.4515165768774311 0.45956295052213475 
0.4495278198930416 0.45690504228104917 
0.4529663262993341 0.45657362582941446 
0.45119997575309223 0.45943622327344674 
0.4466317211596511 0.46108327321139025 
0.4508167347305301 0.4532595828724295 
0.448002568489734 0.45829072210964006 
0.4526044829317646 0.45647577950885077 
0.8789389559230264 0.5035713308465956 
0.8826866464308409 0.5095078976766734 
0.8856440568940472 0.5049143109264247 
0.8809499501389874 0.5039978607976192 
0.8798856353866337 0.5075337041057916 
0.8868316128123508 0.5026214793708657 
0.882740541591922 0.5061511428069106 
0.8826779911195967 0.5119119189455709 
0.8800680016811081 0.5107233188339446 
0.8837370671631278 0.5053799372043464 
0.8817471707782271 0.5077466957961105 
0.8819624449184631 0.5028943826231249 
0.8811598276053004 0.5047886755999953 
0.8802535124418769 0.5084409384022451 
0.8854122124751665 0.5086474646171212 
0.8867296890638515 0.5045436149556012 
0.8856857507739982 0.5028210594106817 
0.8828271115661868 0.504577513435654 
0.8850634041108115 0.5084488105481976 
0.8837671215251133 0.5081900153456302 
0.4086775709612565 0.7432262044790862 
0.4181805711591942 0.7433537376452632 
0.40859367813542247 0.7514862082343449 
0.4103111700361803 0.7490005037928534 
0.4168793266351948 0.7492949980941087 
0.4163831409425176 0.747299732391466 
0.41322643395459835 0.7524220295152046 
0.4101870634310346 0.7452982526512946 
0.41309297161239106 0.7444947026926492 
0.4155039327027693 0.7523271076405998 
0.4124840952477204 0.7523955753475795 
0.40983562101480087 0.7523865467806556 
0.4173844104018803 0.7428008717097336 
0.4111294313809652 0.7464399217980525 
0.41612805826448934 0.7478307957570517 
0.4168713150261435 0.7501021425774043 
0.41000393954297815 0.7460092351263926 
0.4116477014870408 0.7498118503204604 
0.4157875960678414 0.7516211878928611 
0.4141573771931215 0.7506046863073342 
0.041671823866124225 0.760154990436383 
0.04535416369864092 0.7539590505776674 
0.04802006485937759 0.7579804670647873 
0.04323859909466105 0.755644947763687 
0.045552480694922404 0.7584115124846559 
0.041498481085985556 0.7579849933811553 
0.04456631888515982 0.7522563354527667 
0.04281246797128988 0.7515279395764133 
0.03931392178373176 0.7540671244117395 
0.043099605158012214 0.7537518009084171 
0.0446301903818199 0.7598827149645312 
0.047147949475245046 0.7599522117679172 
0.04306955435470742 0.7545512128979144 
0.04154444309116858 0.7513172563423148 
0.04685667559773007 0.753142621338485 
0.04029270893501837 0.757731055078501 
0.03956178580520967 0.7524231329063874 
0.03992609042987942 0.759477898878083 
0.04233451780106721 0.7521554821025818 
0.04433929028094408 0.7539916205184359 
0.2900795888562976 0.3341698107309212 
0.28816334389204956 0.3319164615414232 
0.2924757778930541 0.32612619923664543 
0.2920854147465592 0.3283496846586749 
0.2917729261857504 0.3333750610095519 
0.29348066509686477 0.33452719298580863 
0.29669909260175975 0.3286522376707098 
0.29708077472757166 0.33193174860938257 
0.2935092477099391 0.32929551964713205 
0.290529248341986 0.331542770371783 
0.29313955007351117 0.32983463010376646 
0.29682199422545885 0.33082813752947243 
0.29266895439358565 0.3270224515729965 
0.289158050405325 0.32983287029237024 
0.292297364630314 0.3309691980730556 
0.28794904751794165 0.3289368662004373 
0.29715142342677625 0.32803344616159524 
0.2917401971225847 0.33066367905160504 
0.2898383807066419 0.3305686443598456 
0.2906009352014613 0.3278052158046369 
0.5410130921227644 0.7021627920275669 
0.5333778241331472 0.7042145989919433 
0.5338756864010515 0.7077599504614078 
0.5373658804804198 0.7036668257394074 
0.5358744778950387 0.7046811644838692 
0.5412490637210514 0.6998007278426557 
0.5335756325357345 0.7047968966049961 
0.5378068821524757 0.7039458772601735 
0.5325062297710342 0.6999060975268535 
0.5391519471057413 0.699861560496391 
0.5346741101217055 0.700541659967623 
0.5335230310567254 0.7004223598477043 
0.5346930259035477 0.7061228661498872 
0.5367999427042076 0.6992154061668011 
0.5394315329732133 0.7048763851568993 
0.5333776151655566 0.7035924285481667 
0.5376330547819346 0.7018348773371421 
0.5393213376067881 0.699315627367433 
0.5342114092893795 0.6999967259589361 
0.5340990700889812 0.7024764080597123 
0.8623293190723733 0.7926267385206968 
0.8625261160923489 0.7994920208345532 
0.86525254716298 0.791107276740352 
0.8622787181369331 0.7953532204895172 
0.8691139215794964 0.7932206600039386 
0.8646777502865507 0.7950178046982876 
0.8650228422395217 0.7972938666799352 
0.8641983172367746 0.7982849009941551 
0.8701291080203862 0.7929288309042863 
0.862174822263175 0.7934555956251808 
0.864534332247568 0.7908012872560051 
0.8657628593370932 0.793627817117074 
0.8708612338133305 0.7993405032558274 
0.8683851962703758 0.7903461652753179 
0.8707329479425935 0.7970868512551319 
0.8649918639380395 0.7906325677117817 
0.8646394692889702 0.7989062835357489 
0.8708148738082562 0.7961198308298811 
0.8666190494750139 0.7916659729889683 
0.864873197252839 0.7948240848218532 
0.609234868665242 0.9444844863961525 
0.6140661277151286 0.9446977017005354 
0.6067579470964378 0.9471698729212741 
0.6141981826446028 0.9426663632268165 
0.6106556219908029 0.9463577923739218 
0.6047124929507453 0.9476512492895388 
0.6057144418285226 0.9488577440004148 
0.606467764563332 0.941490953391166 
0.609192618403043 0.9444495237035532 
0.6061821957448469 0.9450252599715481 
0.6076806614303062 0.9503855688898629 
0.6128359520433425 0.9458580922844384 
0.608463207244416 0.9443271959608629 
0.6079214970746307 0.9481082692709469 
0.6068574399933137 0.9509731520385147 
0.6099234214048086 0.9444509814063701 
0.610419213576003 0.9441965891495656 
0.6048301298513082 0.9490896277755849 
0.6142272778838148 0.9509338595364348 
0.6047002946748825 0.9502419761827025 
0.7908179615276215 0.2425198400210164 
0.7951159833161324 0.24907723785325778 
0.7941335248900517 0.243754877869164 
0.791092234148401 0.24915150308144282 
0.7920005148408454 0.24684033084399343 
0.7860134458192853 0.2495395308189229 
0.7939817977772023 0.24894653604893335 
0.7882962902056425 0.2464278613745022 
0.7932376590255081 0.2471921618753896 
0.7864419350768365 0.24964025421621439 
0.7861575015755217 0.25104599711156067 
0.7872342976170316 0.24330444541706614 
0.7878488729925425 0.24180414446877274 
0.7947404446231486 0.2506772528576055 
0.794323066651803 0.24839132036005074 
0.7932251322112687 0.24495219744678703 
0.7898738180001075 0.25143782956672145 
0.7925019007613177 0.242034581107666 
0.7886381445511292 0.24484508959949525 
0.7924541506607548 0.25144135980576143 
0.09077716363216029 0.07053855494778692 
0.08737963011310786 0.07087322575657228 
0.08303074914432898 0.0732812084726323 
0.0871364017852306 0.07436714693054203 
0.08971769828423917 0.07497080347362135 
0.090563181411979 0.07460369527876481 
0.08153116795843927 0.07586810950216112 
0.08880576140059725 0.07550751717142969 
0.08885268564482236 0.07055067463136273 
0.08458878826034054 0.07419678651531471 
0.08792891892126226 0.07340603439883096 
0.08182219320052468 0.07205366197478387 
0.08695816300122179 0.07279883570607393 
0.09104081281231757 0.075939014789923 
0.08796686198412836 0.07482612222309995 
0.08894843562882926 0.07244464090578868 
0.08436918920018026 0.0707080472382708 
0.08874419814111287 0.07806173375607259 
0.08841516172783102 0.07483123649698557 
0.0903399052982966 0.0751108952165221 
0.5640323183384791 0.22686016094910771 
0.5711999873309087 0.22482758978641634 
0.5695622488748715 0.22263386241945418 
0.5637699187165518 0.2295402984297254 
0.5716330316233212 0.22465699953642831 
0.5704583564624545 0.22897471171155911 
0.5677433273403708 0.2276816883492238 
0.5628581004320707 0.22673013138429587 
0.570344879590253 0.23010572831976936 
0.5672588086381859 0.22977807628452399 
0.5705641830299544 0.2234785942761388 
0.5707875475881103 0.23181194503927632 
0.5668348627895509 0.23157863214065547 
0.5681252940611071 0.2262622726161347 
0.5697192130574502 0.2277233711166312 
0.5649648117596939 0.23069128040669531 
0.5664868525128925 0.2260420915254415 
0.5660102018583608 0.2225495115833929 
0.5652692010801826 0.23149473952070584 
0.567284738205395 0.22330145438041887 
0.9678543118271955 0.6952763432837595 
0.969739202975536 0.6968898700431323 
0.9663218337396977 0.6945558616915725 
0.9681788381322796 0.6972873537944945 
0.9672753495636097 0.6967453258877744 
0.9676549229986061 0.6922349278258161 
0.9683755961257342 0.6942146391696881 
0.9654437442616182 0.6976100341929059 
0.9708239733066365 0.6956544124035345 
0.9668725412332869 0.6898691033664274 
0.968633915677495 0.6930963380962317 
0.9638916139032739 0.688646367340282 
0.9649404854407615 0.6970226541785048 
0.969582273202476 0.6880532136637612 
0.966592624577751 0.6917221966086872 
0.970577994166857 0.6887490881616682 
0.9703780838043878 0.6963583140044816 
0.962107422381466 0.6904687598170034 
0.9657094799330194 0.6918439292373796 
0.9631393060162258 0.6945859134729052 
0.6517996292643463 0.5711730966034926 
0.6486115730061733 0.5632253929196114 
0.6501223550095199 0.5696075677184982 
0.6511404508459606 0.5647387424857994 
0.650473673260592 0.5672864858141718 
0.6504329963679325 0.5658500674776852 
0.6507625343543497 0.5621738947332685 
0.6451913196947722 0.5677429031621897 
0.6501802106928691 0.5688832201792603 
0.6498752474724614 0.5632505979007456 
0.6495772947907738 0.5713489345117737 
0.6475011502488736 0.5646631490441613 
0.6433089631151051 0.5706573667990198 
0.6494985825218993 0.5711892302535091 
0.64289095891618 0.5701650110544705 
0.6507554858249933 0.5655239083297767 
0.6433482220881975 0.5694739824006564 
0.6494244400476159 0.5681501016819515 
0.6509592315294517 0.5644726255756224 
0.6433633982261058 0.5699818780244464 
0.19595016012918132 0.5004677764060889 
0.19670625827564098 0.4920485824234479 
0.19578241655153863 0.4950880640825366 
0.19508854941510972 0.5002381730367543 
0.20119520040237218 0.4952232729582083 
0.20257935892028728 0.49802427031285096 
0.19797486900685393 0.49513937867613006 
0.19835613142298256 0.4997934018758388 
0.19675485766526107 0.49210559221401134 
0.19920940751076488 0.49658607534127136 
0.19482800727218888 0.49425485455242685 
0.2010637453346728 0.5009318448479012 
0.20167703200668854 0.4928641612755325 
0.19681348416612934 0.5012440392495556 
0.19638082518644645 0.49273479082359367 
0.19357967697888664 0.5000045369800227 
0.2025601479597353 0.49238158431006784 
0.20019404041707448 0.4996964869173709 
0.1953118101245011 0.4976765398241988 
0.2021513672001803 0.49309294903925877 
0.033435925891841536 0.4380289937207716 
0.03031980788382018 0.4317621535692178 
0.03153966123081244 0.43881816172760363 
0.03358157042344691 0.4392389874851685 
0.035869892089858454 0.43913391275493413 
0.035467239213287406 0.4318256276109692 
0.03527765337739857 0.43894425487925065 
0.029086466782093236 0.433447047323713 
0.033137511722991536 0.43959727555981126 
0.028304709273352484 0.4400009599206284 
0.03093277299630942 0.43934327435466347 
0.035466855102287184 0.43548692144773193 
0.03782372354067354 0.43940092569293265 
0.033497909508196914 0.4379702546523953 
0.038136863791120745 0.43594168746353096 
0.037036668873678964 0.43950809029384114 
0.03648036964557601 0.43878367089505493 
0.036055809233708755 0.43280409803055464 
0.03686497839379729 0.43876102388389454 
0.03748820628907825 0.432653523172485 
0.6712467343667033 0.6620131187778817 
0.6687162528331048 0.66642711583442 
0.6711998871467357 0.6619331091639276 
0.665118627493616 0.6594205014543215 
0.6705269231782405 0.6598483805678172 
0.6740739083310859 0.6589202005729228 
0.6661109894698478 0.6653443754769521 
0.6682833072497176 0.6660073656945888 
0.6642014515747214 0.6603244214392258 
0.6679497812127754 0.6608843953214139 
0.6687851335219619 0.6675798181970182 
0.6729690621958999 0.6671322765729739 
0.6678185339918666 0.6649861562733074 
0.668755499651871 0.6629062681631203 
0.6738282509669649 0.65911604204113 
0.6714673566244048 0.6617671002560161 
0.671620424142166 0.6620233690605146 
0.670984070464188 0.6652049774615677 
0.6654268057316696 0.6683845898745965 
0.6680522031553932 0.6667165047664678 
0.05929991094324935 0.20123488453125138 
0.056712164666004976 0.19888319734198467 
0.06098923993095062 0.1990848014960014 
0.05792020371605383 0.20118707123818402 
0.060094346898695764 0.20118931874104748 
0.054402747626429715 0.1949529105075424 
0.05991914246657273 0.19895312806759569 
0.05794071479258346 0.19549255643429486 
0.06297378437670921 0.19818443690773566 
0.06315607926983231 0.19229886718941025 
0.05522443815117517 0.19365291428695708 
0.0590199726711078 0.19417953330434698 
0.06230169746688871 0.1986625890666674 
0.06146132364749788 0.19851534804253843 
0.056733088356164814 0.19267091174003517 
0.06074340801826518 0.20107204249611013 
0.06120219916529735 0.20169852719060719 
0.056961276707052776 0.19671351052984182 
0.05933150983426189 0.20059765158211482 
0.05922718925933853 0.20222471098939213 
0.9612878539311197 0.45016550292561985 
0.961573464757926 0.4473959181950012 
0.961391621890466 0.45132439841458855 
0.9636769110261126 0.45007554336457756 
0.9620578947587015 0.44951434700329146 
0.964978615325762 0.44652849431311437 
0.9622063870104589 0.451001615453902 
0.960589304053566 0.44626247857979295 
0.9637322161956097 0.4516966291633654 
0.9642110147327809 0.45143968188353695 
0.958712901952421 0.45319185175592025 
0.9655463792005042 0.4536193350518301 
0.9615882267265558 0.4457447698190466 
0.9622605921359559 0.4477418267144328 
0.9663821035253858 0.44796305101111766 
0.9671901158251941 0.44937666067320353 
0.966316835111767 0.4523557393483039 
0.961997208401268 0.44645429455481916 
0.9658247618229511 0.44703424169300204 
0.9602990522652607 0.45140350878843866 
0.7853006494739067 0.03494595274036037 
0.78128424013668 0.03807222344806521 
0.7787099138504867 0.036645980346090824 
0.7864258262082504 0.0345976077190074 
0.7847019455962971 0.03432500200209966 
0.7811008068478626 0.032431444936838895 
0.7786033315398436 0.03437124225180709 
0.7779412064471555 0.03605171087553112 
0.7851506210764401 0.036406416670572275 
0.7779234142855393 0.02977058563664852 
0.7785526874629289 0.030828514172108825 
0.7849983565929609 0.031464006193716136 
0.7800496613564348 0.03031111180026147 
0.7805236250987979 0.03531499848075898 
0.7795601939884403 0.03377885745122408 
0.7776867392585409 0.03126319716514372 
0.7798069186624602 0.03563433238052831 
0.7821357113410824 0.03731013665809574 
0.777858691775283 0.034454153225642985 
0.7778604123613239 0.031175787295355157 
0.941556031389851 0.32156811559228327 
0.9411014568540232 0.32201172544322604 
0.9410540613688414 0.32112138907083515 
0.9394871582543967 0.32015648032772204 
0.9381126918117322 0.32080125169954066 
0.9468630574953537 0.3256392396539502 
0.938345836090023 0.3252210000562143 
0.9436499928632057 0.3247660036947457 
0.9437854329364826 0.3169729688639363 
0.9380675215788579 0.3194238678966895 
0.9376877775654294 0.3245890643394591 
0.9461215702781547 0.3260054441721929 
0.9439232859476034 0.3256759433887581 
0.9443963699305032 0.32331748901291774 
0.9470561042664389 0.3183022843245532 
0.9395259029187195 0.323630062125368 
0.9444069562803743 0.3181013098158558 
0.9456448530915369 0.3207379320038345 
0.9444665961186123 0.3234132839606782 
0.9441843894466251 0.32570135755318963 
0.28798106164785053 0.017320257461816306 
0.2850317702254638 0.023997107670415883 
0.28629145154442776 0.0184174998880849 
0.28606363615834157 0.02242663311310152 
0.29432444616190057 0.021014712874720967 
0.28508741055849385 0.024388958621314415 
0.287103281624389 0.019593188825325673 
0.2921232986592695 0.026435764455611268 
0.28806061941436056 0.023258845500856107 
0.2881072101147477 0.021794816139531596 
0.28580871167756516 0.018861899068741216 
0.2923736962941375 0.020865447387211057 
0.28689114219201783 0.02472297531429015 
0.28637893668370784 0.01780132507084932 
0.29249211491976357 0.018407505218378774 
0.29026057769273106 0.018272879243393162 
0.2853372350369498 0.01660209892388312 
0.2887954479734275 0.021931313268500997 
0.2915633623479876 0.02572133932172232 
0.28683750178909306 0.0244480562181555 
0.1725542636140433 0.748184933904215 
0.17616263107944619 0.7508656158636741 
0.17565532681573265 0.7508662355706467 
0.18202985522000728 0.7494793304188798 
0.17713599681153855 0.7522935684876171 
0.17719931737363268 0.7509099525407069 
0.1762514344746866 0.7578387477447617 
0.175386660343991 0.7507248760700221 
0.17952198933526664 0.7498185692183725 
0.17877674277669314 0.7566050403192947 
0.18193525089598883 0.7483486612810724 
0.17699795240429347 0.7516928690895347 
0.17529393347919506 0.7544502119865544 
0.17460298213150532 0.7548749362201264 
0.1789717881309487 0.7488822086936405 
0.18233637087004798 0.7488809284616509 
0.1759489792709789 0.7484843239459353 
0.1728681587816453 0.7491371223134414 
0.1744155018382611 0.7541961722526663 
0.17727472877213238 0.750350957747716 
0.8740177245506473 0.16332540370776127 
0.8736884375233441 0.16194208186069883 
0.8751726195411516 0.16852417045865956 
0.8806740582050763 0.16589612971123613 
0.878921104133789 0.16815963026492797 
0.8749285273390314 0.16530835442274994 
0.8767880578503509 0.1643469033102544 
0.874461028028512 0.16040115492007995 
0.8828016294116267 0.1602096213841462 
0.8767788198518089 0.1646737754300599 
0.874044050979207 0.16620446471216777 
0.877140036667405 0.1686508577809528 
0.8811191734090348 0.16665551488102626 
0.8768704297014522 0.16967144991149286 
0.881711309838073 0.1660947768798756 
0.8743454298667374 0.1616703243139706 
0.8773339689050755 0.16301278860119583 
0.8793355074559143 0.16113327787728188 
0.8830195311125152 0.16129394659779617 
0.8826429589035433 0.1618005662248452 
0.5304673700251008 0.03678998396361358 
0.5289025799630516 0.03267744407063742 
0.5354310453276603 0.0358230416412708 
0.5292445243026117 0.03203911401275067 
0.5273276523112262 0.03078556447329896 
0.5354897388901997 0.03823522504508384 
0.5316053236771978 0.038844831501920536 
0.5276417362282253 0.0327999532958779 
0.5305736585934935 0.0389936649464252 
0.5315059726131093 0.03851394394241199 
0.532054861656696 0.03467542465319731 
0.5352873509936061 0.03578745490018374 
0.5271013839707129 0.034800054128556274 
0.5286902942870666 0.03942684557449206 
0.528649425507897 0.0308485486003681 
0.5321798065055013 0.035752703004768016 
0.5343373378286371 0.032862261963965786 
0.5352058750266216 0.03353549990577942 
0.527897844475265 0.035878368192143135 
0.5296571580899819 0.03952426284879686 
0.3544899454426597 0.4555014780239533 
0.35370543244738745 0.4509909099459042 
0.3510422801471504 0.4519500638917401 
0.3578374674094343 0.4515932173813689 
0.35940554253351353 0.4553629340465656 
0.35104407277070226 0.4542611309467069 
0.3561211292559975 0.4512169062330634 
0.3588935687448878 0.4565408741092258 
0.35491375840949946 0.45302414131594076 
0.3573813326986869 0.4481322045163202 
0.3554967499999978 0.44979821535018205 
0.35563942118010516 0.45139649292077577 
0.35463314600684975 0.45329926309013874 
0.3521535039552585 0.45498465978088665 
0.35613071956866926 0.44770676848075563 
0.3510998143129343 0.4541927005248798 
0.3597150053348258 0.45023502721196723 
0.3566147111357051 0.45743312254977486 
0.356790265767175 0.45727176373405043 
0.36009678535628037 0.45725149548526833 
0.3295198998652373 0.8402834334520511 
0.3276327904042711 0.8406486430964645 
0.3289531508534806 0.8393725287291884 
0.332052597636764 0.8419995701162808 
0.32908234567941363 0.842372025353587 
0.32649956744470054 0.8375053132336381 
0.3320905162168528 0.8386047983599528 
0.32446563944392764 0.8361265485782324 
0.3294240109602906 0.8392028898112086 
0.3260842853421174 0.8415166682597659 
0.330144464205161 0.8344505654471088 
0.3279360728117527 0.8437837775538847 
0.33299494716147043 0.8344319613524499 
0.3296110072587469 0.8387964468309532 
0.32979146318029406 0.8352740474212933 
0.32782705090940045 0.8390395827463926 
0.3297161568447982 0.842202199402199 
0.3299589497139254 0.8434437968862879 
0.3270665001431841 0.8422137260626169 
0.32510706202883277 0.8421893635697857 
0.16787561715799243 0.2556186668553025 
0.1644416800748179 0.25434435619124374 
0.1619536481203452 0.24846534226997155 
0.16362210801899396 0.24715332482593358 
0.1630394733000944 0.24732467213884018 
0.1642566212420672 0.2556214601418365 
0.16619483091810414 0.25328831922267714 
0.16255155294090398 0.24908931936178577 
0.16768081948359423 0.2481810547876847 
0.16833044058047852 0.2508075755661503 
0.16835789652867275 0.24962750426193292 
0.16201863206100464 0.2482916965557952 
0.16250908750172516 0.2487249957096645 
0.1664815818771616 0.2512551984183904 
0.16582146710011567 0.24940840288575897 
0.16952056261657758 0.2475837286223153 
0.1667670753199265 0.2480003933468284 
0.16850612315468463 0.24930652684969445 
0.16244378515923527 0.2483036724163676 
0.16480275370178293 0.25549424114227304 
0.20619528489533204 0.37424230081548854 
0.2005147614418084 0.37321700174238004 
0.20211315113873754 0.3735863903250481 
0.20337226094096006 0.378442914014283 
0.20194141054579437 0.3770425758226891 
0.19912835686081046 0.37452530336768947 
0.20730420614421552 0.38144053232545927 
0.20131050540701312 0.37975653822537103 
0.20728861232715456 0.38121631179630594 
0.20211846778068507 0.3755507931490604 
0.20639455779822324 0.38077913352757875 
0.19798629931714057 0.37715361566599015 
0.2006218312593214 0.38262145509605533 
0.19997766498070868 0.38094608857331913 
0.20296954354680552 0.3739776278858556 
0.2047432772260423 0.37558673456235314 
0.19750688888693907 0.3739562532641233 
0.19995399104232478 0.3797225017122785 
0.20557648547707055 0.374966208378184 
0.19944959023863562 0.3761408627639704 
0.7100241924806752 0.5086544202818857 
0.7127321940837524 0.5091210850655844 
0.7096845699603757 0.5106965577707652 
0.7118989106551675 0.5025598358467184 
0.7103861173603785 0.5046186183623362 
0.7032580247815806 0.5079386072001635 
0.7046011594536273 0.5109070130516516 
0.7062117346394453 0.5059816368142855 
0.7059712355092629 0.502429222278225 
0.7055979189418132 0.5025377103871855 
0.7043887029907698 0.5114523628421841 
0.7093584854790022 0.5024946605412792 
0.7126230428610991 0.5063215446308248 
0.7052742978328377 0.5038868388666351 
0.7095482560318906 0.5058391118305898 
0.7103119625959969 0.5082851280111097 
0.7123444394340995 0.5112208215547583 
0.7049008761703628 0.509771651038092 
0.711754593284869 0.5091927021524252 
0.7065106259797197 0.5065784731950095 
0.7776605763866475 0.8971080744237888 
0.7723140206910397 0.890693865624618 
0.7794255568333417 0.8984848911006809 
0.7730710121677893 0.898639195509679 
0.7776181007191455 0.895337643722284 
0.7766996570887812 0.8938739485606594 
0.7752138123096134 0.8907981114762794 
0.7783270840724672 0.8917733801726991 
0.7805272772505567 0.8976449365042216 
0.7779476323118011 0.8936068632953803 
0.7805577583048193 0.8902332374409565 
0.7787529294220675 0.8918105912845586 
0.7775037983137466 0.8944302062348559 
0.7749614942432147 0.889810393351808 
0.7773336420351584 0.8903371334722427 
0.7720949122690306 0.8922631332755768 
0.7781533933863526 0.8924844474685146 
0.7738697857662475 0.8977728505483208 
0.772602918429182 0.8970932577146937 
0.7804839486964816 0.8923979314966929 
0.6778474525180427 0.8411477911719217 
0.6715220540080864 0.8416653892617093 
0.6777114495462336 0.8501262466550558 
0.6770501646720162 0.8433424274278696 
0.6714166899687118 0.84969155403336 
0.6715708096330054 0.8406162610528193 
0.6751244369613336 0.8483117649488732 
0.679450719495637 0.8463107615106484 
0.6739766749005012 0.8484297900559374 
0.6772275115542931 0.8469231122138419 
0.6708586997658461 0.8494015268197836 
0.6723818166083627 0.8499159134125672 
0.6769113966062913 0.8462656177172652 
0.6712629950853694 0.841101396073046 
0.6792095704619795 0.8491331189917669 
0.6721933786510967 0.8460176650959408 
0.68018390355435 0.843704461440788 
0.6709807978484151 0.8430412356430229 
0.6712264209763765 0.8411860845455092 
0.6781757328905171 0.8415017419418476 
0.4578855822810932 0.2525093856020454 
0.4537843708283895 0.25097830803492116 
0.4587060112401334 0.2511472731701306 
0.44936247275907143 0.2445555449881228 
0.45630983167633654 0.2489938197447904 
0.44940582810014507 0.24490374061943704 
0.45236507314722557 0.24806447139529172 
0.45594071559187227 0.24868162835893787 
0.4577094439973534 0.2433063410985756 
0.45280608549272333 0.2531253572683317 
0.453579093065118 0.2462332980429259 
0.45180383153530995 0.24513571528977265 
0.4545592335845119 0.25194105640846826 
0.45518414700655485 0.2453919954527485 
0.4584274334825371 0.2524113632644605 
0.457571370227422 0.2459161629519296 
0.45354871906648786 0.24687811229040635 
0.4536329045120995 0.2521433977237775 
0.4563924995524865 0.25247112551024753 
0.4554511955867913 0.247826106573359 
0.703974030597944 0.1416938131690529 
0.6974834375090213 0.14161320910230069 
0.7005386521937476 0.14476955811434025 
0.6986133243748455 0.14223986416479825 
0.7015496966559943 0.1424790006200415 
0.7057531831777712 0.14032156533391174 
0.7027787206736155 0.14099928172373613 
0.7047431143642089 0.14826410436890863 
0.7031841147342224 0.13931233145576702 
0.7029918829368673 0.14187814608484603 
0.7041881807697652 0.14024033262411192 
0.6993885274559318 0.14198810264965386 
0.7016144474565091 0.1438238757408629 
0.70151186251321 0.1452897550894736 
0.6992986231010645 0.14880291612798238 
0.7038141245041677 0.14035760032169375 
0.6959562124131633 0.14207439042800768 
0.7010051108886446 0.13988519202524616 
0.7047591047264823 0.1472124829594762 
0.7032826851452398 0.14250694186685675 
0.3611152276831841 0.5235947180440254 
0.36713101480622906 0.5237448024410378 
0.36080394624648326 0.523021008531906 
0.36175700267858885 0.5187463297690283 
0.36220660347975303 0.5205062790553288 
0.36071638826361774 0.5242991312662119 
0.36943870804997836 0.5186444853842062 
0.3690004326623452 0.5203511703862113 
0.3685523730140241 0.5197798509869291 
0.36906304870320655 0.5214115668480436 
0.36769807750722083 0.5205342453691828 
0.3697396183184941 0.5184245354148788 
0.3673246977103811 0.5240337964991545 
0.36803771700742083 0.5235902921804809 
0.36552122473201665 0.5240221450673717 
0.36153371484806296 0.5239802570457717 
0.36908221007780817 0.520553527813777 
0.3669544433424713 0.521426659139106 
0.3607660051385089 0.5247053725045461 
0.3610365593939875 0.526520484582847 
0.6256700346860592 0.3527802385037437 
0.6192289742882652 0.3541045545512409 
0.6251338952911327 0.3473131112187494 
0.6244892491518511 0.35580262434233784 
0.6208417106688929 0.3495561885076682 
0.6220623877781167 0.35208680397854 
0.6227010967459939 0.3548945192457886 
0.6247804445890239 0.35288550057720264 
0.6181070484378236 0.3495504106780615 
0.6224889456830125 0.35156085989128855 
0.6208901016609999 0.3539405607879931 
0.6175371729232364 0.3524507634038743 
0.6251603888415689 0.35498147828193694 
0.6247324832074104 0.3506882437925893 
0.6216331905183045 0.3547427355511684 
0.6217974837548386 0.3525890089622653 
0.6224340173342929 0.3468596349097118 
0.6253234482130596 0.3472039467053796 
0.6241528823407069 0.3506147446887938 
0.6190559913032518 0.3552785484415746 
0.2170906352603459 0.6549054645735254 
0.21131250151046221 0.6585545159861422 
0.21323161846068858 0.659939010908817 
0.21081402269622973 0.6599143171893703 
0.21522531808212883 0.6519977786601592 
0.2133861764517883 0.6522558706637382 
0.2114239007244593 0.6520008672797021 
0.21455097475379656 0.6589046768563691 
0.21206199552436422 0.6607179674248284 
0.21724591443059388 0.6543284542930834 
0.21299132608799118 0.6525606569098833 
0.21187292049110443 0.6513915735987 
0.21078654320272244 0.6565933710816172 
0.21590102033212047 0.6518085287337207 
0.21882286036118173 0.6575903955628473 
0.21206898916022535 0.6508386219738707 
0.21585199278607858 0.6566874164525481 
0.2129757586468239 0.6573691323115066 
0.21520726126968404 0.6520187858375329 
0.21293142319239455 0.6577029092837674 
0.3080925443968431 0.23777299294730295 
0.3038657521474641 0.2346585953502706 
0.30400797995988504 0.2373327894790992 
0.30893883248359866 0.2437242704845638 
0.30419049351122857 0.23696950944403752 
0.3074281758947826 0.23408213270826894 
0.312765672842644 0.23727171079767878 
0.30963855400390283 0.2433916377517583 
0.3109149378041392 0.23624650630929936 
0.30880982547296276 0.24081637111433227 
0.3037820718780707 0.24320607473370587 
0.30969561851876803 0.23699681401408532 
0.30417695217924523 0.23790705967711084 
0.3119006821437254 0.23855551380717183 
0.3088478523245367 0.24293475907240356 
0.30378903536392027 0.23624773942674387 
0.3115980202362565 0.24322830696225478 
0.3099731313399122 0.23802485345307609 
0.31192812047065593 0.2417785562648806 
0.3087675342145005 0.24135088557340878 
0.7727797692975312 0.4295086622440134 
0.7658420706926952 0.4270986651697958 
0.7714427376407519 0.4273243519610765 
0.7662402042905168 0.4314121380915425 
0.765524388672932 0.4337995734363242 
0.7649650709455124 0.42879177761737075 
0.7727380796536704 0.42564601579692335 
0.7650377453402633 0.42795942597394376 
0.7734163148789308 0.43312631011555985 
0.7709626200255375 0.4298523072866547 
0.767849423326619 0.4318435953029887 
0.7661821564666973 0.42637646390300954 
0.7654436523556672 0.4315224818190193 
0.7748311273085787 0.4247196819028992 
0.768689265762492 0.4314515602641866 
0.7712014088110573 0.42913925964443617 
0.769536552640134 0.4278114740888292 
0.77226086116329 0.4270962742476998 
0.7674493679699768 0.4289560612650817 
0.7701209784574049 0.42797696015882003 
0.49719926047029256 0.37397166533869997 
0.5009581665468522 0.3683496615977684 
0.4999334676948426 0.37139047278686516 
0.5035134610176442 0.37302559139529706 
0.49771123933148026 0.3730747125605679 
0.5037619767354851 0.368502578413344 
0.49794769969745767 0.36821594792929624 
0.5022278116282233 0.3678773202777253 
0.4997834909246444 0.36559908841073857 
0.49577669606900165 0.3658858275490398 
0.5049653323767407 0.37168556992630325 
0.4953217979806739 0.3736634255479256 
0.5027477123851563 0.3744860212122984 
0.4969400660912977 0.37433629269853025 
0.49914344790768267 0.3669582548362227 
0.4952827189297495 0.3711939100759542 
0.49703671197544486 0.366745056538072 
0.5038104737901465 0.3740775452347499 
0.5029042922492378 0.3717385910039382 
0.5025655597653726 0.3704751428840016 
0.802858203767601 0.7218758119211875 
0.8074056170027568 0.7299791080141382 
0.8062640920740236 0.72190538545165 
0.8025193486871931 0.7291354824588288 
0.8100982691978488 0.7250994070636848 
0.8024961320388107 0.722063212624698 
0.8022019985000173 0.7251536411091776 
0.8071925982094437 0.7254465189575711 
0.8035948882835404 0.7308816351580377 
0.8111070720337932 0.7253768963195955 
0.8081530679020088 0.7294924185280255 
0.8077985642517531 0.726566120834292 
0.804851833607404 0.7256024772539835 
0.80337487899745 0.7236515591007027 
0.8095453417886984 0.7306502479799233 
0.8063023316413833 0.724743244803181 
0.805429128736583 0.7244330911884482 
0.8036528999708726 0.7311084761887333 
0.8111950015250822 0.7292105019962112 
0.8102849053059583 0.7309270543816528 
0.5345538944014677 0.15100541598123818 
0.528855912100593 0.15278743270070647 
0.5385483456675941 0.15230672186073138 
0.5384448904443601 0.15043527691596315 
0.5383331087287828 0.14836050698197864 
0.5292685948846849 0.14746159588176522 
0.5354182887276808 0.1529590426780692 
0.5367541150416507 0.14968220109622637 
0.5296535027470998 0.15525176106783334 
0.5378869523674249 0.15582370651679564 
0.5319462379454191 0.1495677409729899 
0.5328037004638964 0.14776663447879743 
0.5338886290803079 0.14684936224149214 
0.5330633293625681 0.15075771892465295 
0.5332067582966293 0.14878554455136964 
0.5294187763925015 0.15191242364730428 
0.5350808093750569 0.14754234685082643 
0.5379871909734874 0.1538407629323234 
0.5379491862886786 0.14666196252533745 
0.5308239269984609 0.1552085076613907 
0.37113834601961976 0.36475127197600965 
0.3712994382471571 0.36672367063733036 
0.37723625275103995 0.3701869516360522 
0.3768258373574441 0.36582316711731616 
0.37261562756347566 0.36731363086736923 
0.371201030246835 0.36319691827761214 
0.376361755459225 0.36556101262578056 
0.37490531151345297 0.3650836330463775 
0.3760889401098745 0.36820937047024976 
0.3733646146562143 0.3710232994599514 
0.3731895341361454 0.3701516546551258 
0.3758333754772601 0.36882140215072406 
0.36946299270753763 0.3660982637003055 
0.3749313136807419 0.3712994827599741 
0.37519500542613177 0.36817806153857885 
0.37074213784528465 0.3655112682781384 
0.3712628800553148 0.3634426451946333 
0.3694819994654584 0.3706396224133565 
0.36895122433338134 0.3641440942682942 
0.37369348452169393 0.3707908552256663 
0.13079386113701444 0.9101595523174683 
0.12869808478123668 0.9049500042683576 
0.12792238828664373 0.9055740334034272 
0.1332670371358788 0.9064381172182113 
0.12798657841514627 0.9114740932636701 
0.13138902586689602 0.9086760139797003 
0.12536474884157872 0.9061827106721532 
0.12853661623658838 0.9114331427692881 
0.13160737277577322 0.9058316454535298 
0.1277871050262317 0.9045878148267009 
0.12613381017447736 0.9037982012166466 
0.1309488928741177 0.9051926406693561 
0.13167145619127463 0.9056084686777065 
0.1269376128165275 0.9054466010338016 
0.12863224546894994 0.907234018429688 
0.12459706325057027 0.905302293573828 
0.1253838046941173 0.908998909274638 
0.1308054961144071 0.9054700324333599 
0.13273136172916766 0.9089144544537621 
0.1302822229792068 0.9064190757943228 
0.9416421139406314 0.9554484915154651 
0.9424349477428833 0.9534220234027705 
0.940813008564436 0.9562176259680201 
0.9430092564726457 0.9540246824745842 
0.937459054130995 0.9547565793357873 
0.94222098177266 0.9591429737235191 
0.940731126843991 0.9600432079608427 
0.9407556161505963 0.952025589004536 
0.9393298532778248 0.9512095829494878 
0.937763335051489 0.9527385560810243 
0.9436293333328378 0.9592319736397317 
0.942075033695213 0.9515059624434412 
0.9411088826979911 0.9529727457770306 
0.9444470728609451 0.9585500432338293 
0.9354749662266424 0.951737620509666 
0.9438572034918179 0.9597739158575521 
0.93933046097729 0.9567396095392287 
0.9374385121216284 0.9568060681991196 
0.9434276298648676 0.956708869087751 
0.9430080458338816 0.9503264507403393 
0.7204334165598535 0.3232792213263791 
0.7159950262441862 0.32332749472095257 
0.7210697997869657 0.31749910503120166 
0.7186117002221313 0.3189419174098715 
0.7157347550959549 0.32477168917594135 
0.7231244610968964 0.3250174639884582 
0.7184198939520464 0.32312822462254437 
0.7218872822946322 0.32079197541861026 
0.7172926818659228 0.3265013360374723 
0.7236306643531274 0.32405958280567515 
0.7213174051696416 0.32012246513762427 
0.7203904937113929 0.3230021236371118 
0.7237336376857211 0.31692176836584063 
0.720852075722575 0.32114254258514185 
0.7152243112840481 0.32179807733486904 
0.714837988255435 0.3254576593948223 
0.7154507224294707 0.3177208402269621 
0.7151757590837953 0.32283618535923103 
0.7236912656108696 0.3219269135116883 
0.7184367110221638 0.3182818297716528 
0.3587154743958219 0.10923613924889788 
0.3600439011672665 0.10863917338659163 
0.35448735190054736 0.11442246920513532 
0.35342766217328364 0.11115457176401967 
0.3567183944901474 0.10773886776117615 
0.3585221373615867 0.10760799746415937 
0.3580331595698866 0.10778534348374134 
0.3622259246555638 0.1072546252219601 
0.36098048057894194 0.10792338327839907 
0.3548805405392821 0.10577283667714667 
0.35599138734026364 0.11233041679810507 
0.35367842210149963 0.10832485224028063 
0.35318703410057 0.11239252014264232 
0.35368377940114615 0.11202511894865262 
0.3537245535149244 0.1105791976157424 
0.35528184941660745 0.11225011682303292 
0.36058341304897523 0.11372080543681111 
0.3565502221946278 0.10856311549285627 
0.35993660751259776 0.1073408829951506 
0.35968922102796136 0.11322118108020306 
0.02886911999048373 0.0797387197424205 
0.029463744188226615 0.07780001739284065 
0.02983364353675795 0.08544883732398321 
0.022646783982367996 0.0807550616639975 
0.026690400894817515 0.08246883586095616 
0.020740038134863217 0.08628062372183458 
0.022268438620762308 0.07782637365324016 
0.02675056606443034 0.07963717280710224 
0.028777216422362285 0.08083030715329124 
0.02719884371940026 0.08318755387964498 
0.022597114189149278 0.07837547784028998 
0.028739650174094314 0.08004807448095883 
0.024081693216961807 0.07873445542730921 
0.024240813822043086 0.07742506748773949 
0.026688388523047706 0.07877730528709952 
0.02751127433636511 0.08180449939805812 
0.02913396062508224 0.08509109135265835 
0.020418698692011933 0.07887884807011258 
0.02809401507889183 0.08133706387610543 
0.024567707862815032 0.08077138338622505 
0.8226233083936104 0.6183747289768975 
0.8231273829777961 0.6125064344086633 
0.8210516824219936 0.6191310339211249 
0.8237009509893436 0.6144692226363108 
0.8249565435437449 0.6221348881654981 
0.8209327697641534 0.6146116997480919 
0.8264237085391296 0.6154000696129901 
0.8211447984768199 0.6130814690947161 
0.8294778025354667 0.6128528816004081 
0.8268289585622239 0.6168768906242403 
0.828170188738662 0.618924896488757 
0.8292529391019786 0.6132770279775577 
0.8281554361446335 0.6191364528214305 
0.8272784331070075 0.6208176082121925 
0.8257228424894426 0.613228866170601 
0.8284282521553799 0.6158822227876158 
0.8230059388578725 0.6217887293430119 
0.8292859204533155 0.6205384460562421 
0.8239009954475889 0.6146507055032411 
0.8271316401909647 0.616321067535824 
0.8934081992281337 0.037590860397674765 
0.8997975653611053 0.039675297630526234 
0.8987704200736023 0.03649878233563505 
0.894169862453345 0.03966128367775799 
0.8922651040300166 0.03828638849797052 
0.9001471073088628 0.039297658830553445 
0.9009112714151252 0.03854337170014522 
0.8929699536363758 0.03940625522742795 
0.8936879837202634 0.038917959300510396 
0.8980930823360956 0.033687761114813884 
0.892527070516333 0.03130379508943945 
0.898205497554859 0.03501917753075109 
0.8980383055934618 0.0404730670180197 
0.8979296493404526 0.03895341917023827 
0.8916291263558547 0.033448580482547466 
0.8954249141370825 0.03285289031797608 
0.8988203248965311 0.03428556901366406 
0.8960112774068696 0.03631455609668205 
0.8916772434918213 0.03218584980141991 
0.8914024014262253 0.037926134467622136 
0.05991339903310089 0.31043684488000045 
0.06537525452164068 0.30666789779103293 
0.06421234247668979 0.3135927241514984 
0.06398154362106882 0.30515663826228273 
0.05713425116870893 0.30551807529721015 
0.06457114225233637 0.3073327741819577 
0.06567758631580649 0.3138893317767223 
0.06578490424319812 0.3071289485059007 
0.06592835531123181 0.30800527156812874 
0.0643292057475819 0.30973617863885833 
0.062142076953080425 0.30737862371000907 
0.05949680918063269 0.3045043347926903 
0.062099240316740204 0.3132644507351811 
0.06557133900244658 0.3052865913829554 
0.06100825504321086 0.3062911260268214 
0.06355545311935275 0.30603023647774263 
0.06516360668802634 0.31259213969721944 
0.06413623561012627 0.3096737107213565 
0.0660787456276876 0.3071429283716197 
0.05722569211398286 0.31202468602881755 
0.8936952012502455 0.8591818099542947 
0.8926534390739701 0.8618396757174911 
0.892281886969567 0.8626006761836177 
0.8927472987385393 0.8610430823586503 
0.8986740274048778 0.8641390255604691 
0.8939577624426035 0.8621225116388479 
0.8920941128733989 0.8621884409643721 
0.8918407785811322 0.8642815891625489 
0.8906887004656286 0.866250267951958 
0.8905512719083417 0.8625885936139395 
0.8926417099726367 0.8593370663821762 
0.8974694579931616 0.8614913391971443 
0.8962730051646046 0.8681083444548062 
0.8979541623579987 0.8649935355412657 
0.8952450537698108 0.863686114731947 
0.8901216626230978 0.8652677258911423 
0.894633109244088 0.8639313577651214 
0.893930633450397 0.8608601431707331 
0.8977984805026467 0.8605108392331857 
0.8935035389862639 0.8665015919934105 
0.09604553937080271 0.8359985623799137 
0.09520566250913054 0.8362970024661215 
0.10235955327919814 0.835933640458183 
0.09863284520755977 0.831776194880016 
0.09749764350072838 0.8296760084125588 
0.09690079245959833 0.8326966182710293 
0.09659181057032418 0.8301288545209234 
0.10241816524639646 0.8292071831070983 
0.09567106504183362 0.8321816989615454 
0.09965957908976456 0.8355060920458585 
0.09495216953438569 0.8341922839739927 
0.10206836733625704 0.8354866643757412 
0.09829772113325098 0.8322744778137839 
0.09375144486348513 0.8350101682989971 
0.0966604864065743 0.8364905153776969 
0.09355743327529381 0.8299710806717161 
0.09541510290553852 0.8355390973468494 
0.10041403352705809 0.8339542294639753 
0.09348778887602023 0.8281047868437116 
0.10189009838552826 0.8297925192698116 
0.9398004551498442 0.58272845942747 
0.9438856863235712 0.5799135429861111 
0.9437667478914079 0.5843206008975624 
0.9472211129890439 0.5805359459933311 
0.9391337972697448 0.5834290412811087 
0.9448774820012877 0.5828590518687009 
0.9403142587793403 0.5822765167326254 
0.9430636782933772 0.5810074363371421 
0.9415034034817805 0.5847902820624538 
0.943689234120077 0.5870638156994776 
0.9457859104689444 0.5838373096404427 
0.9443409533279048 0.5793214300002641 
0.943522202764234 0.5816053628356471 
0.9444617639688755 0.5836891116876616 
0.9453775159445094 0.5890894621335352 
0.9470394310612427 0.5829761306226425 
0.9464645068053474 0.5817994643038182 
0.9407929945018587 0.5802722539163477 
0.9425304197317051 0.5827099250505265 
0.9464088404157631 0.5858597307226368 
0.2881456326891241 0.9565472040948249 
0.29342530603075156 0.9502561346526991 
0.2892496611491278 0.9497237585727969 
0.29322511626481246 0.952304867392478 
0.2964726066565757 0.9525888428595245 
0.295330741301946 0.9516819985699142 
0.28840550172908636 0.9505181663546344 
0.28861498208670866 0.9549731020592087 
0.2926864781826851 0.948188531286223 
0.289622033921458 0.9474021672453407 
0.29107046694267064 0.9544584905567274 
0.29721394677525914 0.9537577416578431 
0.29467376907589715 0.9477906817422792 
0.292433116323006 0.9510076832191459 
0.28751058546794106 0.9498127834384482 
0.2896689279975161 0.9528747861932532 
0.29340101917045663 0.9565136422256826 
0.29429482362782433 0.9483417971668017 
0.2945903991930829 0.9529561794371741 
0.29743532204060563 0.9509544343650856 
0.6064180789872726 0.4588313291838403 
0.6043367704618317 0.45939151671944367 
0.6068519099548982 0.4658631341435388 
0.6069200058465408 0.4631755819942394 
0.6067016909999624 0.4648070438758821 
0.6029170565218607 0.45856607890391277 
0.6047218134939791 0.46123864489088817 
0.6119682772126208 0.4605188198719787 
0.607998044258455 0.45823040186284647 
0.608023098940442 0.4647442074866192 
0.6094696554881612 0.4605896670128794 
0.6038797161321388 0.46324364354554864 
0.6069197622783774 0.4605341427866643 
0.6033701231131748 0.4650237281611582 
0.6120240369330501 0.4616310003754537 
0.610244876653762 0.4564667111574475 
0.6060360668301347 0.45892076914052105 
0.6088889723874725 0.457145929970166 
0.6036143857914018 0.46207889886431447 
0.612058183636702 0.46597355671542806 
