0.2954339447506106 0.14335383204661567 
0.2954339447506106 0.14335383204661567 
0.2954339447506106 0.14335383204661567 
0.2954339447506106 0.14335383204661567 
0.2954339447506106 0.14335383204661567 
0.2954339447506106 0.14335383204661567 
0.2954339447506106 0.14335383204661567 
0.2954339447506106 0.14335383204661567 
0.2954339447506106 0.14335383204661567 
0.2954339447506106 0.14335383204661567 
0.2954339447506106 0.14335383204661567 
0.2954339447506106 0.14335383204661567 
0.2954339447506106 0.14335383204661567 
0.2954339447506106 0.14335383204661567 
0.2954339447506106 0.14335383204661567 
0.2954339447506106 0.14335383204661567 
0.2954339447506106 0.14335383204661567 
0.2954339447506106 0.14335383204661567 
0.2954339447506106 0.14335383204661567 
0.2954339447506106 0.14335383204661567 
0.7487664315320531 0.6294104844831618 
0.7487664315320531 0.6294104844831618 
0.7487664315320531 0.6294104844831618 
0.7487664315320531 0.6294104844831618 
0.7487664315320531 0.6294104844831618 
0.7487664315320531 0.6294104844831618 
0.7487664315320531 0.6294104844831618 
0.7487664315320531 0.6294104844831618 
0.7487664315320531 0.6294104844831618 
0.7487664315320531 0.6294104844831618 
0.7487664315320531 0.6294104844831618 
0.7487664315320531 0.6294104844831618 
0.7487664315320531 0.6294104844831618 
0.7487664315320531 0.6294104844831618 
0.7487664315320531 0.6294104844831618 
0.7487664315320531 0.6294104844831618 
0.7487664315320531 0.6294104844831618 
0.7487664315320531 0.6294104844831618 
0.7487664315320531 0.6294104844831618 
0.7487664315320531 0.6294104844831618 
0.208016289423113 0.8341702447122418 
0.208016289423113 0.8341702447122418 
0.208016289423113 0.8341702447122418 
0.208016289423113 0.8341702447122418 
0.208016289423113 0.8341702447122418 
0.208016289423113 0.8341702447122418 
0.208016289423113 0.8341702447122418 
0.208016289423113 0.8341702447122418 
0.208016289423113 0.8341702447122418 
0.208016289423113 0.8341702447122418 
0.208016289423113 0.8341702447122418 
0.208016289423113 0.8341702447122418 
0.208016289423113 0.8341702447122418 
0.208016289423113 0.8341702447122418 
0.208016289423113 0.8341702447122418 
0.208016289423113 0.8341702447122418 
0.208016289423113 0.8341702447122418 
0.208016289423113 0.8341702447122418 
0.208016289423113 0.8341702447122418 
0.208016289423113 0.8341702447122418 
0.8096484319862298 0.10899871778042508 
0.8096484319862298 0.10899871778042508 
0.8096484319862298 0.10899871778042508 
0.8096484319862298 0.10899871778042508 
0.8096484319862298 0.10899871778042508 
0.8096484319862298 0.10899871778042508 
0.8096484319862298 0.10899871778042508 
0.8096484319862298 0.10899871778042508 
0.8096484319862298 0.10899871778042508 
0.8096484319862298 0.10899871778042508 
0.8096484319862298 0.10899871778042508 
0.8096484319862298 0.10899871778042508 
0.8096484319862298 0.10899871778042508 
0.8096484319862298 0.10899871778042508 
0.8096484319862298 0.10899871778042508 
0.8096484319862298 0.10899871778042508 
0.8096484319862298 0.10899871778042508 
0.8096484319862298 0.10899871778042508 
0.8096484319862298 0.10899871778042508 
0.8096484319862298 0.10899871778042508 
0.2764258085864856 0.42038457857949074 
0.2764258085864856 0.42038457857949074 
0.2764258085864856 0.42038457857949074 
0.2764258085864856 0.42038457857949074 
0.2764258085864856 0.42038457857949074 
0.2764258085864856 0.42038457857949074 
0.2764258085864856 0.42038457857949074 
0.2764258085864856 0.42038457857949074 
0.2764258085864856 0.42038457857949074 
0.2764258085864856 0.42038457857949074 
0.2764258085864856 0.42038457857949074 
0.2764258085864856 0.42038457857949074 
0.2764258085864856 0.42038457857949074 
0.2764258085864856 0.42038457857949074 
0.2764258085864856 0.42038457857949074 
0.2764258085864856 0.42038457857949074 
0.2764258085864856 0.42038457857949074 
0.2764258085864856 0.42038457857949074 
0.2764258085864856 0.42038457857949074 
0.2764258085864856 0.42038457857949074 
0.8276063810688877 0.9581016761559153 
0.8276063810688877 0.9581016761559153 
0.8276063810688877 0.9581016761559153 
0.8276063810688877 0.9581016761559153 
0.8276063810688877 0.9581016761559153 
0.8276063810688877 0.9581016761559153 
0.8276063810688877 0.9581016761559153 
0.8276063810688877 0.9581016761559153 
0.8276063810688877 0.9581016761559153 
0.8276063810688877 0.9581016761559153 
0.8276063810688877 0.9581016761559153 
0.8276063810688877 0.9581016761559153 
0.8276063810688877 0.9581016761559153 
0.8276063810688877 0.9581016761559153 
0.8276063810688877 0.9581016761559153 
0.8276063810688877 0.9581016761559153 
0.8276063810688877 0.9581016761559153 
0.8276063810688877 0.9581016761559153 
0.8276063810688877 0.9581016761559153 
0.8276063810688877 0.9581016761559153 
0.1025739717983129 0.7061230250221499 
0.1025739717983129 0.7061230250221499 
0.1025739717983129 0.7061230250221499 
0.1025739717983129 0.7061230250221499 
0.1025739717983129 0.7061230250221499 
0.1025739717983129 0.7061230250221499 
0.1025739717983129 0.7061230250221499 
0.1025739717983129 0.7061230250221499 
0.1025739717983129 0.7061230250221499 
0.1025739717983129 0.7061230250221499 
0.1025739717983129 0.7061230250221499 
0.1025739717983129 0.7061230250221499 
0.1025739717983129 0.7061230250221499 
0.1025739717983129 0.7061230250221499 
0.1025739717983129 0.7061230250221499 
0.1025739717983129 0.7061230250221499 
0.1025739717983129 0.7061230250221499 
0.1025739717983129 0.7061230250221499 
0.1025739717983129 0.7061230250221499 
0.1025739717983129 0.7061230250221499 
0.5543322969951028 0.8666748671008766 
0.5543322969951028 0.8666748671008766 
0.5543322969951028 0.8666748671008766 
0.5543322969951028 0.8666748671008766 
0.5543322969951028 0.8666748671008766 
0.5543322969951028 0.8666748671008766 
0.5543322969951028 0.8666748671008766 
0.5543322969951028 0.8666748671008766 
0.5543322969951028 0.8666748671008766 
0.5543322969951028 0.8666748671008766 
0.5543322969951028 0.8666748671008766 
0.5543322969951028 0.8666748671008766 
0.5543322969951028 0.8666748671008766 
0.5543322969951028 0.8666748671008766 
0.5543322969951028 0.8666748671008766 
0.5543322969951028 0.8666748671008766 
0.5543322969951028 0.8666748671008766 
0.5543322969951028 0.8666748671008766 
0.5543322969951028 0.8666748671008766 
0.5543322969951028 0.8666748671008766 
0.8809145402770613 0.4335856893345557 
0.8809145402770613 0.4335856893345557 
0.8809145402770613 0.4335856893345557 
0.8809145402770613 0.4335856893345557 
0.8809145402770613 0.4335856893345557 
0.8809145402770613 0.4335856893345557 
0.8809145402770613 0.4335856893345557 
0.8809145402770613 0.4335856893345557 
0.8809145402770613 0.4335856893345557 
0.8809145402770613 0.4335856893345557 
0.8809145402770613 0.4335856893345557 
0.8809145402770613 0.4335856893345557 
0.8809145402770613 0.4335856893345557 
0.8809145402770613 0.4335856893345557 
0.8809145402770613 0.4335856893345557 
0.8809145402770613 0.4335856893345557 
0.8809145402770613 0.4335856893345557 
0.8809145402770613 0.4335856893345557 
0.8809145402770613 0.4335856893345557 
0.8809145402770613 0.4335856893345557 
0.36400062692872404 0.6540111414446493 
0.36400062692872404 0.6540111414446493 
0.36400062692872404 0.6540111414446493 
0.36400062692872404 0.6540111414446493 
0.36400062692872404 0.6540111414446493 
0.36400062692872404 0.6540111414446493 
0.36400062692872404 0.6540111414446493 
0.36400062692872404 0.6540111414446493 
0.36400062692872404 0.6540111414446493 
0.36400062692872404 0.6540111414446493 
0.36400062692872404 0.6540111414446493 
0.36400062692872404 0.6540111414446493 
0.36400062692872404 0.6540111414446493 
0.36400062692872404 0.6540111414446493 
0.36400062692872404 0.6540111414446493 
0.36400062692872404 0.6540111414446493 
0.36400062692872404 0.6540111414446493 
0.36400062692872404 0.6540111414446493 
0.36400062692872404 0.6540111414446493 
0.36400062692872404 0.6540111414446493 
0.6847949032794577 0.4113633238098946 
0.6847949032794577 0.4113633238098946 
0.6847949032794577 0.4113633238098946 
0.6847949032794577 0.4113633238098946 
0.6847949032794577 0.4113633238098946 
0.6847949032794577 0.4113633238098946 
0.6847949032794577 0.4113633238098946 
0.6847949032794577 0.4113633238098946 
0.6847949032794577 0.4113633238098946 
0.6847949032794577 0.4113633238098946 
0.6847949032794577 0.4113633238098946 
0.6847949032794577 0.4113633238098946 
0.6847949032794577 0.4113633238098946 
0.6847949032794577 0.4113633238098946 
0.6847949032794577 0.4113633238098946 
0.6847949032794577 0.4113633238098946 
0.6847949032794577 0.4113633238098946 
0.6847949032794577 0.4113633238098946 
0.6847949032794577 0.4113633238098946 
0.6847949032794577 0.4113633238098946 
0.09067421633370853 0.5142303007410381 
0.09067421633370853 0.5142303007410381 
0.09067421633370853 0.5142303007410381 
0.09067421633370853 0.5142303007410381 
0.09067421633370853 0.5142303007410381 
0.09067421633370853 0.5142303007410381 
0.09067421633370853 0.5142303007410381 
0.09067421633370853 0.5142303007410381 
0.09067421633370853 0.5142303007410381 
0.09067421633370853 0.5142303007410381 
0.09067421633370853 0.5142303007410381 
0.09067421633370853 0.5142303007410381 
0.09067421633370853 0.5142303007410381 
0.09067421633370853 0.5142303007410381 
0.09067421633370853 0.5142303007410381 
0.09067421633370853 0.5142303007410381 
0.09067421633370853 0.5142303007410381 
0.09067421633370853 0.5142303007410381 
0.09067421633370853 0.5142303007410381 
0.09067421633370853 0.5142303007410381 
0.12162221023428443 0.14947654921788261 
0.12162221023428443 0.14947654921788261 
0.12162221023428443 0.14947654921788261 
0.12162221023428443 0.14947654921788261 
0.12162221023428443 0.14947654921788261 
0.12162221023428443 0.14947654921788261 
0.12162221023428443 0.14947654921788261 
0.12162221023428443 0.14947654921788261 
0.12162221023428443 0.14947654921788261 
0.12162221023428443 0.14947654921788261 
0.12162221023428443 0.14947654921788261 
0.12162221023428443 0.14947654921788261 
0.12162221023428443 0.14947654921788261 
0.12162221023428443 0.14947654921788261 
0.12162221023428443 0.14947654921788261 
0.12162221023428443 0.14947654921788261 
0.12162221023428443 0.14947654921788261 
0.12162221023428443 0.14947654921788261 
0.12162221023428443 0.14947654921788261 
0.12162221023428443 0.14947654921788261 
0.9796495575742186 0.8214845798772319 
0.9796495575742186 0.8214845798772319 
0.9796495575742186 0.8214845798772319 
0.9796495575742186 0.8214845798772319 
0.9796495575742186 0.8214845798772319 
0.9796495575742186 0.8214845798772319 
0.9796495575742186 0.8214845798772319 
0.9796495575742186 0.8214845798772319 
0.9796495575742186 0.8214845798772319 
0.9796495575742186 0.8214845798772319 
0.9796495575742186 0.8214845798772319 
0.9796495575742186 0.8214845798772319 
0.9796495575742186 0.8214845798772319 
0.9796495575742186 0.8214845798772319 
0.9796495575742186 0.8214845798772319 
0.9796495575742186 0.8214845798772319 
0.9796495575742186 0.8214845798772319 
0.9796495575742186 0.8214845798772319 
0.9796495575742186 0.8214845798772319 
0.9796495575742186 0.8214845798772319 
0.41134879986809936 0.03217534672239547 
0.41134879986809936 0.03217534672239547 
0.41134879986809936 0.03217534672239547 
0.41134879986809936 0.03217534672239547 
0.41134879986809936 0.03217534672239547 
0.41134879986809936 0.03217534672239547 
0.41134879986809936 0.03217534672239547 
0.41134879986809936 0.03217534672239547 
0.41134879986809936 0.03217534672239547 
0.41134879986809936 0.03217534672239547 
0.41134879986809936 0.03217534672239547 
0.41134879986809936 0.03217534672239547 
0.41134879986809936 0.03217534672239547 
0.41134879986809936 0.03217534672239547 
0.41134879986809936 0.03217534672239547 
0.41134879986809936 0.03217534672239547 
0.41134879986809936 0.03217534672239547 
0.41134879986809936 0.03217534672239547 
0.41134879986809936 0.03217534672239547 
0.41134879986809936 0.03217534672239547 
0.4474164125815987 0.12597650044217168 
0.4474164125815987 0.12597650044217168 
0.4474164125815987 0.12597650044217168 
0.4474164125815987 0.12597650044217168 
0.4474164125815987 0.12597650044217168 
0.4474164125815987 0.12597650044217168 
0.4474164125815987 0.12597650044217168 
0.4474164125815987 0.12597650044217168 
0.4474164125815987 0.12597650044217168 
0.4474164125815987 0.12597650044217168 
0.4474164125815987 0.12597650044217168 
0.4474164125815987 0.12597650044217168 
0.4474164125815987 0.12597650044217168 
0.4474164125815987 0.12597650044217168 
0.4474164125815987 0.12597650044217168 
0.4474164125815987 0.12597650044217168 
0.4474164125815987 0.12597650044217168 
0.4474164125815987 0.12597650044217168 
0.4474164125815987 0.12597650044217168 
0.4474164125815987 0.12597650044217168 
0.45095017136444465 0.5786818123829145 
0.45095017136444465 0.5786818123829145 
0.45095017136444465 0.5786818123829145 
0.45095017136444465 0.5786818123829145 
0.45095017136444465 0.5786818123829145 
0.45095017136444465 0.5786818123829145 
0.45095017136444465 0.5786818123829145 
0.45095017136444465 0.5786818123829145 
0.45095017136444465 0.5786818123829145 
0.45095017136444465 0.5786818123829145 
0.45095017136444465 0.5786818123829145 
0.45095017136444465 0.5786818123829145 
0.45095017136444465 0.5786818123829145 
0.45095017136444465 0.5786818123829145 
0.45095017136444465 0.5786818123829145 
0.45095017136444465 0.5786818123829145 
0.45095017136444465 0.5786818123829145 
0.45095017136444465 0.5786818123829145 
0.45095017136444465 0.5786818123829145 
0.45095017136444465 0.5786818123829145 
0.5856271924578859 0.09413985048163237 
0.5856271924578859 0.09413985048163237 
0.5856271924578859 0.09413985048163237 
0.5856271924578859 0.09413985048163237 
0.5856271924578859 0.09413985048163237 
0.5856271924578859 0.09413985048163237 
0.5856271924578859 0.09413985048163237 
0.5856271924578859 0.09413985048163237 
0.5856271924578859 0.09413985048163237 
0.5856271924578859 0.09413985048163237 
0.5856271924578859 0.09413985048163237 
0.5856271924578859 0.09413985048163237 
0.5856271924578859 0.09413985048163237 
0.5856271924578859 0.09413985048163237 
0.5856271924578859 0.09413985048163237 
0.5856271924578859 0.09413985048163237 
0.5856271924578859 0.09413985048163237 
0.5856271924578859 0.09413985048163237 
0.5856271924578859 0.09413985048163237 
0.5856271924578859 0.09413985048163237 
0.39532929077742923 0.9488134765047547 
0.39532929077742923 0.9488134765047547 
0.39532929077742923 0.9488134765047547 
0.39532929077742923 0.9488134765047547 
0.39532929077742923 0.9488134765047547 
0.39532929077742923 0.9488134765047547 
0.39532929077742923 0.9488134765047547 
0.39532929077742923 0.9488134765047547 
0.39532929077742923 0.9488134765047547 
0.39532929077742923 0.9488134765047547 
0.39532929077742923 0.9488134765047547 
0.39532929077742923 0.9488134765047547 
0.39532929077742923 0.9488134765047547 
0.39532929077742923 0.9488134765047547 
0.39532929077742923 0.9488134765047547 
0.39532929077742923 0.9488134765047547 
0.39532929077742923 0.9488134765047547 
0.39532929077742923 0.9488134765047547 
0.39532929077742923 0.9488134765047547 
0.39532929077742923 0.9488134765047547 
0.041698174061409354 0.9000122724072509 
0.041698174061409354 0.9000122724072509 
0.041698174061409354 0.9000122724072509 
0.041698174061409354 0.9000122724072509 
0.041698174061409354 0.9000122724072509 
0.041698174061409354 0.9000122724072509 
0.041698174061409354 0.9000122724072509 
0.041698174061409354 0.9000122724072509 
0.041698174061409354 0.9000122724072509 
0.041698174061409354 0.9000122724072509 
0.041698174061409354 0.9000122724072509 
0.041698174061409354 0.9000122724072509 
0.041698174061409354 0.9000122724072509 
0.041698174061409354 0.9000122724072509 
0.041698174061409354 0.9000122724072509 
0.041698174061409354 0.9000122724072509 
0.041698174061409354 0.9000122724072509 
0.041698174061409354 0.9000122724072509 
0.041698174061409354 0.9000122724072509 
0.041698174061409354 0.9000122724072509 
0.5532489210618251 0.3077593712240687 
0.5532489210618251 0.3077593712240687 
0.5532489210618251 0.3077593712240687 
0.5532489210618251 0.3077593712240687 
0.5532489210618251 0.3077593712240687 
0.5532489210618251 0.3077593712240687 
0.5532489210618251 0.3077593712240687 
0.5532489210618251 0.3077593712240687 
0.5532489210618251 0.3077593712240687 
0.5532489210618251 0.3077593712240687 
0.5532489210618251 0.3077593712240687 
0.5532489210618251 0.3077593712240687 
0.5532489210618251 0.3077593712240687 
0.5532489210618251 0.3077593712240687 
0.5532489210618251 0.3077593712240687 
0.5532489210618251 0.3077593712240687 
0.5532489210618251 0.3077593712240687 
0.5532489210618251 0.3077593712240687 
0.5532489210618251 0.3077593712240687 
0.5532489210618251 0.3077593712240687 
0.11499757836550722 0.3811744863215911 
0.11499757836550722 0.3811744863215911 
0.11499757836550722 0.3811744863215911 
0.11499757836550722 0.3811744863215911 
0.11499757836550722 0.3811744863215911 
0.11499757836550722 0.3811744863215911 
0.11499757836550722 0.3811744863215911 
0.11499757836550722 0.3811744863215911 
0.11499757836550722 0.3811744863215911 
0.11499757836550722 0.3811744863215911 
0.11499757836550722 0.3811744863215911 
0.11499757836550722 0.3811744863215911 
0.11499757836550722 0.3811744863215911 
0.11499757836550722 0.3811744863215911 
0.11499757836550722 0.3811744863215911 
0.11499757836550722 0.3811744863215911 
0.11499757836550722 0.3811744863215911 
0.11499757836550722 0.3811744863215911 
0.11499757836550722 0.3811744863215911 
0.11499757836550722 0.3811744863215911 
0.970531922029759 0.07293817238117623 
0.970531922029759 0.07293817238117623 
0.970531922029759 0.07293817238117623 
0.970531922029759 0.07293817238117623 
0.970531922029759 0.07293817238117623 
0.970531922029759 0.07293817238117623 
0.970531922029759 0.07293817238117623 
0.970531922029759 0.07293817238117623 
0.970531922029759 0.07293817238117623 
0.970531922029759 0.07293817238117623 
0.970531922029759 0.07293817238117623 
0.970531922029759 0.07293817238117623 
0.970531922029759 0.07293817238117623 
0.970531922029759 0.07293817238117623 
0.970531922029759 0.07293817238117623 
0.970531922029759 0.07293817238117623 
0.970531922029759 0.07293817238117623 
0.970531922029759 0.07293817238117623 
0.970531922029759 0.07293817238117623 
0.970531922029759 0.07293817238117623 
0.9498194262207345 0.21640472463464294 
0.9498194262207345 0.21640472463464294 
0.9498194262207345 0.21640472463464294 
0.9498194262207345 0.21640472463464294 
0.9498194262207345 0.21640472463464294 
0.9498194262207345 0.21640472463464294 
0.9498194262207345 0.21640472463464294 
0.9498194262207345 0.21640472463464294 
0.9498194262207345 0.21640472463464294 
0.9498194262207345 0.21640472463464294 
0.9498194262207345 0.21640472463464294 
0.9498194262207345 0.21640472463464294 
0.9498194262207345 0.21640472463464294 
0.9498194262207345 0.21640472463464294 
0.9498194262207345 0.21640472463464294 
0.9498194262207345 0.21640472463464294 
0.9498194262207345 0.21640472463464294 
0.9498194262207345 0.21640472463464294 
0.9498194262207345 0.21640472463464294 
0.9498194262207345 0.21640472463464294 
0.7038214857603866 0.9566422061858717 
0.7038214857603866 0.9566422061858717 
0.7038214857603866 0.9566422061858717 
0.7038214857603866 0.9566422061858717 
0.7038214857603866 0.9566422061858717 
0.7038214857603866 0.9566422061858717 
0.7038214857603866 0.9566422061858717 
0.7038214857603866 0.9566422061858717 
0.7038214857603866 0.9566422061858717 
0.7038214857603866 0.9566422061858717 
0.7038214857603866 0.9566422061858717 
0.7038214857603866 0.9566422061858717 
0.7038214857603866 0.9566422061858717 
0.7038214857603866 0.9566422061858717 
0.7038214857603866 0.9566422061858717 
0.7038214857603866 0.9566422061858717 
0.7038214857603866 0.9566422061858717 
0.7038214857603866 0.9566422061858717 
0.7038214857603866 0.9566422061858717 
0.7038214857603866 0.9566422061858717 
0.9035338995035684 0.7155061218514026 
0.9035338995035684 0.7155061218514026 
0.9035338995035684 0.7155061218514026 
0.9035338995035684 0.7155061218514026 
0.9035338995035684 0.7155061218514026 
0.9035338995035684 0.7155061218514026 
0.9035338995035684 0.7155061218514026 
0.9035338995035684 0.7155061218514026 
0.9035338995035684 0.7155061218514026 
0.9035338995035684 0.7155061218514026 
0.9035338995035684 0.7155061218514026 
0.9035338995035684 0.7155061218514026 
0.9035338995035684 0.7155061218514026 
0.9035338995035684 0.7155061218514026 
0.9035338995035684 0.7155061218514026 
0.9035338995035684 0.7155061218514026 
0.9035338995035684 0.7155061218514026 
0.9035338995035684 0.7155061218514026 
0.9035338995035684 0.7155061218514026 
0.9035338995035684 0.7155061218514026 
0.8208132222522183 0.3586149782007587 
0.8208132222522183 0.3586149782007587 
0.8208132222522183 0.3586149782007587 
0.8208132222522183 0.3586149782007587 
0.8208132222522183 0.3586149782007587 
0.8208132222522183 0.3586149782007587 
0.8208132222522183 0.3586149782007587 
0.8208132222522183 0.3586149782007587 
0.8208132222522183 0.3586149782007587 
0.8208132222522183 0.3586149782007587 
0.8208132222522183 0.3586149782007587 
0.8208132222522183 0.3586149782007587 
0.8208132222522183 0.3586149782007587 
0.8208132222522183 0.3586149782007587 
0.8208132222522183 0.3586149782007587 
0.8208132222522183 0.3586149782007587 
0.8208132222522183 0.3586149782007587 
0.8208132222522183 0.3586149782007587 
0.8208132222522183 0.3586149782007587 
0.8208132222522183 0.3586149782007587 
0.529546740811326 0.4737068225054828 
0.529546740811326 0.4737068225054828 
0.529546740811326 0.4737068225054828 
0.529546740811326 0.4737068225054828 
0.529546740811326 0.4737068225054828 
0.529546740811326 0.4737068225054828 
0.529546740811326 0.4737068225054828 
0.529546740811326 0.4737068225054828 
0.529546740811326 0.4737068225054828 
0.529546740811326 0.4737068225054828 
0.529546740811326 0.4737068225054828 
0.529546740811326 0.4737068225054828 
0.529546740811326 0.4737068225054828 
0.529546740811326 0.4737068225054828 
0.529546740811326 0.4737068225054828 
0.529546740811326 0.4737068225054828 
0.529546740811326 0.4737068225054828 
0.529546740811326 0.4737068225054828 
0.529546740811326 0.4737068225054828 
0.529546740811326 0.4737068225054828 
0.45050701864560644 0.8417624170438984 
0.45050701864560644 0.8417624170438984 
0.45050701864560644 0.8417624170438984 
0.45050701864560644 0.8417624170438984 
0.45050701864560644 0.8417624170438984 
0.45050701864560644 0.8417624170438984 
0.45050701864560644 0.8417624170438984 
0.45050701864560644 0.8417624170438984 
0.45050701864560644 0.8417624170438984 
0.45050701864560644 0.8417624170438984 
0.45050701864560644 0.8417624170438984 
0.45050701864560644 0.8417624170438984 
0.45050701864560644 0.8417624170438984 
0.45050701864560644 0.8417624170438984 
0.45050701864560644 0.8417624170438984 
0.45050701864560644 0.8417624170438984 
0.45050701864560644 0.8417624170438984 
0.45050701864560644 0.8417624170438984 
0.45050701864560644 0.8417624170438984 
0.45050701864560644 0.8417624170438984 
0.18163096901017584 0.04809064188523693 
0.18163096901017584 0.04809064188523693 
0.18163096901017584 0.04809064188523693 
0.18163096901017584 0.04809064188523693 
0.18163096901017584 0.04809064188523693 
0.18163096901017584 0.04809064188523693 
0.18163096901017584 0.04809064188523693 
0.18163096901017584 0.04809064188523693 
0.18163096901017584 0.04809064188523693 
0.18163096901017584 0.04809064188523693 
0.18163096901017584 0.04809064188523693 
0.18163096901017584 0.04809064188523693 
0.18163096901017584 0.04809064188523693 
0.18163096901017584 0.04809064188523693 
0.18163096901017584 0.04809064188523693 
0.18163096901017584 0.04809064188523693 
0.18163096901017584 0.04809064188523693 
0.18163096901017584 0.04809064188523693 
0.18163096901017584 0.04809064188523693 
0.18163096901017584 0.04809064188523693 
0.7336368957079615 0.7829605639080377 
0.7336368957079615 0.7829605639080377 
0.7336368957079615 0.7829605639080377 
0.7336368957079615 0.7829605639080377 
0.7336368957079615 0.7829605639080377 
0.7336368957079615 0.7829605639080377 
0.7336368957079615 0.7829605639080377 
0.7336368957079615 0.7829605639080377 
0.7336368957079615 0.7829605639080377 
0.7336368957079615 0.7829605639080377 
0.7336368957079615 0.7829605639080377 
0.7336368957079615 0.7829605639080377 
0.7336368957079615 0.7829605639080377 
0.7336368957079615 0.7829605639080377 
0.7336368957079615 0.7829605639080377 
0.7336368957079615 0.7829605639080377 
0.7336368957079615 0.7829605639080377 
0.7336368957079615 0.7829605639080377 
0.7336368957079615 0.7829605639080377 
0.7336368957079615 0.7829605639080377 
0.6265414206483471 0.7495142983982644 
0.6265414206483471 0.7495142983982644 
0.6265414206483471 0.7495142983982644 
0.6265414206483471 0.7495142983982644 
0.6265414206483471 0.7495142983982644 
0.6265414206483471 0.7495142983982644 
0.6265414206483471 0.7495142983982644 
0.6265414206483471 0.7495142983982644 
0.6265414206483471 0.7495142983982644 
0.6265414206483471 0.7495142983982644 
0.6265414206483471 0.7495142983982644 
0.6265414206483471 0.7495142983982644 
0.6265414206483471 0.7495142983982644 
0.6265414206483471 0.7495142983982644 
0.6265414206483471 0.7495142983982644 
0.6265414206483471 0.7495142983982644 
0.6265414206483471 0.7495142983982644 
0.6265414206483471 0.7495142983982644 
0.6265414206483471 0.7495142983982644 
0.6265414206483471 0.7495142983982644 
0.08957178160682328 0.9767205492409957 
0.08957178160682328 0.9767205492409957 
0.08957178160682328 0.9767205492409957 
0.08957178160682328 0.9767205492409957 
0.08957178160682328 0.9767205492409957 
0.08957178160682328 0.9767205492409957 
0.08957178160682328 0.9767205492409957 
0.08957178160682328 0.9767205492409957 
0.08957178160682328 0.9767205492409957 
0.08957178160682328 0.9767205492409957 
0.08957178160682328 0.9767205492409957 
0.08957178160682328 0.9767205492409957 
0.08957178160682328 0.9767205492409957 
0.08957178160682328 0.9767205492409957 
0.08957178160682328 0.9767205492409957 
0.08957178160682328 0.9767205492409957 
0.08957178160682328 0.9767205492409957 
0.08957178160682328 0.9767205492409957 
0.08957178160682328 0.9767205492409957 
0.08957178160682328 0.9767205492409957 
0.5507026186467872 0.5884678708952197 
0.5507026186467872 0.5884678708952197 
0.5507026186467872 0.5884678708952197 
0.5507026186467872 0.5884678708952197 
0.5507026186467872 0.5884678708952197 
0.5507026186467872 0.5884678708952197 
0.5507026186467872 0.5884678708952197 
0.5507026186467872 0.5884678708952197 
0.5507026186467872 0.5884678708952197 
0.5507026186467872 0.5884678708952197 
0.5507026186467872 0.5884678708952197 
0.5507026186467872 0.5884678708952197 
0.5507026186467872 0.5884678708952197 
0.5507026186467872 0.5884678708952197 
0.5507026186467872 0.5884678708952197 
0.5507026186467872 0.5884678708952197 
0.5507026186467872 0.5884678708952197 
0.5507026186467872 0.5884678708952197 
0.5507026186467872 0.5884678708952197 
0.5507026186467872 0.5884678708952197 
0.41685960242594705 0.316110314635376 
0.41685960242594705 0.316110314635376 
0.41685960242594705 0.316110314635376 
0.41685960242594705 0.316110314635376 
0.41685960242594705 0.316110314635376 
0.41685960242594705 0.316110314635376 
0.41685960242594705 0.316110314635376 
0.41685960242594705 0.316110314635376 
0.41685960242594705 0.316110314635376 
0.41685960242594705 0.316110314635376 
0.41685960242594705 0.316110314635376 
0.41685960242594705 0.316110314635376 
0.41685960242594705 0.316110314635376 
0.41685960242594705 0.316110314635376 
0.41685960242594705 0.316110314635376 
0.41685960242594705 0.316110314635376 
0.41685960242594705 0.316110314635376 
0.41685960242594705 0.316110314635376 
0.41685960242594705 0.316110314635376 
0.41685960242594705 0.316110314635376 
0.29254789196606834 0.5616897548438249 
0.29254789196606834 0.5616897548438249 
0.29254789196606834 0.5616897548438249 
0.29254789196606834 0.5616897548438249 
0.29254789196606834 0.5616897548438249 
0.29254789196606834 0.5616897548438249 
0.29254789196606834 0.5616897548438249 
0.29254789196606834 0.5616897548438249 
0.29254789196606834 0.5616897548438249 
0.29254789196606834 0.5616897548438249 
0.29254789196606834 0.5616897548438249 
0.29254789196606834 0.5616897548438249 
0.29254789196606834 0.5616897548438249 
0.29254789196606834 0.5616897548438249 
0.29254789196606834 0.5616897548438249 
0.29254789196606834 0.5616897548438249 
0.29254789196606834 0.5616897548438249 
0.29254789196606834 0.5616897548438249 
0.29254789196606834 0.5616897548438249 
0.29254789196606834 0.5616897548438249 
0.052642614738018456 0.6227018596639771 
0.052642614738018456 0.6227018596639771 
0.052642614738018456 0.6227018596639771 
0.052642614738018456 0.6227018596639771 
0.052642614738018456 0.6227018596639771 
0.052642614738018456 0.6227018596639771 
0.052642614738018456 0.6227018596639771 
0.052642614738018456 0.6227018596639771 
0.052642614738018456 0.6227018596639771 
0.052642614738018456 0.6227018596639771 
0.052642614738018456 0.6227018596639771 
0.052642614738018456 0.6227018596639771 
0.052642614738018456 0.6227018596639771 
0.052642614738018456 0.6227018596639771 
0.052642614738018456 0.6227018596639771 
0.052642614738018456 0.6227018596639771 
0.052642614738018456 0.6227018596639771 
0.052642614738018456 0.6227018596639771 
0.052642614738018456 0.6227018596639771 
0.052642614738018456 0.6227018596639771 
0.6642340052648676 0.05271543404180751 
0.6642340052648676 0.05271543404180751 
0.6642340052648676 0.05271543404180751 
0.6642340052648676 0.05271543404180751 
0.6642340052648676 0.05271543404180751 
0.6642340052648676 0.05271543404180751 
0.6642340052648676 0.05271543404180751 
0.6642340052648676 0.05271543404180751 
0.6642340052648676 0.05271543404180751 
0.6642340052648676 0.05271543404180751 
0.6642340052648676 0.05271543404180751 
0.6642340052648676 0.05271543404180751 
0.6642340052648676 0.05271543404180751 
0.6642340052648676 0.05271543404180751 
0.6642340052648676 0.05271543404180751 
0.6642340052648676 0.05271543404180751 
0.6642340052648676 0.05271543404180751 
0.6642340052648676 0.05271543404180751 
0.6642340052648676 0.05271543404180751 
0.6642340052648676 0.05271543404180751 
0.6491055963185305 0.24736369564183452 
0.6491055963185305 0.24736369564183452 
0.6491055963185305 0.24736369564183452 
0.6491055963185305 0.24736369564183452 
0.6491055963185305 0.24736369564183452 
0.6491055963185305 0.24736369564183452 
0.6491055963185305 0.24736369564183452 
0.6491055963185305 0.24736369564183452 
0.6491055963185305 0.24736369564183452 
0.6491055963185305 0.24736369564183452 
0.6491055963185305 0.24736369564183452 
0.6491055963185305 0.24736369564183452 
0.6491055963185305 0.24736369564183452 
0.6491055963185305 0.24736369564183452 
0.6491055963185305 0.24736369564183452 
0.6491055963185305 0.24736369564183452 
0.6491055963185305 0.24736369564183452 
0.6491055963185305 0.24736369564183452 
0.6491055963185305 0.24736369564183452 
0.6491055963185305 0.24736369564183452 
0.16960710800113865 0.5831479598402232 
0.16960710800113865 0.5831479598402232 
0.16960710800113865 0.5831479598402232 
0.16960710800113865 0.5831479598402232 
0.16960710800113865 0.5831479598402232 
0.16960710800113865 0.5831479598402232 
0.16960710800113865 0.5831479598402232 
0.16960710800113865 0.5831479598402232 
0.16960710800113865 0.5831479598402232 
0.16960710800113865 0.5831479598402232 
0.16960710800113865 0.5831479598402232 
0.16960710800113865 0.5831479598402232 
0.16960710800113865 0.5831479598402232 
0.16960710800113865 0.5831479598402232 
0.16960710800113865 0.5831479598402232 
0.16960710800113865 0.5831479598402232 
0.16960710800113865 0.5831479598402232 
0.16960710800113865 0.5831479598402232 
0.16960710800113865 0.5831479598402232 
0.16960710800113865 0.5831479598402232 
0.49242441054212993 0.9560584957002087 
0.49242441054212993 0.9560584957002087 
0.49242441054212993 0.9560584957002087 
0.49242441054212993 0.9560584957002087 
0.49242441054212993 0.9560584957002087 
0.49242441054212993 0.9560584957002087 
0.49242441054212993 0.9560584957002087 
0.49242441054212993 0.9560584957002087 
0.49242441054212993 0.9560584957002087 
0.49242441054212993 0.9560584957002087 
0.49242441054212993 0.9560584957002087 
0.49242441054212993 0.9560584957002087 
0.49242441054212993 0.9560584957002087 
0.49242441054212993 0.9560584957002087 
0.49242441054212993 0.9560584957002087 
0.49242441054212993 0.9560584957002087 
0.49242441054212993 0.9560584957002087 
0.49242441054212993 0.9560584957002087 
0.49242441054212993 0.9560584957002087 
0.49242441054212993 0.9560584957002087 
0.22109951976670905 0.1612725625978434 
0.22109951976670905 0.1612725625978434 
0.22109951976670905 0.1612725625978434 
0.22109951976670905 0.1612725625978434 
0.22109951976670905 0.1612725625978434 
0.22109951976670905 0.1612725625978434 
0.22109951976670905 0.1612725625978434 
0.22109951976670905 0.1612725625978434 
0.22109951976670905 0.1612725625978434 
0.22109951976670905 0.1612725625978434 
0.22109951976670905 0.1612725625978434 
0.22109951976670905 0.1612725625978434 
0.22109951976670905 0.1612725625978434 
0.22109951976670905 0.1612725625978434 
0.22109951976670905 0.1612725625978434 
0.22109951976670905 0.1612725625978434 
0.22109951976670905 0.1612725625978434 
0.22109951976670905 0.1612725625978434 
0.22109951976670905 0.1612725625978434 
0.22109951976670905 0.1612725625978434 
0.7938850620867435 0.5223262683446699 
0.7938850620867435 0.5223262683446699 
0.7938850620867435 0.5223262683446699 
0.7938850620867435 0.5223262683446699 
0.7938850620867435 0.5223262683446699 
0.7938850620867435 0.5223262683446699 
0.7938850620867435 0.5223262683446699 
0.7938850620867435 0.5223262683446699 
0.7938850620867435 0.5223262683446699 
0.7938850620867435 0.5223262683446699 
0.7938850620867435 0.5223262683446699 
0.7938850620867435 0.5223262683446699 
0.7938850620867435 0.5223262683446699 
0.7938850620867435 0.5223262683446699 
0.7938850620867435 0.5223262683446699 
0.7938850620867435 0.5223262683446699 
0.7938850620867435 0.5223262683446699 
0.7938850620867435 0.5223262683446699 
0.7938850620867435 0.5223262683446699 
0.7938850620867435 0.5223262683446699 
0.2824905437876667 0.7257187118196686 
0.2824905437876667 0.7257187118196686 
0.2824905437876667 0.7257187118196686 
0.2824905437876667 0.7257187118196686 
0.2824905437876667 0.7257187118196686 
0.2824905437876667 0.7257187118196686 
0.2824905437876667 0.7257187118196686 
0.2824905437876667 0.7257187118196686 
0.2824905437876667 0.7257187118196686 
0.2824905437876667 0.7257187118196686 
0.2824905437876667 0.7257187118196686 
0.2824905437876667 0.7257187118196686 
0.2824905437876667 0.7257187118196686 
0.2824905437876667 0.7257187118196686 
0.2824905437876667 0.7257187118196686 
0.2824905437876667 0.7257187118196686 
0.2824905437876667 0.7257187118196686 
0.2824905437876667 0.7257187118196686 
0.2824905437876667 0.7257187118196686 
0.2824905437876667 0.7257187118196686 
0.22016213177891986 0.9254320328781644 
0.22016213177891986 0.9254320328781644 
0.22016213177891986 0.9254320328781644 
0.22016213177891986 0.9254320328781644 
0.22016213177891986 0.9254320328781644 
0.22016213177891986 0.9254320328781644 
0.22016213177891986 0.9254320328781644 
0.22016213177891986 0.9254320328781644 
0.22016213177891986 0.9254320328781644 
0.22016213177891986 0.9254320328781644 
0.22016213177891986 0.9254320328781644 
0.22016213177891986 0.9254320328781644 
0.22016213177891986 0.9254320328781644 
0.22016213177891986 0.9254320328781644 
0.22016213177891986 0.9254320328781644 
0.22016213177891986 0.9254320328781644 
0.22016213177891986 0.9254320328781644 
0.22016213177891986 0.9254320328781644 
0.22016213177891986 0.9254320328781644 
0.22016213177891986 0.9254320328781644 
0.45073122383500336 0.4577503459441452 
0.45073122383500336 0.4577503459441452 
0.45073122383500336 0.4577503459441452 
0.45073122383500336 0.4577503459441452 
0.45073122383500336 0.4577503459441452 
0.45073122383500336 0.4577503459441452 
0.45073122383500336 0.4577503459441452 
0.45073122383500336 0.4577503459441452 
0.45073122383500336 0.4577503459441452 
0.45073122383500336 0.4577503459441452 
0.45073122383500336 0.4577503459441452 
0.45073122383500336 0.4577503459441452 
0.45073122383500336 0.4577503459441452 
0.45073122383500336 0.4577503459441452 
0.45073122383500336 0.4577503459441452 
0.45073122383500336 0.4577503459441452 
0.45073122383500336 0.4577503459441452 
0.45073122383500336 0.4577503459441452 
0.45073122383500336 0.4577503459441452 
0.45073122383500336 0.4577503459441452 
0.8834673824275736 0.507553651946631 
0.8834673824275736 0.507553651946631 
0.8834673824275736 0.507553651946631 
0.8834673824275736 0.507553651946631 
0.8834673824275736 0.507553651946631 
0.8834673824275736 0.507553651946631 
0.8834673824275736 0.507553651946631 
0.8834673824275736 0.507553651946631 
0.8834673824275736 0.507553651946631 
0.8834673824275736 0.507553651946631 
0.8834673824275736 0.507553651946631 
0.8834673824275736 0.507553651946631 
0.8834673824275736 0.507553651946631 
0.8834673824275736 0.507553651946631 
0.8834673824275736 0.507553651946631 
0.8834673824275736 0.507553651946631 
0.8834673824275736 0.507553651946631 
0.8834673824275736 0.507553651946631 
0.8834673824275736 0.507553651946631 
0.8834673824275736 0.507553651946631 
0.41340637917289325 0.7474742759126176 
0.41340637917289325 0.7474742759126176 
0.41340637917289325 0.7474742759126176 
0.41340637917289325 0.7474742759126176 
0.41340637917289325 0.7474742759126176 
0.41340637917289325 0.7474742759126176 
0.41340637917289325 0.7474742759126176 
0.41340637917289325 0.7474742759126176 
0.41340637917289325 0.7474742759126176 
0.41340637917289325 0.7474742759126176 
0.41340637917289325 0.7474742759126176 
0.41340637917289325 0.7474742759126176 
0.41340637917289325 0.7474742759126176 
0.41340637917289325 0.7474742759126176 
0.41340637917289325 0.7474742759126176 
0.41340637917289325 0.7474742759126176 
0.41340637917289325 0.7474742759126176 
0.41340637917289325 0.7474742759126176 
0.41340637917289325 0.7474742759126176 
0.41340637917289325 0.7474742759126176 
0.04408725026722626 0.7558318447767849 
0.04408725026722626 0.7558318447767849 
0.04408725026722626 0.7558318447767849 
0.04408725026722626 0.7558318447767849 
0.04408725026722626 0.7558318447767849 
0.04408725026722626 0.7558318447767849 
0.04408725026722626 0.7558318447767849 
0.04408725026722626 0.7558318447767849 
0.04408725026722626 0.7558318447767849 
0.04408725026722626 0.7558318447767849 
0.04408725026722626 0.7558318447767849 
0.04408725026722626 0.7558318447767849 
0.04408725026722626 0.7558318447767849 
0.04408725026722626 0.7558318447767849 
0.04408725026722626 0.7558318447767849 
0.04408725026722626 0.7558318447767849 
0.04408725026722626 0.7558318447767849 
0.04408725026722626 0.7558318447767849 
0.04408725026722626 0.7558318447767849 
0.04408725026722626 0.7558318447767849 
0.2926615938778515 0.3296421401811117 
0.2926615938778515 0.3296421401811117 
0.2926615938778515 0.3296421401811117 
0.2926615938778515 0.3296421401811117 
0.2926615938778515 0.3296421401811117 
0.2926615938778515 0.3296421401811117 
0.2926615938778515 0.3296421401811117 
0.2926615938778515 0.3296421401811117 
0.2926615938778515 0.3296421401811117 
0.2926615938778515 0.3296421401811117 
0.2926615938778515 0.3296421401811117 
0.2926615938778515 0.3296421401811117 
0.2926615938778515 0.3296421401811117 
0.2926615938778515 0.3296421401811117 
0.2926615938778515 0.3296421401811117 
0.2926615938778515 0.3296421401811117 
0.2926615938778515 0.3296421401811117 
0.2926615938778515 0.3296421401811117 
0.2926615938778515 0.3296421401811117 
0.2926615938778515 0.3296421401811117 
0.5373480908099323 0.704134196133818 
0.5373480908099323 0.704134196133818 
0.5373480908099323 0.704134196133818 
0.5373480908099323 0.704134196133818 
0.5373480908099323 0.704134196133818 
0.5373480908099323 0.704134196133818 
0.5373480908099323 0.704134196133818 
0.5373480908099323 0.704134196133818 
0.5373480908099323 0.704134196133818 
0.5373480908099323 0.704134196133818 
0.5373480908099323 0.704134196133818 
0.5373480908099323 0.704134196133818 
0.5373480908099323 0.704134196133818 
0.5373480908099323 0.704134196133818 
0.5373480908099323 0.704134196133818 
0.5373480908099323 0.704134196133818 
0.5373480908099323 0.704134196133818 
0.5373480908099323 0.704134196133818 
0.5373480908099323 0.704134196133818 
0.5373480908099323 0.704134196133818 
0.8661126242905444 0.7948730236779973 
0.8661126242905444 0.7948730236779973 
0.8661126242905444 0.7948730236779973 
0.8661126242905444 0.7948730236779973 
0.8661126242905444 0.7948730236779973 
0.8661126242905444 0.7948730236779973 
0.8661126242905444 0.7948730236779973 
0.8661126242905444 0.7948730236779973 
0.8661126242905444 0.7948730236779973 
0.8661126242905444 0.7948730236779973 
0.8661126242905444 0.7948730236779973 
0.8661126242905444 0.7948730236779973 
0.8661126242905444 0.7948730236779973 
0.8661126242905444 0.7948730236779973 
0.8661126242905444 0.7948730236779973 
0.8661126242905444 0.7948730236779973 
0.8661126242905444 0.7948730236779973 
0.8661126242905444 0.7948730236779973 
0.8661126242905444 0.7948730236779973 
0.8661126242905444 0.7948730236779973 
0.6096588213770574 0.9462505286514977 
0.6096588213770574 0.9462505286514977 
0.6096588213770574 0.9462505286514977 
0.6096588213770574 0.9462505286514977 
0.6096588213770574 0.9462505286514977 
0.6096588213770574 0.9462505286514977 
0.6096588213770574 0.9462505286514977 
0.6096588213770574 0.9462505286514977 
0.6096588213770574 0.9462505286514977 
0.6096588213770574 0.9462505286514977 
0.6096588213770574 0.9462505286514977 
0.6096588213770574 0.9462505286514977 
0.6096588213770574 0.9462505286514977 
0.6096588213770574 0.9462505286514977 
0.6096588213770574 0.9462505286514977 
0.6096588213770574 0.9462505286514977 
0.6096588213770574 0.9462505286514977 
0.6096588213770574 0.9462505286514977 
0.6096588213770574 0.9462505286514977 
0.6096588213770574 0.9462505286514977 
0.7905066167519822 0.24670894193159898 
0.7905066167519822 0.24670894193159898 
0.7905066167519822 0.24670894193159898 
0.7905066167519822 0.24670894193159898 
0.7905066167519822 0.24670894193159898 
0.7905066167519822 0.24670894193159898 
0.7905066167519822 0.24670894193159898 
0.7905066167519822 0.24670894193159898 
0.7905066167519822 0.24670894193159898 
0.7905066167519822 0.24670894193159898 
0.7905066167519822 0.24670894193159898 
0.7905066167519822 0.24670894193159898 
0.7905066167519822 0.24670894193159898 
0.7905066167519822 0.24670894193159898 
0.7905066167519822 0.24670894193159898 
0.7905066167519822 0.24670894193159898 
0.7905066167519822 0.24670894193159898 
0.7905066167519822 0.24670894193159898 
0.7905066167519822 0.24670894193159898 
0.7905066167519822 0.24670894193159898 
0.0861300166795213 0.07515982910491836 
0.0861300166795213 0.07515982910491836 
0.0861300166795213 0.07515982910491836 
0.0861300166795213 0.07515982910491836 
0.0861300166795213 0.07515982910491836 
0.0861300166795213 0.07515982910491836 
0.0861300166795213 0.07515982910491836 
0.0861300166795213 0.07515982910491836 
0.0861300166795213 0.07515982910491836 
0.0861300166795213 0.07515982910491836 
0.0861300166795213 0.07515982910491836 
0.0861300166795213 0.07515982910491836 
0.0861300166795213 0.07515982910491836 
0.0861300166795213 0.07515982910491836 
0.0861300166795213 0.07515982910491836 
0.0861300166795213 0.07515982910491836 
0.0861300166795213 0.07515982910491836 
0.0861300166795213 0.07515982910491836 
0.0861300166795213 0.07515982910491836 
0.0861300166795213 0.07515982910491836 
0.5678094785934109 0.22718448728593443 
0.5678094785934109 0.22718448728593443 
0.5678094785934109 0.22718448728593443 
0.5678094785934109 0.22718448728593443 
0.5678094785934109 0.22718448728593443 
0.5678094785934109 0.22718448728593443 
0.5678094785934109 0.22718448728593443 
0.5678094785934109 0.22718448728593443 
0.5678094785934109 0.22718448728593443 
0.5678094785934109 0.22718448728593443 
0.5678094785934109 0.22718448728593443 
0.5678094785934109 0.22718448728593443 
0.5678094785934109 0.22718448728593443 
0.5678094785934109 0.22718448728593443 
0.5678094785934109 0.22718448728593443 
0.5678094785934109 0.22718448728593443 
0.5678094785934109 0.22718448728593443 
0.5678094785934109 0.22718448728593443 
0.5678094785934109 0.22718448728593443 
0.5678094785934109 0.22718448728593443 
0.9665634643906645 0.6930461101902061 
0.9665634643906645 0.6930461101902061 
0.9665634643906645 0.6930461101902061 
0.9665634643906645 0.6930461101902061 
0.9665634643906645 0.6930461101902061 
0.9665634643906645 0.6930461101902061 
0.9665634643906645 0.6930461101902061 
0.9665634643906645 0.6930461101902061 
0.9665634643906645 0.6930461101902061 
0.9665634643906645 0.6930461101902061 
0.9665634643906645 0.6930461101902061 
0.9665634643906645 0.6930461101902061 
0.9665634643906645 0.6930461101902061 
0.9665634643906645 0.6930461101902061 
0.9665634643906645 0.6930461101902061 
0.9665634643906645 0.6930461101902061 
0.9665634643906645 0.6930461101902061 
0.9665634643906645 0.6930461101902061 
0.9665634643906645 0.6930461101902061 
0.9665634643906645 0.6930461101902061 
0.6475691841411739 0.5668322599677251 
0.6475691841411739 0.5668322599677251 
0.6475691841411739 0.5668322599677251 
0.6475691841411739 0.5668322599677251 
0.6475691841411739 0.5668322599677251 
0.6475691841411739 0.5668322599677251 
0.6475691841411739 0.5668322599677251 
0.6475691841411739 0.5668322599677251 
0.6475691841411739 0.5668322599677251 
0.6475691841411739 0.5668322599677251 
0.6475691841411739 0.5668322599677251 
0.6475691841411739 0.5668322599677251 
0.6475691841411739 0.5668322599677251 
0.6475691841411739 0.5668322599677251 
0.6475691841411739 0.5668322599677251 
0.6475691841411739 0.5668322599677251 
0.6475691841411739 0.5668322599677251 
0.6475691841411739 0.5668322599677251 
0.6475691841411739 0.5668322599677251 
0.6475691841411739 0.5668322599677251 
0.19841021111626328 0.49694042349206125 
0.19841021111626328 0.49694042349206125 
0.19841021111626328 0.49694042349206125 
0.19841021111626328 0.49694042349206125 
0.19841021111626328 0.49694042349206125 
0.19841021111626328 0.49694042349206125 
0.19841021111626328 0.49694042349206125 
0.19841021111626328 0.49694042349206125 
0.19841021111626328 0.49694042349206125 
0.19841021111626328 0.49694042349206125 
0.19841021111626328 0.49694042349206125 
0.19841021111626328 0.49694042349206125 
0.19841021111626328 0.49694042349206125 
0.19841021111626328 0.49694042349206125 
0.19841021111626328 0.49694042349206125 
0.19841021111626328 0.49694042349206125 
0.19841021111626328 0.49694042349206125 
0.19841021111626328 0.49694042349206125 
0.19841021111626328 0.49694042349206125 
0.19841021111626328 0.49694042349206125 
0.033265986860752994 0.4354342120514326 
0.033265986860752994 0.4354342120514326 
0.033265986860752994 0.4354342120514326 
0.033265986860752994 0.4354342120514326 
0.033265986860752994 0.4354342120514326 
0.033265986860752994 0.4354342120514326 
0.033265986860752994 0.4354342120514326 
0.033265986860752994 0.4354342120514326 
0.033265986860752994 0.4354342120514326 
0.033265986860752994 0.4354342120514326 
0.033265986860752994 0.4354342120514326 
0.033265986860752994 0.4354342120514326 
0.033265986860752994 0.4354342120514326 
0.033265986860752994 0.4354342120514326 
0.033265986860752994 0.4354342120514326 
0.033265986860752994 0.4354342120514326 
0.033265986860752994 0.4354342120514326 
0.033265986860752994 0.4354342120514326 
0.033265986860752994 0.4354342120514326 
0.033265986860752994 0.4354342120514326 
0.6691202636853644 0.6638062237562503 
0.6691202636853644 0.6638062237562503 
0.6691202636853644 0.6638062237562503 
0.6691202636853644 0.6638062237562503 
0.6691202636853644 0.6638062237562503 
0.6691202636853644 0.6638062237562503 
0.6691202636853644 0.6638062237562503 
0.6691202636853644 0.6638062237562503 
0.6691202636853644 0.6638062237562503 
0.6691202636853644 0.6638062237562503 
0.6691202636853644 0.6638062237562503 
0.6691202636853644 0.6638062237562503 
0.6691202636853644 0.6638062237562503 
0.6691202636853644 0.6638062237562503 
0.6691202636853644 0.6638062237562503 
0.6691202636853644 0.6638062237562503 
0.6691202636853644 0.6638062237562503 
0.6691202636853644 0.6638062237562503 
0.6691202636853644 0.6638062237562503 
0.6691202636853644 0.6638062237562503 
0.058694561390542355 0.19729824030066562 
0.058694561390542355 0.19729824030066562 
0.058694561390542355 0.19729824030066562 
0.058694561390542355 0.19729824030066562 
0.058694561390542355 0.19729824030066562 
0.058694561390542355 0.19729824030066562 
0.058694561390542355 0.19729824030066562 
0.058694561390542355 0.19729824030066562 
0.058694561390542355 0.19729824030066562 
0.058694561390542355 0.19729824030066562 
0.058694561390542355 0.19729824030066562 
0.058694561390542355 0.19729824030066562 
0.058694561390542355 0.19729824030066562 
0.058694561390542355 0.19729824030066562 
0.058694561390542355 0.19729824030066562 
0.058694561390542355 0.19729824030066562 
0.058694561390542355 0.19729824030066562 
0.058694561390542355 0.19729824030066562 
0.058694561390542355 0.19729824030066562 
0.058694561390542355 0.19729824030066562 
0.9632161718339345 0.4503686578970515 
0.9632161718339345 0.4503686578970515 
0.9632161718339345 0.4503686578970515 
0.9632161718339345 0.4503686578970515 
0.9632161718339345 0.4503686578970515 
0.9632161718339345 0.4503686578970515 
0.9632161718339345 0.4503686578970515 
0.9632161718339345 0.4503686578970515 
0.9632161718339345 0.4503686578970515 
0.9632161718339345 0.4503686578970515 
0.9632161718339345 0.4503686578970515 
0.9632161718339345 0.4503686578970515 
0.9632161718339345 0.4503686578970515 
0.9632161718339345 0.4503686578970515 
0.9632161718339345 0.4503686578970515 
0.9632161718339345 0.4503686578970515 
0.9632161718339345 0.4503686578970515 
0.9632161718339345 0.4503686578970515 
0.9632161718339345 0.4503686578970515 
0.9632161718339345 0.4503686578970515 
0.7826836353159985 0.03425855742277306 
0.7826836353159985 0.03425855742277306 
0.7826836353159985 0.03425855742277306 
0.7826836353159985 0.03425855742277306 
0.7826836353159985 0.03425855742277306 
0.7826836353159985 0.03425855742277306 
0.7826836353159985 0.03425855742277306 
0.7826836353159985 0.03425855742277306 
0.7826836353159985 0.03425855742277306 
0.7826836353159985 0.03425855742277306 
0.7826836353159985 0.03425855742277306 
0.7826836353159985 0.03425855742277306 
0.7826836353159985 0.03425855742277306 
0.7826836353159985 0.03425855742277306 
0.7826836353159985 0.03425855742277306 
0.7826836353159985 0.03425855742277306 
0.7826836353159985 0.03425855742277306 
0.7826836353159985 0.03425855742277306 
0.7826836353159985 0.03425855742277306 
0.7826836353159985 0.03425855742277306 
0.9423835855730791 0.3219544245069963 
0.9423835855730791 0.3219544245069963 
0.9423835855730791 0.3219544245069963 
0.9423835855730791 0.3219544245069963 
0.9423835855730791 0.3219544245069963 
0.9423835855730791 0.3219544245069963 
0.9423835855730791 0.3219544245069963 
0.9423835855730791 0.3219544245069963 
0.9423835855730791 0.3219544245069963 
0.9423835855730791 0.3219544245069963 
0.9423835855730791 0.3219544245069963 
0.9423835855730791 0.3219544245069963 
0.9423835855730791 0.3219544245069963 
0.9423835855730791 0.3219544245069963 
0.9423835855730791 0.3219544245069963 
0.9423835855730791 0.3219544245069963 
0.9423835855730791 0.3219544245069963 
0.9423835855730791 0.3219544245069963 
0.9423835855730791 0.3219544245069963 
0.9423835855730791 0.3219544245069963 
0.2899954449357125 0.021586612552739803 
0.2899954449357125 0.021586612552739803 
0.2899954449357125 0.021586612552739803 
0.2899954449357125 0.021586612552739803 
0.2899954449357125 0.021586612552739803 
0.2899954449357125 0.021586612552739803 
0.2899954449357125 0.021586612552739803 
0.2899954449357125 0.021586612552739803 
0.2899954449357125 0.021586612552739803 
0.2899954449357125 0.021586612552739803 
0.2899954449357125 0.021586612552739803 
0.2899954449357125 0.021586612552739803 
0.2899954449357125 0.021586612552739803 
0.2899954449357125 0.021586612552739803 
0.2899954449357125 0.021586612552739803 
0.2899954449357125 0.021586612552739803 
0.2899954449357125 0.021586612552739803 
0.2899954449357125 0.021586612552739803 
0.2899954449357125 0.021586612552739803 
0.2899954449357125 0.021586612552739803 
0.17733791024940682 0.7529758807319465 
0.17733791024940682 0.7529758807319465 
0.17733791024940682 0.7529758807319465 
0.17733791024940682 0.7529758807319465 
0.17733791024940682 0.7529758807319465 
0.17733791024940682 0.7529758807319465 
0.17733791024940682 0.7529758807319465 
0.17733791024940682 0.7529758807319465 
0.17733791024940682 0.7529758807319465 
0.17733791024940682 0.7529758807319465 
0.17733791024940682 0.7529758807319465 
0.17733791024940682 0.7529758807319465 
0.17733791024940682 0.7529758807319465 
0.17733791024940682 0.7529758807319465 
0.17733791024940682 0.7529758807319465 
0.17733791024940682 0.7529758807319465 
0.17733791024940682 0.7529758807319465 
0.17733791024940682 0.7529758807319465 
0.17733791024940682 0.7529758807319465 
0.17733791024940682 0.7529758807319465 
0.878357171932386 0.164800494207819 
0.878357171932386 0.164800494207819 
0.878357171932386 0.164800494207819 
0.878357171932386 0.164800494207819 
0.878357171932386 0.164800494207819 
0.878357171932386 0.164800494207819 
0.878357171932386 0.164800494207819 
0.878357171932386 0.164800494207819 
0.878357171932386 0.164800494207819 
0.878357171932386 0.164800494207819 
0.878357171932386 0.164800494207819 
0.878357171932386 0.164800494207819 
0.878357171932386 0.164800494207819 
0.878357171932386 0.164800494207819 
0.878357171932386 0.164800494207819 
0.878357171932386 0.164800494207819 
0.878357171932386 0.164800494207819 
0.878357171932386 0.164800494207819 
0.878357171932386 0.164800494207819 
0.878357171932386 0.164800494207819 
0.5316309381518439 0.03564006924311175 
0.5316309381518439 0.03564006924311175 
0.5316309381518439 0.03564006924311175 
0.5316309381518439 0.03564006924311175 
0.5316309381518439 0.03564006924311175 
0.5316309381518439 0.03564006924311175 
0.5316309381518439 0.03564006924311175 
0.5316309381518439 0.03564006924311175 
0.5316309381518439 0.03564006924311175 
0.5316309381518439 0.03564006924311175 
0.5316309381518439 0.03564006924311175 
0.5316309381518439 0.03564006924311175 
0.5316309381518439 0.03564006924311175 
0.5316309381518439 0.03564006924311175 
0.5316309381518439 0.03564006924311175 
0.5316309381518439 0.03564006924311175 
0.5316309381518439 0.03564006924311175 
0.5316309381518439 0.03564006924311175 
0.5316309381518439 0.03564006924311175 
0.5316309381518439 0.03564006924311175 
0.3559961438864408 0.45249353443267404 
0.3559961438864408 0.45249353443267404 
0.3559961438864408 0.45249353443267404 
0.3559961438864408 0.45249353443267404 
0.3559961438864408 0.45249353443267404 
0.3559961438864408 0.45249353443267404 
0.3559961438864408 0.45249353443267404 
0.3559961438864408 0.45249353443267404 
0.3559961438864408 0.45249353443267404 
0.3559961438864408 0.45249353443267404 
0.3559961438864408 0.45249353443267404 
0.3559961438864408 0.45249353443267404 
0.3559961438864408 0.45249353443267404 
0.3559961438864408 0.45249353443267404 
0.3559961438864408 0.45249353443267404 
0.3559961438864408 0.45249353443267404 
0.3559961438864408 0.45249353443267404 
0.3559961438864408 0.45249353443267404 
0.3559961438864408 0.45249353443267404 
0.3559961438864408 0.45249353443267404 
0.3293051676106645 0.8391904758133342 
0.3293051676106645 0.8391904758133342 
0.3293051676106645 0.8391904758133342 
0.3293051676106645 0.8391904758133342 
0.3293051676106645 0.8391904758133342 
0.3293051676106645 0.8391904758133342 
0.3293051676106645 0.8391904758133342 
0.3293051676106645 0.8391904758133342 
0.3293051676106645 0.8391904758133342 
0.3293051676106645 0.8391904758133342 
0.3293051676106645 0.8391904758133342 
0.3293051676106645 0.8391904758133342 
0.3293051676106645 0.8391904758133342 
0.3293051676106645 0.8391904758133342 
0.3293051676106645 0.8391904758133342 
0.3293051676106645 0.8391904758133342 
0.3293051676106645 0.8391904758133342 
0.3293051676106645 0.8391904758133342 
0.3293051676106645 0.8391904758133342 
0.3293051676106645 0.8391904758133342 
0.1649614594965711 0.25195227019550265 
0.1649614594965711 0.25195227019550265 
0.1649614594965711 0.25195227019550265 
0.1649614594965711 0.25195227019550265 
0.1649614594965711 0.25195227019550265 
0.1649614594965711 0.25195227019550265 
0.1649614594965711 0.25195227019550265 
0.1649614594965711 0.25195227019550265 
0.1649614594965711 0.25195227019550265 
0.1649614594965711 0.25195227019550265 
0.1649614594965711 0.25195227019550265 
0.1649614594965711 0.25195227019550265 
0.1649614594965711 0.25195227019550265 
0.1649614594965711 0.25195227019550265 
0.1649614594965711 0.25195227019550265 
0.1649614594965711 0.25195227019550265 
0.1649614594965711 0.25195227019550265 
0.1649614594965711 0.25195227019550265 
0.1649614594965711 0.25195227019550265 
0.1649614594965711 0.25195227019550265 
0.2023750321768828 0.37767290853301916 
0.2023750321768828 0.37767290853301916 
0.2023750321768828 0.37767290853301916 
0.2023750321768828 0.37767290853301916 
0.2023750321768828 0.37767290853301916 
0.2023750321768828 0.37767290853301916 
0.2023750321768828 0.37767290853301916 
0.2023750321768828 0.37767290853301916 
0.2023750321768828 0.37767290853301916 
0.2023750321768828 0.37767290853301916 
0.2023750321768828 0.37767290853301916 
0.2023750321768828 0.37767290853301916 
0.2023750321768828 0.37767290853301916 
0.2023750321768828 0.37767290853301916 
0.2023750321768828 0.37767290853301916 
0.2023750321768828 0.37767290853301916 
0.2023750321768828 0.37767290853301916 
0.2023750321768828 0.37767290853301916 
0.2023750321768828 0.37767290853301916 
0.2023750321768828 0.37767290853301916 
0.7077964213133586 0.5071881171567284 
0.7077964213133586 0.5071881171567284 
0.7077964213133586 0.5071881171567284 
0.7077964213133586 0.5071881171567284 
0.7077964213133586 0.5071881171567284 
0.7077964213133586 0.5071881171567284 
0.7077964213133586 0.5071881171567284 
0.7077964213133586 0.5071881171567284 
0.7077964213133586 0.5071881171567284 
0.7077964213133586 0.5071881171567284 
0.7077964213133586 0.5071881171567284 
0.7077964213133586 0.5071881171567284 
0.7077964213133586 0.5071881171567284 
0.7077964213133586 0.5071881171567284 
0.7077964213133586 0.5071881171567284 
0.7077964213133586 0.5071881171567284 
0.7077964213133586 0.5071881171567284 
0.7077964213133586 0.5071881171567284 
0.7077964213133586 0.5071881171567284 
0.7077964213133586 0.5071881171567284 
0.7760168340551994 0.8936455034813612 
0.7760168340551994 0.8936455034813612 
0.7760168340551994 0.8936455034813612 
0.7760168340551994 0.8936455034813612 
0.7760168340551994 0.8936455034813612 
0.7760168340551994 0.8936455034813612 
0.7760168340551994 0.8936455034813612 
0.7760168340551994 0.8936455034813612 
0.7760168340551994 0.8936455034813612 
0.7760168340551994 0.8936455034813612 
0.7760168340551994 0.8936455034813612 
0.7760168340551994 0.8936455034813612 
0.7760168340551994 0.8936455034813612 
0.7760168340551994 0.8936455034813612 
0.7760168340551994 0.8936455034813612 
0.7760168340551994 0.8936455034813612 
0.7760168340551994 0.8936455034813612 
0.7760168340551994 0.8936455034813612 
0.7760168340551994 0.8936455034813612 
0.7760168340551994 0.8936455034813612 
0.6754938565533491 0.8454470616641527 
0.6754938565533491 0.8454470616641527 
0.6754938565533491 0.8454470616641527 
0.6754938565533491 0.8454470616641527 
0.6754938565533491 0.8454470616641527 
0.6754938565533491 0.8454470616641527 
0.6754938565533491 0.8454470616641527 
0.6754938565533491 0.8454470616641527 
0.6754938565533491 0.8454470616641527 
0.6754938565533491 0.8454470616641527 
0.6754938565533491 0.8454470616641527 
0.6754938565533491 0.8454470616641527 
0.6754938565533491 0.8454470616641527 
0.6754938565533491 0.8454470616641527 
0.6754938565533491 0.8454470616641527 
0.6754938565533491 0.8454470616641527 
0.6754938565533491 0.8454470616641527 
0.6754938565533491 0.8454470616641527 
0.6754938565533491 0.8454470616641527 
0.6754938565533491 0.8454470616641527 
0.4542134076837635 0.24816444020790784 
0.4542134076837635 0.24816444020790784 
0.4542134076837635 0.24816444020790784 
0.4542134076837635 0.24816444020790784 
0.4542134076837635 0.24816444020790784 
0.4542134076837635 0.24816444020790784 
0.4542134076837635 0.24816444020790784 
0.4542134076837635 0.24816444020790784 
0.4542134076837635 0.24816444020790784 
0.4542134076837635 0.24816444020790784 
0.4542134076837635 0.24816444020790784 
0.4542134076837635 0.24816444020790784 
0.4542134076837635 0.24816444020790784 
0.4542134076837635 0.24816444020790784 
0.4542134076837635 0.24816444020790784 
0.4542134076837635 0.24816444020790784 
0.4542134076837635 0.24816444020790784 
0.4542134076837635 0.24816444020790784 
0.4542134076837635 0.24816444020790784 
0.4542134076837635 0.24816444020790784 
0.7007923255242465 0.1442992289900787 
0.7007923255242465 0.1442992289900787 
0.7007923255242465 0.1442992289900787 
0.7007923255242465 0.1442992289900787 
0.7007923255242465 0.1442992289900787 
0.7007923255242465 0.1442992289900787 
0.7007923255242465 0.1442992289900787 
0.7007923255242465 0.1442992289900787 
0.7007923255242465 0.1442992289900787 
0.7007923255242465 0.1442992289900787 
0.7007923255242465 0.1442992289900787 
0.7007923255242465 0.1442992289900787 
0.7007923255242465 0.1442992289900787 
0.7007923255242465 0.1442992289900787 
0.7007923255242465 0.1442992289900787 
0.7007923255242465 0.1442992289900787 
0.7007923255242465 0.1442992289900787 
0.7007923255242465 0.1442992289900787 
0.7007923255242465 0.1442992289900787 
0.7007923255242465 0.1442992289900787 
0.36499279482697067 0.5218310977619399 
0.36499279482697067 0.5218310977619399 
0.36499279482697067 0.5218310977619399 
0.36499279482697067 0.5218310977619399 
0.36499279482697067 0.5218310977619399 
0.36499279482697067 0.5218310977619399 
0.36499279482697067 0.5218310977619399 
0.36499279482697067 0.5218310977619399 
0.36499279482697067 0.5218310977619399 
0.36499279482697067 0.5218310977619399 
0.36499279482697067 0.5218310977619399 
0.36499279482697067 0.5218310977619399 
0.36499279482697067 0.5218310977619399 
0.36499279482697067 0.5218310977619399 
0.36499279482697067 0.5218310977619399 
0.36499279482697067 0.5218310977619399 
0.36499279482697067 0.5218310977619399 
0.36499279482697067 0.5218310977619399 
0.36499279482697067 0.5218310977619399 
0.36499279482697067 0.5218310977619399 
0.6224641678947027 0.35111226367739584 
0.6224641678947027 0.35111226367739584 
0.6224641678947027 0.35111226367739584 
0.6224641678947027 0.35111226367739584 
0.6224641678947027 0.35111226367739584 
0.6224641678947027 0.35111226367739584 
0.6224641678947027 0.35111226367739584 
0.6224641678947027 0.35111226367739584 
0.6224641678947027 0.35111226367739584 
0.6224641678947027 0.35111226367739584 
0.6224641678947027 0.35111226367739584 
0.6224641678947027 0.35111226367739584 
0.6224641678947027 0.35111226367739584 
0.6224641678947027 0.35111226367739584 
0.6224641678947027 0.35111226367739584 
0.6224641678947027 0.35111226367739584 
0.6224641678947027 0.35111226367739584 
0.6224641678947027 0.35111226367739584 
0.6224641678947027 0.35111226367739584 
0.6224641678947027 0.35111226367739584 
0.2153273198149635 0.6557203082443787 
0.2153273198149635 0.6557203082443787 
0.2153273198149635 0.6557203082443787 
0.2153273198149635 0.6557203082443787 
0.2153273198149635 0.6557203082443787 
0.2153273198149635 0.6557203082443787 
0.2153273198149635 0.6557203082443787 
0.2153273198149635 0.6557203082443787 
0.2153273198149635 0.6557203082443787 
0.2153273198149635 0.6557203082443787 
0.2153273198149635 0.6557203082443787 
0.2153273198149635 0.6557203082443787 
0.2153273198149635 0.6557203082443787 
0.2153273198149635 0.6557203082443787 
0.2153273198149635 0.6557203082443787 
0.2153273198149635 0.6557203082443787 
0.2153273198149635 0.6557203082443787 
0.2153273198149635 0.6557203082443787 
0.2153273198149635 0.6557203082443787 
0.2153273198149635 0.6557203082443787 
0.3080116982818762 0.2389132777263605 
0.3080116982818762 0.2389132777263605 
0.3080116982818762 0.2389132777263605 
0.3080116982818762 0.2389132777263605 
0.3080116982818762 0.2389132777263605 
0.3080116982818762 0.2389132777263605 
0.3080116982818762 0.2389132777263605 
0.3080116982818762 0.2389132777263605 
0.3080116982818762 0.2389132777263605 
0.3080116982818762 0.2389132777263605 
0.3080116982818762 0.2389132777263605 
0.3080116982818762 0.2389132777263605 
0.3080116982818762 0.2389132777263605 
0.3080116982818762 0.2389132777263605 
0.3080116982818762 0.2389132777263605 
0.3080116982818762 0.2389132777263605 
0.3080116982818762 0.2389132777263605 
0.3080116982818762 0.2389132777263605 
0.3080116982818762 0.2389132777263605 
0.3080116982818762 0.2389132777263605 
0.7698477953881251 0.4295614458116692 
0.7698477953881251 0.4295614458116692 
0.7698477953881251 0.4295614458116692 
0.7698477953881251 0.4295614458116692 
0.7698477953881251 0.4295614458116692 
0.7698477953881251 0.4295614458116692 
0.7698477953881251 0.4295614458116692 
0.7698477953881251 0.4295614458116692 
0.7698477953881251 0.4295614458116692 
0.7698477953881251 0.4295614458116692 
0.7698477953881251 0.4295614458116692 
0.7698477953881251 0.4295614458116692 
0.7698477953881251 0.4295614458116692 
0.7698477953881251 0.4295614458116692 
0.7698477953881251 0.4295614458116692 
0.7698477953881251 0.4295614458116692 
0.7698477953881251 0.4295614458116692 
0.7698477953881251 0.4295614458116692 
0.7698477953881251 0.4295614458116692 
0.7698477953881251 0.4295614458116692 
0.5001786576043784 0.3698900586686392 
0.5001786576043784 0.3698900586686392 
0.5001786576043784 0.3698900586686392 
0.5001786576043784 0.3698900586686392 
0.5001786576043784 0.3698900586686392 
0.5001786576043784 0.3698900586686392 
0.5001786576043784 0.3698900586686392 
0.5001786576043784 0.3698900586686392 
0.5001786576043784 0.3698900586686392 
0.5001786576043784 0.3698900586686392 
0.5001786576043784 0.3698900586686392 
0.5001786576043784 0.3698900586686392 
0.5001786576043784 0.3698900586686392 
0.5001786576043784 0.3698900586686392 
0.5001786576043784 0.3698900586686392 
0.5001786576043784 0.3698900586686392 
0.5001786576043784 0.3698900586686392 
0.5001786576043784 0.3698900586686392 
0.5001786576043784 0.3698900586686392 
0.5001786576043784 0.3698900586686392 
0.80710180294151 0.7267292857616897 
0.80710180294151 0.7267292857616897 
0.80710180294151 0.7267292857616897 
0.80710180294151 0.7267292857616897 
0.80710180294151 0.7267292857616897 
0.80710180294151 0.7267292857616897 
0.80710180294151 0.7267292857616897 
0.80710180294151 0.7267292857616897 
0.80710180294151 0.7267292857616897 
0.80710180294151 0.7267292857616897 
0.80710180294151 0.7267292857616897 
0.80710180294151 0.7267292857616897 
0.80710180294151 0.7267292857616897 
0.80710180294151 0.7267292857616897 
0.80710180294151 0.7267292857616897 
0.80710180294151 0.7267292857616897 
0.80710180294151 0.7267292857616897 
0.80710180294151 0.7267292857616897 
0.80710180294151 0.7267292857616897 
0.80710180294151 0.7267292857616897 
0.5336721452492575 0.1514139386811762 
0.5336721452492575 0.1514139386811762 
0.5336721452492575 0.1514139386811762 
0.5336721452492575 0.1514139386811762 
0.5336721452492575 0.1514139386811762 
0.5336721452492575 0.1514139386811762 
0.5336721452492575 0.1514139386811762 
0.5336721452492575 0.1514139386811762 
0.5336721452492575 0.1514139386811762 
0.5336721452492575 0.1514139386811762 
0.5336721452492575 0.1514139386811762 
0.5336721452492575 0.1514139386811762 
0.5336721452492575 0.1514139386811762 
0.5336721452492575 0.1514139386811762 
0.5336721452492575 0.1514139386811762 
0.5336721452492575 0.1514139386811762 
0.5336721452492575 0.1514139386811762 
0.5336721452492575 0.1514139386811762 
0.5336721452492575 0.1514139386811762 
0.5336721452492575 0.1514139386811762 
0.37367847360867523 0.367585896633854 
0.37367847360867523 0.367585896633854 
0.37367847360867523 0.367585896633854 
0.37367847360867523 0.367585896633854 
0.37367847360867523 0.367585896633854 
0.37367847360867523 0.367585896633854 
0.37367847360867523 0.367585896633854 
0.37367847360867523 0.367585896633854 
0.37367847360867523 0.367585896633854 
0.37367847360867523 0.367585896633854 
0.37367847360867523 0.367585896633854 
0.37367847360867523 0.367585896633854 
0.37367847360867523 0.367585896633854 
0.37367847360867523 0.367585896633854 
0.37367847360867523 0.367585896633854 
0.37367847360867523 0.367585896633854 
0.37367847360867523 0.367585896633854 
0.37367847360867523 0.367585896633854 
0.37367847360867523 0.367585896633854 
0.37367847360867523 0.367585896633854 
0.12869072983871138 0.9067660855561533 
0.12869072983871138 0.9067660855561533 
0.12869072983871138 0.9067660855561533 
0.12869072983871138 0.9067660855561533 
0.12869072983871138 0.9067660855561533 
0.12869072983871138 0.9067660855561533 
0.12869072983871138 0.9067660855561533 
0.12869072983871138 0.9067660855561533 
0.12869072983871138 0.9067660855561533 
0.12869072983871138 0.9067660855561533 
0.12869072983871138 0.9067660855561533 
0.12869072983871138 0.9067660855561533 
0.12869072983871138 0.9067660855561533 
0.12869072983871138 0.9067660855561533 
0.12869072983871138 0.9067660855561533 
0.12869072983871138 0.9067660855561533 
0.12869072983871138 0.9067660855561533 
0.12869072983871138 0.9067660855561533 
0.12869072983871138 0.9067660855561533 
0.12869072983871138 0.9067660855561533 
0.939471029655386 0.9553255804193416 
0.939471029655386 0.9553255804193416 
0.939471029655386 0.9553255804193416 
0.939471029655386 0.9553255804193416 
0.939471029655386 0.9553255804193416 
0.939471029655386 0.9553255804193416 
0.939471029655386 0.9553255804193416 
0.939471029655386 0.9553255804193416 
0.939471029655386 0.9553255804193416 
0.939471029655386 0.9553255804193416 
0.939471029655386 0.9553255804193416 
0.939471029655386 0.9553255804193416 
0.939471029655386 0.9553255804193416 
0.939471029655386 0.9553255804193416 
0.939471029655386 0.9553255804193416 
0.939471029655386 0.9553255804193416 
0.939471029655386 0.9553255804193416 
0.939471029655386 0.9553255804193416 
0.939471029655386 0.9553255804193416 
0.939471029655386 0.9553255804193416 
0.7190647830951721 0.3215738328422492 
0.7190647830951721 0.3215738328422492 
0.7190647830951721 0.3215738328422492 
0.7190647830951721 0.3215738328422492 
0.7190647830951721 0.3215738328422492 
0.7190647830951721 0.3215738328422492 
0.7190647830951721 0.3215738328422492 
0.7190647830951721 0.3215738328422492 
0.7190647830951721 0.3215738328422492 
0.7190647830951721 0.3215738328422492 
0.7190647830951721 0.3215738328422492 
0.7190647830951721 0.3215738328422492 
0.7190647830951721 0.3215738328422492 
0.7190647830951721 0.3215738328422492 
0.7190647830951721 0.3215738328422492 
0.7190647830951721 0.3215738328422492 
0.7190647830951721 0.3215738328422492 
0.7190647830951721 0.3215738328422492 
0.7190647830951721 0.3215738328422492 
0.7190647830951721 0.3215738328422492 
0.35748881110959196 0.10981553804526095 
0.35748881110959196 0.10981553804526095 
0.35748881110959196 0.10981553804526095 
0.35748881110959196 0.10981553804526095 
0.35748881110959196 0.10981553804526095 
0.35748881110959196 0.10981553804526095 
0.35748881110959196 0.10981553804526095 
0.35748881110959196 0.10981553804526095 
0.35748881110959196 0.10981553804526095 
0.35748881110959196 0.10981553804526095 
0.35748881110959196 0.10981553804526095 
0.35748881110959196 0.10981553804526095 
0.35748881110959196 0.10981553804526095 
0.35748881110959196 0.10981553804526095 
0.35748881110959196 0.10981553804526095 
0.35748881110959196 0.10981553804526095 
0.35748881110959196 0.10981553804526095 
0.35748881110959196 0.10981553804526095 
0.35748881110959196 0.10981553804526095 
0.35748881110959196 0.10981553804526095 
0.024864204147992397 0.08136863106901987 
0.024864204147992397 0.08136863106901987 
0.024864204147992397 0.08136863106901987 
0.024864204147992397 0.08136863106901987 
0.024864204147992397 0.08136863106901987 
0.024864204147992397 0.08136863106901987 
0.024864204147992397 0.08136863106901987 
0.024864204147992397 0.08136863106901987 
0.024864204147992397 0.08136863106901987 
0.024864204147992397 0.08136863106901987 
0.024864204147992397 0.08136863106901987 
0.024864204147992397 0.08136863106901987 
0.024864204147992397 0.08136863106901987 
0.024864204147992397 0.08136863106901987 
0.024864204147992397 0.08136863106901987 
0.024864204147992397 0.08136863106901987 
0.024864204147992397 0.08136863106901987 
0.024864204147992397 0.08136863106901987 
0.024864204147992397 0.08136863106901987 
0.024864204147992397 0.08136863106901987 
0.8249243162763742 0.6173080118340848 
0.8249243162763742 0.6173080118340848 
0.8249243162763742 0.6173080118340848 
0.8249243162763742 0.6173080118340848 
0.8249243162763742 0.6173080118340848 
0.8249243162763742 0.6173080118340848 
0.8249243162763742 0.6173080118340848 
0.8249243162763742 0.6173080118340848 
0.8249243162763742 0.6173080118340848 
0.8249243162763742 0.6173080118340848 
0.8249243162763742 0.6173080118340848 
0.8249243162763742 0.6173080118340848 
0.8249243162763742 0.6173080118340848 
0.8249243162763742 0.6173080118340848 
0.8249243162763742 0.6173080118340848 
0.8249243162763742 0.6173080118340848 
0.8249243162763742 0.6173080118340848 
0.8249243162763742 0.6173080118340848 
0.8249243162763742 0.6173080118340848 
0.8249243162763742 0.6173080118340848 
0.8963299178732174 0.035819896108161275 
0.8963299178732174 0.035819896108161275 
0.8963299178732174 0.035819896108161275 
0.8963299178732174 0.035819896108161275 
0.8963299178732174 0.035819896108161275 
0.8963299178732174 0.035819896108161275 
0.8963299178732174 0.035819896108161275 
0.8963299178732174 0.035819896108161275 
0.8963299178732174 0.035819896108161275 
0.8963299178732174 0.035819896108161275 
0.8963299178732174 0.035819896108161275 
0.8963299178732174 0.035819896108161275 
0.8963299178732174 0.035819896108161275 
0.8963299178732174 0.035819896108161275 
0.8963299178732174 0.035819896108161275 
0.8963299178732174 0.035819896108161275 
0.8963299178732174 0.035819896108161275 
0.8963299178732174 0.035819896108161275 
0.8963299178732174 0.035819896108161275 
0.8963299178732174 0.035819896108161275 
0.06186119673328283 0.3091644085477544 
0.06186119673328283 0.3091644085477544 
0.06186119673328283 0.3091644085477544 
0.06186119673328283 0.3091644085477544 
0.06186119673328283 0.3091644085477544 
0.06186119673328283 0.3091644085477544 
0.06186119673328283 0.3091644085477544 
0.06186119673328283 0.3091644085477544 
0.06186119673328283 0.3091644085477544 
0.06186119673328283 0.3091644085477544 
0.06186119673328283 0.3091644085477544 
0.06186119673328283 0.3091644085477544 
0.06186119673328283 0.3091644085477544 
0.06186119673328283 0.3091644085477544 
0.06186119673328283 0.3091644085477544 
0.06186119673328283 0.3091644085477544 
0.06186119673328283 0.3091644085477544 
0.06186119673328283 0.3091644085477544 
0.06186119673328283 0.3091644085477544 
0.06186119673328283 0.3091644085477544 
0.8937657401343837 0.863223522447196 
0.8937657401343837 0.863223522447196 
0.8937657401343837 0.863223522447196 
0.8937657401343837 0.863223522447196 
0.8937657401343837 0.863223522447196 
0.8937657401343837 0.863223522447196 
0.8937657401343837 0.863223522447196 
0.8937657401343837 0.863223522447196 
0.8937657401343837 0.863223522447196 
0.8937657401343837 0.863223522447196 
0.8937657401343837 0.863223522447196 
0.8937657401343837 0.863223522447196 
0.8937657401343837 0.863223522447196 
0.8937657401343837 0.863223522447196 
0.8937657401343837 0.863223522447196 
0.8937657401343837 0.863223522447196 
0.8937657401343837 0.863223522447196 
0.8937657401343837 0.863223522447196 
0.8937657401343837 0.863223522447196 
0.8937657401343837 0.863223522447196 
0.09764011793537009 0.832284718677069 
0.09764011793537009 0.832284718677069 
0.09764011793537009 0.832284718677069 
0.09764011793537009 0.832284718677069 
0.09764011793537009 0.832284718677069 
0.09764011793537009 0.832284718677069 
0.09764011793537009 0.832284718677069 
0.09764011793537009 0.832284718677069 
0.09764011793537009 0.832284718677069 
0.09764011793537009 0.832284718677069 
0.09764011793537009 0.832284718677069 
0.09764011793537009 0.832284718677069 
0.09764011793537009 0.832284718677069 
0.09764011793537009 0.832284718677069 
0.09764011793537009 0.832284718677069 
0.09764011793537009 0.832284718677069 
0.09764011793537009 0.832284718677069 
0.09764011793537009 0.832284718677069 
0.09764011793537009 0.832284718677069 
0.09764011793537009 0.832284718677069 
0.9426742353303038 0.5843192333544712 
0.9426742353303038 0.5843192333544712 
0.9426742353303038 0.5843192333544712 
0.9426742353303038 0.5843192333544712 
0.9426742353303038 0.5843192333544712 
0.9426742353303038 0.5843192333544712 
0.9426742353303038 0.5843192333544712 
0.9426742353303038 0.5843192333544712 
0.9426742353303038 0.5843192333544712 
0.9426742353303038 0.5843192333544712 
0.9426742353303038 0.5843192333544712 
0.9426742353303038 0.5843192333544712 
0.9426742353303038 0.5843192333544712 
0.9426742353303038 0.5843192333544712 
0.9426742353303038 0.5843192333544712 
0.9426742353303038 0.5843192333544712 
0.9426742353303038 0.5843192333544712 
0.9426742353303038 0.5843192333544712 
0.9426742353303038 0.5843192333544712 
0.9426742353303038 0.5843192333544712 
0.29249638546951645 0.9522560533189988 
0.29249638546951645 0.9522560533189988 
0.29249638546951645 0.9522560533189988 
0.29249638546951645 0.9522560533189988 
0.29249638546951645 0.9522560533189988 
0.29249638546951645 0.9522560533189988 
0.29249638546951645 0.9522560533189988 
0.29249638546951645 0.9522560533189988 
0.29249638546951645 0.9522560533189988 
0.29249638546951645 0.9522560533189988 
0.29249638546951645 0.9522560533189988 
0.29249638546951645 0.9522560533189988 
0.29249638546951645 0.9522560533189988 
0.29249638546951645 0.9522560533189988 
0.29249638546951645 0.9522560533189988 
0.29249638546951645 0.9522560533189988 
0.29249638546951645 0.9522560533189988 
0.29249638546951645 0.9522560533189988 
0.29249638546951645 0.9522560533189988 
0.29249638546951645 0.9522560533189988 
0.6072471122006825 0.4613716189842697 
0.6072471122006825 0.4613716189842697 
0.6072471122006825 0.4613716189842697 
0.6072471122006825 0.4613716189842697 
0.6072471122006825 0.4613716189842697 
0.6072471122006825 0.4613716189842697 
0.6072471122006825 0.4613716189842697 
0.6072471122006825 0.4613716189842697 
0.6072471122006825 0.4613716189842697 
0.6072471122006825 0.4613716189842697 
0.6072471122006825 0.4613716189842697 
0.6072471122006825 0.4613716189842697 
0.6072471122006825 0.4613716189842697 
0.6072471122006825 0.4613716189842697 
0.6072471122006825 0.4613716189842697 
0.6072471122006825 0.4613716189842697 
0.6072471122006825 0.4613716189842697 
0.6072471122006825 0.4613716189842697 
0.6072471122006825 0.4613716189842697 
0.6072471122006825 0.4613716189842697 
