0.8892861419337228 0.6586763774042896 
0.24840239527510571 0.48679010497968794 
0.7412893591539014 0.08587898085212586 
0.5048340010568673 0.898160988086917 
0.24073139450707104 0.024290389662905032 
0.1916933321334855 0.8780516016074891 
0.5958774462485413 0.3611058534069278 
0.8719878175833888 0.3747825192684845 
0.7491802877040122 0.8012839263150241 
0.46500444658433987 0.5953205900256079 
0.10543965476166872 0.2963860822420431 
0.4680145711577647 0.15076038205906767 
0.1287544416545171 0.6075165511828978 
0.7937358449349798 0.8786670251256998 
0.9709407132869764 0.1392500915913863 
0.3933935783725202 0.7289358103466979 
0.3094493397546688 0.33842772038597757 
0.7931358802901978 0.4868597767119272 
0.02879800069758226 0.8381231484342792 
0.6165975582420088 0.5272256723757777 
0.035815541258648054 0.10538104560187744 
0.6396546195123257 0.6415411643331959 
0.8120111353591264 0.30057537066622964 
0.9492829874528855 0.9300521517218738 
0.2280662711148989 0.1272441979929715 
0.03503403741792965 0.5000309709966875 
0.47970521692844453 0.34809345342902975 
0.6123779196372746 0.9712291475511885 
0.683475439486511 0.2651991683380368 
0.5107988430300269 0.04919333641273815 
0.5468686899199132 0.7299012567445373 
0.27981404305141544 0.7743522940036447 
0.36432474512940805 0.1525966397303915 
0.7377593156158965 0.6206393389317479 
0.3727582942643298 0.9183574261363894 
0.295535896133002 0.6242321706442364 
0.9009506050400001 0.031753396065686446 
0.6111048570017229 0.8074477798643194 
0.8880482397585143 0.7635952852718504 
0.926688046042271 0.5046539592736575 
0.08407779442002355 0.7254684273940903 
0.8249252299523319 0.17201994765901035 
0.9904885391946916 0.29132337041510287 
0.3222908973856653 0.5055832167994223 
0.49219061132382125 0.4548220098197662 
0.17135362979907248 0.24753314860825543 
0.573462137701205 0.14543615982934072 
0.11660382292806765 0.026370765841989163 
0.03158416480294751 0.931326351068238 
0.13397249887410184 0.5015546432235335 
0.2735021253843424 0.9660739963582385 
0.958777289906413 0.740913418997716 
0.0852799817261437 0.3962972687294877 
0.20068328977047023 0.39176846506960206 
0.5023651982431703 0.25607562584394317 
0.3813058617833495 0.0375607067547149 
0.681324635168186 0.9136562545229223 
0.7504719421732724 0.42474510568043955 
0.3919524198218018 0.40317429599077853 
0.028872643133091958 0.5761018993156795 
0.3097593939287112 0.2453196237728883 
0.20961238906098412 0.6634933038205972 
0.6328544648946273 0.04755993271412501 
0.46740174230188314 0.7724450708095434 
0.6546934508871046 0.18858298961704484 
0.4147709915764847 0.26729636654397193 
0.12120093163000145 0.12404665915973684 
0.8806720781240887 0.8592460737076613 
0.13592342446563094 0.976205264242646 
0.6721436213984624 0.4443255489116275 
0.8026591168825798 0.9868359831320898 
0.03971033822161163 0.22082683878795756 
0.8750967296580612 0.5769079881156607 
0.7998623716465569 0.7734768279305029 
0.45204504155978786 0.9863662102274321 
0.9706357692774314 0.2297899677752535 
0.2715068847456478 0.8587433975083392 
0.20091584814973296 0.780809430779507 
0.564937857476706 0.5481575714039734 
0.008805310455314574 0.6781515646963739 
0.9752778890639857 0.6369475732097846 
0.9736654471747938 0.39493471532149393 
0.8345800128618674 0.06689504957412651 
0.8532815401390674 0.21993465356935127 
0.36667933930905106 0.5819571813186173 
0.7279725279058193 0.7163745561350247 
0.7194091467949811 0.19368982298127302 
0.042377456507874 0.3215177098447016 
0.21258194008127623 0.5790519443546577 
0.578775818876659 0.2174755632191251 
0.4374464259063733 0.6793387671992434 
0.24982820891747667 0.292779556552177 
0.6768544195531099 0.5933194639642609 
0.8165335386034054 0.6538293217719205 
0.4084393557107002 0.8635049236252836 
0.3973407151865094 0.5380859417843697 
0.5318200686800644 0.6388972477936371 
0.6373489203740513 0.7669548765112705 
0.980340459081233 0.8590305064832063 
0.7898382936664489 0.05287146706082502 
0.8972874521479703 0.968072510219023 
0.5991467156920846 0.43867867654875375 
0.03776116102698901 0.03149103764564848 
0.32483399000413965 0.06352238491051199 
0.9604772903099589 0.05071843402481657 
0.6690413438884224 0.3339604514568548 
0.33983036383054066 0.811936753739259 
0.10443576066098842 0.8411499027819276 
0.7002958312061894 0.8395634958009164 
0.7399783368022071 0.5248037378571724 
0.40852973814671284 0.11435583436431407 
0.8891148742003127 0.1380183354879682 
0.35144216103917203 0.6819204524419786 
0.8100880854918313 0.4148647508931703 
0.9279041335408766 0.4168495274575439 
0.30865013675547937 0.44672062324241857 
0.309992048785443 0.19073098749327938 
0.9073319405402878 0.28530569050472204 
0.18416495304854247 0.07258224455696682 
0.5644842131493969 0.805320243828779 
0.737992446794357 0.9910764663651754 
0.867275742712841 0.45763398624971563 
0.38144662895506953 0.38422180904837455 
0.17578407678376406 0.7135021567433244 
0.8336714772800409 0.5468695935336024 
0.7497799440342937 0.36386451431470557 
0.04699679367910875 0.7695812920458505 
0.5103365737633475 0.8301328260749672 
0.30122925508240794 0.38920292624068537 
0.5493761458625029 0.931298605612935 
0.3698599204236066 0.270049658543505 
0.988230109268874 0.577270861517479 
0.7268645951946262 0.11231517866167312 
0.025480567490949235 0.40562531002788826 
0.18964007516788045 0.9656775102667685 
0.27095528455714407 0.20215674286556556 
0.5123057452841019 0.3079279562149012 
0.6387185983301074 0.2883689597894745 
0.07618285016193665 0.6920034788106053 
0.10926840939919585 0.20608454461102715 
0.5380372998328651 0.42179905847953725 
0.18454795354915915 0.1910426461412965 
0.10480128439830066 0.8903345757984731 
0.26768923230200325 0.7071229133089942 
0.7653375810402794 0.2564900044860556 
0.8024324760308326 0.7096676254893604 
0.389101221020255 0.20435730747170816 
0.30196007240922523 0.9122197796630915 
0.6287999646176489 0.7143089466497258 
0.49395316487958796 0.515319884469258 
0.5761289949887647 0.5909923018171056 
0.749886309856109 0.9324030196797484 
0.4545529792478271 0.43649934022846004 
0.5879445941577098 0.870116717847284 
0.10846165641883865 0.5467970739921377 
0.449248996490444 0.0592672822792259 
0.4379029129342318 0.22223562183266155 
0.7443389777805994 0.03754905616694376 
0.6945993713938643 0.036495667791041075 
0.09521078257073157 0.6274980277770714 
0.9181791985717116 0.22104007707813644 
0.15774206114914313 0.42903217254780407 
0.7508619936017012 0.600037474321781 
0.3967065041897506 0.4830950316698669 
0.3822041964514063 0.6505910142550424 
0.5606411333961553 0.09129715282076406 
0.6468941555142098 0.3964675240580875 
0.5390976922411497 0.3707135117557973 
0.8237134508330812 0.9240576767613791 
0.3328708509088451 0.9602493166614817 
0.12351176133740133 0.3384721945413285 
0.47299180698367443 0.7082879377136855 
0.16155733803286104 0.3224024923022167 
0.5486957509581458 0.00825825211263126 
0.29319495771023396 0.10248785885322548 
0.6454776315185736 0.13871975956711535 
0.04482525099603796 0.15964579158261816 
0.458852671457667 0.8401541746274794 
0.1567634751817666 0.8212845577897048 
0.6424932159441517 0.9389187099606321 
0.15884479837395882 0.549155108743736 
0.05213311111215457 0.9910844973796828 
0.25545508143421525 0.573855968089366 
0.9349900496055816 0.5944031859266521 
0.5168494848907716 0.1882033624049242 
0.4260934918279337 0.3362684661996851 
0.11531409442843454 0.7562666787545678 
0.5280582888117106 0.11625463354525761 
0.962449327476306 0.48478084160060364 
0.26313986259980426 0.9255956551442115 
0.8394178106525075 0.024903917190879477 
0.09382076223928526 0.44769945782441756 
0.551376775664728 0.4838447445133906 
0.957211084472435 0.7885059330655145 
0.7061939008023319 0.5574724680613389 
0.6979090880249232 0.752155628303055 
0.8023089651115732 0.2518145994439859 
0.9943355200840202 0.99346357449848 
0.44935422467881964 0.8988860014578506 
0.941394204019047 0.7273435885953786 
0.42965777562570495 0.930510046000788 
0.011017791377278041 0.28265343567993884 
0.08970529792877885 0.9506639743563146 
0.8385814447698894 0.7004089413068462 
0.4108932139432455 0.7985754729652457 
0.8995022000167563 0.0844866893616425 
0.235392844037346 0.424070756397612 
0.9586183486882447 0.37449418878701035 
0.6453923182609345 0.5045950414668225 
0.14677728210215052 0.9205101563715726 
0.8487594286402673 0.829987059796764 
0.6806501072633407 0.6991680027655008 
0.18591934258725662 0.5073088685707139 
0.8479605830350011 0.3326820749116211 
0.5648814100810282 0.32145158413595604 
0.7494826417109739 0.32243243852450354 
0.779326758040733 0.18961696797221345 
0.7742405715826006 0.11385406557425493 
0.0690337529280396 0.04491404529153209 
0.6084759870106844 0.21727004933521576 
0.2464460580468586 0.7883375547514966 
0.9323710008692115 0.6860962819828749 
0.31385206896456275 0.5714442252350339 
0.5566289272748594 0.9714575057727672 
0.48705774164664994 0.9874657960269877 
0.35025194587193814 0.44041943101898556 
0.2375307695344387 0.06602571110475175 
0.6520927193251239 0.9758878395539949 
0.1361170584212401 0.6648809550671569 
0.574668572191937 0.6638555728268112 
0.16486692990720198 0.054519781532792355 
0.8039614222636686 0.34893357104013234 
0.3741570772021222 0.334604029092153 
0.9202320310696969 0.1910734637963014 
0.5179535570729791 0.599372925992279 
0.6525139899178068 0.8698641208302389 
0.45274117845958955 0.548208764185422 
0.6943114471686457 0.42875648088947366 
0.029637731247107058 0.6901403121908538 
0.43135015415069167 0.4856411593762193 
0.5195371908037617 0.7595681160911647 
0.5534391642383052 0.300587301842417 
0.06068627094525797 0.473031441531797 
0.8955821326542055 0.8163698162649107 
0.2139070802190461 0.3449360496382836 
0.0844818208210007 0.5994007812523817 
0.08964115442548054 0.26399917844924725 
0.9150268119617153 0.35702627149923205 
0.3553896437455072 0.7471738092716833 
0.8306922466256852 0.6003066485243126 
0.2212872501470311 0.8368116551709852 
0.12609997520657806 0.38884937118496854 
0.20923087624857845 0.6319673053652922 
0.008253244320640452 0.8978984403548018 
0.4214608111320493 0.6112257588503476 
0.6986740781095574 0.13296285729582047 
0.1907602023271206 0.28531962075545747 
0.3212178952178286 0.7260330709315594 
0.32398346076927786 0.8672319398801103 
0.48536462863336144 0.06889113163707605 
0.9699812260467162 0.015732679426530338 
0.310337781799368 0.13265843224487678 
0.7390639755134074 0.6984741028615045 
0.293876429110974 0.3102340164497749 
0.09532270550751021 0.7891239276857369 
0.3224382292150505 0.025076322363731418 
0.4262905234881466 0.0076372352271971145 
0.18000716938358302 0.1363107085053024 
0.6644914753676696 0.10775440736755659 
0.9514306934757135 0.2760412173084045 
0.9180364017570481 0.8760303724057101 
0.05219519827102048 0.35563314517334155 
0.4767469964350034 0.37699425004962767 
0.6223537943482662 0.1278359262786628 
0.07343100349101367 0.8807665451273536 
0.8647957524483056 0.9446349805572873 
0.739629938419333 0.4586348463168628 
0.19282085416131706 0.469514118878123 
0.7079736701622831 0.2925078262941475 
0.6106480078553284 0.008834424511383998 
0.3916403547476004 0.9759053331015053 
0.6808511130425375 0.6692911258392009 
0.3060958874325088 0.6578636616490482 
0.2185363814487592 0.2081842925197641 
0.5520464182043441 0.771044881790334 
0.6605311231907689 0.8312714872465816 
0.5927096890769253 0.756470167307715 
0.7616732014206318 0.553685094694665 
0.04894326532596671 0.5496895226428735 
0.45850974761530805 0.6438981628868711 
0.40388005472506594 0.15746042511792357 
0.8111626305040446 0.826914254459701 
0.30184086251407705 0.5069106810540089 
0.9646769287853776 0.17322702149948122 
0.8895201152140169 0.5016883052398452 
0.8110953758102525 0.480010711184882 
0.6631491269764618 0.7806233197615261 
0.6217816459296452 0.6041016374198723 
0.22207118320028463 0.7542372313070678 
0.20936171641402462 0.25585079966537727 
0.8519092032717606 0.8778339903439767 
0.263825103408141 0.34955540170181226 
0.009338017986431024 0.6085341345619041 
0.521397210533945 0.15946396804709168 
0.6985464519364782 0.531066107270246 
0.870989009248835 0.7845847171558359 
0.3396428591993549 0.10544956771601205 
0.4684242637392741 0.3100759437484051 
0.007171759932009525 0.7311227016894233 
0.8672447650207722 0.7338043352428798 
0.8553058680510968 0.11787642698496587 
0.17094200639001506 0.6495803313883238 
0.7330200297823539 0.8530727946325021 
0.6164782045039552 0.8854046749108653 
0.13722593080064854 0.8949976305200273 
0.026815322416166187 0.7880272627574267 
0.9395553865018229 0.9912091059989147 
0.48807822065667933 0.9580114209551138 
0.9797268589182546 0.6683437849029588 
0.710106435338047 0.35650992707668616 
0.8645511635589866 0.1681650095072822 
0.546030957895354 0.8617184059481752 
0.952889403293928 0.08880850693148046 
0.6910016075557406 0.9637887401265854 
0.9841614928719539 0.5168138670761019 
0.12081261737903465 0.08260721766555318 
0.5978161348098598 0.0619847029186375 
0.15140745072117084 0.5925787231096791 
0.4844769097924025 0.02766691000355953 
0.06613059883052946 0.6123076058016985 
0.8790480370506075 0.25434242468944246 
0.4271353660020393 0.384012287078705 
0.3361760123482374 0.6157221722790727 
0.7863712344867786 0.1437167214026136 
0.7151796455117707 0.48422493456849663 
0.06847832267135495 0.11305417238866938 
0.06865173974384792 0.19924060095498458 
0.5681103546075001 0.4057968634551204 
0.6078498324184171 0.4810115374895551 
0.611572025785718 0.315851955510002 
0.5742948871521586 0.04643235256078149 
0.8624853885574294 0.6472538604752375 
0.679159650748963 0.16574665295098195 
0.11791058801138526 0.24664860986598136 
0.26752289376262983 0.14464547085598667 
0.9235991815474222 0.4703458286724272 
0.7582576956941642 0.7269899910670587 
0.36483879349416926 0.7828262109185737 
0.9065565980413304 0.5548105950649271 
0.7585279537163696 0.667298927241895 
0.6744755229127264 0.06520982471980263 
0.13709156010319545 0.6982328959868648 
0.4649006945192107 0.10896996888016536 
0.6457351801449889 0.2624348717453302 
0.6101542366860238 0.9052216239636055 
0.46128073461598884 0.2653754786701462 
0.10931244187237621 0.49331703957990636 
0.7118722181447588 0.20917344675518046 
0.13878164560940087 0.7761317207715076 
0.016542886737965667 0.12142614139464641 
0.8100556411631247 0.9667319321378907 
0.5798497280552165 0.7003751623828871 
0.5468189558336743 0.2663326980131445 
0.38666849698599154 0.08396233150235966 
0.5811080921126928 0.6416078104620431 
0.6625937895354403 0.56263935512647 
0.8998861518988501 0.6146309854837596 
0.3928308500428027 0.8154007868851412 
0.4819862468921549 0.8789165110519462 
0.009132423729711736 0.17700811020443952 
0.034504960469187274 0.4414126575614701 
0.9708235052378502 0.8140398606915689 
0.1941484227711298 0.9224863237227825 
0.4897926233837348 0.3854148015975258 
0.4403779466774364 0.7455165834415368 
0.32857487031954 0.22116965146768142 
0.28943874306456413 0.8036560756387409 
0.6098465066209025 0.1601105576990356 
0.5101207111795372 0.6766619562268352 
0.2774070613737012 0.035412059812633956 
0.2849276894589692 0.5432446819304347 
0.7348687553990364 0.9188224948311969 
0.23809081927536768 0.5340745973949496 
0.21065124485808673 0.0352483572256902 
0.8172262334338021 0.09789534698925872 
0.25737032193199827 0.6583309988834415 
0.22855397352024726 0.9960351240565426 
0.25153022356481614 0.23573117877251148 
0.3650879094884557 0.5090684390528236 
0.7650939105661465 0.010573931608845621 
0.16344152442277377 0.3812695035378536 
0.24047963012621015 0.39215833178626697 
0.8664953926261418 0.4152641915276881 
0.9418034599830455 0.11804070912444492 
0.5830475342238962 0.16970920719458304 
0.9025253293353199 0.3250158878103139 
0.9878243995314782 0.9397404603337643 
0.023259814347564023 0.38251017310892393 
0.8546172286911953 0.28885988300424814 
0.6779687006884785 0.38461269230900924 
0.8920576063868195 0.20363754831904513 
0.14933640237424078 0.1962704548638633 
0.7582481873791562 0.16799091495732343 
0.9175170691117411 0.95545316058659 
0.9011220406864309 0.9148747791192351 
0.7320322319101151 0.14535918294719213 
0.951791307967065 0.6141778897056621 
0.008094909773519177 0.48103369746238933 
0.45940572652430245 0.19418107974383092 
0.005087611514759394 0.9668025489589962 
0.9897876442810118 0.894858937422891 
0.1633431999913466 0.010366219598907933 
0.06658541358881032 0.07075885117413783 
0.5044885617649995 0.5713170716798907 
0.2905433664979087 0.9310614652445074 
0.5867266103349271 0.2733394335326111 
0.7731065349342148 0.6424944336879175 
0.3434438041375012 0.47102495245718495 
0.7735010504220396 0.4146103271935476 
0.37234857250360387 0.8535223839080361 
0.7020147294686774 0.6089918038624994 
0.2166104957404565 0.8855598601872807 
0.6721084925233114 0.7286199566795092 
0.9886436421803038 0.750257843971106 
0.4462594893039053 0.5279665015750131 
0.4168384027890727 0.8989470469965146 
0.07203422020789685 0.006238161062321945 
0.98935408652549 0.4440867127105211 
0.04907555090162807 0.30035827460491415 
0.8340232601706448 0.7945060810080282 
0.2462980146690782 0.7436282464922488 
0.39304355570283117 0.45163098735975044 
0.07324042948795495 0.5057414060640871 
0.14705500168699293 0.10521158715907525 
0.5326000259499983 0.9294093264134704 
0.8298118768046691 0.20920976923607176 
0.9517913506601665 0.3210426823225059 
0.719449306335234 0.8059821224382911 
0.2092804592843477 0.8128831366601106 
0.008189117044155259 0.0977468264510325 
0.6659117633160165 0.0042952905868139934 
0.011647789521330443 0.5259797029800616 
0.07291525763657347 0.654468930859151 
0.8676680679433859 0.9858083168387335 
0.7268179554332675 0.2672893983956811 
0.14668603171649391 0.8680321039089476 
0.3404408785275125 0.3997960626123577 
0.4345372881190045 0.7857902770438917 
0.6239685044026384 0.4322467692739641 
0.20238289886042365 0.1746043525265949 
0.13545398641609468 0.15383845966046106 
0.7901308025855938 0.5891489035284793 
0.21699975891968748 0.71780000564889 
0.8354434972938747 0.375550730900329 
0.7665184295280005 0.7877992474658861 
0.37062422498683467 0.24815699551217774 
0.05813375164849088 0.9249798965691187 
0.7219174105997853 0.010649990334125725 
0.2383556431245995 0.11357698092725976 
0.5498367045978683 0.5982772549626745 
0.5266543193624824 0.9682932250957794 
0.40272467643716664 0.3299410858760494 
0.49255581904083023 0.40738308261580575 
0.7063278592817115 0.8936125215100095 
0.10249408692182138 0.4695325629686267 
0.7680835457089614 0.9650462285665771 
0.5074773193364063 0.12939593610890965 
0.8824702246027535 0.043652992696556425 
0.8766713364266213 0.7093796900169623 
0.5484394185505606 0.5117213741114021 
0.042233508154571 0.7125946777050229 
0.4916002798006939 0.21938285728917317 
0.9403962999960576 0.39430580960407824 
0.01896227129737854 0.6303165817509218 
0.5804214207413315 0.8328936555144338 
0.35123445645002505 0.16565227262535787 
0.29423518366679546 0.7384449384049977 
0.3990461371595805 0.6050830605744648 
0.6700296075111454 0.20824063620997696 
0.21740296782133994 0.936391814509679 
0.5013776589303335 0.6211056586198038 
0.6338478668630925 0.559154653468344 
0.006324875136681507 0.01152595253523403 
0.19199935403358548 0.4293504149911966 
0.5322173701116263 0.44491200578287926 
0.4260477335177108 0.14635583772477667 
0.40660060858378017 0.6985746498542416 
0.6498445585881042 0.4709818303906976 
0.4275229924915349 0.5823469288631002 
0.11123728509469943 0.939984665847041 
0.819678983050899 0.4536301398693787 
0.8504446628491809 0.49943218272392154 
0.9046901743826593 0.8424488357222296 
0.9729019363210019 0.42686995594947513 
0.4766287837811385 0.809904242975716 
0.42545367622286967 0.16876455563642284 
0.06092209644810859 0.8209033571153533 
0.9462733191875461 0.9068871931031507 
0.4952206354838515 0.8550393970983168 
0.837524277364953 0.8947464808370555 
0.5388792589585797 0.337865435139936 
0.06956727202553414 0.5617402681750221 
0.2608172199182244 0.46019286020650424 
0.5298771923489661 0.20962499783522193 
0.34735475382773634 0.3093541267685024 
0.06718430015685584 0.23452662090713877 
0.9273663880766045 0.026492891219604298 
0.2731331634808518 0.08249264381051202 
0.08582370258123717 0.3154622618590385 
0.5244830116257938 0.07512336045084383 
0.18341185318595427 0.5874124876478062 
0.1243845256553675 0.5876850898056244 
0.7267380629059565 0.4245124706327201 
0.3159419365233891 0.7032794749493818 
0.2557125331760194 0.9047003713984998 
0.778965097562665 0.5184800226380064 
0.6318000642945252 0.22227226069716893 
0.7708952946100257 0.7509061518880249 
0.750891739371155 0.8759134618975847 
0.1807668489355826 0.7694701974453966 
0.9268975889600917 0.6480453364896718 
0.9443573466265429 0.24092793156857856 
0.18850737964210929 0.5289360420916284 
0.3609466002994842 0.04441976850940965 
0.5056052254188032 0.4865959318095166 
0.8248085623618755 0.6359174041634214 
0.9378365886302669 0.5719200923283947 
0.39326637994180064 0.9485116251740925 
0.008247224635380246 0.9223717142847829 
0.7957177996821815 0.32357939014557746 
0.32979765329232896 0.296323650995711 
0.9899934360897839 0.8014621618576525 
0.7055849590706226 0.40365800092478377 
0.18667551199883992 0.9926739474255784 
0.10044560638012812 0.16225767641650995 
0.4903911860328927 0.7350814449983092 
0.8882274186148879 0.10684088998338614 
0.4863995977484963 0.27609076466486127 
0.9494899276733635 0.6797767777683901 
0.697413083835615 0.07705202152660506 
0.9851034474696281 0.05177425265775998 
0.9776841140797219 0.20471312968048572 
0.7556523334406213 0.21629879310739664 
0.42622459419871767 0.2955133685664876 
0.3105593230777538 0.8040973214650988 
0.6451598799317316 0.67967555269763 
0.5946125128014403 0.709907329059269 
0.25760317425935 0.6053549540236235 
0.3601942239299416 0.008621006503453876 
0.40982560361836873 0.06777120265459408 
0.8306432322917373 0.27156527249650675 
0.8350965225584506 0.9491258786738335 
0.1772597592995495 0.6920767962900803 
0.7734577526423903 0.8328088315911018 
0.27459442094348774 0.2775878717526661 
0.7861852125412545 0.6735047608013791 
0.5157645828146252 0.7061641309171797 
0.005492729067090474 0.8049908523639077 
0.49276201714154577 0.009900441123004033 
0.009094175217961464 0.3439371976838096 
0.0834007242477075 0.2931626281983487 
0.723023944508997 0.6611700019843865 
0.5731182963021635 0.8967275697166581 
0.2760376660505339 0.406969016495794 
0.07321086337451005 0.7761841058297749 
0.5751310667097397 0.9903564959334114 
0.6425763518550647 0.3201389035069133 
0.8279324675894106 0.7580368483413789 
0.9907638838046195 0.7135960595846808 
0.8824443912203439 0.43892068919103144 
0.31324012961809855 0.3626645617153391 
0.7821694463754667 0.4408224438309238 
0.7304644344578066 0.22567861602553735 
0.9024833344495735 0.7186115506179387 
0.9725157289525239 0.3464615554462978 
0.18570352056069134 0.3435408821359335 
0.4645581835618775 0.4834895254370976 
0.719236006400249 0.7537094156724642 
0.5098968963302474 0.9331538921475557 
0.30068441496538045 0.9709244873014112 
0.03652273143274021 0.9665615345321661 
0.7404192245436385 0.5635889031203618 
0.5442990413234764 0.9054894061770702 
0.42272578683809664 0.6409236403304699 
0.6477851502074683 0.35204082600748915 
0.9863174900934156 0.26761885123887835 
0.676233545254481 0.6447647193157624 
0.5476699732823642 0.18240307635055392 
0.8433695251185456 0.15759883016240972 
0.9334073579553737 0.7649167657770508 
0.1647708020712092 0.9251877134604515 
0.35442234388822114 0.8951121977227493 
0.6039720994027185 0.11433746426010893 
0.5832303167372801 0.5513306944304015 
0.20677492239362322 0.12470821159538298 
0.044914558682980554 0.6495414782305502 
0.06069091145173011 0.3931203234381604 
0.2868380163284694 0.5785158156247326 
0.15156760109074735 0.30485632913076566 
0.13501767136458798 0.4702864098394657 
0.3423742146551312 0.5410335047228785 
0.8790452087662939 0.5538245098898122 
0.9426877415188086 0.04165860507085589 
0.8101867370028875 0.01025241672540389 
0.5238498905167662 0.7763342641060373 
0.15266157700168903 0.23399477206210723 
0.5961545991903072 0.9519936898440868 
0.5524546879467954 0.13448323791697242 
0.35427598744944966 0.35238899413648683 
0.5547182897352325 0.6827546600060949 
0.28796937277365975 0.4876210610486775 
0.23597534589649483 0.16994788060477506 
0.3913589942457508 0.7710016124495331 
0.5909360839194595 0.5094311771599329 
0.39428645603245405 0.23393824970979332 
0.5671958652964826 0.3628330530560334 
0.640463097637752 0.8346792061390791 
0.9889881341891275 0.967277912324654 
0.39972305661432694 0.30269053005561464 
0.1252100772792467 0.8236221965241901 
0.3421632411695049 0.9882821126119488 
0.8057071041323229 0.5259650309931398 
0.6597163242168895 0.40683139773732163 
0.3771567202536787 0.7124216190631668 
0.877468999262873 0.291710921623707 
0.4847197944463284 0.5497489310339738 
0.025024988608961574 0.30821391568080325 
0.8576102442689146 0.6725292655167354 
0.4291954842462812 0.42615780080613735 
0.4148500314686963 0.030516466219861815 
0.7974789370209959 0.39455960264591006 
0.2651094552465902 0.5157336308538655 
0.2115868686578085 0.010077534158947854 
0.644483368040649 0.5332598933785918 
0.29719112296634065 0.23075917270135604 
0.4532063623048742 0.08091036687670333 
0.34601409766641245 0.14563761099965328 
0.32316913307366035 0.82632321470489 
0.6163702052272795 0.2577866200675993 
0.72557452980418 0.9426526502900638 
0.415869840013775 0.8458032845073069 
0.6372113043480809 0.08718261067666261 
0.9771975621866709 0.5420143992889427 
0.9491759081686506 0.824327973198759 
0.8761147010958671 0.4913333777696715 
0.9880238922978242 0.6216159642096373 
0.5106184137791487 0.08990899296453386 
0.7993950848298879 0.9149770233823122 
0.6818112189512481 0.29411794295900023 
0.41532721641517284 0.45281666154687134 
0.23793360500830407 0.5104932232073922 
0.14644127602268997 0.7315346564150376 
0.9934429433342964 0.10974159664198929 
0.7826115904025728 0.3063451998960136 
0.6964639389790931 0.34025624513724884 
0.27108817691600057 0.3822490865320564 
0.5909643906903843 0.7973075241492347 
0.9208175002840813 0.1454686839833581 
0.007657412485133075 0.0662229555350235 
0.16102221018712476 0.4470784077028293 
0.6762212237632876 0.766278772543804 
0.5386228905844952 0.5460236703531063 
0.027664381977289543 0.24022030251185683 
0.4195716323584247 0.7193963402797634 
0.3508897964772757 0.6259049839300015 
0.7960819772810854 0.552553011327053 
0.756003782027786 0.482803422603364 
0.02690041848773872 0.01931557220566943 
0.1121826661893815 0.9686073335897554 
0.6299649633472487 0.8631002306954172 
0.7895595997881752 0.9460227311973817 
0.18372679755076932 0.7446851831956506 
0.348320898119703 0.8516278650630098 
0.06667678334692756 0.2589903062191022 
0.8610767656313432 0.0757843867150631 
0.4127603250879266 0.5075797878616517 
0.0070536973046232965 0.4363194483482664 
0.1462914292593912 0.02676529633089003 
0.24260172352250803 0.6693249981478128 
0.8276060595719498 0.2520212912432313 
0.8690009266589106 0.829839279115413 
0.233837216669041 0.30026104631255074 
0.7186376659853186 0.6809808429622844 
0.8362439631426479 0.5632585338305288 
0.4672035481309446 0.9226741354375689 
0.8289987220830475 0.8559874117854782 
0.6054418960137059 0.6209818656136269 
0.00621404382897961 0.8309722479966862 
0.21968563700617422 0.9783535917244155 
0.9545418818879938 0.8587720467477562 
0.7083963718879456 0.9916969558786273 
0.19157007583279823 0.21268744868230133 
0.24212500910072732 0.3253071225221355 
0.14032475466327737 0.6462674942382363 
0.2123272310466766 0.0737792201784015 
0.09133817476531714 0.7075841705693204 
0.269157731237947 0.11091623213814722 
0.7690926370869144 0.0675801591294824 
0.09989915450945219 0.3440819841265812 
0.44818949421715276 0.4114879231266923 
0.46675927768601433 0.8671268535035572 
0.11290078314651986 0.42325274372377725 
0.32366530214339645 0.7699687872721499 
0.27819530936996634 0.6826227382473443 
0.6896437531240668 0.8157632163391384 
0.7741654517364938 0.6210547372171413 
0.7232501543966735 0.37762258603201726 
0.8954746777797004 0.5313385591920786 
0.740589974604228 0.34248771936797995 
0.7077599646056739 0.4604179591917654 
0.6177947276687046 0.7833273842344983 
0.10372141997368711 0.045240687020023984 
0.22434868848829986 0.3632923712016246 
0.5639295502477991 0.014584567890329303 
0.011346436844149821 0.8573003985627048 
0.15977935857448455 0.8881378913930436 
0.3305069739709565 0.5815927088902837 
0.34822836841684845 0.9197399317595089 
0.3534102685973958 0.09115291079383814 
0.376121508858681 0.1068235408523801 
0.13469536290655804 0.5439765646595617 
0.6037801650988281 0.5944784215293006 
0.15951360020323463 0.4765983240197999 
0.6210262657596692 0.9460469134221738 
0.9633772527993728 0.4500032420081097 
0.3666524716462509 0.4706415591609532 
0.36435889944693745 0.20267880355248225 
0.44604438793679835 0.6987903454998576 
0.8583682153029404 0.7582585536176256 
0.3856039266584606 0.18415361587857249 
0.2803443134688872 0.43328841442349686 
0.1401993464365907 0.049445642226467634 
0.3148312489758562 0.17476959915377455 
0.9722535044305671 0.15820562370539026 
0.7086620565798931 0.17444274628023543 
0.49987867860030616 0.6553879977294325 
0.4048145949932518 0.38450489731895354 
0.6037348320222856 0.39999646491102403 
0.047949664936344394 0.18532248515982486 
0.10927840818402274 0.22428361498270405 
0.11616671902875725 0.657932068057526 
0.10822826534358643 0.10413453126225652 
0.20933894691343558 0.5107593125916504 
0.7377866211911159 0.7885387148989946 
0.5800224605332722 0.4672194012594479 
0.878106746593027 0.8933281376070856 
0.4132884762528564 0.9846588083860629 
0.6324421166837959 0.7342311278252779 
0.5224087189743803 0.26339553144429817 
0.18104968407591038 0.11725088391371902 
0.2283968849036851 0.44977510568482904 
0.9072108871140069 0.7944395608566981 
0.5845800461275774 0.3434222553430112 
0.6135489888490862 0.6725053352849689 
0.2959377747527522 0.009500864448709068 
0.8306562834995648 0.4292648646001793 
0.811895761419297 0.19179826328604038 
0.7939281992193271 0.0750909843852286 
0.6577338432767692 0.1601756380896578 
0.016765844462081958 0.21784392312701745 
0.4308970057684959 0.8150297644637471 
0.937237035574292 0.5277291240658406 
0.6688264730402879 0.9054000325188978 
0.15982437442386943 0.17918095989187555 
0.40444564928695326 0.6539416594068239 
0.6850078454217212 0.5149846429149496 
0.16253577627741367 0.26595535596306097 
0.5627934545507467 0.24608406867757932 
0.8542679452914983 0.47816064888344756 
0.8804833796305678 0.012808461977795782 
0.6403662143635304 0.7928343561842761 
0.08925575187744106 0.8082880928403664 
0.16721805871190826 0.5215235748627438 
0.20231460406130647 0.6010674183407216 
0.04983951065090958 0.6018946782510625 
0.23616848081031394 0.9038630232245903 
0.5332447889240095 0.5228972143937205 
0.4552281061510419 0.343357697829624 
0.4288709509912169 0.5552236010735412 
0.6410298857507851 0.6126853447546711 
0.19608210674248872 0.6929790761805708 
0.7369684825587807 0.8973556365421327 
0.04714257666972399 0.9465612742815197 
0.9925889468787419 0.3827021324613784 
0.26220034771174017 0.7603410680866254 
0.18905855426333246 0.8531290337246387 
0.7105694904436889 0.10835128481660078 
0.4325891971786 0.9648633918361773 
0.295279194936912 0.27975719300666313 
0.09443818797975101 0.969279335488491 
0.37501084207422547 0.6070106508867286 
0.8482061873826212 0.5229991387735851 
0.9042666835446556 0.060013968904345405 
0.3532576985453528 0.2523232114777141 
0.9388500673002623 0.20395393506410175 
0.032068116966695426 0.7460532055641321 
0.1121043120235577 0.1850608233815822 
0.24625331331253486 0.972081793107878 
0.5198709630036032 0.8788417624693712 
0.37720764263081513 0.8882133703398843 
0.7750812129243501 0.3444415276452741 
0.5303269164803122 0.5801264068247696 
0.6997923596175685 0.7939054181970895 
0.8323822326849968 0.6752260493807453 
0.8958413846177111 0.6809377331221318 
0.04921000338454168 0.12635016366974622 
0.7837197982652381 0.26507715177917823 
0.14703982494473777 0.2844051958631455 
0.728436826390298 0.5435467644154127 
0.9941913782656876 0.4904113033050393 
0.49418566697454525 0.7804460830664384 
0.954354483418144 0.763692509332085 
0.5400656061998943 0.4716160071099066 
0.30394997341239793 0.84471518108199 
0.7394332185230585 0.5893927932053221 
0.5321901844769796 0.8389152687662655 
0.6942581445789535 0.6814460384766187 
0.11507381562981034 0.3672709463900543 
0.8455786344129893 0.9079632940537569 
0.8645456208632252 0.39508151074526476 
0.15237760710447895 0.9469797858071377 
0.9475563176096589 0.6336861567641099 
0.10219285725346439 0.5697384117134596 
0.539751253162735 0.39628029694818223 
0.4264070433050115 0.7641027676806852 
0.11068719125335585 0.007232880150601473 
0.38267167603654767 0.12955615929287284 
0.5462272067305874 0.6181839405576739 
0.28647082218698355 0.7068964973496444 
0.6383094791999064 0.16583735291701357 
0.6130608443573998 0.18070034088240278 
0.46434391123696905 0.9576028151631355 
0.46301617493887093 0.5153006302049036 
0.8225456688437742 0.9793205143420634 
0.2825222879739883 0.33278153966626 
0.533511387758819 0.04147993606499367 
0.5757291526921398 0.7395630613500712 
0.3571973318940532 0.02582738835932552 
0.8026725504145048 0.7308106847466453 
0.8209428169462188 0.32238068601783954 
0.17524073633455078 0.3638595910570748 
0.30469191829837516 0.161481926920514 
0.954407452750532 0.700428092298127 
0.3803233134584161 0.5623087031817756 
0.8250447821657418 0.13515221058149657 
0.2525369181414586 0.8625816694433515 
0.9153321080661487 0.39649072405356106 
0.40761215848341065 0.36872621861205535 
0.46322204223172797 0.456169301874303 
0.15881091289823213 0.8399588533394525 
0.35678886586372616 0.41070097959904367 
0.654928605573927 0.24106934223288667 
0.02556478171732901 0.4616654600857055 
0.4401956375274106 0.8845090835932756 
0.02963519320132124 0.8973272570226514 
0.9830437750777185 0.18745862356429793 
0.9341277039995923 0.09005869670121242 
0.8606233186338048 0.6191059887337 
0.9340165711184458 0.25989748715757377 
0.9078134044561448 0.2500698115276899 
0.822952985292652 0.03158009751884444 
0.374234320279266 0.946797255302058 
0.4263902871948384 0.20196374287704155 
0.791686992418275 0.16719809427905102 
0.8170509560479791 0.6124692168399656 
0.7186190182000298 0.06719732166111375 
0.32376466445506613 0.9084038466900599 
0.6569066899332984 0.6358886146289634 
0.11730505502489996 0.45154727633108943 
0.7613252548057605 0.5081212220298986 
0.6595391764560357 0.044627272573005194 
0.33749235274820977 0.42316617485084174 
0.5563810059033344 0.9907578308718108 
0.19001112008696164 0.31334932423783257 
0.25704844257370324 0.6322888539727336 
0.5483894362102993 0.8242798735142299 
0.6369359262524765 0.9902225408110363 
0.16204636949560752 0.6220554725650754 
0.021586378378574578 0.04893021694773747 
0.3191919452720954 0.09854596413797634 
0.5402618825272996 0.7583189021822735 
0.9609434559580705 0.4016740505516968 
0.4998127693728204 0.1799052094127403 
0.4043715397987054 0.011051107212401878 
0.4417588613287757 0.24541178690088544 
0.6410240206243287 0.9163543663207354 
0.3461293635757857 0.7285424134267628 
0.47195216311351884 0.6194938700447468 
0.04186849614789523 0.08256921599701988 
0.07683620015434617 0.4172837804920026 
0.9324309781112503 0.8391758703891226 
0.7566646382144595 0.387151409203652 
0.006227184125777219 0.24131207588174364 
0.7299705765234639 0.049006763698385136 
0.31448981638036266 0.637823279103931 
0.2474986641874935 0.21906781025154898 
0.6841499951635656 0.8582549067274082 
0.2871216325178504 0.8841162613798961 
0.6635760192278861 0.4893980509892323 
0.005455674536418764 0.314981905224208 
0.07120485468116622 0.17915942861760736 
0.5023256006712186 0.3698313505585662 
0.620254576564659 0.549750031165155 
0.9592938547844874 0.5896471459249788 
0.334160017954652 0.3395825846188847 
0.7597804687894538 0.29825405126352106 
0.24005837500933003 0.6990310919969673 
0.011308330837712488 0.5532626760730299 
0.6224434635066929 0.36520048546991246 
0.5024338204747645 0.3436192662451525 
0.22367906570874252 0.7751915773969602 
0.7137650162563854 0.8618917452474734 
0.2674988018787751 0.7841755693925279 
0.13543371491079298 0.752159011241598 
0.326336050138071 0.14527611025625714 
0.1363812673711443 0.9941052810313605 
0.1160018533186607 0.8713981236391943 
0.2808298559442902 0.1800551974734514 
0.08536620620007601 0.9911999534940191 
0.1440134206816821 0.5741416995689714 
0.7457214887358681 0.9567283130415434 
0.8111424961311298 0.8657782355744086 
0.20488705023727433 0.541219939328373 
0.005247227817574807 0.7732210079810911 
0.7126829637921142 0.959779457178497 
0.6608806198619507 0.7514692828314964 
0.08572543370089253 0.7605889209614295 
0.07388064125097843 0.44636274661469527 
0.8727786031031337 0.34948121314830616 
0.09359020221706627 0.8608204524925966 
0.28656255886898674 0.9907616773017097 
0.23758385098274493 0.08983252941768977 
0.2928889401336046 0.06308909451634648 
0.7922954718813341 0.46599447679359984 
0.17747455584406446 0.03493752023211577 
0.4526071950192226 0.567498117071174 
0.5611372904514459 0.2805014145013326 
0.45438968668494445 0.8171143348136622 
0.0729431402974256 0.08573131416972185 
0.940741081869706 0.4904602613948192 
0.21759207432329208 0.41311116847244017 
0.5586446835135234 0.422654350979497 
0.3162368822218521 0.9379048593751431 
0.5927593089899947 0.03239534650244624 
0.22129758901938484 0.5533011390824739 
0.04962778199713708 0.8862584264005282 
0.3741222335334844 0.6793418075596195 
0.01960709280870876 0.1601126804711453 
0.9116659062771515 0.9929744361282149 
0.8787291684275468 0.815204420570399 
0.47600878703086835 0.7279165471657667 
0.6029052284030909 0.8395415443671057 
0.31345886254003386 0.5505538247084165 
0.21650728878260223 0.28392441369477883 
0.5214794696077701 0.8184079300620808 
0.857841844535695 0.8017746349057997 
0.8392922358104049 0.3971379947920533 
0.8473074894397726 0.17806389927109745 
0.5699715795504696 0.1164543848157637 
0.5414124330624528 0.7070100048227749 
0.053367195366190945 0.7351181281438987 
0.46212686235396727 0.03777882265880339 
0.5526961252064716 0.5805288922825163 
0.6547124148466371 0.9583430870124579 
0.1657638184497997 0.20690468848124877 
0.6462219459045049 0.013466637594130304 
0.9066397271391656 0.4535978847539816 
0.5127262767533031 0.44317920562016944 
0.7399562957637443 0.2013574050462063 
0.3432444727790307 0.7740045203435145 
0.16387376018924082 0.7797168372716019 
0.2598668383012753 0.8057335828664574 
0.4561885172713564 0.6173399510115244 
0.7572885354438827 0.5344489106663866 
0.33023551753483715 0.24137835743229719 
0.08826269197682168 0.010654086159459453 
0.7580537908390548 0.9187971236961556 
0.6161327952893124 0.6384066923654935 
0.09481606516154567 0.6835234996240434 
0.4121518336315457 0.9329191987561953 
0.9655653701392263 0.25693249634115656 
0.07312635529394024 0.9211733823356698 
0.06841278935918604 0.8560979740797031 
0.7235895960307147 0.3042149708654736 
0.9470615966424695 0.29606606081108 
0.4680925798600493 0.7487262774021598 
0.18143768383935677 0.41346380188545195 
0.7936957250035608 0.1240371081314518 
0.12736303933061954 0.7977815992845008 
0.3221598493528536 0.2602165516207129 
0.36613040795349744 0.5284461922016335 
0.6315750514927415 0.5176077060272548 
0.9032591118908085 0.17063401933147193 
0.9070247671558976 0.582764259388397 
0.9924175332774865 0.5956765573815604 
0.9122591562335702 0.11746837762982182 
0.8551771889569828 0.266741799798608 
0.5140403569332209 0.5177726953507005 
0.9696387465227437 0.9880138221870072 
0.6461705082244751 0.5868870098810668 
0.4806844176673751 0.5744060869384126 
0.7094155839473744 0.23125875670955776 
0.25189778838125676 0.1321838389692364 
0.613728618468511 0.23567215322430735 
0.7637130068800955 0.46289897057207063 
0.9559866011069739 0.9685659981926158 
0.5863062673601576 0.817498743583176 
0.005920348195241176 0.9903040912291281 
0.7314563718511512 0.2465387382785748 
0.6178705791034419 0.7499511957782848 
0.7849111752655233 0.3642024100443806 
0.36129077993938374 0.9653718221463371 
0.24409952305718802 0.049930564125631904 
0.36566870355370484 0.8163780660055167 
0.6629956479727774 0.7092193045246027 
0.8789296945703875 0.22141705600548706 
0.5221173852304729 0.40507270785033 
0.8829735781523437 0.6028186481871168 
0.6635712163857518 0.9917172558329493 
0.024783392253596548 0.3594302340912273 
0.7727515882587304 0.7105732411534772 
0.4598646621953096 0.6786111646005907 
0.4755776334505196 0.8292440276342639 
0.1589161625625224 0.09339938970304446 
0.6724223757108967 0.3569623347187971 
0.17764705860892632 0.8181533851128789 
0.9316247967143074 0.33394539698535786 
0.3748585450414686 0.057676416038289324 
0.34040270337412615 0.7045239242803364 
0.5136023554636616 0.014707473609492594 
0.7044156357735369 0.9176169496889588 
0.4877825374000222 0.12686010945548676 
0.9432606997031229 0.011379251367520438 
0.869784502648689 0.5172483313047007 
0.4283958957964619 0.09895219356579249 
0.27795502468065036 0.6168019051569726 
0.34893398429103073 0.2146788821706142 
0.22631676733694306 0.6423949043909458 
0.13709569438984492 0.4444518382906235 
0.7608561187023228 0.9884809883418713 
0.6927266652453519 0.014605266499161107 
0.49087237774653336 0.310167000865475 
0.6947598920826348 0.719190248067204 
0.44660724520186934 0.283272978518622 
0.7685909113615915 0.03486279819171256 
0.6232322544097867 0.9253802372132274 
0.32555539525940386 0.4360249484659698 
0.8323764149893496 0.9899824767581108 
0.7514768829812206 0.13916215836187174 
0.8998444432372179 0.9453007246138925 
0.11535058161369555 0.7014810693618395 
0.9225866910809509 0.9315236609385527 
0.8830331356672672 0.3990057078346863 
0.1872006541589315 0.6644775331191636 
0.24522622460165816 0.7684433277882425 
0.3133231454597925 0.6054980486075706 
0.31531394248797806 0.042243746942568716 
0.5426118997846459 0.07533722591732922 
0.8482756419350463 0.005723630605799335 
0.059876556571296535 0.6834925780238399 
0.2730813752900566 0.31006212329225225 
0.007868196874996958 0.5808792498274767 
0.04464200197912688 0.010098385546639166 
0.22056776412192286 0.49076671011548395 
0.9141001757930167 0.7348445904287129 
0.11964922784623766 0.16638187292456624 
0.3521324841987141 0.28906174545856056 
0.41703781919171257 0.5358781720399418 
0.9878441858489586 0.414593060828845 
0.2369508095982471 0.19905646787536974 
0.36826721285536435 0.3639796091352465 
0.7890468950271226 0.8142437720826321 
0.5308027914551078 0.13507155916549507 
0.5131249563613209 0.9909473871489676 
0.09911467900340132 0.3821207890566951 
0.09848213913243647 0.5176544173598188 
0.24009339010212477 0.5931885249799784 
0.1874165651332697 0.01258381911076123 
0.5838509220616702 0.9722322806716829 
0.4250041001049726 0.23442822673455171 
0.2834500348840554 0.9007518931369682 
0.8094435874807147 0.381490515222866 
0.5906764515783762 0.3207319734993625 
0.9784939361291002 0.46988964798364624 
0.0473333966309713 0.2696865238332311 
0.46831334672923514 0.22658360487479606 
0.12778160611791967 0.9111931602789411 
0.5548122990896102 0.6420824901275172 
0.09243016650556363 0.17996363076709648 
0.22972726661319892 0.7339175410763744 
0.08306788784240354 0.4888007542436832 
0.2613715792229775 0.061075451411035875 
0.5305241908216509 0.9445539640207281 
0.5342147991629203 0.495872864962965 
0.822743850046898 0.5067943372800041 
0.025968218451930702 0.42669382677046563 
0.26759652682192053 0.36911950721418746 
0.40852541681882065 0.2816998988353975 
0.036256678873499704 0.5142974289206954 
0.15029864027831286 0.3458475394735301 
0.38494155516212314 0.7948470202557233 
0.4653858699735773 0.7969737778646624 
0.28073771647991785 0.6597341310034467 
0.3092346021237956 0.47694546834040613 
0.5366111884806803 0.7948671585539806 
0.17318851838919413 0.9805020725325847 
0.05990875040729571 0.5385988789501281 
0.44673798942299425 0.005116740688320298 
0.8211993061281322 0.7186451816891669 
0.6896883396240372 0.490653055338847 
0.2585531800903402 0.8423419308787442 
0.8162688857176925 0.7776239703137746 
0.10251990277382023 0.7395671317235648 
0.5226324089391832 0.6187151712651318 
0.5429403627852694 0.1586830749328238 
0.5608362737728525 0.38295765169443297 
0.8955150920185053 0.7823711177955991 
0.6016912221655418 0.5291733333569465 
0.7435025605039877 0.011312317713536135 
0.40883893313339803 0.7465325703872829 
0.8490672854335171 0.13115412746844035 
0.3187251019572307 0.6804398237906644 
0.032699962189824516 0.591467670036128 
0.7763520788911171 0.22637432561442944 
0.1884785893751703 0.942860239288128 
0.18094392162341555 0.8994901559508734 
0.962295073813505 0.8803541370786698 
0.4877494487409227 0.892670626354997 
0.1948825926134916 0.23653883835368328 
0.48065191884843284 0.42531549676992264 
0.056432113186330846 0.3319877294293794 
0.44066643071022166 0.44275691978760057 
0.49208509875311157 0.10344276616065434 
0.7264059115597727 0.4013087168283196 
0.6169025642908249 0.07256043682998209 
0.29976778522167163 0.5289894190756032 
0.9889133721373462 0.0070742275442252645 
0.5625092818427753 0.7522508177940712 
0.2336151959358811 0.2635153570897063 
0.536810176632035 0.2438958406486454 
0.4801546766035792 0.5011487351965174 
0.7634055506724333 0.768524971123464 
0.06835792361394427 0.21161912943700423 
0.8132703099327785 0.07487303282452784 
0.7994892377351077 0.5042368002037058 
0.49307893600111297 0.682726866877652 
0.15997158979248277 0.9956256479518784 
0.7163420118728016 0.8326492108093924 
0.24202009680082393 0.8865368319729047 
0.7401234060491882 0.8345633508234909 
0.6868253306585728 0.10007267997810898 
0.8628081589142507 0.03750543393629685 
0.4871329638947161 0.045836662372981896 
0.06698746974856662 0.16258866409084322 
0.8743182486210866 0.963470689856045 
0.14179990728731545 0.24431200474669962 
0.23147509326304327 0.8620745112515777 
0.9395704659348457 0.951254221368261 
0.3769710902802278 0.6294533797586032 
0.25886268922634564 0.26190929951227093 
0.9230984188854061 0.620062072295744 
0.9648784538565351 0.6574297738973351 
0.5831895671537275 0.45010087193338766 
0.32419456919858824 0.3238355711352934 
0.7560262702201981 0.10144577673194177 
0.3406871789498119 0.6446411481967722 
0.11839673071943713 0.9926064724869217 
0.1404205181478292 0.13296981243595124 
0.6307018453298614 0.017573492880269104 
0.49323875465332073 0.2012443182789983 
0.28414573640143204 0.12839295374329268 
0.29179937734155575 0.6427792856603634 
0.32534331921275317 0.38093447732281993 
0.1281092081798711 0.28050338969682065 
0.8844172940787038 0.467369748924314 
0.9415949341478034 0.17320707144311603 
0.3145240826491522 0.4082047256198216 
0.9907422842896734 0.3570012290988125 
0.2728255423919691 0.010699673722828595 
0.5763444723203754 0.20032506854279403 
0.6370138170339903 0.3041616172391106 
0.6932409791893503 0.19240924135189214 
0.9703319447147263 0.09150071040031332 
0.9888047716579796 0.8449024500861815 
0.3704972012631478 0.3055983067027327 
0.23919310636689317 0.8119148059840223 
0.5859216945361249 0.10537448431179608 
0.8408096979656126 0.08865458756896055 
0.8370936287146858 0.3547207452620337 
0.8181848783687933 0.5793746621353721 
0.6725301879268136 0.8815610636254293 
0.04584623877487676 0.40583886105642986 
0.4910059751577445 0.6373687879151455 
0.3789044949333685 0.7564085377126344 
0.573028544746506 0.7701304727310518 
0.6946584880194695 0.17089036319590206 
0.10058881771146327 0.07480307723036062 
0.6570221641008203 0.6571383439386803 
0.60831657715016 0.45818997544847195 
0.8172487600634808 0.946848793214393 
0.6002934330508185 0.993607502229209 
0.733510194632014 0.7704562678699725 
0.13606245508755316 0.837955146796545 
0.5126411382873891 0.5554966041138216 
0.4791495971387878 0.8499543174177855 
0.40899958339753195 0.213066432598505 
0.8584641205055421 0.15089369142083842 
0.5166367887069663 0.2815852887271362 
0.17285258990416186 0.8443206369448089 
0.19222472836894094 0.15365084163904513 
0.5672468315630943 0.8776900292330667 
0.8778723750521669 0.27431389591689215 
0.06167952753528261 0.5800200287363751 
0.5542372916388941 0.22145413533996638 
0.6922212617612065 0.5775474431506179 
0.2661742192022989 0.9873849623648863 
0.587661147655093 0.6090095653889044 
0.03472827292357 0.2825074832540022 
0.32190733767643587 0.6585166798877458 
0.4374023991397552 0.8497052626027177 
0.5603216969155373 0.06685587684306149 
0.6857280522462503 0.5502215155199688 
0.6567862772638643 0.2200679631217955 
0.5346086404726836 0.31112961466607847 
0.1817127080657469 0.5514963010780589 
0.34753317004811846 0.5695515841496265 
0.6522949788301045 0.44877152528734554 
0.02372762096565484 0.7202808365897395 
0.8618703283763163 0.5953596309161713 
0.21162143237616132 0.14885122202006407 
0.6328628808705585 0.4514168074459281 
0.5771370265338156 0.9344944428926212 
0.1542572378120553 0.691679803530872 
0.13561760328154038 0.218311165870408 
0.33799853785255296 0.04193780991956425 
0.9576357075859431 0.21636940568715513 
0.01847762299300304 0.8795596215769242 
0.2431132050809145 0.35432076955971925 
0.6950626446267152 0.27611332605158084 
0.26649159371053255 0.5538845381728492 
0.4360482100993901 0.07960521952676863 
0.7123654580094915 0.7154236910958333 
0.693269343544257 0.6293022037385305 
0.05214257448998416 0.49320925750901773 
0.8467348562811203 0.44238318499919527 
0.4420008147227646 0.3168659790691165 
0.01946990519138131 0.8253947058898667 
0.6551877066636905 0.8131498847370532 
0.8746837455818668 0.09687220955255316 
0.9707903893356857 0.7240852902322976 
0.11147702192438275 0.6201137567817867 
0.9726347233678849 0.5631670244318889 
0.6289772843973847 0.38775231823508094 
0.7068549148617513 0.9784298774379855 
0.055234815388109815 0.6358692687812708 
0.8706278088376764 0.32605172428994816 
0.2577749565107649 0.433450558212792 
0.07329620126206887 0.3711429881669039 
0.06472498825102341 0.7115883689320676 
0.0717297632342665 0.28056162293014775 
0.5294534943304063 0.7451441004125209 
0.8605508832258436 0.018861575810119935 
0.348243512254527 0.59838039979114 
0.3720430210084059 0.22832013852477062 
0.12635552826967827 0.32081492382367505 
0.5524499199185237 0.5330345762164477 
0.019603954484097408 0.9550577139932515 
0.8364078714994705 0.11291776794509434 
0.5629330885428203 0.1680018945716103 
0.14612508211938213 0.06801660464411613 
0.17257793054164383 0.9605496610143319 
0.7006799461536835 0.32136433653111873 
0.8365375954153913 0.045193689226340705 
0.39790204404490215 0.9025016784584423 
0.9308174046580853 0.7105591220794174 
0.2666191870265144 0.7371979625653952 
0.42880482730377606 0.910407460923575 
0.21648608136079278 0.0983596843228533 
0.8345881963192103 0.8126197282063254 
0.1363719701545753 0.007769643635180401 
0.7920583444918592 0.10257259029793153 
0.7132961966737319 0.44371867824265626 
0.9630923158545155 0.034519436898324984 
0.6114400123923216 0.5081784306730038 
0.09193315539007285 0.1235917065728 
0.6129036436125769 0.705244246731852 
0.9668971303876508 0.9460667666065237 
0.8833634680755182 0.7391215307674657 
0.9179046221976871 0.08240910502515353 
0.9075197790483169 0.009200972382603922 
0.5917750435498844 0.48349683235608193 
0.7282896178668875 0.17407946385298667 
0.8995112824996827 0.8714692771264225 
0.6976738707315413 0.6533623083582583 
0.7242705062811975 0.5112663716476632 
0.5614979075827086 0.8467740501732058 
0.8153747874508217 0.43193242103945856 
0.962930487690612 0.504568313966809 
0.5993014819166173 0.04887362035749265 
0.186334495717217 0.2690181480635726 
0.8009586775637958 0.8479449158138005 
0.6822964588603626 0.40709666051830534 
0.2708778544859439 0.223147799282237 
0.8551550085878256 0.5494469318327283 
0.6973438811398003 0.059200051048060476 
0.42178084351838435 0.6668375300449613 
0.975441508287352 0.7682516516084367 
0.8644832422123149 0.4380231384279533 
0.02821671289015182 0.5302822791534973 
0.4093946934446805 0.1356557380669814 
0.42374079469468434 0.6923690965596367 
0.861034048918107 0.8575815595640115 
0.6810032688653836 0.7437394299189672 
0.37405368864320604 0.9923495713830743 
0.2064202028954063 0.9580262814643972 
0.16755254089340343 0.7330575700453322 
0.4159653404877196 0.4837384938743572 
0.2964106885704847 0.8219544982477868 
0.008942302364188581 0.39390648026597974 
0.40075921874942294 0.04656283138510142 
0.2954272145376512 0.559544183372704 
0.21687119390806386 0.4365388917872692 
0.1265948781445127 0.10260834886652748 
0.35969142041660734 0.6551499009803554 
0.45243581819944684 0.4724433591026846 
0.3654603090611716 0.4297622419996084 
0.5064005191041192 0.07110841421066172 
0.9949063078094846 0.6811980774465045 
0.7579183373049836 0.23480528363755115 
0.33464657895584726 0.08512697691209309 
0.7357959813453384 0.28223658464961476 
0.9359571734279113 0.4468067034079397 
0.41576962475657764 0.251305605046875 
0.9697799830797036 0.9081273465601734 
0.9618599077943863 0.11692194927371757 
0.8849137375842073 0.07279883928762276 
0.46727304721739393 0.8946564585810954 
0.4905242972374025 0.6040658284721969 
0.17495482767841447 0.49390696192066974 
0.6458593779242848 0.11553282684007471 
0.44928886548191804 0.726163508207428 
0.9318870432768483 0.37675298440274896 
0.08594982346405527 0.8359992364045551 
0.4414340532328114 0.631171361326343 
0.06376794968809008 0.7886712502015534 
0.9118267477694868 0.3753037676080021 
0.7553616624938777 0.18310109907706018 
0.6000374029012325 0.9315133369305533 
0.28667169015620486 0.2526403602249463 
0.31725636801522383 0.006158419563533857 
0.8024762726802099 0.23160094538549675 
0.8915313876887356 0.3423491562565667 
0.6732854682374263 0.840052259171521 
0.3268622492140534 0.45854069354854315 
0.4951763307011344 0.7125825716652007 
0.22846760072544936 0.2424821885376856 
0.6034994148225294 0.5511480514728734 
0.1958256800235102 0.6161506298802225 
0.3955180368266356 0.5864076784992414 
0.9904133356966287 0.07643925265113366 
0.5837791725963198 0.9122821834746841 
0.8136275233360061 0.8875903543862084 
0.6360607138338956 0.24261790765305447 
0.31382361124780833 0.20852538214510252 
0.6689200854762528 0.08509604918507346 
0.07096901234464809 0.30789967279420116 
0.14222759191611684 0.38891061017563444 
0.009156550185064838 0.6470861465255848 
0.4109525009489682 0.8268071978654339 
0.6997082962952977 0.24311201087001 
0.9071133536811231 0.6679286514453258 
0.5191194738547555 0.42397132973361634 
0.3137468434034417 0.9904578548229317 
0.46604505965916315 0.25066122158859266 
0.1834282547731249 0.6357209037543594 
0.22066288629011727 0.6123998949656178 
0.8301147487205238 0.28813489845405305 
0.40855521816335716 0.625041659287512 
0.49219787010589466 0.1665205113982402 
0.3780498621141288 0.49086459217402073 
0.6576649513682231 0.8537199428025094 
0.014453404577684015 0.14034579718570578 
0.5152932438451195 0.46110962672395617 
0.8717363556973778 0.23655548201325133 
0.6265425546063997 0.2892728131458489 
0.21988244596229306 0.526011254592052 
0.20112055012730984 0.7565410611716694 
0.21968690138788577 0.18425331550224971 
0.8495748724491072 0.9704337098540838 
0.99124735565854 0.16719478606023414 
0.6925613508745118 0.4662246779908071 
0.11742035810738816 0.47353999712047845 
0.3357099199707755 0.8863696424884775 
0.6578568465889638 0.30374957885594933 
0.08998862587415185 0.3347332584720756 
0.43756440261169294 0.7995641657061205 
0.06405558041938991 0.902558596924731 
0.501067464828913 0.7613788709767784 
0.32909822898684415 0.48290835329974063 
0.23544710129833418 0.7185502665444299 
0.9466483825846417 0.413061306402127 
0.3679291609021316 0.4520982305256433 
0.3779195067686206 0.8320956491716806 
0.903793202116026 0.48485122570847133 
0.0843288423359605 0.5333034706577512 
0.45050019609330527 0.16032621296405142 
0.5195839238969909 0.03284415944994007 
0.7486524778260027 0.44181222481327415 
0.4768812509888303 0.3258488031095661 
0.05316577652674864 0.9657288049395734 
0.12116238786148481 0.5214768374800285 
0.12736583076689056 0.6804365715333001 
0.8206138271448506 0.9110041455722317 
0.7882504400138048 0.6936780362376811 
0.20325172614966452 0.9069769296334007 
0.5784211353142082 0.5718438587591047 
0.2492832483736931 0.9467031529715519 
0.7941774056621552 0.9659153142123174 
0.0844006359426333 0.061855216563772575 
0.38226649257401935 0.28414263979120374 
0.29124772557091366 0.3620782805215113 
0.2562462120889062 0.5312052964220703 
0.7407407300344053 0.49951733085576877 
0.9421577786677595 0.07024000184826856 
0.39156851359654615 0.5165835654246735 
0.700906662881015 0.3817923457630353 
0.07745274191610174 0.6277405746664544 
0.4769898231138027 0.5320871351159349 
0.8002729252813334 0.6399703872424027 
0.16937869212958856 0.2277559195679948 
0.723349037704401 0.3276430626903 
0.5062103376288228 0.9719319066432279 
0.9739663454880242 0.2835988747252233 
0.8975675630299245 0.4131836187149582 
0.991153215317929 0.24128742147200516 
0.8551136654517266 0.3714225074268789 
0.6125525504332137 0.1427614263504151 
0.8920456914176624 0.3772289886747551 
0.3560194043719876 0.3292436958078725 
0.3075581114841698 0.10656225961215493 
0.8458530083570593 0.5777735755149257 
0.2719118298242088 0.5880573088491711 
0.30641732722937476 0.7812122863988842 
0.7417809565609825 0.6443891752329043 
0.7101135044464156 0.5863823225307431 
0.831495684801063 0.8360088363130298 
0.02742945777107625 0.6092988044085217 
0.03871625831591152 0.6696349446696848 
0.1954099605371728 0.7266354483094667 
0.9683572213434324 0.32643178802216954 
0.006692281304510217 0.19371025174298517 
0.8135462432441729 0.7437490861808065 
0.7668027946598661 0.8572834523120215 
0.7194446754569558 0.028053650383051965 
0.8564225810558176 0.7012920871373317 
0.6104514324085585 0.3428973634598458 
0.9538371462570068 0.34211240923646613 
0.9923743221829504 0.5378188419655284 
0.5560875071238369 0.03629381263040876 
0.9920866808914408 0.8711481830374217 
0.9490998299310012 0.15569533991553858 
0.8634615627782349 0.309362322738036 
0.8790844470704731 0.19106349772114978 
0.23955192627492444 0.148982104926015 
0.027353350355305506 0.9897160944843414 
0.6629774348643045 0.6080684080654157 
0.8851913068533503 0.15913728278951705 
0.5859719708208184 0.24451337916293503 
0.8461964288225212 0.7777508473128465 
0.34574031512136744 0.9430471506226752 
0.6783968895417958 0.3183448339724872 
0.4375662207839918 0.35792973228334307 
0.5254402515858249 0.6621239642152182 
0.8411411036804052 0.6536853595010554 
0.5697455969279372 0.5220325958993703 
0.9016826502877099 0.6409314811990277 
0.5316530159418282 0.5999227680524691 
0.5917686471106954 0.1308926481514614 
0.9756509343369144 0.6998205309015152 
0.22716092585455538 0.4712044270104026 
0.12389159689013507 0.9545857409708276 
0.20955130382508863 0.33047086677922555 
0.8035799948616096 0.05738165016687191 
0.9312915775576585 0.7450747522326503 
0.5299313084897157 0.17634452407392626 
0.7610613645352824 0.273759170428004 
0.09307815461586011 0.23653246205324058 
0.7800824757886335 0.928147450252594 
0.008653389621540275 0.6967839103539445 
0.9577893838610437 0.5453294856673695 
0.5593327532405863 0.7879393478531609 
0.4496219157553656 0.20711501378863545 
0.26208076110131323 0.03924132642448075 
0.17510363318479094 0.8768844651324296 
0.665934502083838 0.5113185289727157 
0.8034280958006632 0.4471073623753219 
0.28872856702828176 0.8589233937419425 
0.011995913759402954 0.5015596037393956 
0.8353643858669269 0.7347175841085111 
0.5777676672614174 0.08052481807887085 
0.7704512938485819 0.8858054045052075 
0.11570899302641208 0.2669470425831945 
0.47176261491911425 0.3978532525441883 
0.2042840785094837 0.4858997856083466 
0.6583823447857828 0.6918134036141877 
0.5603248670632406 0.46147468046905876 
0.505915772280763 0.8406020740100035 
0.48669151308447567 0.4762633966108979 
0.9952374974786942 0.1945887609438725 
0.6039484714820509 0.1926346610535547 
0.17090219144717578 0.6750553704565484 
0.35483276607266423 0.49549846821009147 
0.5372446355967875 0.9896024627679214 
0.5501941918914994 0.8827828166539253 
0.2759709777996268 0.9447639977633921 
0.15879523057463374 0.11564016643457514 
0.7364887565598321 0.7293136876123705 
0.8075164288896527 0.2790719330021442 
0.44644008467402635 0.938566759444905 
0.35778213571952094 0.12315024828402926 
0.5190321469646898 0.36061749583931135 
0.33072609980554013 0.18895072203910784 
0.6122424014112225 0.7696053221605896 
0.4632189512337989 0.13012487926363625 
0.35821377540418736 0.8668460427115181 
0.7077898069501244 0.2607989642795889 
0.6067200256581206 0.7270054399789425 
0.6698784696035931 0.14393866596318833 
0.9253050263907021 0.30965423271485326 
0.5053410296063874 0.5324727343391359 
0.11056724685388791 0.14214722566424393 
0.9296990235007108 0.859919368644211 
0.258989346870391 0.6869242622205707 
0.349561653533641 0.8303409798148991 
0.9635560491546233 0.8393874589211732 
0.6111612768746515 0.41067707491289684 
0.5904204700314737 0.37242856316244044 
0.3102942995504649 0.2811603851423272 
0.11154021040574286 0.7936834886176236 
0.443594054045093 0.7648866677175519 
0.992017418135073 0.21859341702413926 
0.6910748116728986 0.11439257078047249 
0.12027084725245696 0.6410105887794222 
0.9468031078554485 0.4671926260403001 
0.4053276325879656 0.5628978153492218 
0.13695848520061038 0.4194709073767635 
0.6648760947948602 0.42431061801070064 
0.8399495585457311 0.6240502702267143 
0.9371078171897524 0.8857911844576902 
0.19275257016418612 0.09872787990397724 
0.4529892689299764 0.3903379658858636 
0.5127799242118851 0.38436218334546834 
0.09232002419104424 0.8766327303132015 
0.47596786932379503 0.20162897052436912 
0.4046916904088585 0.42827054538931336 
0.9017071667139008 0.8936853258413215 
0.48467958705058184 0.14107151514552335 
0.931697592109131 0.5554728357650877 
0.8939287496260315 0.26887894376378874 
0.4879475212945807 0.936785706136845 
0.2592198169560458 0.17091731655797987 
0.02733713737934207 0.47881253922761763 
0.7726396902763712 0.602137718377337 
0.4109954293526545 0.4057686938623739 
0.6867083132494196 0.21809859887377786 
0.6364324537061988 0.1838498537999268 
0.2934832249973274 0.20819211091287965 
0.16644118278183717 0.5757922030746918 
0.2277405602863814 0.6825421159669826 
0.9224814963873824 0.1717689783278617 
0.7574856135247776 0.704641696366791 
0.8184951596068417 0.3552509051997355 
0.7435921059915828 0.2511573854087161 
0.7796030349258405 0.7762116375939067 
0.4676583000813518 0.06738471800284918 
0.7062695777546733 0.5029108603253747 
0.5820080560873498 0.016331536907010724 
0.5975116864318406 0.6568363847624015 
0.5140194622148265 0.7869131401281493 
0.4750844053232832 0.6583574431543672 
0.054813881472972226 0.42916478290568333 
0.6049456292543942 0.2991757353659975 
0.7834482217688585 0.9863182910761605 
0.5191209839327576 0.10407228830875825 
0.7285417231062356 0.602345877106895 
0.25847103264636057 0.40351403067629366 
0.918327740109169 0.5348343187220906 
0.13093329141702664 0.19315940330755682 
0.5498722338360996 0.6635073990075178 
0.5914557477444918 0.6828391095096398 
0.6245048436867588 0.6577471475686753 
0.6596960070152004 0.9263493449303706 
0.08734263119434482 0.03460177349439347 
0.3374738312118666 0.012103092018719064 
0.43083755221122966 0.9890999758674368 
0.9163117069823912 0.2703624234811771 
0.415646959731215 0.3210111649163623 
0.9655775670256752 0.06797116989004398 
0.7429994422188047 0.3980169229751885 
0.12608780250638668 0.7348842112101077 
0.6682674222465725 0.024191903231944256 
0.3679179215845762 0.7292969141286962 
0.7257607386194967 0.9749774272629274 
0.7121585701771165 0.7781947136109384 
0.31278015303794626 0.08401539575140327 
0.29436880088203843 0.03424371671944659 
0.3425334302044921 0.26958590701595303 
0.2996251420763184 0.4237802190775101 
0.29740697750910605 0.9524296086245185 
0.8770274728252001 0.6772642961491342 
0.5266465769300346 0.8939860725134852 
0.23283320097613863 0.37821602769735146 
0.2525416350068018 0.0968862731176986 
0.1521240420851666 0.6555179334518946 
0.5325745208468642 0.5610495877267773 
0.6948859066271875 0.8814776194009737 
0.4678182418983335 0.9915775317398134 
0.5603762641386296 0.9440680543908544 
0.9947133502311767 0.7807979388487531 
0.6808977435186518 0.9898021239428806 
0.8759074441556538 0.6300892362031842 
0.5452244675826008 0.198987547804644 
0.9881638263322109 0.8263373330409951 
0.17153936777170015 0.2988832923006458 
0.3026380440706462 0.5879346833454219 
0.46575042278779094 0.09237979247416567 
0.02841709110350532 0.7632836729885821 
0.2259537746742905 0.9528743461872438 
0.9427105579215589 0.6636709405229883 
0.677950391517816 0.6179003698625065 
0.7318106375959196 0.8156470118806887 
0.20565652374227777 0.3063303573214651 
0.6971406672079548 0.7693612222634918 
0.5248339389387813 0.9152142428005492 
0.7195778770137619 0.5690289676972168 
0.09667364708408638 0.7572042896195574 
0.6700645643296422 0.17954560833285838 
0.35501634616195193 0.799783350580845 
0.49869237882304024 0.8159409906264631 
0.3978609217463761 0.9256383112324256 
0.11146176128521978 0.9076389832557519 
0.01364813814231175 0.036105315908984914 
0.4171365579048091 0.9533315552039692 
0.6145135285968883 0.033836634753914574 
0.19832209549651753 0.057873741123526556 
0.6709870682340627 0.4677810554313751 
0.288779580688728 0.15362503959751395 
0.5950395077702142 0.8886234639707078 
0.9294504556442811 0.906042248236769 
0.23354026653318682 0.5693958351728315 
0.8118506260343008 0.16988882527280014 
0.6097944399250053 0.37797343378113446 
0.08753148622154588 0.21198012696135882 
0.10907679036026496 0.7208498493451841 
0.24538629005788365 0.9877853920413093 
0.634539004734516 0.9649109272602594 
0.13821774814075388 0.6259747977153632 
0.9421535982736681 0.22436940320001364 
0.5564863572486933 0.5630640076401179 
0.23213691660264346 0.009721111926053516 
0.8993357563707502 0.12802259335079186 
0.9256516227243414 0.10970205544226647 
0.7591445580467738 0.573192049707759 
0.7768684884218454 0.5706417283576943 
0.16140785109481265 0.14923932968214498 
0.702255158133005 0.15380223292715867 
0.6327788685318497 0.41176303799886516 
0.6043218821436432 0.4211657298115604 
0.7736966656976889 0.32420296208222754 
0.6403335435978049 0.06607664751080378 
0.12607360961242736 0.048582405943387696 
0.5600694263542979 0.3399371934019543 
0.8634576668147802 0.9198251036979559 
0.1589576863935943 0.904697355493054 
0.9921843350958914 0.6481832906235787 
0.8031714900012008 0.035283782356973936 
0.7234932792508433 0.8847894579397395 
0.28283318163678517 0.512990359133857 
0.6249561945912903 0.8272861831795997 
0.4321474157468453 0.5175621249896929 
0.9919619772323692 0.13023420657512225 
0.04352832645629234 0.861695489086874 
0.15408978039755766 0.7104604630054385 
0.5590221177033142 0.7008714629093664 
0.6649167749329032 0.2728274445676417 
0.6990294169190212 0.7349152081624286 
0.6206777576560709 0.10536791245905919 
0.23639612020786027 0.8275281614527821 
0.5316469592161958 0.01267357624161769 
0.10750341110037887 0.5912267917135684 
0.17875705921672141 0.39297909879292714 
0.38069732792614025 0.41988264905926137 
0.14376023631401558 0.7913981478951421 
0.08688825106232712 0.10312467704311579 
0.3768594901360268 0.40567955515293924 
0.05119403961125085 0.20571539808402056 
0.4874520491406351 0.762761343492349 
0.9636822964486416 0.19380954266539308 
0.9207962825922997 0.049851235391764115 
0.7825146408008323 0.2494896863109014 
0.05695722176911672 0.4552029845930449 
0.7440597399859216 0.11980629717169217 
0.22705270137763722 0.05151624090772006 
0.7476169958883792 0.061625477261768646 
0.2624758840758782 0.4955770154317399 
0.40641399277920043 0.77519637264505 
0.43963437838897745 0.14209882527954798 
0.06736743225561603 0.9415180743725378 
0.053712854352931605 0.841171917938587 
0.27685147688132217 0.8349632921408136 
0.44539645767408614 0.5028001020566704 
0.8184900714643971 0.6922308767997727 
0.4423520387936425 0.18188115542586158 
0.5056236646705895 0.14737152807310988 
0.6472211039673281 0.7199714786134197 
0.04198367290438809 0.3794495726934162 
0.8453602811081325 0.6028799121488538 
0.05451811319663569 0.0990177791318122 
0.44021565028785103 0.6063891263301977 
0.9911352216211582 0.031103100310027054 
0.7913454087217076 0.7492128850604025 
0.4251613794688437 0.8705835820163861 
0.7641175481637865 0.6847201687807205 
0.5971922751663868 0.0895233764864134 
0.7773478672918184 0.3858925324676216 
0.7625329307891329 0.1518236481429115 
0.6251408855849913 0.46792846009077943 
0.02445973466133594 0.08850138544428227 
0.6814961009656892 0.786430177443377 
0.20320642223035384 0.9877199472916645 
0.5748868843833246 0.4938787043782366 
0.8989135890212245 0.7005015509130254 
0.0966561000491607 0.6695212529799202 
0.36405980677338345 0.07732474832020275 
0.20769316290782952 0.8648087263817177 
0.24232025340830887 0.4706410153840386 
0.803211729214109 0.14965243669372696 
0.7866909623278269 0.6584432049872248 
0.05017540132714149 0.2379415197512647 
0.9163142669688693 0.823683605048368 
0.3309359816850528 0.6345401175793056 
0.3090768792595529 0.7558283686529059 
0.28802445066154714 0.4599234662627155 
0.45283602801271744 0.787073476044294 
0.8266629989022842 0.5246830660890627 
0.8919349890057446 0.574869100250503 
0.8263395750415238 0.009425258611144516 
0.06368501008506522 0.521092816382501 
0.09175393909943708 0.9067686932974808 
0.050769572160526244 0.8043441823335495 
0.8959708537227296 0.30320150547618907 
0.575633908204478 0.6274526770148035 
0.7618693397896016 0.8094718559297559 
0.25426425461340635 0.19345069308008384 
0.7901206930900873 0.010983588098216313 
0.2692147692895338 0.8186913108627969 
0.4000189461735517 0.682293886225801 
0.0268291411698639 0.1794402292135402 
0.8404012447692507 0.30888132902522425 
0.6748850313428763 0.9390140207095184 
0.2739932956299954 0.5713493391255583 
0.8293040163320503 0.4808952905981361 
0.04158542762218326 0.06041244904700971 
0.8268475075006858 0.8747539075735159 
0.8943333249639489 0.2340777558878871 
0.09854026043089942 0.6444595833945748 
0.4982025953644236 0.2929523015532187 
0.4725188081266484 0.17737270359588936 
0.7557642817760122 0.6262540342743478 
0.6340428857414513 0.8916745944681248 
0.4694601164071588 0.2922450690429951 
0.08447352610895614 0.1484097092380231 
0.5712774570233754 0.9588237254175632 
0.44569408140407607 0.10985212038796799 
0.5638631690082248 0.6104538505844214 
0.9194898908753999 0.6967100210845659 
0.9742491081126619 0.37342393173172883 
0.35325162808091226 0.45452006352558394 
0.336539004167351 0.5234634252338443 
0.33192401430897284 0.12323233431138542 
0.5756947402207068 0.29836341478426925 
0.3855471684700437 0.014376450689979947 
0.3688967964112401 0.696804637700185 
0.7875646807534558 0.28626105184382317 
0.44234875627277626 0.6571029369445137 
0.39141736397413196 0.0623299787883671 
0.9732535620222468 0.6088277126686433 
0.4009174270253072 0.1747124078775375 
0.7825107984055029 0.727374795800375 
0.5008449926072884 0.4325296518119207 
0.04101330053559077 0.9138211344373681 
0.5110258666318881 0.7414875000364924 
0.201562545366957 0.8903274056860895 
0.13448585132996965 0.26113961606317143 
0.07524046232027842 0.34621211540160096 
0.5118479594551635 0.20636509371186412 
0.03377617705928426 0.33973763730814394 
0.2262748497045901 0.923835839846878 
0.5900611659603812 0.8514203681688267 
0.41374531838849915 0.08779255980334116 
0.9088620847247226 0.7525976239755074 
0.9249715093318005 0.7966175709127642 
0.12362413996942606 0.35167497212528553 
0.5176277522660909 0.23052025435961038 
0.8571996181274346 0.7250559557053414 
0.39235252051539804 0.8518382012934078 
0.9499344129378439 0.13934369845947864 
0.3589132785452558 0.1821147482592237 
0.3310613832359979 0.8461740526764144 
0.20125324115717336 0.6428602395145648 
0.8860838600876813 0.9886295180234077 
0.6223552046380678 0.841654283624341 
0.9407617869244529 0.3566154740770078 
0.015681092772613092 0.25843409771224607 
0.20103098732690539 0.8276805180007927 
0.5377322155715879 0.28703698082629364 
0.3132230511351608 0.30829168737438334 
0.6694914469209956 0.9679058344885496 
0.8403676185349858 0.9271478454848976 
0.2433172211175042 0.5570573496428844 
0.8370332678867556 0.14614563217821336 
0.8995447083041948 0.43132054900473515 
0.1544018203465224 0.969646540290664 
0.34833620683145516 0.06287619096727415 
0.43114506809084807 0.40440309788963946 
0.6344546375433842 0.33861010356930965 
0.13817907947888936 0.090834395737317 
0.4348162003057077 0.26787536472851686 
0.09462690298452725 0.4152729096355638 
0.38451390972872745 0.32118797078117856 
0.30354151847758587 0.26083292489819476 
0.747012689508113 0.6811300299553601 
0.5796990062515486 0.4257479002203643 
0.7704890692350987 0.9073950273976036 
0.38171548454226695 0.5402474756987421 
0.8658961255933851 0.13427718847536413 
0.5636114130820292 0.9156833202105812 
0.4510293288902032 0.8650752977197067 
0.6404653148114333 0.2035377491120589 
0.15354962914374526 0.5018749668280871 
0.2087564540655385 0.6782651635017121 
0.29842113348627286 0.6853579783605506 
0.17027079481287777 0.33485085953898036 
0.3306643619223033 0.16613339052401682 
0.24428016848143896 0.9209809470834138 
0.03192031691317532 0.19962245218764213 
0.12199789221726537 0.8513574100508581 
0.08152932992301015 0.4696607537069341 
0.26974041224805256 0.8931262297636415 
0.028841779211210894 0.5554330026211743 
0.7667537089183315 0.12926542542065989 
0.5118953718681728 0.8615440619925945 
0.5844195399735641 0.7772889974451702 
0.13043724093405845 0.3013759061534237 
0.6745174145780639 0.2373590612599643 
0.43690502556816213 0.8304970340473025 
0.5506649192501647 0.10707686716477671 
0.1328691181605121 0.3704357086357939 
0.07963998831081542 0.7377715223338284 
0.35646317404802264 0.7695436031478515 
0.3977617657496976 0.09567235676022895 
0.8864963313019523 0.8401023671330436 
0.06716195020731358 0.757187547000317 
0.8492212901991638 0.20162500029408514 
0.5217227777467589 0.7239873471208497 
0.9892996235377619 0.9229528533020277 
0.6297325906422957 0.8107950720845903 
0.02162429260001225 0.6585282682429326 
0.8084344545310436 0.6797791508510931 
0.030374290574182394 0.8100020499051275 
0.5373224556975202 0.6857353556528212 
0.33523999433871987 0.6695658619803732 
0.19402472737886145 0.4533073465027443 
0.09328447954747404 0.9325319967334635 
0.3835020026084477 0.15374195948816494 
0.6292745750178015 0.6908648787852041 
0.2559362818389981 0.331309860972694 
0.6337469006403799 0.4901953328621979 
0.28987111767406093 0.7623578010111987 
0.8221827015490606 0.22445327834125367 
0.9737687909852547 0.3066570813873971 
0.9055369658685117 0.5107007878889341 
0.5998427023406356 0.5778178289680129 
0.15656598410919764 0.36198950124372387 
0.22373914239872228 0.3164141280065184 
0.7917987942295046 0.6169154769115495 
0.4382734019837592 0.026692908761982437 
0.5736041470352798 0.7217667641682384 
0.19593985510588247 0.36676477189925516 
0.9294233219192494 0.9780702598364073 
0.2634664915490068 0.8773242997151274 
0.5442998630343092 0.9557815740024693 
0.21621287455667088 0.3825288443281811 
0.3932120157317025 0.3532486491276904 
0.2409228104392248 0.8467544673246796 
0.7783089287934005 0.09254578153616583 
0.8892029161895005 0.9301328713693147 
0.11738907474520005 0.40142490413640797 
0.7336875297332319 0.4758167321631645 
0.18383361056363556 0.17026254488644926 
0.8629137855995832 0.055197485883782926 
0.009446653499576796 0.41755556825794304 
0.7150149315433008 0.5260453036779059 
0.8482392895229032 0.4191576049534649 
0.7943994642722666 0.8996447292464669 
0.09827309246460836 0.822319461467703 
0.06274755472237137 0.1352525914762961 
0.17083932120957696 0.939296731367148 
0.48479521106589696 0.7931050532572308 
0.35366918803144487 0.3760898850837574 
0.4685913015200172 0.6951729236045552 
0.7168117183158373 0.09018660409507867 
0.4667851059856655 0.010506798432760478 
0.7796324886668051 0.4882979620428225 
0.14895531217432895 0.6725287396304304 
0.07565355293170434 0.805724521740847 
0.6466288288279332 0.7461553210040214 
0.15146452208898592 0.5304723777327066 
0.7017173391712889 0.9390119294878096 
0.8398730130111248 0.46691136369247865 
0.10403780786736722 0.3253078386850602 
0.509771824253329 0.7983013172434182 
0.3193730560168463 0.5294175694193429 
0.763804438291527 0.3469377360927709 
0.3953088158631952 0.6371075568545682 
0.43436383033226567 0.46403981649548315 
0.21515013515070014 0.2271724739121247 
0.6486481911470775 0.3762934696759877 
0.7818778080367166 0.5412327788975675 
0.4884549086500712 0.08547304783145365 
0.1404136300489836 0.3333479038097473 
0.8154095065288112 0.5489218147955952 
0.33800408839008533 0.35866023099302324 
0.42815815715562955 0.12518036863725612 
0.4530542005963799 0.37300160741986466 
0.7199576188934107 0.6379118817009413 
0.14946904069603467 0.612356113849875 
0.23904887889359056 0.6244967934581682 
0.042507746016178516 0.46516114462778907 
0.9172306258462442 0.43289025689980576 
0.8496945164791481 0.248336536354616 
0.6811432478779987 0.5738740839768195 
0.27694030577301043 0.6362358653028766 
0.715044606032285 0.7328814972289961 
0.38040142193522014 0.4369730790472365 
0.07396731712205662 0.9729985040072511 
0.5159304618139283 0.49730670806881466 
0.6680589113644373 0.5364924050308209 
0.00871260795686224 0.9409802301451806 
0.707471614147536 0.697933521849244 
0.38500876053988475 0.6655356536748873 
0.6180590746624273 0.5790272563150709 
0.9446889902767012 0.4311529834162998 
0.020125229983432857 0.9732234257366932 
0.18620806907734977 0.7906655097721853 
0.16038080142142064 0.40901600178059544 
0.7434913581413842 0.7523142733539292 
0.17223167624174213 0.08271664770848741 
0.5125085597786216 0.9506340420156494 
0.5145764736321833 0.6377722166348617 
0.3964395935197848 0.8788312981734472 
0.5877972352658475 0.5357430425643026 
0.6142910544974403 0.2790158472755248 
0.3035475684961788 0.8905933617450006 
0.7941264972364659 0.7905402884150546 
0.5856085099475633 0.3979071253461258 
0.9891591896607479 0.33279446902298526 
0.17734813584442755 0.4544793348270709 
0.006709639331172357 0.37010524482219437 
0.5183616085302297 0.324648164934363 
0.15558247299544237 0.7580055912315109 
0.9399014900500189 0.810384101128723 
0.7917224267391108 0.5674628141406538 
0.81252735886365 0.11289294904948544 
0.053358772114250774 0.04147242323902056 
0.8051321704961387 0.6666670658044499 
0.4851621980396332 0.23624862243424755 
0.40882301809574406 0.19149019157133834 
0.129654184706459 0.9292367872046234 
0.273823818329623 0.47854461669122306 
0.4942732995894037 0.585456896290961 
0.008427948209844438 0.45861666228129266 
0.21752015725790064 0.7947469359653556 
0.43184912790613234 0.050079651630565436 
0.39495511191454075 0.2615222683600823 
0.9970243984778442 0.7333135551723704 
0.49338337083499717 0.9120513829773447 
0.9109697547478226 0.7700030860317064 
0.19083797180720696 0.5671118465739388 
0.790591859630606 0.20589892976785468 
0.1347971385260523 0.7176027160258651 
0.9365698489108589 0.7855732553044146 
0.25669930527253243 0.7227157293186666 
0.8235603598193417 0.3993570504402415 
0.6096247108634067 0.8688400761617101 
0.1577687914118035 0.8010545963304314 
0.5545549253456198 0.44500780028510467 
0.9752262941047851 0.8871524955061794 
0.7917973741461133 0.4106667645614689 
0.6818550796669197 0.0402776054238117 
