0.8756637989194253 0.7403725775816644 
0.9031414516217414 0.8282954040952347 
0.8371652496644949 0.8241987628673195 
0.8131027483486363 0.7993137058069736 
0.8589259909446478 0.7531039646935369 
0.8162549349772098 0.7617599015738502 
0.8355654775183858 0.8084612097567206 
0.8090752698724605 0.7595027536370962 
0.8766813095407673 0.8178092593708575 
0.8214721985513346 0.828502386548597 
0.3553397417709052 0.3253615403242522 
0.3946774373170822 0.36440461263210666 
0.38952111080997776 0.3936431492624546 
0.41056064981966955 0.37260220483667633 
0.3677548496938093 0.36610181593212454 
0.34556497744648434 0.3469220523770731 
0.35843969282395277 0.36608833868691393 
0.31763024669965045 0.3194566492254711 
0.3493472677060989 0.38711025579366043 
0.3337074014705093 0.39889424053347633 
0.2435698704403356 0.7532365399563288 
0.2249995602004117 0.7334809619557596 
0.24464237766540797 0.7656258621884277 
0.2812633490360178 0.7957766465602614 
0.22980998592719618 0.7609651678475338 
0.2340440644238954 0.7509616193615234 
0.25415011198561205 0.7173236662335905 
0.26267860034263424 0.7146312515891304 
0.18855460393669918 0.7903818628109225 
0.23945329886414285 0.7057642484011521 
0.7530664402979201 0.29013985637109924 
0.7520023799818164 0.27549152649718006 
0.7409928004667727 0.3276381901031923 
0.7360422903788542 0.34366856059639095 
0.741252141718182 0.2706746573710861 
0.7510495429147169 0.33175035687632515 
0.7481867732032486 0.27497070782162186 
0.7197369113642114 0.31615665254501185 
0.7163099167796896 0.2759661601342872 
0.742670491446723 0.33588383753623713 
0.09609516175286054 0.039570575152053374 
0.08403211038318428 0.11177381572211813 
0.09600298545443675 0.04847517579419913 
0.11847340748180939 0.10381551035809775 
0.08955706592909633 0.12091003575386727 
0.030592536977145875 0.041507109007818364 
0.04466954948647385 0.134024635743953 
0.11296396588540064 0.06250369801735253 
0.10734808868664567 0.07159598353696665 
0.03723570594235456 0.08268455638977831 
0.6420518119948173 0.2345378758970897 
0.636260298197235 0.17392961538686422 
0.6247039095091327 0.23436707606162832 
0.6225398139237165 0.15862644804196213 
0.6633228296844981 0.23377637573290533 
0.6841932434424559 0.20880600158567736 
0.7007801897831308 0.22390482473798431 
0.6676488322722111 0.15815183312795578 
0.634329678778681 0.1725631741083038 
0.6375024290156014 0.17312449231846597 
0.5076887318503905 0.6813896931177559 
0.5423170891921095 0.7024904192555366 
0.5297025596894303 0.6275462601458689 
0.5092079740984471 0.6453556596835431 
0.5135156367845861 0.6644272205538797 
0.49060351364563165 0.7012761911991674 
0.5293616001813306 0.6127466035462639 
0.5203413859899162 0.6055668511371753 
0.5094447399097205 0.6477469655537289 
0.5248067848923965 0.6740664515022146 
0.8682968009380766 0.5074950366069738 
0.8675539015467111 0.5002355187263627 
0.8725741251927625 0.5226201696421514 
0.9042294211260165 0.47925247724891146 
0.8961258687541283 0.46390385249585536 
0.8612364478590229 0.46253362664016734 
0.8953959039009027 0.5223679897055767 
0.9097261443628373 0.4554971755230422 
0.920832042496268 0.4785982862616171 
0.88633805702048 0.5246951141477066 
0.5567993658693141 0.871991939845903 
0.5502387352958013 0.9118039316501091 
0.5829586306868348 0.8568257009947403 
0.5036918710609682 0.8750095229716515 
0.5766711540588376 0.8856874197383692 
0.49620567513768454 0.8795988328312578 
0.5911964764074255 0.8775750866416423 
0.5100797876504862 0.8919680660793561 
0.5506720189162948 0.9023832878598557 
0.5177433925715158 0.94235119829472 
0.07987941580177313 0.4972435788618791 
0.12944728713116593 0.4837648867058475 
0.043517472250725886 0.512940100191208 
0.051315576514666755 0.4862764357993485 
0.07893980100096093 0.541897383770406 
0.12889185362822053 0.5372989081485889 
0.07991532065935542 0.5481596789867198 
0.11126074527601024 0.5310666577668135 
0.09974693918524519 0.5468395729450859 
0.09916957056945323 0.5378273895111294 
0.9364141218850571 0.15423498111677586 
0.8747969721549043 0.12924944519797657 
0.8972291823255788 0.1036314894560166 
0.874114471503136 0.07510084943245177 
0.8465637226181025 0.1499738244350841 
0.9315624012243909 0.16292359856667726 
0.8966023542907365 0.10561908374246097 
0.8838116175192924 0.1566254751859119 
0.9067006435654298 0.1368199454085535 
0.8929539794079521 0.1402008540217373 
0.4091380559388814 0.15521463149154605 
0.38916010936885465 0.1526361974388086 
0.4123249043078159 0.11970092952506202 
0.3579333983574492 0.17121159699666183 
0.4030626348574651 0.1632943887386899 
0.3564476498489887 0.12955406638328498 
0.38054531338917424 0.11753883279801951 
0.38878351630096364 0.12940872797890932 
0.3610053163511091 0.1316611987590884 
0.34957808608129265 0.0922371850016485 
0.35347068330940135 0.8717246323919533 
0.2896575891266644 0.8694317182359065 
0.3417242760296431 0.8891588767442354 
0.31559661777541725 0.9485594128418302 
0.3020813339549598 0.9183016708683361 
0.2824155228336238 0.9129989683394364 
0.35869513472289 0.9194566632699906 
0.30150505975051234 0.8829272121903963 
0.2762078820311217 0.8609908936037167 
0.3205666153597974 0.951070996479469 
0.25084843003543356 0.20150942137660105 
0.17416885761157144 0.18361629683212832 
0.18522697985285805 0.2121846133545052 
0.22708100480490345 0.188232794261622 
0.16083824560102764 0.2190095027136914 
0.1692218804930627 0.22407693291757924 
0.16451038364983445 0.19138434732252207 
0.24548823958230367 0.23517249494030282 
0.25234734662904845 0.1864147273448435 
0.21847566566802173 0.2270679470758551 
0.09940667782398141 0.9424608938010096 
0.1294160966667232 0.9894316370626282 
0.08451065829677318 0.9654623984554894 
0.15238278583863119 0.9341183580487817 
0.15187521859342357 0.9557044929983913 
0.14284504559776387 0.9554908128429943 
0.10815489267133346 0.99 
0.1180383614625695 0.9406907298555232 
0.1394731368331001 0.9394577135302855 
0.11773712082787474 0.9872190018259072 
0.7446718805835413 0.7211734653134868 
0.6702191112998961 0.7175026574347972 
0.752025050178714 0.758134093053893 
0.7099224160034253 0.7259327886884072 
0.7546950134637925 0.7576713328945167 
0.6643648674116335 0.6692202838923604 
0.6695343865186397 0.6929095753678779 
0.741967187711336 0.7017110215079339 
0.7404651370406816 0.6675184285619296 
0.7475886714985099 0.7220931625480261 
0.6069937381186943 0.6278115149203433 
0.5842502644341214 0.6409918811854856 
0.643070389290493 0.611410367517846 
0.6460004919356781 0.6075939451194872 
0.632552755829511 0.6518457160962617 
0.6170665954782182 0.5802857445278947 
0.5743965363174005 0.5797187804953408 
0.6584362958810098 0.6399887436616561 
0.6501814418466773 0.6211388477956037 
0.6037329920949989 0.6152153343138953 
0.11370711642226006 0.7232633140985228 
0.10495836335966055 0.7638612775891152 
0.038722002218774663 0.6897767011959794 
0.11472704022169662 0.7239389021634087 
0.03163279113707962 0.7152387480379367 
0.06698174532815307 0.701088896371119 
0.09453484555483062 0.679915227089442 
0.06289682389699024 0.7129438025890844 
0.04217275717670142 0.688403501072091 
0.08082076039077986 0.6829313236754097 
0.28503931006809957 0.4895819031803134 
0.3478275513910887 0.4883793330806058 
0.3480150281698288 0.5197338496671606 
0.344356565204792 0.5016024398991221 
0.31930879060801287 0.4953364530829491 
0.3194717119951453 0.5763541331208601 
0.3547560779380803 0.5782016283092684 
0.3439344834176119 0.5491976323082425 
0.33444939210754426 0.48291049074754694 
0.3131584130678929 0.575235768540899 
0.569063231178246 0.028885411123580118 
0.582807864909844 0.0766221562893434 
0.6003965748849 0.042786295974778066 
0.5571350557932149 0.06976528608872377 
0.5871442885115347 0.01 
0.5468450835503446 0.02195655073606769 
0.571394303588621 0.04317257008257165 
0.5813565005021621 0.04631228306940831 
0.5998393617372458 0.01 
0.5708731156794181 0.04592952199845056 
0.877684572612482 0.9536221830103484 
0.9071201694219531 0.9468187238720768 
0.9396274619805176 0.9861474793832241 
0.9296556322203833 0.9750768612819278 
0.9219078767588093 0.9305472771871983 
0.8719503397859549 0.9228611274816493 
0.864329514120306 0.99 
0.944743876164108 0.9671575503437505 
0.8581702907546646 0.9787775320127086 
0.8785728612598303 0.979158614562567 
0.5732637739761414 0.4349295611008427 
0.5159077119890431 0.49305932289143745 
0.5660115818821603 0.4238785267554168 
0.5813962871394829 0.5011416378374063 
0.5649722479271665 0.47178946418084133 
0.5741377155672271 0.46632460707510665 
0.602953890609241 0.44687702055931244 
0.540028634169238 0.47957737823589325 
0.5843337529901828 0.4117423364570854 
0.5224309887353921 0.4564471709203704 
0.6771905666970481 0.8588109061805334 
0.6932173551865287 0.9210318928370562 
0.649371103348308 0.9527508709947424 
0.627638702026414 0.9565674922537316 
0.6697647087746981 0.9157551291048138 
0.6837852667117936 0.9267705850030135 
0.7063597359962727 0.9322448275019874 
0.6756720008581102 0.8923364000561559 
0.6718337818423961 0.8862791230761835 
0.6313539678887574 0.9436471259420149 
0.8363088921599439 0.5826434034901906 
0.855662627821988 0.6167832050897104 
0.8743514874944549 0.6154295130610026 
0.8306426805885032 0.5470292090114448 
0.8734941639580377 0.581265680866076 
0.9028044502086404 0.5314653847738809 
0.8437306541814711 0.5295971653776885 
0.8678466469655223 0.5417979781045792 
0.8806630371522888 0.5930321395435945 
0.8985935873816617 0.6013048942473792 
0.5473896004543424 0.2987027642722177 
0.5375395321107762 0.2089898869334747 
0.5105759415797513 0.26522804717546056 
0.5105268533744886 0.2721205127356435 
0.5278598631571061 0.287078233081396 
0.5798532324414469 0.220473242806062 
0.5514949326965758 0.2483067865652713 
0.5189465900513083 0.27724019205747386 
0.5082954000710898 0.2618999984383179 
0.4923054672910577 0.2534291559503065 
0.06232859926907214 0.1929097805248044 
0.01 0.2419716086426926 
0.01 0.22356065923821447 
0.018546302692066786 0.20826822324716857 
0.07031674915237744 0.19302032793228752 
0.01 0.265080978974915 
0.027735518510568657 0.20898128585441075 
0.01 0.23052537205446075 
0.05953916112841086 0.26665577885968306 
0.05726019293906452 0.2681822417632064 
0.7363544705236079 0.09406479808918304 
0.7176170427197224 0.032286974706936644 
0.7499298212503875 0.02087537105307854 
0.7124476376239665 0.041697300649451055 
0.7690162825109378 0.023831932693035306 
0.7432851962338544 0.06031629116979903 
0.770543891252544 0.09392758378093835 
0.7888446426743597 0.07374611945237314 
0.7469138087201412 0.076153150676243 
0.7441764432742971 0.05034673953140987 
0.3380276503475259 0.01 
0.3350804906837583 0.02796083981293196 
0.3018907570349083 0.01 
0.2873308577055229 0.029460219871652885 
0.25917047467209103 0.06417418865957934 
0.34825456702996793 0.01 
0.2520508046681351 0.06893331037352987 
0.3082430158972841 0.05052884583242016 
0.29384846595664266 0.06086408095100723 
0.34603037911508266 0.017967537435094785 
0.08682177637867437 0.3491865977490016 
0.17211582304506684 0.3210549286936868 
0.10700152804102799 0.38317475024663283 
0.13812958472379852 0.39365131956640986 
0.15354807014066119 0.37438577715252364 
0.1439370409859081 0.3528192231402955 
0.08084794157369854 0.3683866793462223 
0.09576699488883296 0.3274417601861033 
0.13195035599867033 0.3802451689492494 
0.13578188265057076 0.34817874520660497 
0.7711939363178067 0.32772758393832413 
0.7787718025180024 0.29803850186153785 
0.8223519394089737 0.29600051113934706 
0.7985478471512102 0.3145997276618458 
0.75786337856385 0.3304926620074573 
0.8330561653890608 0.26020831772189507 
0.8035743260748005 0.26835397104096465 
0.8357424743768682 0.3368537227222762 
0.8056082937026712 0.24393165533708897 
0.8374819461045706 0.32489657987651877 
0.3281357237303404 0.6363508776486932 
0.34699112411053373 0.7028820944760998 
0.333146415250661 0.6493344293245625 
0.26648031835761277 0.6674837177268398 
0.2973100311836063 0.6249978618101094 
0.33302814552687166 0.7088870974149335 
0.2993343959412339 0.6834951702834868 
0.27620010683989304 0.6925615750935827 
0.25440595442727737 0.6695346060409672 
0.2635825348068742 0.7006140325378204 
0.99 0.26960503815089565 
0.9721000402541076 0.18372486323831638 
0.99 0.24133337544183553 
0.99 0.197997962457883 
0.99 0.27511907470394603 
0.9484178183354501 0.22139444806493594 
0.9633991104007019 0.18373132171597323 
0.9435036656796165 0.21409455153554352 
0.9894833906773496 0.2588684696534592 
0.9760988938266564 0.28032013930232585 
0.04629399882457083 0.8868747516798147 
0.030521952017835148 0.8768767990311208 
0.12145662545106257 0.8722085727980432 
0.11876112609244163 0.84875656901673 
0.04969645267893487 0.8409597451309245 
0.08678148021421983 0.8044800239634898 
0.08955137735474865 0.8829373554244035 
0.0392168741346009 0.8757957464438082 
0.03346948812320311 0.8898339970455462 
0.11734101420831376 0.8581411697698649 
0.4953291312626828 0.7154959674351417 
0.4209946823970448 0.790272498350247 
0.4941269409507362 0.7935632696032143 
0.41319739477277395 0.7816389702951777 
0.4569427070293815 0.7485390387149189 
0.41774648573242085 0.7505291159113173 
0.42001653803970085 0.7694730023862862 
0.43656038733009345 0.7519817222034744 
0.47604291955792477 0.710505830885121 
0.46565009191662393 0.7018797598701277 
0.99 0.7784860162062797 
0.9203159399707106 0.7521745514110335 
0.9216824591127053 0.7475930514181499 
0.99 0.76944270673757 
0.9494774455572721 0.7547529544109507 
0.9683937304065495 0.7950563669224797 
0.9834178219816978 0.7513952574774193 
0.9559539431393578 0.7278873574157255 
0.9786953507686271 0.8009149406490048 
0.9183936520553773 0.7910447906436151 
0.32219775436529147 0.30901620259884754 
0.2796068750031216 0.3104808088867568 
0.32396154797045784 0.31701734530542314 
0.32489580444318705 0.3251804944917972 
0.2601507921944714 0.296961591868497 
0.3060989204071787 0.2916577857520096 
0.27919876997890714 0.2705707340606641 
0.3336003714812675 0.3220972227423521 
0.33520262020735947 0.26078936612031145 
0.29980063774587484 0.30897200345363396 
0.15814200629642242 0.4293719976277223 
0.2271154475180185 0.44376055620398186 
0.2169923569523785 0.4386003326780438 
0.23128626502057215 0.45301352354501534 
0.23127987661992083 0.4484801163510298 
0.15586067049209862 0.4125086881273587 
0.1978633060716299 0.4142898199837244 
0.17363546185315049 0.47016415034581877 
0.2046159016255299 0.4403651945969193 
0.202435659512118 0.41051576937837614 
0.8112234472213662 0.40566989673033155 
0.7724300419391599 0.4854633717487951 
0.806822064662903 0.41168005758524745 
0.8349196070150448 0.4904766117399046 
0.7431912393214383 0.39479036899470993 
0.7952807819060352 0.4618589066162201 
0.7732445767582317 0.3956830155536602 
0.79624358580709 0.40599163924663534 
0.7962669012478808 0.4475893067485763 
0.777755293312355 0.47267746444652264 
0.4453695544468588 0.9340633281574965 
0.4571172801205545 0.9360734183933663 
0.49840960321574646 0.99 
0.45428288492113866 0.99 
0.5271709788186574 0.944837343801176 
0.4610707880772695 0.9345645078501073 
0.4674925075603961 0.9394283876281726 
0.5256728502882656 0.9483963950396193 
0.5078038356274633 0.9772306441986363 
0.4795263746581207 0.9374920280406315 
0.5945164073984561 0.8560235642204524 
0.5894286827459337 0.8161375368115954 
0.6375572453769196 0.7934532386458293 
0.6363067766027202 0.8570028696430141 
0.5802103061454387 0.8729777111114498 
0.585578903970796 0.8109259567951664 
0.5494721604020514 0.7844850782259739 
0.5520855507729734 0.8052766394891749 
0.5593188957511903 0.865433998978292 
0.5756991510650589 0.8306332715128804 
0.7941667150004263 0.5996608036081903 
0.7969178608098331 0.6175654176748645 
0.7889498984228211 0.5484533124271996 
0.7859479287748341 0.5475855685753915 
0.7156046352720462 0.5328287343965996 
0.7639787221954729 0.54708806123862 
0.7308457400696883 0.5670412576830769 
0.7197324465994395 0.602805025961994 
0.700308873179094 0.5470919854006844 
0.7948471113656136 0.5340610241582258 
0.10925389633464869 0.6320328635503545 
0.06549688026477514 0.5850828790657681 
0.07266028193958492 0.5811871359772639 
0.06054924660792273 0.6316385499740278 
0.10237322586376227 0.589019246790495 
0.04732859723254936 0.6027749134975231 
0.0535744878731822 0.5850887874831001 
0.1328641754774804 0.6542907224814705 
0.08932036700533251 0.6257994562376591 
0.07174925154206444 0.6181958094269562 
0.43546093206645775 0.5236186667036258 
0.43509527517826363 0.5177845707655132 
0.43888347122600185 0.5291826003061794 
0.3920058130618336 0.44698544542515284 
0.47537494656500723 0.4505447297665429 
0.4182289651189241 0.5292276422860728 
0.4319268576012713 0.4537729743855743 
0.40171079163175044 0.4653255808919517 
0.44589034363552565 0.531678699881768 
0.4356501449660479 0.5069025712379374 
0.9832290447349178 0.5930435538306962 
0.99 0.5410308006456974 
0.9661124519789568 0.606502908452498 
0.99 0.5530633259529439 
0.99 0.5552600319249994 
0.99 0.5488592414702944 
0.99 0.6049230084271682 
0.9743252914668789 0.5516935634025129 
0.99 0.5318390252072145 
0.9733266774590343 0.5962437200255912 
0.19351371682781987 0.8884582350906017 
0.20700452952567225 0.8910754660201035 
0.2818944725809439 0.9315873594285604 
0.19551033343196705 0.8951487719357021 
0.2030081040108983 0.9178390025520092 
0.24160129741256903 0.9388091726372424 
0.27339168501900885 0.9149881219817004 
0.256112919942316 0.9007311075206947 
0.20084367809319992 0.8425570410876361 
0.2667171835576334 0.8702023233153398 
0.9539856251337318 0.3454864865195804 
0.9408324936943603 0.41737069766764556 
0.9230967072647064 0.40055179623087656 
0.9665795036324956 0.36174186110555284 
0.9483686599926583 0.39550139769325365 
0.9780522634086227 0.3297135609405344 
0.9799049032868637 0.38308573340769514 
0.9677917997036707 0.33973654355911537 
0.9590456529115019 0.3688719522129615 
0.980567300251882 0.34361289697686337 
0.4193750650364678 0.3157683061649875 
0.4965324702168946 0.2923303732903317 
0.43327532916430606 0.3102873767704835 
0.4408068988302537 0.349223172985467 
0.4715306658274731 0.3217057943349075 
0.5058444721679207 0.3196003140737231 
0.4822378997015385 0.2777373536931848 
0.5169835685651265 0.3319186738154147 
0.4795603059489403 0.28909992650696037 
0.4765050612496853 0.26764494708674647 
0.5184160331346417 0.11353932598548282 
0.4879591728942732 0.03275099447677304 
0.5264966061696293 0.12372312852309307 
0.55412853990511 0.11209772366418054 
0.5395917370510417 0.06398889828469023 
0.5449147590662741 0.09527328188097922 
0.540817472198889 0.06427511419836854 
0.4903141440201146 0.09343108417551406 
0.547694074410481 0.12782709331784473 
0.5041927194552412 0.1013564273427019 
0.31220914402228334 0.8871533422380513 
0.3321020501793791 0.8629602557503505 
0.26565327715296455 0.8624495546737796 
0.268551117710777 0.8461158654224558 
0.3156489024897167 0.8389425282572192 
0.32027259743999253 0.8546277193942311 
0.30907237519096914 0.890851638113305 
0.3381155019639459 0.8541900708063929 
0.32820566852233124 0.8493996264768372 
0.2981505236239117 0.8741317816760557 
0.8738605107216643 0.23601556287438386 
0.8314202955562896 0.17581296332092136 
0.8400372659579032 0.18284507829854366 
0.9081719775275913 0.2282512024930069 
0.8385514985557703 0.23284338171778596 
0.8343778553032659 0.21584099120097366 
0.9121174995338792 0.16087047499341134 
0.8762120850853009 0.16536727564459236 
0.8985359237697654 0.21830677463884057 
0.9083502491105393 0.19663915603068055 
0.35140422084792644 0.30038518662647723 
0.36372484865525906 0.2806042112488124 
0.34325114265036716 0.28616729297357674 
0.3547293175698409 0.33763653948634786 
0.399315100246475 0.32798767882366126 
0.367795104867934 0.3253905761273449 
0.361262296667415 0.27304182881546496 
0.38362949276218955 0.30283950760635164 
0.42103383895062885 0.2705023801541936 
0.33861510800818206 0.3528948099230463 
0.11134254898251489 0.2648848290725071 
0.09753319031824254 0.19313091347422362 
0.10322851608909293 0.2749811711477975 
0.0643978602444078 0.23452893026405092 
0.06980634031590757 0.18483662508897583 
0.08209360964802846 0.27126557359567083 
0.07814290735989515 0.26870320922842594 
0.13989632708505223 0.20800416279377137 
0.13462916665863583 0.22512183831996813 
0.11456159368568074 0.23712737737407383 
0.8305427193523122 0.99 
0.8112041332901482 0.99 
0.7804922095295673 0.9417415784508036 
0.8418967636294452 0.938423723258256 
0.8262609794823547 0.9525642933540817 
0.7537418271010832 0.9310125776937914 
0.8332804017642889 0.962745382245731 
0.8067304528656913 0.99 
0.7522788596141372 0.9780714067179529 
0.7625660190773225 0.9313154593406768 
0.8710677008360537 0.6281736545762561 
0.9325047685544915 0.6898461717499343 
0.881787273729151 0.6930767154023957 
0.8726437476814264 0.6431173638385944 
0.9282911886098926 0.6947827049363614 
0.9574586610815369 0.6804231205122999 
0.9274305579909745 0.6392952178450303 
0.9250599009102476 0.7059202179569003 
0.8769420034943488 0.6386775307756818 
0.9371925830073858 0.6334332164907361 
0.4592522453514821 0.8942588949571915 
0.4183010962552722 0.8959274930482465 
0.41994313002094863 0.9251437393044104 
0.4892063232946128 0.9323431440764355 
0.47161417559452246 0.9314070834852795 
0.45541255356908605 0.8860322904235742 
0.4723428836998401 0.9454571602387883 
0.4768048576980581 0.8963921373456297 
0.4662865326781012 0.960479860039172 
0.46262335779980895 0.9497659711354388 
0.397332379813617 0.01 
0.41533709349487835 0.01 
0.322727533123096 0.01 
0.35179857726365965 0.01378709334857995 
0.3759645201933007 0.07202686589925782 
0.3336914681234673 0.04483404848663461 
0.3915675144505751 0.01 
0.34848894095050786 0.01 
0.36049806086720426 0.02823424031855705 
0.3842107238157434 0.013195344062512937 
0.450192213794718 0.6539661604113425 
0.4011055087733981 0.6472335367659322 
0.4517741782202638 0.6931847533045716 
0.4367610165026502 0.6983376867928821 
0.4958055462254115 0.641266794069315 
0.4596169569641772 0.6846301221207909 
0.4391962995689685 0.6986350098054743 
0.43125269334796973 0.6315898702325132 
0.4714512118094501 0.641667549967037 
0.4230735432237689 0.7151045632067271 
0.6239245443922503 0.47972703329628347 
0.5978926844589084 0.4989399882053952 
0.6338113753594323 0.4715263821054705 
0.5776533846756704 0.5448908208937808 
0.5926869456422901 0.4605700254662396 
0.5719988982689561 0.45490152925396976 
0.5767184351316468 0.4514476558581571 
0.6529920580708957 0.46348650374386724 
0.6575793098471041 0.5362650850086875 
0.638157942560844 0.5070233246860159 
0.9241756733430245 0.09233353821805936 
0.9870042853472892 0.056696031988865844 
0.9720251979870057 0.05771704949124887 
0.9398645267157046 0.13102965127988597 
0.99 0.13921334617502 
0.99 0.07337228083998287 
0.9868514844054906 0.06590633063244233 
0.9536999287829551 0.07773971163894858 
0.99 0.10267938330393224 
0.9575662465234526 0.07227908022950298 
0.1972739106622469 0.14347264625630407 
0.1913402670754592 0.09118271027637595 
0.1443408163741901 0.11077181443511293 
0.2116933244865873 0.05896598205206061 
0.16300247319066546 0.11736563390037098 
0.20503332114412404 0.0888881177346468 
0.2188904428940188 0.04925276863002543 
0.1357372594165192 0.06066390607326756 
0.18352955730891052 0.09885220323673208 
0.13985857191396764 0.04776243847811695 
0.6978476188086928 0.8266090678454048 
0.7081904587768277 0.8116638676960413 
0.7116478963078275 0.752975531992537 
0.7550080062478486 0.8264502074743341 
0.6879603404234067 0.8035387007296142 
0.7317397975720925 0.8155247238092941 
0.7259262282750492 0.8224633467094069 
0.7717516681826374 0.8130771100570344 
0.7594432747642748 0.8330229922756016 
0.7416568728047436 0.8330935528198719 
0.663820636586097 0.0906441565359685 
0.601016942411925 0.10531084806165243 
0.6581462301889467 0.07400557828005239 
0.5949758630624541 0.05000135638826941 
0.682450676706608 0.05312908799590046 
0.6109491220933131 0.07311009944554923 
0.6190597484137391 0.06715719999644197 
0.650993026385961 0.09461528267845698 
0.6693839174585774 0.0686571676601902 
0.6028851796988086 0.07871823656668969 
0.06785343427252868 0.4256725880149736 
0.04760625446583831 0.4436391666644224 
0.026171176204392355 0.376891773589026 
0.01 0.4021454056467826 
0.01 0.39444365428757877 
0.04082175548800142 0.3710260773796438 
0.02133216634924144 0.4417799811086458 
0.05724912626095334 0.3782861003674083 
0.01 0.38266817281155596 
0.06574590373772145 0.4545214583189209 
0.34283300360291513 0.03592255851737708 
0.3108998922084012 0.09391311727953802 
0.3277795055070251 0.08511354411928454 
0.30156611775197395 0.08117428364740686 
0.2896773588515174 0.10854728690131771 
0.30519474618325076 0.1109086660964537 
0.32527869090565725 0.07088467350724673 
0.2783600339625323 0.09549519183045241 
0.30592987071977296 0.09195472516540923 
0.30329782966427443 0.02642902073065083 
0.34061619537894294 0.232337054536334 
0.3349988002609003 0.18549984664817992 
0.3189423144535354 0.1780782352214023 
0.32888780545696905 0.17887089451746818 
0.314586842135123 0.16464920124914814 
0.34267776976707137 0.23717363492790255 
0.288609489352948 0.2566857050789181 
0.2819838188182293 0.21674476428039596 
0.29304402427691095 0.17200243586494904 
0.31687074897422196 0.20389770135407767 
0.16153838524864303 0.9635195578382407 
0.21476537342057223 0.984494865470871 
0.18667441067632592 0.9800868231716814 
0.16726469289239118 0.9011771775935646 
0.21986571003044414 0.8912464538922885 
0.1542215731495617 0.8873119362096221 
0.15006612083141924 0.9475669840646669 
0.20669681598846162 0.919097995395337 
0.16996481840726074 0.98427402054396 
0.18197402893899903 0.9084631658572203 
0.9679947822583642 0.08041035931117957 
0.9735017983513998 0.019690829321865645 
0.99 0.01 
0.99 0.01 
0.9696331662560489 0.08423080833567739 
0.9502768871729592 0.041680687775383904 
0.99 0.04530976411703892 
0.9680693999566902 0.01 
0.9350343355539222 0.05655837509433602 
0.9471246084803251 0.01 
0.5629064276231581 0.11867731039705501 
0.5717985060406617 0.11622094323552032 
0.5297815059877133 0.10804432404261588 
0.5852010450482419 0.17463932097068324 
0.5248572497317947 0.17012890213071186 
0.5872428386712155 0.14096907860845956 
0.5814135700146787 0.1355202943102176 
0.528547408463961 0.11322172268253732 
0.5363364090210596 0.09814662952661966 
0.5356443636696042 0.1274711433949592 
0.99 0.8916744107779909 
0.99 0.877678269703424 
0.99 0.8714935363159314 
0.9861064506720201 0.8653242245750168 
0.99 0.8343295632873164 
0.9725337441181149 0.8481578334702903 
0.99 0.8816254167125365 
0.9395377476898479 0.8934117004518844 
0.99 0.8582340126880821 
0.99 0.8627697969348883 
0.8618785442844502 0.12702783165778642 
0.8006792836550192 0.07543971222843002 
0.8464715672642853 0.09865962371167311 
0.8211544951429359 0.10525574509049111 
0.8367900661927109 0.04581322670609973 
0.8027962453720066 0.10562283196811477 
0.8482472594784359 0.06898831690352754 
0.7994481108818277 0.11676726116731277 
0.7791834623597973 0.029864055071768175 
0.8054329557151922 0.054318181751435615 
0.5850558583048848 0.9337383830892506 
0.645293390238975 0.99 
0.6003504021711308 0.9742080157046499 
0.5975811515182164 0.99 
0.6366664056197882 0.99 
0.6390148203861518 0.99 
0.6703672966959713 0.9702546884764954 
0.6026426093516781 0.9492713600427786 
0.5847206259256525 0.9423272635777082 
0.5865629434774723 0.9790141692083221 
0.3369779906723456 0.9425961760440551 
0.415197618141348 0.968204194056491 
0.37450641487044267 0.9400132236693431 
0.3460845516577138 0.9326521536566847 
0.358270322722962 0.9589303086793232 
0.34322496711351974 0.9690927872632794 
0.3455291821403258 0.9605424881573142 
0.34555473568346984 0.9360372864485526 
0.39846889939681807 0.9662757082554463 
0.3376251549625429 0.9545650602262072 
0.18233218937931667 0.336519502028028 
0.18862600389581913 0.3901074289118634 
0.22541541782875513 0.37748939322388464 
0.1659990657005535 0.3748179364935253 
0.2094281893208414 0.39415339581233966 
0.22074104925278812 0.32876399364984266 
0.21064907486090043 0.3419225196279266 
0.22616113244751668 0.32565941099230605 
0.21290248069859125 0.37968260388945985 
0.1770846719808105 0.34577878656290706 
0.06497993399188004 0.9695187068748027 
0.01830124060998286 0.9249876018132697 
0.013295595836497538 0.9242897214141574 
0.01 0.8979983750762468 
0.03589710670842614 0.9794357821040954 
0.01 0.9494947536007277 
0.01 0.9332878566075061 
0.06458915757077054 0.946303322329225 
0.07622686479408693 0.928378007137527 
0.011284057092274098 0.9412720593356108 
0.1766369302755017 0.8215951931414851 
0.12932341159019217 0.7653675949576167 
0.12835341606125422 0.8325679148814584 
0.10139057014954839 0.7971800195873125 
0.09814322350206897 0.8051898338305425 
0.10645496718955269 0.8132055912883627 
0.12633250285816028 0.8466461443992217 
0.16062151049885268 0.8390491400320708 
0.13639920371977937 0.827645009997426 
0.10489405756373577 0.8037042742448178 
0.45650042611318553 0.5566705268782266 
0.4621782319910706 0.5912914686595412 
0.4427183370241009 0.6331266167110842 
0.44124560042797095 0.5839807235305663 
0.4398522785173963 0.5574211475366124 
0.5256888487321263 0.5895646406185676 
0.48531858287213037 0.6363720520344018 
0.4481333390226375 0.6381155266068648 
0.4706976741544808 0.5511862610971376 
0.506917917134745 0.6125806217609461 
0.5293869622263538 0.5811866722655616 
0.5608233566742483 0.546801808159443 
0.6017151349953467 0.5796764600238259 
0.5712435434179389 0.580803832544927 
0.5998874455651102 0.5203610333649756 
0.5064039468249728 0.5439538932314396 
0.5181867068666972 0.5139813005123538 
0.5171798802863276 0.497706714707591 
0.5411766100423774 0.5334751369798673 
0.508771620694568 0.49062807736731595 
0.6377171533023049 0.349539631982242 
0.5980433447054103 0.42713603849454135 
0.6569084939143016 0.3614717908753968 
0.6193313073960185 0.41568645824289474 
0.5900267196022037 0.33149963874250893 
0.5919195892225777 0.38671270682251446 
0.5730506832390595 0.4021687692654119 
0.6375431894203972 0.4274165235242802 
0.6435360430191628 0.3895079022707498 
0.5927656229393575 0.3790931279395853 
0.8000718700677308 0.9323857084275897 
0.8313747734562009 0.9431703052964716 
0.8681798681177275 0.9173160643649745 
0.8173873849777294 0.9705133609919154 
0.7967033430669034 0.9385821098837672 
0.8583722261250806 0.9560322144339244 
0.8521618543332958 0.9743225899951605 
0.8485582077932105 0.9757157460981641 
0.8381334583099778 0.892226966086958 
0.8924084177048601 0.9190500627810351 
0.7149766401972955 0.24160815042059686 
0.7784661075156696 0.23438194814780233 
0.7464672368007875 0.20604722194978095 
0.7017903429484976 0.20302188071591465 
0.7710182665344988 0.21557239437386358 
0.7178357051122229 0.20447070199987427 
0.7943945740523067 0.2015815150678278 
0.7841396973564854 0.15834286473131112 
0.7165110878119162 0.14726714529566884 
0.7945232070168278 0.15346706472983657 
0.7884357534812314 0.4055055496606186 
0.793261910144647 0.3866076523288096 
0.850397537770777 0.3417536124335932 
0.7639536285716664 0.33112028064082416 
0.7802689984308846 0.41651222496569096 
0.7717768069915424 0.4148214390031047 
0.8237024252569489 0.34718042258725473 
0.821855418979132 0.4108666959858768 
0.8483401701966073 0.3813541548844353 
0.7859873113573657 0.37193787864600997 
0.044177145094679716 0.06516698837795512 
0.01 0.03876616434168911 
0.06531757594092234 0.06314641573879884 
0.08002309626438707 0.010134359374410994 
0.01 0.07142406944344028 
0.06494812665932968 0.06754754395784085 
0.07750660036922015 0.01 
0.06691320456056936 0.08424671752978206 
0.06203500849667894 0.04963206851158625 
0.0463352553015388 0.01924529030943354 
0.5596677493224458 0.7161482974176954 
0.502920609328535 0.731349352501593 
0.5803903642577247 0.7195117034346855 
0.5904779982096248 0.7233867974096886 
0.5056358092863583 0.7662677832796109 
0.5193532293518678 0.79688358862715 
0.5190600517866921 0.766368464961596 
0.5590911058001387 0.7232181068657112 
0.5879473050689588 0.7268876509603381 
0.5093079238223492 0.7680371815563715 
0.01 0.7408677771889878 
0.07365523818512863 0.698784367527741 
0.01 0.751582161110455 
0.01794415124597691 0.697812361088771 
0.05084982218676397 0.7390314361945369 
0.01 0.7381269623715233 
0.055240861228706375 0.7296017999173088 
0.01 0.76043947049421 
0.014501341747326292 0.7263311679568866 
0.0658288141998802 0.7136880328442843 
0.8749558760912906 0.6561461315079695 
0.8320121711656843 0.703652244197498 
0.8895467376614721 0.6510800549852459 
0.8897079316958462 0.6470639512566293 
0.8522382496090455 0.6463363266951856 
0.8084878994319574 0.7040413845273342 
0.832311060167375 0.7153930002151736 
0.8425700969661548 0.6733195721701344 
0.8159432211058776 0.7072714595946218 
0.8030168163069177 0.6703603799270897 
0.03574305107616344 0.5820677716805546 
0.0398857231141513 0.5071423738027326 
0.044618546630862975 0.5869607512989832 
0.09633878210052856 0.5689870032660912 
0.019198309565128177 0.5739444198886064 
0.019079290112056557 0.5548692970958455 
0.02127817525432661 0.5186313325616059 
0.04404580411629692 0.5231582615869231 
0.013773616306173853 0.5904665778499115 
0.026376670916385722 0.5173571741484165 
0.17710244117936297 0.5415527325909069 
0.2321352800020601 0.5241867594848316 
0.1770407527679133 0.5598375919280563 
0.22117686562680125 0.5802504652374638 
0.24323975391025884 0.5146317724802816 
0.24418864858141553 0.5348414114575744 
0.23180760845020465 0.5388682295568177 
0.21638671353849584 0.5275220400999526 
0.22536992772160028 0.5868873438025591 
0.2675179082928528 0.5101739429684686 
0.33524502348943547 0.6785293866135068 
0.3731116100088312 0.6031896054840966 
0.3890250122751686 0.6798003887343754 
0.3563969544345074 0.6280304510234956 
0.38125019593655496 0.5983227457750128 
0.36062368668552625 0.6413187292013602 
0.3833503702378219 0.601103463030401 
0.32493220520856547 0.6687111168198792 
0.3646095442818456 0.6023888640027525 
0.328818153440948 0.6574719754971385 
0.14375060276934992 0.11831262174015178 
0.1256412038132796 0.14445608215123654 
0.1326596177976072 0.2008075019616461 
0.1368880869787789 0.2050872050864993 
0.17539185949051547 0.1756839970833544 
0.19630312800892302 0.1662468424686367 
0.1957286567286019 0.12464456309729366 
0.13940603255137213 0.2071633387794605 
0.16940725551521435 0.19257525635904693 
0.14939886629863794 0.1741849915326867 
0.652366969058379 0.7563677845840638 
0.6564975795448672 0.7419766150165801 
0.6661450879541476 0.8027841914189767 
0.6683634370924618 0.7787029673769005 
0.6731134288871914 0.8035191628531249 
0.6578301386135771 0.7317352885652115 
0.6543682302282999 0.7237507663500504 
0.6464547068313153 0.8043819446669402 
0.6879487260198228 0.7456945108005218 
0.6338052540307643 0.7214991640887684 
0.9426387867139012 0.4147593637088639 
0.9496142918786781 0.47696322948725134 
0.99 0.481967636537031 
0.9240925953054379 0.45207428699997904 
0.9838422295550828 0.4126754326165144 
0.99 0.4947319736141341 
0.9594037454098834 0.4642184931788959 
0.99 0.45123670988984055 
0.9519305365098484 0.42012935439656124 
0.99 0.4935615554996294 
0.1697336671778143 0.687668110136452 
0.1644374100467224 0.6676659513732346 
0.16860381902121693 0.6742287846920912 
0.2162432540209583 0.7349608855075317 
0.15967653582921582 0.7004900911164271 
0.1565654206038697 0.7044130807439924 
0.228521181687237 0.7387642840482997 
0.20466815006501957 0.7497921436870609 
0.1621044466628034 0.7057193329153449 
0.24627197941463563 0.6846899691275383 
0.6399346288684714 0.15849524472718637 
0.5497423146721936 0.15865396252709593 
0.5510357656731437 0.2048817992910933 
0.609074995290642 0.19905081528212307 
0.6163343237559229 0.2080894863494906 
0.5605297278403286 0.21366278708148484 
0.6077868745880539 0.17501806387684257 
0.6273906397656049 0.21236675838465602 
0.5976733148224327 0.15406530231321977 
0.5982878535235913 0.19602856042651462 
0.46486544416626774 0.24799869855932802 
0.43748112631505676 0.2586050429962961 
0.4467147649376538 0.209715342372989 
0.4603126550397667 0.2728712183395092 
0.4742766137180678 0.26642803681994465 
0.4708926734692313 0.22860979366660766 
0.46713968535917044 0.2542420444690353 
0.46636834843670977 0.2187002522445829 
0.4524290372037818 0.22804580771511587 
0.4575028631856797 0.2639766388736121 
0.4383375972900934 0.04348103340383358 
0.46658732414436177 0.041650670561313566 
0.46168358164316886 0.04753689752634699 
0.42636790345950903 0.05218933553766285 
0.42251143169112587 0.0637640657235246 
0.5072388629616837 0.03747145573730423 
0.4454864816502431 0.02522971388345141 
0.4889716522605203 0.01 
0.4168181520040438 0.01 
0.4975295818029108 0.06176732193600941 
0.2570116054011201 0.40388914625354627 
0.25887694060687744 0.3235886785291016 
0.31548851351880774 0.3441837990051651 
0.27394279856269815 0.39737577327145934 
0.33539538310518957 0.39264577651061366 
0.25154231956238793 0.3278486423873557 
0.3212896462421198 0.33117014192116495 
0.3103168810239554 0.34463922739230585 
0.279369407218356 0.40040239251120546 
0.28727418141894295 0.4029782883129133 
0.6795242792295912 0.13752362813030417 
0.6823766714217419 0.08558295034809416 
0.7037672868121824 0.162613184827405 
0.7388283794891838 0.11214501978112544 
0.7512067207159172 0.1348338675936463 
0.7714848891874228 0.1140331981288972 
0.7367402215197048 0.12741894039067697 
0.6794271520375734 0.11108402305170886 
0.7547651126251147 0.150374265705893 
0.6931713244563703 0.1347249348394343 
0.753048958003703 0.8308616387633359 
0.7684149952178327 0.8132450261626842 
0.822414533524585 0.8537185793447069 
0.7619091999426952 0.7924351611275768 
0.7901574433643143 0.8011600740963952 
0.845208580552613 0.831154992331495 
0.7620574290953077 0.7880790615718788 
0.8022661387554725 0.8470680775427999 
0.8057580290210079 0.8370461234092202 
0.8163013195068547 0.8189935303453589 
0.20945279699095593 0.17346174886244276 
0.19803648551967176 0.11788371524949136 
0.21806019007515245 0.1479017265112335 
0.260974215638641 0.13088208375978863 
0.19565497054438138 0.15450838278677573 
0.22143300107240715 0.17335536934598753 
0.25772168861966793 0.0931766854823321 
0.2087171009388615 0.1136704768652139 
0.28866877577486905 0.12980403398889817 
0.25694710442941965 0.17694076021244715 
0.09579681957101897 0.4636572709487622 
0.05724261354927874 0.4778145222027054 
0.11560160281601387 0.4660166782980584 
0.1316598555783631 0.3880680047655757 
0.07914955921757975 0.4644801993872363 
0.14858032318037764 0.40563465919615754 
0.12740633904691814 0.4081719514829551 
0.12555224641618243 0.4465045944564384 
0.07249944409017886 0.4051386788403136 
0.13153182716278694 0.46526521262422443 
0.9610534387359637 0.6515453638575361 
0.9830855900673271 0.585382604548492 
0.9637772064828806 0.5929556073228937 
0.9571698896052407 0.6288947863676809 
0.9886355510362701 0.6093186200171962 
0.99 0.6731379207144919 
0.9819368174128189 0.6341127515433034 
0.9671131861646759 0.6624711860205355 
0.9465124164395554 0.6583603475137443 
0.9848709469502438 0.6635593639934968 
0.8053412445438646 0.5050416468238158 
0.8177555525794727 0.43049307159031613 
0.8384391319018678 0.43221748088702505 
0.8952664894007557 0.4478214071605039 
0.8675036076963583 0.504646439480586 
0.8331294665875595 0.5000560583510186 
0.8954002936799637 0.5143493991517517 
0.841287976207636 0.4477825420961887 
0.8680927294124933 0.4516252831737336 
0.8087177394718608 0.5036432490074682 
0.22732151231875516 0.19663752233869655 
0.28092168946483825 0.2142623030646698 
0.31453256290777365 0.17160136451170283 
0.24250233286920075 0.26044885589976385 
0.2310957327181597 0.22661534138259018 
0.22773717295445814 0.22330239492052387 
0.2344050481324863 0.24311133568863924 
0.27792163032957035 0.22115047757890466 
0.29466359006778664 0.2023533638009477 
0.23450298591458235 0.21716626315756032 
0.34539464795556934 0.6106328231640813 
0.3785663892007143 0.5856322427360294 
0.39015783490297057 0.5643672075778198 
0.34254900031646346 0.5617923308861342 
0.34577845855835004 0.5555079739062083 
0.35015154040262975 0.6164186823217486 
0.2974767658784776 0.6107744919909803 
0.3612826014103625 0.5531411297907559 
0.38501057348854495 0.5880544156947242 
0.3936440959971326 0.5905523258931976 
0.3938518193680538 0.8283203116070272 
0.38191646982938743 0.8878224473707058 
0.3541671134197142 0.8852138056535273 
0.44157704637641626 0.8343228149868753 
0.34683225028974046 0.84559378276348 
0.3616353412650771 0.8587751631980556 
0.4338149702392716 0.8777914557920999 
0.35282962685395236 0.8546101308699751 
0.4334579157044427 0.8703022649735347 
0.43153063756470733 0.79907481259013 
0.5355940846889693 0.4068489832985516 
0.4940885984682984 0.35091575529431784 
0.4896033104327518 0.3876039909048692 
0.5602229865994415 0.36994054091845957 
0.5025133667585617 0.37747729133389923 
0.5581855169509109 0.38389609100855837 
0.4928756806204307 0.4229530021634085 
0.5543280238394547 0.3812315721117603 
0.5134243490367791 0.4061973432999433 
0.5377082066641609 0.3836577494004036 
0.3534973098683281 0.4174947749066044 
0.40497908942187266 0.44807100493694196 
0.34479662644574943 0.41434578595820276 
0.37101264454291594 0.4115118859928635 
0.3493993278193445 0.45052498450742173 
0.3759066757857563 0.45106298987154597 
0.40273316049546953 0.38956997490185485 
0.43026201456438107 0.4520940876498657 
0.3913031018054836 0.40118488024348464 
0.3938547250308136 0.42064551641708336 
0.25509393110511025 0.7525198110980343 
0.29653025315392334 0.7301887157866706 
0.3035992207890096 0.7552914534702269 
0.29211387956303336 0.7611505322589159 
0.260835950415961 0.7645349893750584 
0.2576802456893021 0.7588576011838757 
0.2448703305896132 0.7050546714086874 
0.30027226084389635 0.7393768050449173 
0.2874647734366617 0.6818327736559395 
0.3074374187870351 0.72381187384015 
0.056027084537123496 0.320055872069445 
0.0259146227974257 0.2995473892970663 
0.0650638085993639 0.3406711438309576 
0.06480215202547776 0.30600424935732046 
0.030249671586760472 0.314527991415221 
0.07143895101222311 0.32124556293308865 
0.11088396934627849 0.30594211535919474 
0.0969371542945326 0.3624083068793806 
0.09501597575309302 0.3272642086055819 
0.05488405296409241 0.3799912485464986 
0.8249586213424213 0.7578346403254931 
0.7443347894086153 0.7603482362296146 
0.8422884886857253 0.6916353260980722 
0.7745910105531659 0.7360673916447951 
0.7941933415221804 0.6899285511578642 
0.8334014954727472 0.6971950321668472 
0.7689285114046259 0.6860081153589792 
0.83880332970382 0.7079784923734106 
0.7818769946596992 0.6861369712851538 
0.8318193016002353 0.7470576203630159 
0.6482688363656517 0.5167332726359358 
0.684666525843225 0.5420888919453486 
0.7094241886706159 0.5224907654054843 
0.6499710848357185 0.5875557478618053 
0.7119414593680727 0.5264944668740066 
0.7168122313286391 0.5513507070263771 
0.699961508585173 0.5811631189522891 
0.6593405779953351 0.5272300606969588 
0.6265925795939935 0.5312486339249524 
0.6441722641218268 0.6105125997999795 
0.0216796242737494 0.42175546301424294 
0.04385135524482975 0.42718821760252523 
0.05435220457146148 0.47156922904313775 
0.01 0.4725968538469443 
0.0340305096223773 0.42161840709252574 
0.07248144699408915 0.42594096755959515 
0.06042144529586144 0.4999916914043884 
0.0371971432631847 0.5069644022662431 
0.01752175678722462 0.5093846632177889 
0.021196706114987716 0.44027737910722914 
0.15687102586581603 0.3375677944632096 
0.19351269312203545 0.2556718631942806 
0.17030406411094104 0.2524630372460023 
0.2161889617527481 0.2522040683418336 
0.16346413015871683 0.29142733403793963 
0.18010701331261264 0.33070966791696876 
0.15314634698667326 0.30771114266656535 
0.15620710476335595 0.3021354130054548 
0.1603532193738278 0.3163528225186879 
0.20512675715596662 0.34366532475430317 
0.6915698587274062 0.6856687532583351 
0.7041910875102733 0.657519789786907 
0.7095485049664199 0.6327376228687184 
0.6155058979400296 0.6379850440232476 
0.6506070042065465 0.6486936918484821 
0.7079170375011893 0.658153951736489 
0.7098981707627894 0.6435795039124284 
0.6449727531956444 0.6557748742305902 
0.6221414326206727 0.6028765732933596 
0.648849989495571 0.6236564741977572 
0.6983554645456778 0.99 
0.755215631923249 0.931779924590818 
0.7129699589830271 0.9214744961569608 
0.7431967738465014 0.968886620473208 
0.7695915488130599 0.9106272782296063 
0.7733847290406987 0.9633669414147707 
0.7713054278091622 0.9871825168667758 
0.6921099407880326 0.9455399773687735 
0.7748695976968545 0.99 
0.683919016347483 0.9788319800669755 
0.20555171856014232 0.8715348767248856 
0.13025506261071526 0.892806364622892 
0.1572563403268823 0.8361767729058277 
0.13274435834809134 0.8880796290559343 
0.15941883403413842 0.8313018761445702 
0.17073046919293489 0.8314460422056319 
0.1602116919121851 0.8725301665066129 
0.18792083182216943 0.9068466505780732 
0.12804063029961696 0.8667483298158255 
0.18353497967033738 0.8506046022803861 
0.16519107602486802 0.01 
0.11127943990290798 0.01 
0.13583672905331595 0.01 
0.11082987193559377 0.01 
0.17292386391328207 0.01 
0.11259738325072646 0.07203619682824285 
0.1903362994402399 0.06849007239837528 
0.17222627536006313 0.01 
0.18451586396908407 0.06211386659037266 
0.2056493961303984 0.06072882412907632 
0.99 0.9565258410186643 
0.9653289011703615 0.9305837362297475 
0.99 0.9608606230494985 
0.9155947322256542 0.9846283866236079 
0.9791301461153197 0.9759677787066712 
0.99 0.9580625692419766 
0.9737443586483787 0.99 
0.99 0.9708701676628 
0.99 0.9771898789572668 
0.9179566936885467 0.9874476843429759 
0.8130410319408767 0.5414320640565407 
0.7718331713794565 0.4883447003726157 
0.7935279164804591 0.4876437571033858 
0.8154572021886962 0.5405640666259801 
0.7717182930663176 0.4877754494853017 
0.8491315885019973 0.5244152071737853 
0.8162398850067715 0.5019710137513512 
0.7720891230966199 0.5346379992676652 
0.8126580918013484 0.5108362229056088 
0.8246742145874747 0.5512865779434974 
0.49178008274469576 0.1371689539620883 
0.42652567022471816 0.17234272097956338 
0.42286024282858753 0.11163923280304412 
0.5079576881002976 0.11970337397303199 
0.4626396296009331 0.15974508582474303 
0.4659354825471586 0.10448553908305769 
0.48680618116133956 0.11187711850044105 
0.4991503926775675 0.10978888212660884 
0.48783105768877366 0.1458402189184198 
0.4951900516626218 0.15582125863067864 
0.8960829338057035 0.09002995799458158 
0.8691205188314924 0.01502099084374043 
0.8565095741659667 0.019740323252738577 
0.9199756453579206 0.07202082494793507 
0.844852987462864 0.090858249275921 
0.8516469012219144 0.025198252398783913 
0.8916457052000322 0.09006980256475555 
0.8564184594868037 0.08057255890538398 
0.8777559973002769 0.07599102417170261 
0.8895405825451154 0.05791307748867186 
0.99 0.6980089050643732 
0.9723548705672403 0.7053044362801288 
0.99 0.7424882807028019 
0.9537534906753649 0.7305206670735725 
0.99 0.7506188646592641 
0.9383617787600386 0.699157969102544 
0.99 0.7213674086749007 
0.9619068649280569 0.7529459290863755 
0.9631738951837159 0.6926494103998839 
0.99 0.6991910073964438 
0.5733336933213302 0.26197636320807 
0.6177092780042202 0.23819738532395632 
0.5521214747374508 0.3118308168834935 
0.6202348304310777 0.2569579931777001 
0.6174976376328782 0.31552708987197997 
0.5982227523905451 0.32281216110427324 
0.6161638585998009 0.2797584677282046 
0.6355184191163981 0.3210118932920564 
0.5994369999876459 0.24643015843642832 
0.5530188624777727 0.3000997002185847 
0.8085538305719762 0.01 
0.8533475438230035 0.04034793710597755 
0.8068274568330224 0.05591957391945898 
0.8291481994561367 0.01 
0.7745087911801167 0.06837602681826584 
0.8431084522796528 0.0526729756541813 
0.8397177210890353 0.01 
0.7824708036589512 0.03769300121549771 
0.7893550804416957 0.03616820369639247 
0.8490301152967096 0.029031912330716815 
0.024442095055043543 0.6879772837455338 
0.01 0.6252217314155555 
0.0483332898859735 0.6205904655407968 
0.012426830544303921 0.6379479544867966 
0.036445561423058034 0.6177424953557955 
0.07029429199689421 0.6285303803336703 
0.02771307324716249 0.6851727409262522 
0.011201851972489806 0.677970412276554 
0.01 0.6153018601566255 
0.01 0.6359794995282075 
0.5984726854161347 0.8288392122222227 
0.631089068460307 0.7890577872587518 
0.6726808013258325 0.8063924520565848 
0.6458430069584755 0.8494480191403926 
0.6881245516775139 0.8530130030569105 
0.6707580470826435 0.7822499560683608 
0.6109375030331132 0.7961672815743008 
0.687706418548678 0.8389631531631199 
0.6428068228081496 0.8227386157702351 
0.6138012454341786 0.8393976049363067 
0.05558775677236006 0.11631169872400537 
0.09775086824649608 0.13917402432513543 
0.1132415088649078 0.1345827380670677 
0.10231832363118988 0.12653423899273647 
0.04049958121116387 0.18000794572793982 
0.08768036113063593 0.1781277116394571 
0.06725252794218091 0.15412674029425333 
0.11723642166514768 0.15162120361528147 
0.09196893819994054 0.11196271088460824 
0.08061726671905513 0.1389700477149505 
0.2633784300680627 0.8287880747655432 
0.25685984512099436 0.8286542099993768 
0.21259023796182042 0.8772020095337394 
0.20450351229252473 0.7804954391287794 
0.28247166087081377 0.8708047926293279 
0.19903619634467287 0.8689424520485363 
0.23137484820187437 0.799633620802171 
0.23702608445184564 0.8022437986569924 
0.2090354674495085 0.8202718279701995 
0.21790334513938953 0.855289293100312 
0.29496560975426894 0.3876135914511358 
0.2553105334763167 0.37819253986994716 
0.24394026857771417 0.45121319338918053 
0.2429066563370237 0.43837587767297664 
0.26176585435400684 0.4027379250860503 
0.2450728984072931 0.46936787809305514 
0.31875859033516873 0.3846322600554024 
0.2813956419476857 0.43675822086834426 
0.3204319619524392 0.4557224218964028 
0.2606870450914859 0.4010566312663723 
0.08522501488299813 0.7381298931848785 
0.03953497895763155 0.7795013375698991 
0.01 0.8112954145563391 
0.01 0.8260128525854461 
0.06892633935787575 0.8093697159443327 
0.07126518646177879 0.8269241387015451 
0.08382276801713905 0.8081939755753659 
0.03746721098216649 0.805130548544366 
0.04550592916430176 0.8058185442578297 
0.05656651518678847 0.8153057809267887 
0.08553701115090123 0.9293727206784841 
0.11153458254733138 0.8808533226080644 
0.1260659777460313 0.9712878798091303 
0.11860043040937604 0.9063069680633081 
0.12786888673045815 0.9007566512477821 
0.13719327479387902 0.885543931852228 
0.0628183826540388 0.8735129080099987 
0.13543694370017073 0.9567155395062482 
0.07716670818321807 0.8816194003091294 
0.11438516838643667 0.8936031928750847 
0.43493723355027 0.5998006770182743 
0.47704667734122164 0.5346635861273921 
0.44124669200760536 0.5714132672944945 
0.43864245967096843 0.5466894364228235 
0.4790163004821911 0.5671601352819556 
0.4161083149857505 0.5907711551672565 
0.4003222410800862 0.589947173567491 
0.41972765791461 0.6299465101591116 
0.4685901894151161 0.5325263099555907 
0.4811884644158916 0.5362211475773906 
0.740813162458997 0.01 
0.7568336724472691 0.01 
0.6939142242438625 0.034963429555185166 
0.743870224377018 0.01 
0.6998940796875627 0.03322477871355907 
0.7425256349517542 0.0312379315807952 
0.7133621012850075 0.027117541493109534 
0.7681014074901453 0.01 
0.745430648278479 0.01 
0.7549821502453592 0.01 
0.27459315309761007 0.939402281714969 
0.31931403771960576 0.99 
0.29395693903143616 0.99 
0.277118141475298 0.99 
0.3586513670814099 0.9275378022545548 
0.27497385185379636 0.9727602228277711 
0.2891256549225418 0.9392432203824228 
0.2858221022150718 0.9345564150108097 
0.3348539502851443 0.9851211053913934 
0.3189999498682118 0.99 
0.6816085628132214 0.45013634727875157 
0.708695463369578 0.46272105141111014 
0.6642678876008778 0.45304303128073387 
0.7256674021208823 0.44304313185868216 
0.7106976550733838 0.4270904213054477 
0.6575594040692525 0.49406695129276046 
0.7417058069848118 0.44822244934273625 
0.7376831719274912 0.44629772344810564 
0.6896249074074237 0.463440341921856 
0.6649576658322547 0.4893433197525553 
0.2511416520127368 0.99 
0.25023887334378303 0.9636011021217791 
0.2034922713412914 0.99 
0.2384058110519604 0.9271414196995432 
0.23003544398351927 0.9606644631648383 
0.2403075199363921 0.9181994392326052 
0.2542983628630612 0.99 
0.2649878626674024 0.9866380457270919 
0.20582507312079812 0.9538813494782499 
0.2259452278049356 0.99 
0.7400256547713608 0.2581103690452053 
0.6945616390825978 0.2818728517516119 
0.7485752410994116 0.25776929023339723 
0.6997814962232513 0.284215066155749 
0.6866355939310145 0.24804106874074636 
0.7365913369435562 0.2831112913476541 
0.7350268288401728 0.2915446028895778 
0.7673507980784474 0.29549473330864084 
0.7269706201335433 0.23131319624686547 
0.7270840074885097 0.24488000982062866 
0.8136986477638619 0.6408632142501217 
0.8467440331496896 0.6232157742400288 
0.859459810409346 0.6568410445112204 
0.7749917441779809 0.6031171379412996 
0.8534056896214026 0.5787614543126401 
0.8398808794627544 0.6624423771396056 
0.8249425061850876 0.635673235048142 
0.8599649155313902 0.632847097214084 
0.8009442817981205 0.6207092981624829 
0.7815339195784758 0.5813634677494579 
0.2514715878635667 0.6163753923755791 
0.2577788273844121 0.6114791459007836 
0.2691896899645119 0.589435472208885 
0.2653779468455542 0.576835168298951 
0.2643554274458631 0.6478491869212193 
0.2335696949663574 0.6474907033842282 
0.23378835507622509 0.5654793900740486 
0.21851560114298751 0.5591030650278485 
0.18539055158026796 0.6219555515825241 
0.24398950160956395 0.611654017620936 
0.23787971284544726 0.6337252314377444 
0.29037936340124415 0.6126127133799917 
0.22336627678305476 0.6860384502687187 
0.26363828202435813 0.6523971477330602 
0.2703886925374494 0.7052128427683667 
0.23309073194820745 0.6216161789547342 
0.28947715384584966 0.6339002411648154 
0.224362288317069 0.7058133425714782 
0.26909416622823784 0.6186531201443172 
0.2689383928253519 0.6969054629657166 
0.5100290327079251 0.8142367334649503 
0.508153072061513 0.8639925478884357 
0.46888925440183726 0.7861322306665046 
0.5356043819696735 0.8706079306296928 
0.5240137101655558 0.8128772857797508 
0.47476047752424944 0.8832813049938261 
0.5340245732701518 0.8740032835629815 
0.48838356637877595 0.785008561265443 
0.46285697892389643 0.8484324937647467 
0.5213743112141918 0.7923839666350876 
0.7638698084003483 0.3079449682104269 
0.740949506010737 0.3183123997509472 
0.8210811850231471 0.3265695449917456 
0.8171957261506871 0.30522942694151317 
0.7760349918152303 0.3300735235139101 
0.7942388709715772 0.30082440997061943 
0.7686516963548609 0.36310276019754606 
0.8197606302047961 0.294215878015932 
0.7675484667583419 0.337307994670452 
0.7316497651423912 0.2959840549816119 
0.3483298052661073 0.7390122093439742 
0.40418134835307157 0.6759191140127127 
0.42484071825187586 0.7372347526614211 
0.36552693568885625 0.7174093959855212 
0.39411227032307317 0.6933597003113061 
0.4189002916083282 0.6804906640351425 
0.42085306155645485 0.6910626529671797 
0.36617379379912374 0.6946121731774383 
0.3786218847253122 0.6730625139758958 
0.3667378436479295 0.7232543688005868 
0.8690971750740529 0.8090648144235243 
0.8177369043398259 0.8101335497744866 
0.8685762895924104 0.8917490724717125 
0.8052637074718293 0.882995365176853 
0.862214592207764 0.846116527869122 
0.817525808461569 0.8577991781646298 
0.8611673786305731 0.8310018794622211 
0.8521087020718656 0.8116041937214673 
0.8081141056430791 0.794824346661119 
0.811026020090305 0.8535944849942572 
0.8888989726380203 0.7319480943093667 
0.891105879167949 0.6836317883832002 
0.8857361905163637 0.7560716440138022 
0.9142881269697927 0.6946438954217977 
0.8757242912027742 0.7131888694490456 
0.8383192605474776 0.764269606321708 
0.8367716088713688 0.6781210619014092 
0.8927388105358054 0.6860337161277053 
0.9062797653953092 0.7281860772375733 
0.9082526125685475 0.6992697971723912 
0.6755967350633125 0.06306970673653776 
0.6023086732523405 0.07445190256182338 
0.670553670574606 0.060765527077480105 
0.5870783412489449 0.04931042157949428 
0.5987630484223645 0.018649825577087165 
0.6702248687778514 0.06477829315063448 
0.5846008358870757 0.0686949026445859 
0.6503845876601997 0.06285417701048383 
0.6295682183468609 0.0584186003591011 
0.584278521265535 0.01 
0.6212490000215143 0.9762689698116856 
0.6236347479328785 0.9516191610037696 
0.6584268214110054 0.9687987835543265 
0.6602841004005029 0.9842314616671631 
0.6781557171616546 0.9711276344180938 
0.7165554826870393 0.9770866946762935 
0.7109050496270337 0.99 
0.7103897002308842 0.9664540732049184 
0.6356435956356836 0.99 
0.6594809167539712 0.99 
0.26313000099010075 0.45777982840429415 
0.3389335079812848 0.526954270727726 
0.3543125223570738 0.5084700842551247 
0.29707134222676457 0.5227013619657199 
0.31854284696292123 0.49717951836865293 
0.2848334055829962 0.47516172077556124 
0.32061718281620033 0.4867459028484044 
0.32806009561745575 0.5246137707377275 
0.2770173433540956 0.4834372710892568 
0.28910076477739527 0.490835963638495 
0.09137155792239525 0.5357507472861972 
0.10805834360711483 0.5490449549134818 
0.10909928715255303 0.5655734824468734 
0.10866285639422009 0.5795525819710806 
0.1573094727987498 0.5320289711275725 
0.14516089133827717 0.6014435238797204 
0.17838119614930176 0.6071373680835708 
0.09654660958696792 0.6046684821235859 
0.12023738746189985 0.5272087335603947 
0.1139692366428641 0.5794801227829247 
0.48387847956754776 0.503877785805297 
0.47104996132372234 0.46248674999686945 
0.49358919235520693 0.5334250367848292 
0.4414806529752145 0.5553988530186392 
0.5129801127369022 0.4623472910900521 
0.4642716977856707 0.5427004673755274 
0.4648599210647517 0.4942604236328244 
0.43939244683457745 0.46614068577712386 
0.5203867701877947 0.5165380167974629 
0.4843764859530998 0.46726195952004007 
0.9468737515416934 0.1658971374125342 
0.981940691883835 0.15846323265697246 
0.9218896365313761 0.16026927673244848 
0.9865692390573993 0.15832564036925142 
0.9619767337727304 0.1538621379724621 
0.955248409502978 0.12856177264963 
0.99 0.20102199747936278 
0.9048418030354337 0.16425485371316811 
0.9888408121254407 0.12224477325745364 
0.9680204282804552 0.15350649154405765 
0.2811626825123705 0.14006231041622055 
0.27605766692878675 0.18636281342754873 
0.3059794082473988 0.10195000976848392 
0.2867832045057552 0.16558974182770525 
0.2900240345532202 0.10825589544850381 
0.3043680301945379 0.11603121849333096 
0.35690600798427485 0.15199171224752855 
0.36282817992623584 0.15253642234723702 
0.36847027672443605 0.15927152885921791 
0.32607412117684387 0.10022273265776309 
0.4256138557354375 0.18830276012991518 
0.4332962670248179 0.2434414263507043 
0.36040375141968267 0.21152915742554343 
0.3416357824162609 0.2074421339720515 
0.4058931006343356 0.23118836025027636 
0.3888693100147442 0.21045635827012626 
0.34891794424294914 0.24000042694012555 
0.40151193143645014 0.2003925346144687 
0.3678259436136885 0.1957135656522691 
0.3778075745927455 0.21929804223240573 
0.5038872114253559 0.4707340247932595 
0.46235796529040446 0.481537957640806 
0.4845488063874055 0.44915998057591 
0.4633847525896379 0.4819775308868648 
0.4793820469421746 0.4090646665664358 
0.4202436730953762 0.4608379974351535 
0.4926645235143142 0.41849284486066135 
0.49831463124555975 0.4332268895432475 
0.47483000399245895 0.4483557478114158 
0.4173097403769668 0.48366072076704003 
0.09490814541502332 0.012154006708433095 
0.12832810838397177 0.017472607740775123 
0.06542561761110537 0.033631465802795725 
0.12657533354190054 0.07558781320549034 
0.09335060348528143 0.04034170014923992 
0.09154792470037937 0.020870223538710618 
0.09357045236365286 0.016916443674367322 
0.1281209645935692 0.011501417261409796 
0.050794448685652 0.030256057485246526 
0.07412180870670676 0.01 
0.9168600792959724 0.2658868044965808 
0.9393652576278961 0.32877711031729695 
0.9826054529621904 0.2754157821953149 
0.99 0.28893265446637767 
0.9057042672632417 0.3268676525572563 
0.99 0.2761557478135013 
0.9505785377841455 0.2849051318076867 
0.99 0.2940089809840882 
0.9184271494998872 0.2966480754914712 
0.99 0.31507008687148547 
0.3301608900183942 0.7546837072138209 
0.36781223379156147 0.7811406598220508 
0.29388652739166155 0.8144632329245485 
0.3384831930666215 0.7891434157258725 
0.3251683886773163 0.8120704415427832 
0.37672810700788073 0.8234040894396729 
0.3291041291406746 0.7856349416204331 
0.2937200994296324 0.8040866203334383 
0.3206827673005026 0.7976044057255314 
0.3191784821018279 0.8145825190618077 
0.9623259778979714 0.6537105830778427 
0.9634641239977686 0.6500038176209731 
0.9593923059758621 0.595190759189651 
0.9062114228434299 0.6474999352926827 
0.8962181492241506 0.6379659631948539 
0.9480216770601809 0.6176858855797164 
0.9442859799978781 0.5852086946298891 
0.8793534145068057 0.5809873609317191 
0.9541169144836833 0.6133306767827081 
0.9611909848934221 0.5965637062715339 
0.8823043341000997 0.3705721093417351 
0.963883099606273 0.3787217637638169 
0.8796581762470235 0.37463084819090353 
0.9520739806415552 0.4499149803421078 
0.8749449289503526 0.4070037842538628 
0.9706491268563628 0.41583869694588765 
0.9598249826771545 0.3979589193370075 
0.9262148342876604 0.4115720051240323 
0.9030689036771293 0.4035944842025242 
0.8713650263285413 0.46722576052369225 
0.08535536736788082 0.13579282442046808 
0.10386304716390024 0.19127023482318345 
0.10595820912023765 0.20892746145144336 
0.14308112547650603 0.19558071419013562 
0.17340840433675678 0.14875019727860617 
0.10419778935283318 0.13666046658731018 
0.09352146827525917 0.14207128891732196 
0.15912311976232374 0.1737407578319355 
0.136803829513567 0.17100792488492605 
0.16179976823267608 0.21870758275426422 
0.8744771762004 0.8168187738985961 
0.959224607754614 0.8622758020984943 
0.8777547809593385 0.8040266561189655 
0.9332514810533573 0.8046190545125733 
0.9565677819001707 0.856265255783325 
0.8922841723555056 0.7943414182548424 
0.8702132136851862 0.8697086759853342 
0.936730760942271 0.8543969531062479 
0.8797762742486245 0.8399808625737143 
0.9187238981977816 0.7787637556390866 
0.5155261666512482 0.9288167829224399 
0.4612914048230501 0.9449939611547719 
0.5113485345113655 0.9464758127431804 
0.4534030297031729 0.9257821521305157 
0.4791770578142706 0.8726129945636704 
0.45217553136813116 0.8698093712147674 
0.5072309747906723 0.9377506412270263 
0.4647712763327093 0.9386136400168795 
0.5026512857313246 0.896491856888448 
0.4670181849229628 0.9202433387387138 
0.5352120409743402 0.1726702656122742 
0.5558296052440562 0.20785948229662746 
0.4884709499036565 0.214829535351404 
0.49243598412320083 0.15201118759901563 
0.5527608068051815 0.23275629164659611 
0.46688001831407616 0.19235184132894342 
0.4880153838955857 0.19210814159021133 
0.5251989386233449 0.14745247506375692 
0.4684965618652303 0.2392874665379222 
0.5489706906868274 0.2056359673191447 
0.3991008023923332 0.99 
0.4394420154419069 0.99 
0.3728667652983118 0.9678909057285345 
0.44219020828015315 0.99 
0.4359712006187058 0.99 
0.4540536145158457 0.9808886375029912 
0.41378193524406304 0.99 
0.3606223961994086 0.9488938026585829 
0.42899931307445455 0.99 
0.4351983795694998 0.9535298202051748 
0.5635188681113653 0.6500101486346982 
0.5775506722987349 0.6547344511476226 
0.6239462913322018 0.732760826480436 
0.558212069774269 0.6829922459353067 
0.5674244027508988 0.6946580270291376 
0.5852325807331717 0.7253190578996018 
0.6195052940438192 0.7354559164127904 
0.5411259554714704 0.7102713882604338 
0.6024802944961368 0.6739411890842233 
0.5872533754599811 0.7038372696877229 
0.3852101980882257 0.08756473593905767 
0.3956457049894889 0.08851718691814117 
0.42939896336997835 0.0619181174182085 
0.4216424748987484 0.028709275759157715 
0.4376247831122393 0.08152182719522037 
0.4337044679740631 0.032913490017485676 
0.4406028386098541 0.05736014552889147 
0.38566820881541547 0.09058509372492253 
0.45982488534579 0.1206259648078655 
0.43257077839066815 0.055306853135187704 
0.9006972497036017 0.31872902884466475 
0.9187092200374163 0.2566613353739859 
0.830107482541472 0.2958583733279465 
0.9228964652537242 0.3327826111064546 
0.8446899195879992 0.29321464474197895 
0.9279714114142306 0.33125120127766317 
0.8775383034323232 0.30696016174114926 
0.9161652960457387 0.32902812875536686 
0.922647288133682 0.2360635964611123 
0.8686198673592355 0.2851217234638197 
0.5807541595970572 0.3382646008685649 
0.5274985325975853 0.35149549684866327 
0.5009343715447622 0.365184292200034 
0.5309119404966753 0.300028701238214 
0.5531874629964378 0.3706008165402981 
0.5585178041195255 0.38174450430600615 
0.5512324367415299 0.32681569205535504 
0.5540757158751806 0.32463209023340484 
0.5175242957759363 0.34569529019428796 
0.5349622734425304 0.31270035271370694 
0.9572871518359949 0.3639310906659951 
0.9650340631559708 0.3437233201085349 
0.9462114396699856 0.3541782863407877 
0.99 0.3679834222375545 
0.99 0.401334771401152 
0.9426303199653029 0.41025694464829576 
0.99 0.3574799928541396 
0.9500618516947043 0.4068510433427053 
0.9793328517504074 0.34760331783835474 
0.9811797394082502 0.39724535912304304 
0.9004186966553004 0.9367931044486716 
0.850534569014284 0.8519575997445102 
0.9376237311175513 0.8599540662388587 
0.9415574252856223 0.8646740130533621 
0.9008995294849009 0.9190758475376153 
0.9282817269406307 0.8889097048460142 
0.9324138220386152 0.9291780803641541 
0.8676359996763231 0.8955868637831024 
0.9299351409822484 0.9096335708500873 
0.8854777609838085 0.8707660181657003 
0.48308208421591325 0.3382360935142319 
0.46030101576624816 0.4105446360996386 
0.40514846782100533 0.3730801659068801 
0.3881640171458384 0.39601332897443536 
0.44868433123309803 0.3548083691268961 
0.43389883449532446 0.3473683051640014 
0.4001258400323092 0.3567969362398056 
0.4273286055221258 0.34803310829691025 
0.4080315709693826 0.3356581516845352 
0.47018020030671354 0.37901761537624035 
0.5534107172252412 0.6007710535426977 
0.5473362113111825 0.5593029845114059 
0.5177710880875912 0.6274821290763903 
0.5496163116988816 0.6339896336676185 
0.5544922826790358 0.6010548737942326 
0.5524604106264246 0.5488648920856347 
0.6076747305737152 0.551471097580368 
0.5319279011815434 0.6106723400818395 
0.5177542654012198 0.5612868460493134 
0.5864927557622194 0.5959180839195747 
0.40642168367599746 0.7082956593214813 
0.3853725080326271 0.7674238649440976 
0.4284226822235443 0.7852016240343044 
0.37435035355855123 0.7048718543754402 
0.35291710943333543 0.7351363798126259 
0.42044325281588 0.7431837320802426 
0.35132145151474925 0.7467579707415611 
0.36788522270433055 0.8034104871398633 
0.3739092127892474 0.7664187441344079 
0.41404274658052065 0.7182419711600772 
0.023986763725393566 0.8343178592095649 
0.01 0.7855189146721748 
0.011641365829472672 0.8124406009587066 
0.027640302641746342 0.8335217124094672 
0.06233338031773322 0.7906388260741259 
0.05658304961709812 0.8169990736230595 
0.06111705783831349 0.7940351218549074 
0.01 0.8296269198989703 
0.049716658377029946 0.8681470239325547 
0.010414019636615104 0.8705239313463737 
0.14706011561009552 0.29076464503773763 
0.11449954926366518 0.23870374005540945 
0.1143668028084536 0.3114031957259925 
0.11912535431377368 0.285637710301169 
0.14416010343124888 0.24361639938122587 
0.06074746495873967 0.27097461629570185 
0.12112587459482146 0.2818712796907644 
0.07483001574127658 0.25126766527919897 
0.1340409885325885 0.3219261367219316 
0.08198739255785621 0.3203639074200736 
0.7098579160052494 0.6665621759787512 
0.7070692402260429 0.635165924035471 
0.7728370222798692 0.6607879369425856 
0.7077200206379912 0.6772083304434711 
0.6930048844759891 0.6996963312163291 
0.7278008554345263 0.6621671246023062 
0.7695957354395822 0.6287220722332739 
0.7783159988163814 0.6134201167246004 
0.7197037613566735 0.6227326615737266 
0.7493421838570333 0.6377505062162964 
0.6622105059540795 0.3717051006248458 
0.6695892699530303 0.3284843508055315 
0.6601944453159938 0.3376140507897375 
0.6691172628705748 0.3232608975694409 
0.6542825870237895 0.35091910621757016 
0.7030529715799692 0.33483494502683225 
0.6250021004690993 0.3337618139719763 
0.698973038714767 0.350113705949231 
0.6550117651901176 0.3938309626285253 
0.6376879671547515 0.41162648804307117 
0.1978271923461889 0.23670403855999567 
0.21028431909496942 0.24933373106180878 
0.1679156336117317 0.2900992484331885 
0.24569854242837907 0.29764830737112896 
0.1775991157917407 0.22666257629292721 
0.2595242989127 0.2373434424013486 
0.19135283467489694 0.27262503844022334 
0.19911208831991534 0.2661541242338097 
0.20857161855542042 0.20881177117180433 
0.23392731531316113 0.2746630103353528 
0.6618218112541279 0.7190298922502356 
0.6207249243161204 0.7139125673975791 
0.6549642669192074 0.7882535497759501 
0.5758931355119915 0.7525744408933149 
0.6668466298446255 0.7662548598202195 
0.6040248277402538 0.7878002200939715 
0.6512702681041356 0.7500423789865941 
0.587068439444623 0.7160125514906135 
0.622695631366377 0.706241237022294 
0.656604218058681 0.6920840306825793 
0.09002656392278212 0.99 
0.05798938903959324 0.9390808635079838 
0.04911094093314271 0.95980200675522 
0.02463163059276774 0.99 
0.054040292783350284 0.9870661531528401 
0.08867357674869529 0.9716896366308839 
0.06925373762503004 0.99 
0.011240463677189727 0.979206491961265 
0.07046318080380787 0.99 
0.01 0.99 
0.7903068210807214 0.1277085886243657 
0.8720214428757402 0.1621237224451825 
0.8606288168402461 0.09434021759704034 
0.8460850534901294 0.10355387020896221 
0.8058374569440617 0.1530711447738075 
0.8716300135896422 0.15423889858755613 
0.8676883314837822 0.09243236649218854 
0.8176951892387512 0.1530037687855177 
0.8221983549198615 0.1721146630075575 
0.8120079004906081 0.11174414327403036 
0.8573422151601316 0.2620220380969537 
0.8596344667650336 0.2511178577258899 
0.7788414447626875 0.24400258267527547 
0.8542807456343045 0.1748654156226797 
0.8293181922044759 0.23762819470062904 
0.7757574880140453 0.19610211922231904 
0.7947764344182646 0.2248337559556284 
0.8053510106604259 0.2146900620457312 
0.7737508117224029 0.18734619712686698 
0.8135106188249773 0.18597232168609082 
0.37941932193745587 0.5517147490952369 
0.42740879092525363 0.5275772059765209 
0.3710920000033682 0.534658360943784 
0.38113292127030735 0.5493389170465371 
0.3378290821549087 0.5012695031072676 
0.35964768510499817 0.5424236318167311 
0.39597017536296164 0.4911779676386419 
0.4179064967619725 0.5323260676706323 
0.4259141511204114 0.5696567156965473 
0.4071728103523353 0.5068205488206072 
0.01367529983001907 0.10337362926991754 
0.01 0.14910441795718082 
0.024686765309037982 0.07699043892189944 
0.01 0.07228848125169154 
0.01 0.14569610157285354 
0.021924734728021512 0.10957935034074762 
0.01 0.16729572819749378 
0.04062191763091752 0.07820309288384131 
0.01 0.07382919420798109 
0.045403025042087555 0.07400479153060285 
0.7620355294559988 0.4429428718946241 
0.673164317672946 0.4045787998258153 
0.733651186199905 0.39153818416725833 
0.6735795432159409 0.43774637478906747 
0.7008629709293263 0.44222765036320005 
0.7496015200100039 0.3937502462679949 
0.7166557550721873 0.44683016113435753 
0.7184256881646388 0.42885068092270495 
0.7249250646856199 0.43567207262405794 
0.7115505588072149 0.3522859593184703 
0.7316608386214831 0.9224328661052167 
0.7976396908421779 0.8857767553538886 
0.7223027750964844 0.9064540123306026 
0.7962793524106279 0.9245692340960124 
0.787832776050708 0.8804357122295476 
0.7591135124685278 0.9451550514423396 
0.7492357223613586 0.8791144371029471 
0.7474104705904411 0.9242350098342546 
0.737583681569297 0.937094278978277 
0.8014122488555452 0.8629087459544865 
0.16364536789031747 0.4907168076253552 
0.1313613289780281 0.49813434632234427 
0.17620477813715063 0.4922290537451407 
0.14412679151971325 0.5429770708249834 
0.1436992552933917 0.46320454897943497 
0.18983616178985302 0.5076554045961774 
0.18313527775688507 0.4604234130860866 
0.19911018049351398 0.45783281628986505 
0.1678694076507424 0.5036602599019021 
0.18378779191877512 0.46735251175470327 
0.2661202154213861 0.44763003346243047 
0.3001917347353765 0.49357789734324176 
0.2403050638644811 0.4908931769097456 
0.2748401030491751 0.515640661758244 
0.24530488647341364 0.495153356971019 
0.2568894651930232 0.4642151532346953 
0.2510957976762455 0.482534415677279 
0.254316313396302 0.49633970848468667 
0.24291026465078241 0.5287552882876477 
0.28439130189036244 0.44157913676970495 
0.9235482597946779 0.5474519490929364 
0.9761735830275974 0.4812121942519161 
0.9713902491317921 0.558088522591168 
0.9528183624335589 0.5613764837563862 
0.9858352589883155 0.49598905506286445 
0.9644557831346284 0.5238866119718447 
0.9809270846055571 0.49002771280993596 
0.9821781618870781 0.4786688067739866 
0.99 0.49765051026742885 
0.9205960713418411 0.5005478180372012 
0.07050697478038244 0.3282189855089541 
0.01 0.26097320127207324 
0.07204627421264985 0.2803088478281901 
0.01 0.30136440161593414 
0.01 0.27274177912832703 
0.023610964945639704 0.3399375079651005 
0.01 0.262534247098162 
0.04074527375269847 0.2569768773805324 
0.04538022216965817 0.2925010781230821 
0.01 0.271990407727206 
0.6956024871369969 0.30376259358059143 
0.6987656980049879 0.28987912709735997 
0.6550948999138879 0.3100338054261435 
0.6047295017445551 0.3034367723554637 
0.6668953236511708 0.2915812510818985 
0.6756180089826873 0.29659476206929514 
0.6378738494589188 0.2601794979882034 
0.6711647206691382 0.3152327717403953 
0.6410651969232075 0.3212600824410172 
0.6769038029657017 0.2754983517520603 
0.27261928453325 0.5757250879202009 
0.25163911085983925 0.6366901372551917 
0.2543219876034136 0.5724763194937147 
0.24514543265407868 0.5497220466372575 
0.27626946239153083 0.6248134317179048 
0.3042563600739184 0.5604639294521488 
0.25853098457231494 0.5927865937119006 
0.23741567373288608 0.5468342968096361 
0.32248306760285034 0.5958066943962063 
0.2702906401524512 0.5726532637675523 
0.19985106097810995 0.7141747393912902 
0.19923252184410645 0.72041697867734 
0.14954921150485323 0.6576567268678486 
0.11950111960454864 0.6411309743341523 
0.1495497686374857 0.6703422167669979 
0.1582088893781604 0.6254900070858163 
0.11439467292214334 0.6386765716543669 
0.14641397526637623 0.6608314032225906 
0.17622333526445236 0.6328441745980278 
0.16276711389624657 0.6570048278324007 
0.7234990931081231 0.90360915663422 
0.7448831162047307 0.8975295505547835 
0.689680980820141 0.8428789889751959 
0.7217892983680739 0.8520468749776475 
0.7420422348882229 0.8158120881049464 
0.6885119091511311 0.8833964248940875 
0.700256159108605 0.8281950983966513 
0.6948648937409169 0.8999794928437361 
0.7412810695500535 0.8484678665209386 
0.72094146390018 0.8424452987380975 
0.15134258754689353 0.7549652274060139 
0.21533265417124497 0.7511378476282243 
0.13134606602984428 0.8142618839459288 
0.21819834182269793 0.7670234476438462 
0.21104263405735002 0.7745897010670385 
0.18173141949135704 0.7959640132723352 
0.14638628322063438 0.8256279140557274 
0.14050127317140793 0.8146053940814193 
0.16909462955850596 0.8241282597300315 
0.1572700087994135 0.758415399369172 
0.24857039174686363 0.01 
0.23715383819810626 0.01 
0.18305575801872315 0.014480099436830728 
0.1890366459149786 0.01 
0.20059443704810193 0.04791130922561368 
0.19323133519197047 0.06597270970030379 
0.24174678941206323 0.033281189579311365 
0.2500027494591009 0.02811968474005895 
0.26288445424820805 0.01 
0.2649895840772508 0.01 
0.6311593384897071 0.99 
0.5611375197410646 0.99 
0.5357643193463373 0.99 
0.6133246719778105 0.99 
0.6341184104810051 0.9646937480674493 
0.5366382783748523 0.9407502470311367 
0.6271652513953211 0.9447698520803287 
0.6045242832350103 0.99 
0.5936770639024012 0.9793534407155279 
0.6225659196733309 0.99 
0.8597695728221337 0.4095155135201609 
0.8614067897673501 0.40763312301050736 
0.8212323468289693 0.3468700118107474 
0.842786139916676 0.4114463686026113 
0.8940274957190545 0.3787580408547126 
0.8323218687997466 0.3432900337052923 
0.8938507041985367 0.3822036034719561 
0.9042331232708055 0.41189394167255133 
0.86846263626218 0.3691212018413466 
0.8230472396678905 0.43262380227667496 
0.15869972207276528 0.7477126996502425 
0.11878593177799654 0.7413548113040556 
0.08422035309628484 0.7986104446299267 
0.08966654007321936 0.7905577951044287 
0.14559315866853287 0.7486837512239678 
0.09786421484625038 0.7729959431038492 
0.10760030877774616 0.7864380575624145 
0.12681255181112422 0.7395145865056665 
0.09396828315683906 0.7202064183081056 
0.1501498384132151 0.7457798380663243 
0.9381749002944502 0.024835846897965107 
0.8769032761652489 0.07735287789315476 
0.9588810212611341 0.01 
0.9193303386646275 0.043157529116773743 
0.9616776860223355 0.01 
0.9498080604275811 0.024399406056396754 
0.9154286864921252 0.07942999653263177 
0.9636110782208163 0.01 
0.8935631732055216 0.05725632750860293 
0.969854117710107 0.04970423775710413 
