0.854218169721475 0.7961636655178878 
0.8515167078327656 0.7764991693296608 
0.8330510899360383 0.7699971340327265 
0.844327784696551 0.799487906354361 
0.873139091136488 0.7948022279474969 
0.834923459936456 0.7854664525986205 
0.8326033032457034 0.7909372460832383 
0.8702663386609699 0.7580878434600494 
0.8489106805008109 0.773371875857486 
0.8772217489138879 0.7673329852143503 
0.38038758403947753 0.3475395735580636 
0.3655264492285381 0.34142963547382593 
0.34321871346535104 0.3750921726355943 
0.36666479213884673 0.34627009904435047 
0.34026111367289436 0.35418997038732447 
0.353932883159564 0.3569008786044142 
0.3599262962046178 0.35133328947211667 
0.34941571321748366 0.34907894417810575 
0.3723916931649802 0.38357609197807974 
0.35962214908400025 0.3417805683245747 
0.23509043295776835 0.7752848740807808 
0.24465753028993245 0.7314168221250251 
0.22771183973675135 0.7639099992716802 
0.2549354175568761 0.7404052396226779 
0.22919925943794342 0.7407675460739014 
0.25772022332109834 0.7698948944052475 
0.22223422461840406 0.7594719852413271 
0.2302115249499922 0.7419136341507844 
0.26079194527783156 0.7792139281507079 
0.24822702229872867 0.7316736162637664 
0.6942830414629185 0.2997426948206627 
0.7125724881036549 0.31663198023963435 
0.7222511131175531 0.30789863881199186 
0.7047879342070414 0.33245167080838806 
0.7362297900201892 0.31919619103498437 
0.7415064524246254 0.30155374252306755 
0.7233592057754638 0.34119069898137094 
0.7264318917402021 0.2962461044439798 
0.7150359109912875 0.2945626639152782 
0.7379398343042646 0.2931154446580121 
0.05171714930364621 0.09107562147063063 
0.0897238888838463 0.08032605427287515 
0.0620390651624508 0.07910674526156235 
0.09472358450022116 0.08387567163885432 
0.09515976749604296 0.06329720643777659 
0.07563341087956509 0.09483336917325508 
0.07451054999549042 0.09997204741002111 
0.08232635217955672 0.08277229914042904 
0.08240894723685027 0.06171465261925754 
0.07294450730246856 0.10346239421757862 
0.6463004699489787 0.17952931721765533 
0.6914735052650244 0.20076795215506485 
0.6444292388543298 0.18078827618032758 
0.6564757278618366 0.17493671210995432 
0.6602976925235466 0.1920123717236859 
0.6634343760270135 0.19565586647972802 
0.6497475652890825 0.21364179134367406 
0.6622426396288678 0.19288040977046292 
0.6862082643676635 0.191915772232842 
0.6517622506289688 0.20157757325168466 
0.4906515276054039 0.6710095620219046 
0.5338683225307483 0.667173760494329 
0.518145140975848 0.6781410837928409 
0.5306912429011683 0.6394865819210711 
0.5123428809395835 0.6350817222512586 
0.5191109036463509 0.6747406769710583 
0.49295740546745376 0.6504561769389745 
0.5326282484751816 0.6703476379502117 
0.5016037939648983 0.6299747803676163 
0.5084372222801601 0.6525884112584082 
0.8925291883316917 0.5158012099004806 
0.8932255732772484 0.5045475488941004 
0.8959233849263759 0.5071335961844992 
0.8844243883851131 0.4722886172658841 
0.9100319389130322 0.47657600384156407 
0.9009573176089605 0.490517191331583 
0.9054482552369881 0.4770727726694201 
0.9250243901465866 0.5093131902988296 
0.8798690906950993 0.4935586186977138 
0.9023558778288171 0.49275481823094647 
0.5336764184180068 0.9085530898068117 
0.5243991085908691 0.8827025690791558 
0.5577139552860757 0.917299382382884 
0.5585462660452295 0.9017535103441503 
0.5482303122260817 0.8899347734189083 
0.525892581589184 0.9256264908422301 
0.5379697225024187 0.9221561406347161 
0.5495096538728443 0.9201213685776759 
0.5229632097912866 0.9058296246607745 
0.5527289157374502 0.9180492284003566 
0.09108996220723892 0.5087128090434628 
0.07138331435859402 0.5064018983571685 
0.10914779803375843 0.514043425478605 
0.08682930120760728 0.49771460665594486 
0.09111739145327644 0.4957545162726543 
0.11361480587892568 0.5189717099339699 
0.09995905293896153 0.5005653299017336 
0.10272493615003131 0.4942720835411121 
0.09033242259494743 0.522675036564354 
0.09600264193913544 0.5021574875794337 
0.8714626782598577 0.14058543820105257 
0.9021875348915429 0.1442037931157061 
0.9102386709671423 0.11930949415489424 
0.8694316843714098 0.10080664178891859 
0.8772315479219844 0.13271588279730895 
0.901141342455028 0.1455767582338554 
0.9163778538672012 0.11701442454359783 
0.8739896419942772 0.11464280792480178 
0.8820869046162065 0.11929262473588141 
0.9115853063544649 0.1261230201877544 
0.38717235015886114 0.15235800878615344 
0.3842459167044215 0.14591446485960535 
0.37177795143724507 0.14012123917667818 
0.3975692412085426 0.1268818159456399 
0.3808078259576775 0.13131361350366227 
0.40433661847824764 0.10548693972971858 
0.4041351649946861 0.11395980903661848 
0.3934716832677283 0.14270848346546577 
0.38319909653902956 0.1515072573630713 
0.3704890981157163 0.15511489679443935 
0.3099098869683518 0.9179831662810585 
0.3500792767839775 0.8794703753444991 
0.3035314074885507 0.9191061482806383 
0.3260033783947668 0.9105051764163602 
0.3389457698719496 0.9150820888912953 
0.3286612794757554 0.8992007153896547 
0.31781638383570054 0.8920877926134684 
0.33991831401561473 0.9199256526992645 
0.3274971091045763 0.895661445578471 
0.31475978154750445 0.9169358176898588 
0.21206267358456796 0.1833872732180097 
0.1948391620158623 0.20265097656509035 
0.21139425810641096 0.1873584706234463 
0.1984879992370116 0.2213949054415427 
0.1875070582614472 0.18446907650261807 
0.1861923092821634 0.18802196952474712 
0.19505743522712804 0.2214596966411713 
0.21072950350064426 0.21668128012083934 
0.22674277856071295 0.21199370435420686 
0.19978864083416054 0.2142948883563751 
0.10257541100932524 0.9878666274718256 
0.12168990146754995 0.99 
0.10636336679155436 0.9760124215638546 
0.11749292433527724 0.962547206652866 
0.1452841862141472 0.9892853145103834 
0.11447908045071406 0.9538499728720803 
0.11791820095099398 0.9875245565062338 
0.1193551976677173 0.9898484259232838 
0.12152260671946487 0.9635721356440144 
0.13696346206137872 0.99 
0.6860936079119917 0.7179588050615064 
0.7252966195342996 0.7148932869741137 
0.7234225751419109 0.7333689480084824 
0.7026141406948753 0.7237590380039827 
0.6985841282773229 0.6959778910279941 
0.7164634542291864 0.7165792324078282 
0.6908585350015644 0.7214773472674693 
0.6904525818356163 0.7338760743871262 
0.7236473701255852 0.6928573988361524 
0.7027576428800033 0.6858012987779515 
0.6310895859638366 0.6097566218627197 
0.6228391859000669 0.6322515021056007 
0.6214044825246298 0.5952151308722199 
0.6033017964308831 0.6113756074574724 
0.617157495888547 0.6339773749313845 
0.6124716835968109 0.6034921533477859 
0.6029183992020162 0.5927483858123552 
0.6086689569910724 0.6169614560084485 
0.6106254525968465 0.6023831485687287 
0.6218776659106376 0.6298985079022648 
0.05741987290205542 0.7068409850383613 
0.051877553586438294 0.7253416214593377 
0.08198755809487958 0.7334649139715437 
0.04747676297645885 0.7145540206328749 
0.0913753687792564 0.7328436867500971 
0.08178005913280473 0.7143579702702089 
0.07600220859380771 0.7280286089700121 
0.0834781826527462 0.6905303269422475 
0.06318649955941096 0.7111418115070575 
0.07443596459820265 0.7377753444357606 
0.31329412422127006 0.5512493561237293 
0.3248004268913665 0.5278549420981569 
0.30090622524035004 0.5355396559702309 
0.34616883992410274 0.5252448390363768 
0.3190408068097142 0.5517621539266515 
0.3159043600335028 0.5532702348283739 
0.31073446579858954 0.5259935804058953 
0.30862459936287023 0.5079091118178737 
0.3488554290258714 0.5478872547375576 
0.32572486463963785 0.5446156801713358 
0.5544823014993604 0.01829741785856917 
0.5489988256348847 0.044413018075639674 
0.5330357605862729 0.05513190923879619 
0.5458608537235317 0.05120227097294801 
0.5674586898792551 0.011435957586118439 
0.5750888923324647 0.019760314196587813 
0.5739127963667181 0.051914493191037005 
0.5721730697882927 0.020850017132300364 
0.544670569085624 0.02239881363300303 
0.5574803744961326 0.018555423369618067 
0.8940539296971208 0.9482179577670315 
0.9296914559069989 0.9451427490998758 
0.9122981946639848 0.977068132411971 
0.8862391673947776 0.9304602620898127 
0.8846920214345304 0.9306486584545112 
0.927058968778371 0.9358924723858176 
0.8981661123266831 0.9360677224877516 
0.9075407699568762 0.9405844772967497 
0.9154075616578543 0.933493231469369 
0.9224259133634475 0.9721594320081318 
0.5855293547512656 0.45351363781557497 
0.5385391803359291 0.43865856323314906 
0.5696362706170935 0.44767453719582984 
0.5550462608451099 0.46419479632873445 
0.5384191010409259 0.47294339145580017 
0.583545394034279 0.4694968950969625 
0.5692481423214089 0.44918134916764885 
0.5807202385487783 0.453091065043263 
0.5820114217109741 0.450862600048449 
0.5851513110611799 0.457127953575583 
0.6732601584599798 0.9237209830057451 
0.6696528838190925 0.9049770736943039 
0.6676935406963326 0.8871308996429982 
0.6803650076660008 0.9085171495754727 
0.6855844311190281 0.8864217762469345 
0.6607279805381808 0.9166890071247641 
0.6492806609253472 0.8920267262211958 
0.6698934432820831 0.904008111741852 
0.6765289856553354 0.9162640218975951 
0.64750676071001 0.8929240879393764 
0.8753155053046926 0.5638163826791268 
0.8624428328675279 0.5532078779363805 
0.8446458553133266 0.5529162612745222 
0.8827159343842398 0.5659676299307987 
0.8354974945309309 0.5577558634245666 
0.8835675982870799 0.5865835574003886 
0.8671011466926968 0.5942415698509723 
0.8653552661745185 0.5884915283148551 
0.8391607906831609 0.5599205484556677 
0.870508415236882 0.5834442003982305 
0.5263411104306305 0.23195989697506197 
0.5397558832664168 0.2319647776318658 
0.5596944663426978 0.2700163043296882 
0.5314269472554265 0.2688176308889274 
0.5162734318618128 0.2529841345907325 
0.5364589854266578 0.2414370008704498 
0.5621652788154204 0.27141458641583754 
0.5400470055603669 0.24677733563247695 
0.5588964862410346 0.2732340084771308 
0.5533345355102817 0.2380403440064593 
0.04403530635618214 0.2375802321998977 
0.014295858433830747 0.2059365288199297 
0.01064921907590207 0.22163248975830332 
0.010469879704338313 0.19898988523134886 
0.043285430312654215 0.23770612937104557 
0.04582596874500913 0.24167133208223585 
0.04074887952732026 0.2233805840101158 
0.01 0.24274503890160795 
0.012066183783575561 0.20108602288210276 
0.022993796140489242 0.21327555140031654 
0.7398624349497034 0.029032397424829486 
0.762715547871281 0.050410637974745334 
0.7482575159111948 0.03539577048090536 
0.7450249040539186 0.0520813012709852 
0.7702877400099332 0.06866452728023931 
0.7500532861727766 0.05331078195797877 
0.7552247993313175 0.05443409527145411 
0.733439353639572 0.0666429595585804 
0.7414808469778145 0.02884721233789009 
0.747053005111677 0.04914979707431815 
0.3196396556789099 0.0340721268976226 
0.28310330601338823 0.010268167783528837 
0.3187268816324568 0.011400130205843895 
0.3181417054121171 0.02640798978499851 
0.3167261303422442 0.01156743924444437 
0.3154078855195643 0.011214194629744649 
0.29869845947591106 0.01 
0.3088779837844067 0.03685957312616897 
0.3133321705821711 0.01 
0.27974923816308234 0.02933815602871477 
0.1061076505529656 0.33644040916517254 
0.13079300569986627 0.36698016785176996 
0.15060896645892125 0.35666388571139257 
0.14221318355742874 0.3541574877451907 
0.11275793557278482 0.3613015852748142 
0.14324128983812384 0.3803317928676379 
0.1386282245795899 0.37792904915837544 
0.13118643398011157 0.37987440169663333 
0.13194429400056504 0.3743940867860011 
0.1514213710210161 0.3491442301054932 
0.8168522835978066 0.270946800385585 
0.8135402545578789 0.30647568330523733 
0.8054462783779578 0.2889324909069221 
0.812076242795107 0.28738218382325825 
0.7855190248711021 0.31228105890325947 
0.8222527205477972 0.26948350452672126 
0.8275675496977316 0.28547502260129426 
0.8194668070269001 0.30555179165454766 
0.8183845390879388 0.3125189834577584 
0.797707745997725 0.28916475855334034 
0.3156021240045724 0.6485858922201377 
0.28995860631392867 0.6552716796065893 
0.29285962203097615 0.6708757822127843 
0.2903453981129209 0.6560509119118477 
0.31705722533814906 0.6616570504824847 
0.3034837536465227 0.657955959281939 
0.3049956999293373 0.6770353062025177 
0.31064067084343017 0.6552718571261605 
0.29755028809079886 0.6719217577574169 
0.30705639255362455 0.6609330403369844 
0.9887816989234555 0.2110778865652184 
0.9755299554957075 0.2531663759207827 
0.9510887604379169 0.2421996983296138 
0.9455919555068296 0.24520317887483145 
0.9444090843752764 0.21428486273098252 
0.9797827948853881 0.24871077765890737 
0.9594315179432914 0.23102258905563675 
0.9498830864389174 0.21610210029038518 
0.958165340780962 0.22705504510276048 
0.9551549691893316 0.2239925120724325 
0.0921123877140741 0.8429089397194485 
0.07398260737230129 0.8537078916128654 
0.08581053341359643 0.8646020786352774 
0.09136946732734434 0.8387797072897067 
0.09761088227750464 0.861121854092437 
0.09307957278414336 0.8507247707774152 
0.09370608237941985 0.8367411136280911 
0.07642149043897718 0.8542688321714619 
0.05261923760118424 0.8507686022793813 
0.053272421730437 0.8518700853961738 
0.4540357086626548 0.7437242213472053 
0.4331695984676678 0.7273943693186559 
0.46293198752037723 0.737032499346034 
0.4380348885835199 0.7338721336145745 
0.440881261789213 0.7576862575800039 
0.4633850167962086 0.7349429267527647 
0.4817886638130303 0.7466500750141576 
0.47626954937784993 0.7321999728938139 
0.4403798694216763 0.7570735643557094 
0.4481897417739725 0.7676254508401781 
0.9670971754008709 0.7802515310574123 
0.9590748548227138 0.7367172629761969 
0.9387416158756324 0.7647899452784347 
0.9549289849941255 0.7735185492112397 
0.9273833203738876 0.7349021625215745 
0.9631288698707916 0.7460684735546916 
0.9708619698013228 0.760874036497591 
0.9310067518551669 0.7490975117926648 
0.9604469478451232 0.732893690761079 
0.9416937652648905 0.7630234244846525 
0.28329566559244634 0.271021857899365 
0.3200755958963252 0.30541993038130083 
0.3129176437645593 0.28073935987700116 
0.2994619955868291 0.288932337990718 
0.31819952123273487 0.30729237119875147 
0.3122221726397813 0.28443832301208216 
0.3023481205254188 0.29424396009629283 
0.28632522626476287 0.2745717469668708 
0.3074321671540408 0.29606953645380524 
0.3046891441086629 0.29425197482019677 
0.20262893245069777 0.43396116231040077 
0.18934681680687296 0.45441744490563113 
0.2013545217353911 0.43697050312553515 
0.16689472097691793 0.4151433012014504 
0.20073079396428234 0.41453421989154293 
0.20589341690428858 0.4373440964942351 
0.20845558540750322 0.4223372065071938 
0.20924963463102322 0.4162875845197768 
0.18793298929141572 0.4163969011874145 
0.21388426557115633 0.43130887981457433 
0.78000228164488 0.43726607871061957 
0.8105297102133238 0.46477121293933404 
0.7683354737499425 0.4627683781765126 
0.7953261786418326 0.4411127966639002 
0.7958697278208986 0.4217868323524283 
0.8093457697665168 0.4623352172699094 
0.7986269783280097 0.4581821788585106 
0.787363064152067 0.4471561622910975 
0.7920993623655869 0.45418654229483657 
0.8034417496431925 0.4354609216295486 
0.4707163226119726 0.9589060908276209 
0.4912281400418435 0.9718669179667301 
0.5178549671936546 0.9761943474801106 
0.5023001470255058 0.9714517276810661 
0.4753492618813674 0.99 
0.5033963931226725 0.98320759309787 
0.47054107245787624 0.9757929815875956 
0.5180091763086418 0.99 
0.5081962214990464 0.9557242549099076 
0.4951833536251456 0.9530543811344698 
0.5765661821324725 0.8252368708756637 
0.6124527131955937 0.8174179071375409 
0.5880414765491782 0.8108115713002163 
0.576540102208871 0.8234777143787324 
0.5953459720805941 0.832700831964009 
0.6113417681109502 0.8140216931731898 
0.5753923099913202 0.8258368464889234 
0.5679943127292136 0.8324320400960019 
0.6121057927030141 0.8184401618661393 
0.6041775454878556 0.8166541024105356 
0.7519458508682744 0.5619903690140063 
0.7703476627282085 0.5638832962344464 
0.7645002893532248 0.5597330612299677 
0.7319745012923402 0.5829014787221891 
0.757833255209492 0.5455716928857307 
0.7548504353348656 0.5856487658011204 
0.7600943437428198 0.5775778692242955 
0.7621998744554821 0.5618054148622245 
0.7387655804668048 0.5847097953864329 
0.7464899268799716 0.5804745206237457 
0.08306909846184114 0.6097581681818198 
0.08965029977622323 0.6425961358517285 
0.08690988387340104 0.6166794972263565 
0.06891893528695602 0.6405287644974701 
0.07753828950437988 0.6289443213162156 
0.07711512339298567 0.6268604197135166 
0.10572559182425872 0.6154765299964887 
0.11616290328062148 0.6034746826740442 
0.102904297576702 0.6156323302325222 
0.11016120131995208 0.6476410809784636 
0.44388932822673327 0.49368553306793067 
0.4518376970917635 0.45746345640909125 
0.4225948940831484 0.5061974893295835 
0.423379963302764 0.45785935700261415 
0.4522979074841386 0.5019054433125303 
0.4588827849679419 0.48960049675131767 
0.42964879470401224 0.49959877720005363 
0.4505424247319346 0.47299275116969436 
0.43052701027552726 0.46153407772744404 
0.4240429956657038 0.4896250591107621 
0.9839964797227332 0.5671588098138277 
0.9708366012982549 0.5869603031294476 
0.9874248507863022 0.5782143809617522 
0.9812609126849285 0.5912173109746939 
0.99 0.5606655286102324 
0.9792245839269208 0.5484989338572954 
0.99 0.5500985012565884 
0.9871905700352192 0.5753105796083292 
0.9676521272181835 0.5869779826232628 
0.99 0.571761139543091 
0.26091969276385596 0.8885342882402434 
0.2227826300195051 0.8680564375522238 
0.237564044607816 0.8711183157614812 
0.22625471442502554 0.8796302410782202 
0.2314910254435435 0.9136949539460242 
0.2198628228812103 0.8951441965212076 
0.2579182700408101 0.8776276885605909 
0.23009654532634277 0.8842715467380681 
0.24663528619268282 0.866572056356939 
0.24733713801538082 0.9134351009734417 
0.9383411559696764 0.3851448383869802 
0.9511947533339898 0.3741146834066335 
0.9487802262140509 0.37359205619965796 
0.9514233344220898 0.3476965068439308 
0.9182794129813966 0.3544580223929374 
0.9534410443648205 0.38501903148269 
0.931289473622856 0.376363795452207 
0.9144679338195499 0.37012238234267897 
0.9291565390872635 0.3776082341573467 
0.9427946526239614 0.3441342710925526 
0.49319970351492604 0.289813411513363 
0.4872485943280741 0.3277094166917047 
0.458069682238679 0.32053671811787204 
0.4633500923566345 0.286656662434834 
0.46781884596911977 0.2865625109243727 
0.4917209473121086 0.32558923800689915 
0.45159234885598504 0.3241932608748305 
0.4599853670134582 0.2914745334964237 
0.49176571501353994 0.2947474550692368 
0.46099120182415515 0.3192359585364362 
0.5252393753245016 0.07976056852882835 
0.5206172193582217 0.0643951907621991 
0.48519541220451423 0.0628595695417683 
0.4973950783725954 0.06912013828784629 
0.487694892332627 0.08112722072821447 
0.5235986891890928 0.059553289208774354 
0.5291897726150704 0.07992865778876293 
0.4830454257225959 0.06545552774618346 
0.5184370505682209 0.10273766698996531 
0.4972255124015395 0.07741934403726494 
0.3140522214005783 0.8398640123745129 
0.29848436215084323 0.8290052377951723 
0.31982267372987844 0.8327942547799431 
0.3342223951649915 0.8391951043916049 
0.33572959286100584 0.8660900524366649 
0.325308612383595 0.8302527096948238 
0.33074450786955684 0.8383686412294866 
0.3105546681724395 0.8725738291365182 
0.28765913968503337 0.8449467760939329 
0.2900705908611897 0.84057360719718 
0.883947223947765 0.17432599760805664 
0.8966120209297654 0.18385424062015251 
0.8965847578300131 0.20464368775643527 
0.8624335787013458 0.20631219846376023 
0.864273439132997 0.17984772506051114 
0.8777236216899429 0.21267858628825087 
0.8667859454068364 0.21287999101239635 
0.8820530825541211 0.2023992775431679 
0.8838789441232896 0.1719481586892874 
0.8774055702535339 0.21040198380194428 
0.3609275982794139 0.32109755857792494 
0.37377718644062125 0.30974545066902615 
0.3880617859290571 0.3088706133332664 
0.3739223352578399 0.3086898197267713 
0.36444757940370187 0.2823193831147362 
0.392947149120602 0.2884604787400745 
0.4022871378362646 0.30969378530352853 
0.3906674183978191 0.32418103168951257 
0.35743516730951536 0.2811105904792033 
0.38457477751305147 0.289960781174976 
0.09689615704606501 0.25033960045369397 
0.10835646100460519 0.23475633159698533 
0.08308710643499401 0.23079230134798454 
0.08733426007128159 0.2109230411015659 
0.10282186689333805 0.22644512819016033 
0.08633460625223828 0.22659418756205402 
0.09032862723173239 0.24845997550083038 
0.070677673681334 0.23263608711278683 
0.09640171716855674 0.23450230890748153 
0.11078116569472425 0.2087951515480734 
0.7969720720398926 0.9699546107972027 
0.81262656959618 0.9640934102697232 
0.7932647331045838 0.9613854840940547 
0.8045195115838332 0.9565211808403848 
0.8040448729573244 0.9691567714082431 
0.8099923274077235 0.9602966769236002 
0.8104458877978234 0.99 
0.8218357186265661 0.9502472393977177 
0.7847840622890396 0.9871444992673211 
0.7924374753335232 0.9722362247763366 
0.8935437524195147 0.6684277683822502 
0.903053553593953 0.6767362480292364 
0.9379693322518156 0.6592044020933021 
0.9341127545986925 0.6556081931079061 
0.9250265280071585 0.6806376039963731 
0.9353123541132979 0.6865587390703792 
0.915029895696046 0.6685680620042602 
0.9419917450678639 0.6455431045846663 
0.9103435223553814 0.6693294337354804 
0.9379721988183239 0.6534046162350137 
0.4315061468338516 0.9231298630833317 
0.43806541498778834 0.9174380209320546 
0.4458713021139021 0.9252630078882617 
0.44885943898544517 0.9184123730623777 
0.4417385436628939 0.9105626123984725 
0.4435552058784831 0.8949177938197702 
0.45432112664410534 0.9061640569142225 
0.45699635515666176 0.9242523595266461 
0.423118241928355 0.9266053350364633 
0.46633909006898033 0.8937821202398438 
0.3548491632511132 0.014367986894318069 
0.34603965924313035 0.01 
0.35597313266383757 0.0498765243429659 
0.36024184887574207 0.01 
0.3467278617293703 0.01 
0.37078355477787095 0.02149770082133539 
0.3569845858063622 0.01019544483801587 
0.3466059087333127 0.041571786416410926 
0.3424221388120501 0.038147981470061036 
0.3415626862543414 0.030725425389495638 
0.4354142148497079 0.6864084697877094 
0.46303880235463085 0.6466900516866388 
0.4240893311217598 0.6834484701627885 
0.46764087858498926 0.6690762866320656 
0.4705723688516156 0.6932125577805838 
0.43852522945056716 0.6615020598741577 
0.4421856763956371 0.6470488384229672 
0.43123278852647884 0.6963676984133144 
0.4278767921323583 0.6765070485536315 
0.4416805811635962 0.661202591559721 
0.6187496938051861 0.5142632242177864 
0.6357343933335474 0.478056968199586 
0.6446173381540535 0.4815902241639573 
0.6463795341192445 0.5035116804856802 
0.5970520777761987 0.47353054726958216 
0.6303802999141502 0.4841259802103556 
0.615184861573495 0.5131798459227189 
0.638328313469853 0.4939142455640966 
0.6295492910707347 0.4763323271151809 
0.598807116574228 0.5008658966769673 
0.9795806337241276 0.08980933591354226 
0.9837710997082573 0.10713861335469685 
0.9454369402064736 0.12485134495075104 
0.9769147168328608 0.08994118377081689 
0.9568456207397614 0.10730342269436874 
0.9787348974444326 0.09716310620903146 
0.9467663664029777 0.10822561032709709 
0.9741626352521087 0.10742249603680187 
0.981206324479531 0.09233627871407103 
0.9591053164914574 0.08055602425146931 
0.17061924221945582 0.10519108321218623 
0.19365259645281613 0.10591789853032746 
0.17985739829695604 0.0759497235202164 
0.16942899521893734 0.07757293769167273 
0.15593879328215912 0.0984848060131383 
0.15878012280145923 0.08996055593340993 
0.18210034513718207 0.07021488465923756 
0.16941405536229445 0.09050502505534153 
0.1639262273650954 0.06967508352252318 
0.1916527205895222 0.11738066251027679 
0.7370701477042331 0.8138186928206333 
0.7284382857068069 0.7905195593664093 
0.7169732396350348 0.7910120901105652 
0.7207907097645571 0.80288203496072 
0.7242094223034262 0.7949680394446365 
0.7152639242094649 0.8134500981300867 
0.7299138272143895 0.7878227501127991 
0.7228713091423209 0.7885844228467842 
0.7129702207964923 0.7714856972977049 
0.7484197067000874 0.794176806742741 
0.6534865434643046 0.10088706914968992 
0.6515311390825647 0.08497436604753966 
0.6494805456751545 0.0817681101230818 
0.646392417533846 0.08132823845431836 
0.6220032185937105 0.11702656807935291 
0.6624923388848707 0.10881377571132402 
0.6207349471431041 0.0750313367294637 
0.6299106134391866 0.07760970337242139 
0.6567524538760432 0.07949348787071446 
0.6227808577627016 0.10817431151480122 
0.018088022520835856 0.412039776331976 
0.01 0.40764675563823494 
0.035145234407402574 0.38283419914548317 
0.026055222206938546 0.3808004279250431 
0.0446636218874192 0.4289407990718731 
0.020027536865272033 0.4230131307192373 
0.01 0.40397711081292387 
0.0197910391369955 0.4233430753891287 
0.013420488500866572 0.4139581641673367 
0.01 0.4046456053845169 
0.2827407211479007 0.07856371957466403 
0.286639636844853 0.059519683732993024 
0.3209428965526662 0.07155658406256013 
0.30876124479208755 0.07456640309951862 
0.3232659329861346 0.06348731225964255 
0.31258468082485313 0.06425936934218604 
0.3011835151700011 0.07176186374350361 
0.3118938220332969 0.056408065733189114 
0.3215479475268516 0.05622369538058472 
0.30535213184120263 0.07161683040959226 
0.30357819202998004 0.1931034597422644 
0.3404769333021547 0.21168865404318418 
0.31490843935103113 0.21004063679104937 
0.3164910263662088 0.23458874380079806 
0.3119782862851299 0.22788475651975335 
0.3255991107827021 0.1956013451058694 
0.32332507558367063 0.19401337677830038 
0.33764093590404276 0.1978862250043903 
0.3430289169642478 0.1879107827109727 
0.32540095504576927 0.21449537164219143 
0.16453953198856164 0.9450421796769061 
0.17213421751368618 0.9199647566739881 
0.18631245888060735 0.9136572832281811 
0.16864109419780796 0.928786246925817 
0.20020496582576558 0.9250184592605083 
0.16753684117447712 0.9143828694412367 
0.1996653854854567 0.9356917445559174 
0.1774147080064563 0.9161361986228627 
0.200474607969396 0.9518060230926751 
0.17348662841654508 0.9442021344499472 
0.9806014659117867 0.03473790302710692 
0.99 0.013623399180349108 
0.9671127812013743 0.04868139730941498 
0.9734281665472158 0.03720497475285406 
0.9859326759184236 0.01792192019296309 
0.9687369401301617 0.03922357193450207 
0.962324340652176 0.023127240735301993 
0.9681653797933389 0.03452089840947255 
0.9760856288128718 0.055237607749663784 
0.9530355529523424 0.01207164633256445 
0.5707877227337571 0.14157807916707837 
0.5419633214882876 0.13893414626076847 
0.5496809605798264 0.10383047469476701 
0.5765310179023393 0.1077708281843659 
0.5452808536734591 0.13342509947151832 
0.5720066439498805 0.11510559225726667 
0.5721170369057818 0.11464687610390614 
0.5321355739953278 0.11012930017715608 
0.5359073749873281 0.1261642965979788 
0.5304936508601625 0.11009151500030452 
0.99 0.8641028043364338 
0.9771423262133919 0.8661704012220889 
0.9585914056267659 0.8782397724606992 
0.99 0.8859792405715493 
0.9658800740402026 0.8504686392425398 
0.9682677200356011 0.8833067486447154 
0.9719524917571156 0.8760784677047833 
0.9843293757085994 0.853802427048135 
0.9683475084974664 0.8589857277469203 
0.961344829266082 0.8489386483640307 
0.7985470123170195 0.09439511688455596 
0.8317450215778925 0.08533063626735109 
0.8399814779074988 0.05702020530367454 
0.8018414786693318 0.07883965937106109 
0.8391096581097311 0.08218070992742432 
0.826624443289542 0.0687672202896533 
0.8309299592410067 0.08431131187094193 
0.814213488498732 0.07838702464163105 
0.8072648220100558 0.06592679202641244 
0.7935623846160801 0.0629908629933157 
0.6327586308266169 0.9616195774755028 
0.6407029596478421 0.9628316212843706 
0.6041209556891127 0.9426302488609761 
0.6223588290036346 0.9433721742083537 
0.6048544931202466 0.9772806575981531 
0.6181776636483063 0.9791516301832056 
0.6298539023464065 0.9725411280873658 
0.6435309289928522 0.9733183575925107 
0.6195070749283714 0.9583165326803287 
0.6381529368007993 0.9640385315147223 
0.4079067994571852 0.951259933925572 
0.3920650381597335 0.920561439636638 
0.369249099389502 0.9531651846997367 
0.4093137573636044 0.9206327060277694 
0.38524198145700184 0.9136162449464963 
0.40618767236446496 0.9464479022960858 
0.3716558073439383 0.9523097559952023 
0.37569501537721406 0.936262346406646 
0.3985616596966225 0.9107045408082955 
0.40317770583434226 0.9513545510806088 
0.2035555944294161 0.37694917598266925 
0.23063277021926326 0.3770186652714134 
0.2032837362654408 0.36379136654633165 
0.23205916418628364 0.3531945907597202 
0.19629373981185327 0.35247291436302464 
0.22565935896413516 0.3474550981638253 
0.197568076328339 0.3546102267036154 
0.21638591180038272 0.372020102294721 
0.21716517015498868 0.3841414373473691 
0.21563552481365603 0.37280072697475286 
0.038942854073471214 0.9130599643609046 
0.012241246255001264 0.9401652745261893 
0.033143815670592915 0.9385515903421364 
0.04781697946560141 0.9266506061476028 
0.04324494131108806 0.9385987007167471 
0.03806222139305912 0.9082362960285324 
0.042243345180777 0.9442786752717048 
0.04096326431884985 0.9536574497902075 
0.017434389681455508 0.9247472310500491 
0.01 0.9363198337921059 
0.12142366147221269 0.8193670791087894 
0.1621371603423896 0.8218208047075812 
0.1585381186063809 0.792024084503147 
0.1630348340077184 0.8161500878634771 
0.12219078435785857 0.8061439459940382 
0.13973431315146417 0.8184437121047267 
0.16263146802324008 0.8090565870832185 
0.1634325430255955 0.787938730486786 
0.15026974006762595 0.821122787914491 
0.14639717858575402 0.7959969662733092 
0.4684011634194693 0.5662174628315197 
0.4687079144947293 0.5760191189359465 
0.4663038627501743 0.6140711034055971 
0.5006763013090333 0.5893048432864543 
0.49021652729281934 0.5991565027982257 
0.47064672365769783 0.6119621597315926 
0.500717344406333 0.5726301302685033 
0.46862125380175185 0.6004219908619234 
0.504058497559598 0.6069836297223059 
0.4767601518178326 0.5905842507967575 
0.5520407539261627 0.5385152992559534 
0.555895673094792 0.5117036241171791 
0.5401940252540826 0.5344615975550678 
0.5410947307634292 0.5599839256505935 
0.5653071150497022 0.5500988982343006 
0.5482558688493766 0.5566315404274974 
0.5400912757135534 0.5145813136971413 
0.5399889607026226 0.523326681343437 
0.5625678502310825 0.5273020825035314 
0.5664188120213324 0.5167001367889739 
0.6044579147173234 0.39935891074825125 
0.6138253273582044 0.3528492714123908 
0.6016242679903522 0.3644862003317181 
0.5995183608104032 0.3997603201796856 
0.6209590848890267 0.354107549977717 
0.6133909633526007 0.3725934146007418 
0.5838927808226378 0.3593972053604338 
0.6254796062853878 0.3727236101975966 
0.5854028320554274 0.3854588035635207 
0.6316457328205689 0.36796745805534725 
0.863497077989975 0.9133740701844637 
0.8601464445558851 0.9166111568643688 
0.8540179504000188 0.9087688248127486 
0.8372877043732488 0.923414298346134 
0.8177634934680206 0.9381082244046499 
0.8391663045525212 0.9249762264964323 
0.8420540616405762 0.905642331205604 
0.8411196767381366 0.9059455846216508 
0.8621239143937334 0.9435942061133833 
0.8258329644987982 0.9163296160289885 
0.7279707707435794 0.19972294400190127 
0.7668447558074968 0.19983316949975427 
0.7680737485908485 0.18537641961219342 
0.7605557433276744 0.20951283067741686 
0.7682327678567786 0.20262190058157395 
0.7246145700077071 0.19404395067917085 
0.7687198562980999 0.1924738757874579 
0.7401106880345543 0.18953522848269308 
0.7333951295329741 0.20227574625075428 
0.764999882429261 0.18509199781517105 
0.8244445072065599 0.36165744766518326 
0.7944190414515143 0.3525730467853646 
0.7952451464461839 0.36110831842632274 
0.807639208629321 0.3478433832137485 
0.8284886695228664 0.359946819413772 
0.8238211345498405 0.37502177146144317 
0.7937757499341165 0.3751176258874165 
0.8274555092047734 0.3828269992857131 
0.8232876797079381 0.3796888742360962 
0.8377640479728692 0.35332739169666083 
0.020872754431190504 0.0368504471283904 
0.02487843547671839 0.044380147696885884 
0.014727539613129136 0.050450317660422704 
0.03704095705134242 0.01878186652850143 
0.04309508055001733 0.025826110779670855 
0.05106172362757422 0.04560275338349193 
0.042844632159622024 0.023159844841759196 
0.0535412468196609 0.03575137706804394 
0.05758790905792521 0.04755707904839408 
0.03900110683656913 0.03878765871076241 
0.5406965386454025 0.7294973981021239 
0.5340013194130887 0.7726572394865392 
0.5294355313538659 0.7388275241555787 
0.5631943614908593 0.7446766963721176 
0.5328854082357665 0.7354648655046123 
0.530089721841768 0.7551527032150727 
0.544978729995545 0.7346898542428613 
0.5555258844384359 0.7622494232784967 
0.5443010891645489 0.7414786051647311 
0.5687860556125517 0.7467551394022263 
0.0405256977948524 0.7291674178623168 
0.03439020608378249 0.7187268040868257 
0.044499009328741845 0.7080484191154433 
0.041191814889910125 0.7190071291848642 
0.032989036302532575 0.7262783366202356 
0.01627421165535368 0.729508899140357 
0.01951390444426001 0.6882842243097818 
0.04084887978466589 0.6933536970465838 
0.04527426052324645 0.6944574906066685 
0.024816485601121478 0.6957109653653243 
0.8308622315882114 0.7002995025700908 
0.8360219091525132 0.6587250483551516 
0.8391355649718786 0.6539688001010081 
0.8244430040060238 0.7011756568141952 
0.8664070247982827 0.6560924049354375 
0.8612518564509514 0.655045351556933 
0.8290455543971688 0.700684419477225 
0.8598579032844959 0.6871922896967011 
0.8195373508251581 0.6790763634533395 
0.8516271321473184 0.6750939102200798 
0.04696490252105113 0.5337052953693443 
0.03187741329837742 0.5542536028799215 
0.046629806106737184 0.5362738863299611 
0.055020658363696615 0.5765551469257024 
0.07480509074124259 0.5352047455013982 
0.03335692325223521 0.5293699363373396 
0.04231495333717424 0.5568594743291932 
0.05930078496204689 0.5671388728448524 
0.06482877415265106 0.5568208410936755 
0.06670342231067027 0.5586542717082525 
0.2050226255090992 0.5564664737985482 
0.24343872288888688 0.5348824312067592 
0.242605530564273 0.5573835826888871 
0.2039176355413097 0.5380773808383329 
0.23708921118226606 0.5322217992291578 
0.24400939957489054 0.5304830111895111 
0.23361233136826173 0.5663835803949367 
0.2207982219148118 0.538211488618337 
0.2365669831230055 0.5655966116669007 
0.2040857422651622 0.5653005252785828 
0.34800018752079154 0.6339278370726539 
0.3604491837805671 0.6299856252461529 
0.37689214416516 0.6676839173442651 
0.3805149109851227 0.6629457626180141 
0.3508064216731923 0.6412776990721887 
0.37036261545818033 0.6712526307702972 
0.34304285703531795 0.6360729659597212 
0.3480281860785714 0.6307132659556838 
0.3926824030639266 0.6488356088159645 
0.3641485968723593 0.6356223996858527 
0.15246460484912552 0.17296939922915266 
0.19291946658563405 0.1420539371788166 
0.17171348165890207 0.17002690908053208 
0.16886299492557194 0.14173633143108613 
0.1731594829785602 0.1824184455470317 
0.17250966461655348 0.1595025589254412 
0.1717965130435235 0.15629975388875642 
0.1785123833893887 0.18724118915259857 
0.15738801303462652 0.14251246377478963 
0.18567682586456533 0.14653451884488922 
0.6570065012000604 0.7790128101175947 
0.6939103139544117 0.7441066688853151 
0.6545731951579138 0.7655737840586652 
0.6919488758032565 0.763478630429195 
0.6807934935253482 0.744851871678722 
0.6666540891706281 0.7571334652738192 
0.6494042742129994 0.7780543018921054 
0.678359395568968 0.7613893498363219 
0.6647679607749725 0.7752148079623277 
0.6555575085287147 0.774528384062521 
0.9490412316849847 0.4420484922595283 
0.99 0.45204793170415375 
0.99 0.47240810789883214 
0.946207825318352 0.47451333804386264 
0.9465832424204904 0.45883647817435347 
0.9658344249022945 0.45548290062778085 
0.9793139868573613 0.4375717298288472 
0.9645603353578498 0.46020257764416 
0.9898888573182236 0.44490753545636297 
0.9651459292280447 0.48431803813519847 
0.18249386879307897 0.6848610450970349 
0.21103084892491358 0.7234749183934229 
0.18365244159337196 0.682875256244914 
0.1925480393313423 0.6829449838874072 
0.1893016806194248 0.6810331937199162 
0.21447692020526765 0.7023542930555631 
0.21137736335370225 0.6861156956738708 
0.22056289784157596 0.7083430271976259 
0.195493278017971 0.7038081366482062 
0.20707521041461396 0.681709765837102 
0.6036673617541292 0.15604810238377936 
0.5832844150706283 0.19753128538308307 
0.6040377845331474 0.1549448131434114 
0.5765078972859222 0.1835755779210099 
0.5945788542868654 0.17924774387142053 
0.5741740102627683 0.20017213231649938 
0.6167277441920227 0.19851508072874327 
0.5794511772967048 0.17396566194918553 
0.6026201761954376 0.16425210532655427 
0.618679196746928 0.15814006237681388 
0.490501412198927 0.22339533813557855 
0.4623230344651073 0.2059774113502614 
0.4521735665196648 0.21103254099442031 
0.4602164275061903 0.22522287924651382 
0.49298188079463084 0.22754337713717118 
0.49019374600708476 0.2347427268851596 
0.4890202163842827 0.2446195289681905 
0.4730096800614537 0.2187555585342708 
0.452443987836185 0.21397998850243197 
0.4537356264983238 0.25240437217581396 
0.48539696598509924 0.01 
0.45665601070586515 0.012794270025123806 
0.45880273950193795 0.03542908620152709 
0.4536497038232408 0.016180996676841447 
0.4885525113611567 0.01 
0.4857715801537564 0.01489430508666787 
0.44815276985556424 0.03866732255255014 
0.4693189194174455 0.03606512115836268 
0.48507526647268534 0.01735312725886819 
0.48141753675041915 0.01 
0.28972684258248677 0.35625344088325595 
0.2642590996933855 0.3798542249867745 
0.29636506115154543 0.36615628375706444 
0.3004596961633898 0.33868137690312566 
0.2807753386077746 0.3589195404261868 
0.27881049758283294 0.3387672673406146 
0.3081847233487478 0.3647439654369625 
0.2842600175428285 0.33632206818957044 
0.3124324387158913 0.3661756259674082 
0.31273644355835034 0.33985405030728755 
0.7250207248074456 0.13481008967810826 
0.7438275753603307 0.10614564721638764 
0.7012282007677793 0.13416070057879945 
0.722395584577242 0.13345579279852532 
0.7141832736218529 0.10651844743283222 
0.7149089061289882 0.13211128947952108 
0.7227431799626456 0.14276151572349377 
0.7040757105941604 0.11921806923367578 
0.7083015772500687 0.14095724380263314 
0.7498519541963307 0.12170052653137321 
0.7922322545396375 0.8369124406541153 
0.8231470754883435 0.8084656664356905 
0.8016039319028808 0.8351801952440318 
0.8034279377853386 0.8503731307158582 
0.8027504101840589 0.8413322737992452 
0.8110174214229809 0.8157313078018278 
0.7799860631721349 0.8314246001961049 
0.8213376879097273 0.8202055474206822 
0.8149380062615241 0.819988939608615 
0.8117407416182221 0.8225983832961461 
0.23059286114723693 0.13488300043985088 
0.2284146327792652 0.14354754818888354 
0.2398200292600774 0.1576454851294907 
0.24629710759244025 0.1424418230420041 
0.25016078453405133 0.1260236320766277 
0.2283768252913344 0.1540206391876275 
0.252100093197847 0.16056127521021007 
0.2680678033781343 0.13231852372769176 
0.23921663416908887 0.16372835583116363 
0.2503973221893123 0.1320164240329568 
0.09492138279349473 0.4532317290286701 
0.1021818593403036 0.4097977131290793 
0.1279356226268572 0.4535253196134713 
0.0838273592714917 0.418834507461007 
0.12432214081547557 0.45273159353681947 
0.11447894654183878 0.45706204533977635 
0.1070091984320101 0.41768666820788974 
0.12376203741373965 0.4244747368624576 
0.08008608342805554 0.43567855313161963 
0.10844842626179113 0.4494168777727465 
0.9551658393040336 0.6289891099823175 
0.9719991593913316 0.6431066881527707 
0.9529731879292929 0.6038489281299217 
0.9680136272225391 0.6083278940589172 
0.9894889748916215 0.6378310679658048 
0.99 0.6406685441190876 
0.9853558525179898 0.6025927908153953 
0.9661748448957415 0.615401512751764 
0.9835116463534622 0.6230325722692945 
0.9667451204438686 0.6036253782617291 
0.858841505787618 0.45856612642913697 
0.8459809627022652 0.4550278694698513 
0.8392469877816461 0.4411383261211913 
0.8435977293130231 0.46325466219486505 
0.8520278479558429 0.44276511567880344 
0.8752201984072826 0.4486635282005427 
0.8753941449760231 0.44651369954636017 
0.8488872976543894 0.462290405701741 
0.8346975722572061 0.4713655900422802 
0.8704169051607793 0.46644727939440794 
0.29116386433453095 0.19718497381808717 
0.2843466188889732 0.19867360839967912 
0.2788029618228286 0.23356284717388004 
0.2639993375947861 0.22534049377925192 
0.2738531576010923 0.21363385823320533 
0.2615322369751376 0.19358579921697838 
0.25857641143140775 0.23698564543092712 
0.2713858445054309 0.20019235713126138 
0.2651988716610941 0.2158964814539026 
0.2795737156111584 0.2181022901617094 
0.34936676108629805 0.5820034467221988 
0.34747490833513944 0.5693531164678557 
0.32249662501518356 0.5924971436143521 
0.36741679442299463 0.5887982718591952 
0.3408621050762588 0.5906013416060777 
0.3566222248152016 0.5955242386616262 
0.3329729246226166 0.6022451612060423 
0.3440079450088641 0.5750623615494762 
0.3292932168871921 0.6094582964293882 
0.35205097624649634 0.5815727608040047 
0.39874170039842366 0.8508557227808549 
0.40363963850751117 0.8351943540380699 
0.41775011690190833 0.8494154345047635 
0.3810836383381786 0.8508113774364088 
0.4031737836218614 0.8487371287936561 
0.41337714802214626 0.8573598475297901 
0.3978345285507648 0.8448500156574209 
0.40637018688390164 0.8568076194577168 
0.3888068011780461 0.8337021861491533 
0.36869910158152586 0.8634201694900088 
0.537182151661424 0.3810883380181517 
0.5060189923829121 0.4047430383649272 
0.5292329339127809 0.3894742698420006 
0.5371245396453472 0.38726443766202245 
0.5130402096579869 0.37335932528207755 
0.533089789891075 0.3613608527722622 
0.5274254218312322 0.3854747353498796 
0.49903434618579756 0.4061648722745498 
0.4946523089342578 0.36069989919203227 
0.508189948548008 0.3587097409239508 
0.36364499046492765 0.4313857796900739 
0.40711144753310796 0.4084660617414772 
0.41019556356877224 0.4181641539658015 
0.3936596585874453 0.4204593363768479 
0.3974302589371871 0.4382067215467359 
0.3810410895145783 0.4302723831029708 
0.3929513395745686 0.4005408288377336 
0.3638411218224582 0.4244122139551197 
0.3649916338229895 0.40200430642815455 
0.3714608722521326 0.39666565706682033 
0.3034882636004429 0.7186224723497664 
0.30636391796659235 0.7198484781646709 
0.29726754588966875 0.7406285977511365 
0.3137899691693391 0.736036295286345 
0.2892703347622083 0.718608104289444 
0.3148061439990143 0.7235140417734587 
0.3077038905856467 0.7136010882544804 
0.2983758755988305 0.7369883617880466 
0.306070974212557 0.7015212073374012 
0.29585860989745205 0.7119287858279506 
0.06931756951068051 0.3206573263894871 
0.061032922707074014 0.3269576067531604 
0.09263621090133711 0.34725589294834036 
0.05327718348903608 0.35403093570319644 
0.05764844332316136 0.3395060715109834 
0.052507187834783774 0.36010101000092054 
0.08802731925850205 0.3262297341590209 
0.09159221627318671 0.33163688372877265 
0.09547391693598692 0.32792479652519557 
0.0937839833392771 0.36769323936738524 
0.7931235474680949 0.7150310407906503 
0.8048861661103642 0.7221890461483609 
0.8013603720977719 0.7143458538510576 
0.7943256950461401 0.7211422803019785 
0.7706639253080753 0.7243270924323566 
0.7986460718292446 0.7291752880098031 
0.7792875176402985 0.7305136192749861 
0.7845778215164351 0.7477830217659335 
0.8126731846740162 0.7262583546814193 
0.8134131272014226 0.721797295765481 
0.6866941888449734 0.577605119575715 
0.6738067848610723 0.5882936924903676 
0.6882416841379561 0.5658940330950376 
0.6770762873213793 0.5539766994974207 
0.668827073299104 0.5771655075561376 
0.654235531315744 0.5466006395545792 
0.647747107340235 0.5399323339772394 
0.6608611654363183 0.5853311018617813 
0.6477016984469421 0.5618957819586257 
0.6589163818406157 0.5646600082952868 
0.04822959465047949 0.4712671656881454 
0.03318062525168992 0.44795191872087614 
0.025574670406914413 0.44617159343878454 
0.019568926948399228 0.4580558003270302 
0.04026567342480905 0.44912638202994093 
0.017841366336956967 0.466774779903552 
0.02747155531169177 0.4844204352750344 
0.0284774935264115 0.4670848187074123 
0.01886164816652529 0.46737661317581003 
0.04510205351801158 0.45914447070003284 
0.16285499141428675 0.31723110370815916 
0.16034314286516207 0.2978187730345021 
0.16900197546704462 0.32118220443435985 
0.17652855210456414 0.3025064975685283 
0.1679189001663427 0.3138541337321864 
0.1718946902388486 0.28643309159498126 
0.14832153353800204 0.3126120275237181 
0.16294328425343524 0.29536169556575687 
0.19554470203217955 0.27830077833268263 
0.14831843645058784 0.29515772111626215 
0.6834232186439373 0.6634643085497607 
0.6422355016625358 0.6663034721197152 
0.670511712680869 0.6666644056698893 
0.6496254913512385 0.6746591274114169 
0.666827803402931 0.6332906701285907 
0.6495490424069325 0.6522491255882217 
0.6576444442083638 0.6696714798511239 
0.6623563118594612 0.6276421689387477 
0.6426590487748639 0.6419002908434531 
0.6763887038700009 0.6762924285690528 
0.7166068139132478 0.9509754476791923 
0.7113010933830293 0.9497296694384244 
0.7114318193392639 0.9692229130406912 
0.7191669240559659 0.9613609511683018 
0.7393798805462702 0.9459701545714192 
0.7169216608102675 0.936935061168065 
0.7384689626774703 0.9534137488472728 
0.7452446791549028 0.9430965495118634 
0.717127158484883 0.9464385368185335 
0.7406293222790807 0.9523503039243434 
0.15105104730155638 0.8656020586064654 
0.19148008532663865 0.8815908417019147 
0.18895000110346566 0.8451673067769122 
0.17715945871612496 0.8392907349172659 
0.16533096993450117 0.838702668216382 
0.15069059472814553 0.8583930384342499 
0.1913251622263864 0.88506789924334 
0.15379062473092173 0.8590462568433103 
0.19214252368737675 0.8624791945901716 
0.1499622365562183 0.8433858218110577 
0.15710295279714404 0.03470628107042252 
0.14283167615239628 0.02518428406922112 
0.1444207219285892 0.04197855108327103 
0.17555392723456806 0.028189266628710335 
0.1799361378657985 0.039759187960757066 
0.14425545027568418 0.01 
0.17296974454091132 0.01 
0.1814009257205665 0.010906047099816645 
0.16946209525692954 0.04137497652093222 
0.175741491992426 0.01 
0.9814521999086028 0.9673403297103205 
0.9415648664563141 0.9486629276106767 
0.9682162879719615 0.9726201144947658 
0.9862072893541209 0.9676494531692842 
0.9785883237800028 0.9402833573614254 
0.9591389852551881 0.9725584073720918 
0.966265947726203 0.941060989322532 
0.9773036158032955 0.9413260923623559 
0.9413277324740387 0.954020145080851 
0.9648146112504341 0.9574405473275057 
0.7868339539145819 0.5183914528440201 
0.7870878133498194 0.5394888110911801 
0.8253046166411443 0.5392610692561456 
0.8035101565218267 0.5450862132077935 
0.7962167428482384 0.5250112709723627 
0.793170853085828 0.5241589111879024 
0.7847965852527155 0.5319159992200829 
0.7998524882447973 0.5185049926461902 
0.8230619972657125 0.5091078431435553 
0.8128906028785142 0.5047282457378461 
0.46538463011331666 0.1178121808195915 
0.46567521181668514 0.14896338343121088 
0.4788624690730063 0.1348086518683757 
0.474854359062994 0.14553218625233452 
0.4558378226536477 0.13222115521284364 
0.4694591602858239 0.12103706794962395 
0.45338255688859436 0.11649112668210694 
0.4842112377366142 0.12478197780815539 
0.49068169556728375 0.13304478857048013 
0.4468002833840016 0.15426699990572712 
0.8618929205895591 0.03450755228288507 
0.87179697877032 0.058869257905529424 
0.8686387790882569 0.06110799257054 
0.8914086410311276 0.06324559714353456 
0.9001090389449131 0.07232590778607254 
0.8819967468438217 0.08103201525067655 
0.8625433168961767 0.06748430381605394 
0.8909942195146004 0.07693028986672798 
0.8887329269440748 0.07546662299122513 
0.9012441773099461 0.07769797397244901 
0.9820518672077985 0.7189947863486533 
0.9895756824007919 0.6936481843647903 
0.99 0.722747376239103 
0.99 0.6903796444595683 
0.99 0.6933331111239852 
0.99 0.7270488344439202 
0.9671491896011755 0.7250708069697004 
0.9804056534485432 0.7257411192367211 
0.99 0.7295565789728864 
0.9750906993354571 0.7151267275612508 
0.6013505612020984 0.2827291295376663 
0.5769129736411586 0.29375655578165827 
0.609400546407977 0.2692813480531037 
0.6030111177060279 0.2820537781783479 
0.5704995245736171 0.2837460589475055 
0.6054258038041239 0.2647134519293889 
0.6004087115902246 0.27608052800790017 
0.6041816037644083 0.28931940752100826 
0.5683108683361552 0.2658698327916994 
0.6030199189673148 0.2635190501202419 
0.8029584094981467 0.010115878230748837 
0.8204408617924661 0.037635691144157345 
0.8084781498679453 0.04563113068676995 
0.8048728533423636 0.04177787130793459 
0.7969023893473522 0.04037058113422202 
0.8186103039075325 0.02548469440341781 
0.810656971773295 0.022498768011697673 
0.8137484358434194 0.020095820392705133 
0.8062822059769156 0.047280817077784476 
0.7960830919093911 0.01 
0.021033350679305233 0.6608692751822486 
0.017599227714266023 0.6538100050049568 
0.023305036334266737 0.6347220444815609 
0.06237412102468936 0.6314156033252398 
0.029862607983712586 0.6352879969848076 
0.026770204067017918 0.6575489457029449 
0.05736018137555678 0.6359365265237384 
0.030526173430669195 0.6301359942123989 
0.024372365228565156 0.6577766888487667 
0.03027978118010613 0.6549937827814454 
0.6700171261374991 0.8206856501419361 
0.6694328575924717 0.8536914672649357 
0.6412869454291837 0.8503056953327738 
0.6588813924191143 0.8362271053753852 
0.6249706805776161 0.8163496093381395 
0.633158172972348 0.8277789859490741 
0.6463233199336633 0.8130042594285766 
0.6349467156240434 0.8221815283625217 
0.6480778844162243 0.8557429672628838 
0.6351560303934576 0.807922042699195 
0.05052673809000576 0.17825828169899632 
0.0743224645530141 0.15453762713043911 
0.09196478789462244 0.16735678041767688 
0.08636655903838178 0.13969940654333204 
0.07282862434544439 0.17373023901438614 
0.06681575086705079 0.1755211238233101 
0.0464627284124068 0.16324983583756664 
0.08522524942231252 0.17294213149654597 
0.058710087928494546 0.1712222783107615 
0.048288787264650856 0.14903173913375792 
0.26050584158105083 0.8429935416042494 
0.26628465213221303 0.8189605751993929 
0.26563611954436783 0.8240226933989929 
0.2249209357227685 0.8299226863386242 
0.22473764692568576 0.8447288948580579 
0.2522816323163042 0.8401401343568309 
0.2685109157565732 0.8216008405623434 
0.26135983714495575 0.8293206223040344 
0.2276618738293796 0.8253608368906461 
0.24760241819792392 0.8201220550774292 
0.260894801803193 0.4373253147321371 
0.26416739019133517 0.41799533639624165 
0.3005306584563464 0.4349768615478863 
0.27679522241792587 0.4152963882793513 
0.27849603010500956 0.4203096543460518 
0.28056834869747244 0.4467658895601666 
0.2862754336624006 0.4162399904500219 
0.2994106337285415 0.4399014724774113 
0.29915371165798205 0.43123591169609665 
0.2808479605841064 0.4070834063244369 
0.055659622111379856 0.8050552702600761 
0.0286010410527628 0.7723895016955808 
0.056483125005973515 0.7840289536174662 
0.03172091962808593 0.770210064270487 
0.050133773280162386 0.7804722682840324 
0.047904018625719566 0.7866807115071167 
0.03336429274865817 0.7910779349392055 
0.05281272825710636 0.7705467584644053 
0.05350860877346509 0.7628683902756375 
0.06607451595662087 0.7795856973631655 
0.09944560547999202 0.9098873977113358 
0.09285264224598033 0.9334906168887896 
0.09893832996088141 0.9288000985012408 
0.08051096958043993 0.938757574602454 
0.09888051749995172 0.8991818443577814 
0.10408967585042452 0.9037590207569326 
0.12192828058688067 0.9049530348104333 
0.07581057762570156 0.9043222656392573 
0.11859210175732715 0.8973874052171957 
0.1007342044217642 0.9297062500601985 
0.44522845990888793 0.5598067754702473 
0.4346430577663217 0.6058066871193368 
0.4101863477451948 0.5849540843600992 
0.4457879939946269 0.6033033738226871 
0.42977183157244836 0.5808206792814312 
0.44155437256564867 0.5982726635298014 
0.45670078883538784 0.5867390410942227 
0.42863309063812594 0.5999092626463928 
0.41804506899752236 0.5603604319369011 
0.4406861071903794 0.5890670853388706 
0.7354818957462795 0.01 
0.7130682600429766 0.01 
0.7007350545155133 0.01844900046296618 
0.704781452944372 0.01 
0.6958981104773745 0.01641086602978492 
0.7164527419353492 0.01 
0.7295277824309985 0.027695968082844177 
0.7035890606750921 0.013843504648961676 
0.7192939185472738 0.021954518397795622 
0.7176970112673144 0.022063765733063755 
0.3182548642921974 0.9654585859361213 
0.3371116033073859 0.9551260199670822 
0.3234905145049908 0.99 
0.32884774731035854 0.9606993801844902 
0.3197920946524198 0.9546431040104184 
0.3246238057869063 0.9764063201774312 
0.3055904126028706 0.9781273140646033 
0.3364500614817278 0.9686058800643722 
0.2998075618034044 0.9806740803177372 
0.3245506149084276 0.9718704704418815 
0.6858384507469215 0.4693203492584953 
0.6888096192573951 0.4853288272008004 
0.7236696207040914 0.4519861984861948 
0.715081065156933 0.4858265540529123 
0.7009883419037717 0.47605915750511485 
0.6917968188796596 0.4700742831713182 
0.7006978743286232 0.4787878108661639 
0.711631435782067 0.4626419160184967 
0.7071105591267329 0.48389465415775185 
0.7143680031298167 0.46943184489317047 
0.22771348016868762 0.9717726733430008 
0.25002731013783813 0.9790647077734124 
0.204185767777283 0.9867992770255153 
0.20165311574324019 0.9691545233899996 
0.23398592447291697 0.961795348413143 
0.2373008381742132 0.9685913744755614 
0.2160972813569511 0.9820424850656831 
0.24277989218405166 0.9501737665269365 
0.21449752399293645 0.9551619771537839 
0.2469494338029276 0.9838025065933712 
0.7370990895163481 0.25648966637975684 
0.7473927221424936 0.22133419264190307 
0.7539915171064516 0.23281170429603928 
0.7157885861988617 0.23708519157523755 
0.7313495532347676 0.24789476352394604 
0.7095980200414719 0.22490174401085233 
0.7269668722454695 0.23423197080505398 
0.7137678484654271 0.2669210135879537 
0.7165883143301579 0.24498424468610153 
0.7138918669720478 0.24523735763614463 
0.8019713400900214 0.6000526059443855 
0.8379370773161576 0.6265443918815407 
0.7943825021814261 0.5938219057272224 
0.8228875804396666 0.6190950537570522 
0.7952751394063985 0.5974991520444312 
0.8191718322408443 0.6345462013486559 
0.8203947490839985 0.6082503512099453 
0.8277922572350929 0.6389912314974628 
0.8021692679939427 0.6056660521707623 
0.7932550801152495 0.6143628968325423 
0.24398460360062701 0.5741489806270577 
0.21854975428726905 0.616665399597962 
0.22163233985194916 0.5904605732438544 
0.21073388830802842 0.6012432974445622 
0.22246674255811427 0.6132106869738543 
0.2430245080417982 0.6211481421766927 
0.21740640025069263 0.5901609350689615 
0.24500359091436966 0.5820153672445783 
0.22057978224355804 0.5967398641184227 
0.20354559024972319 0.6224317013109787 
0.22268110628966084 0.6439094438236833 
0.24831271960703202 0.6450863554567206 
0.2624908619284354 0.6442115202201985 
0.2397964802525881 0.6659313256353384 
0.23411803520910376 0.6835905439180602 
0.24138629369289863 0.6813951409504195 
0.2232728825214072 0.6410598660956753 
0.24893435432100064 0.6379826830177875 
0.2364839611670496 0.6772412801326124 
0.24487578360288534 0.6817126861113443 
0.5254732089755567 0.828574060138449 
0.5152014254235201 0.8118163932863064 
0.48821531607542357 0.8142963071006211 
0.4851001011684794 0.8092027236557194 
0.5142514048432784 0.8264999960029495 
0.5151933714375584 0.8201808348363154 
0.5207363421821589 0.8416742307439192 
0.512796854883601 0.8469690449467554 
0.501934051517861 0.8391610183539893 
0.5097316704488528 0.833114046765579 
0.7839346962988831 0.35508772420817664 
0.7711606077730112 0.30724014204102323 
0.7705208741423066 0.31055012066292936 
0.7720270548726742 0.31113966419653893 
0.7792607794719055 0.34790584660926055 
0.769421115250243 0.3324523821797231 
0.7668005838665706 0.30816852776262543 
0.7579168563270856 0.3526798797195148 
0.7904019039867332 0.3237694708185608 
0.7945161634286841 0.33571717930400313 
0.4015986704191936 0.7147650757132175 
0.39740904940397576 0.693485662873117 
0.35815211561757276 0.6810394032523984 
0.3541728261327149 0.717126835865234 
0.37722076409262273 0.7046168491229959 
0.3900726745347642 0.7183542051675059 
0.36162450457812473 0.6823979714415633 
0.3982549718379182 0.6876312849353239 
0.35529141400530906 0.6950367611956559 
0.36692343710373493 0.6821103881043772 
0.8345162829323239 0.8321749557208384 
0.8648759989363569 0.8451675949238113 
0.836152955858509 0.8230750599120953 
0.8598128930669526 0.8338786323856892 
0.8473683874263789 0.8576478233744089 
0.8445903559434909 0.8257335281627266 
0.8650825952104397 0.8572162501349653 
0.8471259195557087 0.8374055667682134 
0.8692464763380616 0.8368898488554671 
0.8668476327701042 0.8319159501443016 
0.9001409810572595 0.729789245071517 
0.8872985898122367 0.741949252163447 
0.8631521009646048 0.7309576397486269 
0.877672871443088 0.728269317767223 
0.9005576655931105 0.7466751343934932 
0.8622813869042665 0.7025773105257744 
0.8810791351312088 0.7361958237206837 
0.8706627661329728 0.7062068544549033 
0.8628582243234562 0.7208235046997665 
0.8892972208848284 0.708198270867294 
0.609660301141904 0.03677842781820367 
0.6163185720096614 0.012748426946919966 
0.6441006844598346 0.03413641249090821 
0.6166119293761079 0.05026106732710752 
0.6442585397043243 0.03572666685409294 
0.6442406896952146 0.03609559294352333 
0.6391835262445676 0.02978043126344157 
0.630656789235119 0.01 
0.6441791061885771 0.04854077745288686 
0.6455282065732261 0.02476673221684981 
0.6926757473857124 0.99 
0.6786560352600594 0.9795617980750775 
0.6484570962568934 0.970359996829209 
0.6767963669274036 0.9637363841574731 
0.66964905293502 0.9736784518076043 
0.6685480797026148 0.99 
0.6608553010877921 0.9628795482591677 
0.6643996203197435 0.9865601228268621 
0.6796139679202113 0.9884922781538991 
0.6808484211821293 0.9720853123109826 
0.3233750762174149 0.46915590739909696 
0.3084454272390166 0.5138182912293993 
0.2881300674041474 0.5096857538006139 
0.32303728286193645 0.5111510471264943 
0.3037697744729293 0.4928396530456284 
0.2964273529746415 0.5119190981599521 
0.3287352243627751 0.48842585660209364 
0.31440608894302013 0.4802140829663883 
0.33013139549013326 0.5002318836909035 
0.30531682240240865 0.4985906913720338 
0.12586718408444367 0.571490493356966 
0.15888186159449033 0.5949145189888294 
0.1387377782366508 0.595568758825712 
0.1191497836777162 0.5933816362459052 
0.12710037826034734 0.5961008263037278 
0.13468565323629716 0.5915675195982285 
0.130308100538614 0.5651196438040323 
0.12519414504013995 0.5927898075935172 
0.1567301586075834 0.5788141354947482 
0.1286670796199639 0.5896024623178477 
0.485585127862422 0.518968554174411 
0.5064248459137958 0.49859427478517065 
0.490288263331423 0.5262110354912446 
0.5005458268629042 0.5319320992016696 
0.47310094564614125 0.48703345477494997 
0.4923500999214914 0.5285742370476078 
0.49822737359055475 0.49270369693592414 
0.46886001988436954 0.4897626909922235 
0.4918814122770855 0.5074047019169913 
0.5068120255091814 0.5241221998619959 
0.9442328154425366 0.1492665059459649 
0.9491086996543692 0.15362559700158734 
0.953380271949669 0.1575513118096462 
0.9789414764419128 0.17691643831405388 
0.9598220645998915 0.1783971978040663 
0.9591211501161021 0.13925980390071668 
0.9382976835452692 0.17757569866609024 
0.9739834640237172 0.17866217562855094 
0.9456244702013807 0.16291566258298196 
0.9646554288387506 0.1706497023490522 
0.32418207289852485 0.1217334163250904 
0.3134225286606429 0.11397082348864554 
0.31161576847654526 0.1516308353889668 
0.33362553251142474 0.13819253266140957 
0.31703704100135255 0.12961863524508221 
0.32638969785530075 0.14976071058727083 
0.3270103092391137 0.1514343523585817 
0.31328921097746487 0.1436124955548262 
0.30263073875595314 0.136486881257848 
0.31852728466358726 0.1499626163258203 
0.37046758948434744 0.25023185067119014 
0.3908852387134439 0.2567390060025593 
0.3927524232347028 0.22964926384159565 
0.3785331478543649 0.21023981386843915 
0.3953556451266269 0.21275235333731446 
0.4028457684792256 0.2368020159700652 
0.38353440885434853 0.20926994264367402 
0.4052433069667632 0.24514400288432703 
0.41398341748757805 0.22071976727761922 
0.38740294791291485 0.2394589299837455 
0.45973778469849136 0.4565234088454815 
0.45403504994611216 0.4510508813185543 
0.435210795330848 0.4177272740387932 
0.44599985541431686 0.41954973765763687 
0.44317550919267773 0.4201443487663956 
0.4481908413945236 0.43712938860539396 
0.440142565588457 0.41604966495915896 
0.4382999656956336 0.4295395244134277 
0.45134504238599016 0.42982227862628475 
0.47729478210656706 0.4393235061322007 
0.09395595116385529 0.013620711297842345 
0.07865225705541401 0.017070775441748464 
0.08939125332458331 0.05028786846020559 
0.09478177662315067 0.01067143585241672 
0.10497117424036842 0.017812890813288296 
0.07096147640222056 0.03363436952713013 
0.09839646268802617 0.03001671884234583 
0.10956928198303045 0.018805975046279795 
0.09958238328357208 0.01979885123353259 
0.08503013125888453 0.053420329012604705 
0.9549110120403256 0.2841549963026716 
0.9272624096648514 0.2859711227787968 
0.9595717334835944 0.3009046887557136 
0.9351325918181329 0.28911224538993147 
0.9650255056738422 0.3241831495854623 
0.9276602937456473 0.280582009298779 
0.9485424137273967 0.2885922785099686 
0.9753337853525348 0.2993570094822522 
0.9626699136175572 0.28490509743857123 
0.9714948403914241 0.32798721542373305 
0.3267811285175309 0.8197123526145084 
0.3569310237278547 0.7737905875523126 
0.3213179365210441 0.795494111079542 
0.3274538903413262 0.7920904378591708 
0.34306879258229966 0.8188657858272175 
0.3158469569703576 0.7806237285871964 
0.34018523410809176 0.8012520069378557 
0.32220432930590864 0.800464235176571 
0.3511980404533262 0.8091722565783099 
0.3107438181905904 0.7740544951822087 
0.9332891910649144 0.5966714681431802 
0.9325899297193542 0.6120166575600271 
0.9173094784457809 0.5985957400800722 
0.9233832877764122 0.5965755367831098 
0.9132187979405297 0.6139871848251922 
0.9444125834867004 0.6122816641798474 
0.9180048069484203 0.619058040853665 
0.9015561311272658 0.6014949421679543 
0.9125746170637298 0.6071528768122709 
0.940062590051911 0.6200909220210477 
0.9277638883973366 0.4391304798546647 
0.8974848300885562 0.4274149717868127 
0.9293365419158428 0.44084941046454645 
0.9397294230907242 0.4233760939904906 
0.9303983831447816 0.4049837943410461 
0.9282362941790817 0.3947574784665095 
0.901299640118431 0.4353876296309818 
0.9331062754674773 0.39477668310827385 
0.9069472347119665 0.4043526658532422 
0.9215656998334719 0.41955443866672854 
0.13392835330100908 0.19049751220375472 
0.1340145327998538 0.1888477732499667 
0.13252159742607375 0.19476322854888856 
0.12341879813077201 0.1976652907010475 
0.10493457954898362 0.19748044790834404 
0.14605799273332482 0.1672860243844912 
0.14509502553431788 0.19797879246428554 
0.13573182794821825 0.17265447831306138 
0.13834111962136744 0.20354299747257834 
0.1323003584913799 0.20461798004674986 
0.9085267155432885 0.8441992421013049 
0.8866431044240429 0.8125161854016819 
0.9275038801408372 0.8253364555079135 
0.9040841440867926 0.8080332303332227 
0.8868513764051148 0.8443727035866162 
0.9089315301933026 0.8439733407027703 
0.8914217205498137 0.840783965744102 
0.9048174636035375 0.8429373455376445 
0.9128453584738843 0.82724180944809 
0.9350843234177247 0.8352637033098927 
0.4637215749976599 0.8975510607542532 
0.4754615684761833 0.9114839618834243 
0.46261838217466933 0.9221407415847728 
0.4774031115438147 0.9215465520011349 
0.4841703896411791 0.9148856275353733 
0.47442280860639796 0.8849960848239191 
0.50488394883505 0.9144563407911469 
0.4647536166028538 0.9158110312862606 
0.47444991298164935 0.884894637628133 
0.5000170769124337 0.9053563729615328 
0.49014727640767186 0.2069387427360253 
0.5208531663568416 0.19636246405292349 
0.512072881029472 0.21547599826533617 
0.5193575653967665 0.17308079763027517 
0.487672250043463 0.19391388625564326 
0.49777993783004704 0.1977640646842192 
0.4907348705409068 0.19332131930705931 
0.4987575607120162 0.1846017719840458 
0.5141578356699911 0.2015264449347591 
0.5217115648237844 0.20795775602912825 
0.39849224070376815 0.9678732823218424 
0.41699294093311684 0.9748445408006627 
0.4079663205175116 0.9627361979700962 
0.40233349513961797 0.9803488262134122 
0.42040402859012443 0.9654694894959615 
0.417039565654626 0.99 
0.40161645056536754 0.9730033314508012 
0.4301232725110849 0.99 
0.39274059793713034 0.99 
0.39674472750974793 0.9636335563831563 
0.6046484686721667 0.7022098527567998 
0.5659707290155218 0.6878080537679258 
0.6065933750939253 0.6981977991388599 
0.5924056789471331 0.7203563986657373 
0.5771295059266186 0.6914123064061086 
0.5997452290311719 0.7126423979918217 
0.5915648005971315 0.6926431571267619 
0.5892883364573588 0.6818459200993398 
0.5795756510753811 0.6947118849364012 
0.5936719574259515 0.6742868496666644 
0.42632636937560586 0.05550868376318323 
0.3999854949245552 0.06438810268787518 
0.44467494422626197 0.05890183925629303 
0.4227732186548241 0.08978940150057035 
0.4130581995298864 0.05639876857545957 
0.434448530126621 0.07589913536456613 
0.4365137241470612 0.09006447972743378 
0.4287635479837233 0.05882579734669127 
0.40720749940805095 0.06204459307344555 
0.43802348956353465 0.05314578220282567 
0.8664821613972842 0.2918846991883768 
0.8994173646237108 0.30384650488391435 
0.862743890455422 0.27959986662327674 
0.8838446170209885 0.28303457513161284 
0.8873959452346122 0.30635186831039624 
0.9026779525905887 0.30590692319126306 
0.8998822723633738 0.2714330132368988 
0.8707056391779928 0.3049441888245186 
0.8972230858081806 0.3052726117533507 
0.89139663582247 0.2606904187635664 
0.558725338756251 0.35629166449870053 
0.5227171497427812 0.319375923872586 
0.5317161188388357 0.3318169329022957 
0.5325694003967312 0.3524532598220178 
0.5124520985650339 0.3658070033669341 
0.5352081915053593 0.32821647295115497 
0.5538090807917064 0.34037306491484126 
0.5104499011481579 0.3211058299090372 
0.5148244482896986 0.36023764272332087 
0.5453939980400779 0.32098163610797276 
0.9627648155234125 0.3946261991479902 
0.9636877836470824 0.3919929908880053 
0.9765739378473305 0.3479033335999236 
0.9765634671926167 0.39479805879573526 
0.99 0.37056820733356066 
0.9868903683674326 0.3499325467215929 
0.99 0.357986340617672 
0.9860381409455388 0.393195753184291 
0.987761083723788 0.370466003442443 
0.9734966803264934 0.3481297726177193 
0.8992423475017601 0.9150185389882743 
0.9114047716668302 0.9040584552004729 
0.8995746814923482 0.8939455439787136 
0.9068181648375252 0.8865059108663993 
0.8913235119236532 0.8677681248801202 
0.880321790641054 0.894699349570733 
0.8818305418205507 0.8865688100925784 
0.9170401931608961 0.8749264182700092 
0.8958885154259536 0.8886310270793455 
0.9000616433039181 0.8765712851238031 
0.42332048133188643 0.3628223384423156 
0.4344292630323109 0.3853010757658859 
0.44052576243969116 0.38383735365343497 
0.4610656822861855 0.3811567749354506 
0.4537397097833099 0.35160635514750005 
0.4612540445519311 0.3733254684680144 
0.4351210163800701 0.3966697478215186 
0.457786574296788 0.36412909319659115 
0.41523620022691754 0.3576746048201867 
0.4352850458016538 0.3626658745376155 
0.5494698328700798 0.61361778830173 
0.5543348016342646 0.5785501310907829 
0.5656745681450419 0.5956186098311191 
0.5420782447440121 0.5884120811997415 
0.5561476027164595 0.5750081047629515 
0.5778776307199385 0.6117742678882075 
0.5802511186958093 0.6116760030685716 
0.5620195985952956 0.6068985228161715 
0.5380332905399232 0.5936898059976309 
0.5830393644041151 0.6122550419812971 
0.40147781656949716 0.7483023852016035 
0.39860968614725206 0.7403915931620629 
0.390264940606713 0.774302924757544 
0.4012592823824447 0.7355371797991145 
0.39022220433226773 0.7358876168727586 
0.4122491643627371 0.757568093474224 
0.37865864120887327 0.7335617605991694 
0.37809420566980784 0.743402888111134 
0.38066070086480647 0.7724356482523415 
0.40366026235766 0.7685170582155523 
0.028330032979119575 0.8286077379837149 
0.026282539072961533 0.8329676158176038 
0.01 0.8134550017583485 
0.01 0.8178940323138282 
0.01 0.8116810759475908 
0.025537356184070374 0.838101091154929 
0.025489274001510756 0.8529808721919859 
0.01 0.8511728103222373 
0.025033393566766496 0.8487280830513281 
0.027076260689653242 0.830578422578516 
0.1063149019602799 0.2846915990229456 
0.1304331361616139 0.26597649998950096 
0.12385409147463419 0.3037787943247837 
0.11678450726986238 0.2954682376535606 
0.10714998334544282 0.29470029381939683 
0.11068604782639456 0.25732156071535595 
0.09484651118594946 0.3040959515794694 
0.12389092525204132 0.26577416001347054 
0.11870814971972549 0.26035658663572736 
0.08164374637014964 0.30157589055662437 
0.7380130024566695 0.64917962374433 
0.7442984650230215 0.6302394877868712 
0.7243082103927302 0.6655247618439306 
0.7438046835663826 0.6305251884461344 
0.7343610531580776 0.6376270372402049 
0.7162082992771754 0.6452846798416959 
0.7315242158187053 0.654438147141801 
0.7325726634077437 0.6483510367272585 
0.7609951119937346 0.6545072831597252 
0.7325157045655744 0.6364880838482915 
0.6599379498875825 0.38035589948837745 
0.6496668740539514 0.3822884819339207 
0.6833127832204554 0.35732008334050064 
0.667296986466001 0.3592787619665275 
0.6604916777442337 0.3709917277647211 
0.6770468956089731 0.39304108215858324 
0.6835082482024247 0.3477154788330535 
0.6654907438431426 0.3435526554791392 
0.6415502186782284 0.37390121941892673 
0.6596265724151913 0.3496163511003339 
0.19554271353657746 0.2321393524347934 
0.1926057560465262 0.2504557137514508 
0.2221510271093156 0.2279361839874608 
0.23650092474079226 0.25923007320629365 
0.22606898375577666 0.27269454709529006 
0.21424088307492725 0.25258778038254115 
0.23320513793504896 0.2712256942007862 
0.21818842790912502 0.2641857494919165 
0.1951083979449868 0.2269915228863296 
0.22740066137204729 0.24319622075682013 
0.6078981960832662 0.7503601051234887 
0.6382836541082274 0.7263256566226539 
0.600894285498036 0.732653760211647 
0.6149162560336896 0.7336695322701964 
0.6028315225722393 0.7334973220784524 
0.6000183011440406 0.7206423526795063 
0.6093140488085464 0.7599328932827619 
0.6321712320048711 0.716388550115584 
0.6277763104883781 0.747595714486431 
0.6241782562905964 0.7533462984949467 
0.05283965460943268 0.9708419861991794 
0.026264846332840645 0.9630999539693258 
0.04498011171289588 0.9869740488704837 
0.06608700241513538 0.985470446860704 
0.06450895695813216 0.99 
0.032608683243345024 0.99 
0.0591282695186386 0.99 
0.06646967167486376 0.9836955618987779 
0.04430342539499674 0.981992326578953 
0.04825572330643949 0.99 
0.8513345565441651 0.10311525757881473 
0.8184794254199423 0.1334068610571128 
0.8169625522325022 0.14797598378766852 
0.817100203184405 0.10511720838426582 
0.8240771426926468 0.0999500061777934 
0.8336519388999178 0.10590410150576257 
0.8429434775265874 0.10782487586302622 
0.8517124295323548 0.11242784626087987 
0.8097380405494962 0.1287943660256294 
0.8430470360742232 0.11503536044341722 
0.8317093473287344 0.20853533229458832 
0.832709096668135 0.21239735814526878 
0.8056797745631649 0.21885190622440504 
0.8283007597430334 0.22640112844852178 
0.7965123349741859 0.24410251411108289 
0.8256899174897997 0.24246147666054718 
0.793538382649011 0.2342577825505786 
0.8333586654422143 0.2087105097883161 
0.7886699076800628 0.21898212482204538 
0.8332463073660377 0.2431022416530254 
0.39990500895829867 0.5327969977311524 
0.37941140383866406 0.5420379031351056 
0.40915000135249624 0.5418047837753829 
0.37708618785645837 0.562069416842001 
0.40074670921715216 0.5234135228194707 
0.38457747608097637 0.5225394945701266 
0.4094893066563565 0.5624936400251846 
0.3919057087471629 0.5543585340032274 
0.3978797364585255 0.5286359679276595 
0.40281361095894846 0.5307652179482109 
0.031190212787935746 0.11842991220681047 
0.0385845626992245 0.1357674267404837 
0.024388653319392245 0.12388767633157238 
0.030547902690965162 0.1160727758608524 
0.01 0.11753169400644525 
0.017923413116650456 0.11720344868979775 
0.022235779916507166 0.12654478243479678 
0.01 0.11720545416400674 
0.010924476357277606 0.10409947512657934 
0.045119605330961945 0.11850648190901175 
0.7135164858371618 0.37825697056274576 
0.7418278245686429 0.39590630903280555 
0.7386237000202639 0.3776636596149022 
0.7101251642575604 0.4004567629277403 
0.7354541237789195 0.38316658189893593 
0.7138173396791248 0.3924861863383774 
0.72741312367742 0.3975391811911586 
0.7059859914518551 0.39396578695541473 
0.7286525501005982 0.41073375276135776 
0.7195270504962711 0.3864909541935784 
0.7698650718025133 0.8841222468109327 
0.7583007603354678 0.9106720544459115 
0.7780851279224792 0.9157784736268231 
0.7429057726005662 0.8898522047069742 
0.7454904018538757 0.8796498725696962 
0.749349719395293 0.9070321243968823 
0.7694395094666595 0.9114886697977226 
0.7461019989493167 0.9058496200749323 
0.7577396566319226 0.8936592109757118 
0.7870705188076631 0.9105226781820179 
0.17405898417547738 0.5044027927208178 
0.1397790399176319 0.5039888011994129 
0.17487627185248064 0.5209448982483034 
0.1730555686239655 0.5206353421051036 
0.13661060393165766 0.4919600925897979 
0.15739936222784118 0.49039548107176845 
0.18046494163247462 0.4905050415537859 
0.17753958399526837 0.4989373946032424 
0.13524476898126786 0.483358586773708 
0.1781802756990818 0.5021031654499017 
0.2284093327588876 0.4849443780508104 
0.23246211790328308 0.47707616100179806 
0.26252238659194216 0.48543132219290763 
0.22998108826614536 0.45917812333494257 
0.2478212641491428 0.4649027962636893 
0.2549730921582578 0.5001505854002034 
0.24210812604928347 0.47188214556930774 
0.26831645027558887 0.4613722210225808 
0.24840674989402672 0.46604602012871843 
0.2498993758376777 0.5054457108119444 
0.9655710159526252 0.5191628068964237 
0.9345646135637709 0.5404353730420357 
0.9579112826319947 0.5139418971221136 
0.9434741135568643 0.5121676661245611 
0.9517491373488517 0.5066100358738967 
0.9621796488056802 0.5124514107277574 
0.9531516649415495 0.5035826886657019 
0.9383328276710031 0.5325066680760343 
0.9619106964823769 0.5146105854546303 
0.9380704901790233 0.542589746509904 
0.04262629337323693 0.28015337353172537 
0.04738144318707088 0.2894362218280163 
0.034612833159075006 0.29034229566210007 
0.05667593301686235 0.28327994727925343 
0.042611384540852046 0.27413618732508654 
0.05419816932545375 0.31855399648421534 
0.054153773784675986 0.28814958544393593 
0.05159998355237808 0.3029161466763904 
0.04957083843369369 0.29755467624694376 
0.05652062238400073 0.3138711295012536 
0.6742529841758088 0.2837169056263595 
0.6695695359249773 0.30557109415245404 
0.6424383152325394 0.2806611083027457 
0.6495631566671907 0.3234665432236996 
0.6348373282226566 0.29628386067300366 
0.6634415692127299 0.30681323890871615 
0.6620691839291726 0.2882158015212553 
0.646314785671319 0.31004709921030327 
0.6445799012692723 0.29864272260038993 
0.6319064335519275 0.30885256957541357 
0.28814442236447313 0.5820751778558914 
0.278440317348412 0.6125602538454396 
0.2633352196279474 0.6023448641228628 
0.288826040244315 0.5853430778364938 
0.2665485133453256 0.5704340207746122 
0.2985335036641729 0.6080685773455572 
0.29499231217923855 0.615421117784431 
0.28912390401710164 0.5808654308527393 
0.2707294346778246 0.5980303084392602 
0.28417897958678634 0.5818416814739956 
0.16559072175453315 0.6885050640422647 
0.1442167307325986 0.6522013349439938 
0.13330477314979527 0.6595867568223892 
0.12866889789497926 0.6715275880134733 
0.15631858182784494 0.6997391192917916 
0.1433933132369288 0.6534575729072324 
0.15952689948288698 0.6812989031551537 
0.14826730845532382 0.6674603531707488 
0.13979725403108198 0.6587288026852759 
0.16363548330579875 0.6835152754571145 
0.6968673871393398 0.854218954446717 
0.695567554114476 0.8659133581190301 
0.6833024730061872 0.8850219643439587 
0.6940024300804042 0.8616041968059508 
0.6985259105530688 0.8635148303092421 
0.6895333817871342 0.8577382067868827 
0.6883196297177498 0.8863596188587838 
0.7111604891226062 0.8489230133782979 
0.6819459321107342 0.8743404949495991 
0.7150384793248967 0.8501899696568075 
0.18352873051073246 0.7696895008088226 
0.16730280584960391 0.8003467852552368 
0.15903636805591248 0.7722586615031002 
0.15212412550632848 0.7994981895120319 
0.18433457241010706 0.7894348772796309 
0.17115343680150902 0.7941417463786352 
0.18053761718659606 0.763157545559405 
0.15572488776507662 0.7881229494037646 
0.1703711796555772 0.7631228054036397 
0.17377243566225525 0.7596909166586083 
0.2527551177747422 0.036018356837614965 
0.22676474775075187 0.020956392537502425 
0.238896829279031 0.026266224423029727 
0.22725843807150117 0.010527320343795131 
0.2441596903260757 0.03044301181251171 
0.22744954343019336 0.0273227711260543 
0.22239567620689507 0.02127183854465616 
0.2530515807545048 0.04624706769690475 
0.256178731012307 0.04874927949908157 
0.2163092938618439 0.012643962149615582 
0.5809480552074152 0.9416392542317861 
0.5843458951532494 0.9867507735323552 
0.563493070915944 0.970714334960099 
0.594126869837068 0.9629709750614855 
0.5698755630806226 0.9636812364890461 
0.5623523003558071 0.9402497285690311 
0.5749236031241876 0.9451593472459091 
0.5871754342114466 0.9407917701144695 
0.5721545898161917 0.9762755369105915 
0.5917904687647084 0.9745774279590596 
0.8651081005411089 0.3957399205897805 
0.8729794450046944 0.38894521028200285 
0.8737336659542687 0.3827369760034135 
0.8902695384828896 0.38461104685998354 
0.8470048563102878 0.3778053290093354 
0.873426964310318 0.38545274738461005 
0.8717130945370919 0.3875118714149547 
0.8903521652560391 0.38601760459015944 
0.8641174604455857 0.3889692221735215 
0.8829240231497916 0.3667466019617824 
0.1009906929866338 0.7379783982606455 
0.1153242835191558 0.7500254470241391 
0.12717493476614494 0.7393821242192009 
0.0956860432106578 0.776227349034508 
0.1201427555041576 0.7687951070204744 
0.14131502046127017 0.7555514481537756 
0.1025725840693659 0.739007117881933 
0.10968776021713109 0.7286804748974985 
0.11916363574859867 0.7474810449649616 
0.13557352476755724 0.7614625661368561 
0.9232695620490882 0.011474608499236982 
0.915782862538658 0.048849854839577725 
0.906605034732317 0.0565490931051209 
0.9280344084369797 0.04762887302149696 
0.9286888809493716 0.013990072990545003 
0.9418317745647896 0.021223060127220354 
0.9422029657026343 0.03628832613434207 
0.9018164067151468 0.03690801191003816 
0.9384978281965185 0.05784156219531442 
0.9171314654951525 0.023493619576511082 
