0.8536492709642264 0.7801777182710071 
0.8598156526692202 0.7776852245598823 
0.852951312731502 0.7786101646106462 
0.8531949364652779 0.7823232821142457 
0.8555711547983958 0.7779108004893706 
0.8522921505002693 0.7784612661856616 
0.85275737039377 0.7785712840762404 
0.8544416617123036 0.783521981092207 
0.8557204194524063 0.7793896410632564 
0.8511319740076776 0.7826508476164743 
0.35823468371426387 0.359694017052596 
0.3565822282100189 0.3564204067572582 
0.356270185823274 0.36061777917584104 
0.3629630535209091 0.356010088930884 
0.3650876939666733 0.3641713323568047 
0.360783009700215 0.3611364225807715 
0.35595718291710315 0.36080958448470046 
0.364914403661062 0.36198924675251676 
0.35800295775666746 0.3582428269052567 
0.3617852685190585 0.35890339770389323 
0.23519865249975194 0.7509185601181281 
0.2366710785170409 0.7525824800657923 
0.2368348461422177 0.7564011694766517 
0.2393477266304891 0.7522029875972053 
0.24000163381099435 0.7590401091032619 
0.23554472743299848 0.7531703715295346 
0.23745044128389728 0.7520012105324513 
0.23154748516196874 0.7588356709102859 
0.23525933557756357 0.7546365556798492 
0.23980115329754917 0.7537629353699945 
0.7206842129332681 0.31744215631916617 
0.7194092140347117 0.31394890250933505 
0.7125308408417665 0.31887685053355375 
0.7184904699360527 0.31956229098882116 
0.7122654727725036 0.3204084980325436 
0.72150883589924 0.3161621798996859 
0.7155312685780558 0.3119740104438342 
0.7184786365310689 0.31614916959215233 
0.7182915074063461 0.3204507989328067 
0.7179293521783742 0.3135373251958847 
0.07427663351993165 0.0811158138153449 
0.07644656064541232 0.08496626073220377 
0.07383953962514012 0.08787251549388382 
0.0765731055440947 0.08404668123767634 
0.07634605829956571 0.08731443722543494 
0.06993829226373721 0.0818035403622385 
0.07417849434765142 0.08403420333078171 
0.07278046051827491 0.08140256279074788 
0.06961901204815955 0.08678440486195094 
0.07304899079449301 0.08826147047003904 
0.6719223676609022 0.19414280054313796 
0.6708699209859516 0.19581148244877958 
0.6707047988132824 0.19219953405244528 
0.6723659224708949 0.19922270164773648 
0.669850440122668 0.19563384915341295 
0.6715344673415823 0.19973171864248404 
0.6720528285047614 0.1907206691738938 
0.6706508704129385 0.19314258154777636 
0.6678548428807892 0.19521837919225393 
0.6643960270093183 0.19130872396386464 
0.5114429668369377 0.6532206701723191 
0.5132434642874615 0.655070488511743 
0.5197891077871265 0.6594523006213032 
0.5172552220744234 0.6509976051061553 
0.5169372604950127 0.6550973537029098 
0.5153958493695051 0.6594292280033683 
0.520538075915392 0.6538900112729856 
0.5170067148652545 0.6532694938143117 
0.516168068584268 0.6534573842286214 
0.5131440090339783 0.6577099610108035 
0.9035435195722535 0.4906130568303961 
0.8997101671850398 0.48735207627816346 
0.8998436641802148 0.48967891818864057 
0.8995495050542243 0.48873762968993095 
0.9021025673093439 0.4896367869980821 
0.9040000766745246 0.4939361124217166 
0.8956868328796455 0.48774753770057516 
0.8984444808535478 0.4883191575990533 
0.8989012972355152 0.48888805463807966 
0.9031498693166164 0.4944510786499205 
0.5478673925809175 0.904199190203403 
0.5435382824240514 0.9060364914552513 
0.5492972599508377 0.9047182964282027 
0.5418663687759743 0.9003195767403709 
0.5462485479589486 0.9064956502314772 
0.542523142166487 0.9074221670479947 
0.5444005728181197 0.9069169185760708 
0.5482543894529657 0.9005651900055994 
0.5400987515849854 0.9098488353225499 
0.542562126600621 0.9019589933906696 
0.08883252321222454 0.4959960564543194 
0.0882265235673601 0.5036130586665939 
0.08622133315756417 0.49951513750027643 
0.08472700594493507 0.5033022099054603 
0.09315449298794798 0.49686094478659204 
0.08566625291876834 0.5022808933839515 
0.09160654020041098 0.49514821057518793 
0.08631434258969571 0.5044107449171109 
0.09140664169222043 0.5013027293214501 
0.09370655751275174 0.5015044404951483 
0.888872623867519 0.11944707581184967 
0.8974287360264434 0.12403094061084488 
0.8965097376071455 0.11896043565358123 
0.8946766593822119 0.12400972703026368 
0.8908132584779009 0.12660250786968785 
0.8912581067716818 0.12653406934166184 
0.8905708721817985 0.11957339129265195 
0.8982384943340781 0.11949343906611286 
0.8902894051981186 0.12325699490339773 
0.8911288674662836 0.12434949006826304 
0.3876831723963715 0.13405683668118015 
0.39161290229279566 0.12960333463443555 
0.3910882904192688 0.1294934086743068 
0.3893385029973079 0.1330360843156043 
0.38940629501672247 0.12819767127631912 
0.38688638927402536 0.12680070176237807 
0.3931215706931858 0.12707285766336596 
0.39344204788115317 0.1279754001678158 
0.3928933443145976 0.1316920239744634 
0.3930848806055841 0.12657606114237321 
0.32911026301266433 0.9030663532048016 
0.3244136616223238 0.9085500556873389 
0.3207093243839215 0.9016555376483344 
0.3260727148239302 0.901996140625439 
0.32074811779302015 0.9068245949496881 
0.32036731886557407 0.9029349247674842 
0.32713563072708435 0.9057101343945649 
0.32156470223470124 0.9011302032247119 
0.3220872784173907 0.9086865023707149 
0.32039452372951177 0.9045743994984534 
0.21106938364899688 0.20251450503536586 
0.20613642328794962 0.20489960712054708 
0.21192164920068482 0.20600370015516736 
0.2095954512122933 0.20698979735492806 
0.20908720467812292 0.20431907091250473 
0.21158305176318415 0.2097444767647095 
0.20614500870843175 0.2047606992071345 
0.21380031503662228 0.2079392362284064 
0.2117219542114483 0.20282658879110393 
0.21054156340178873 0.20849455024413435 
0.1307232511545099 0.9772967244376546 
0.12919228178470873 0.9787541459593915 
0.12468283467583145 0.9771671451756803 
0.12337843913071064 0.977574967929448 
0.1310644851705261 0.9822280942644696 
0.1242501169334427 0.979034522288878 
0.12334173907725604 0.9831484605424605 
0.13182172424202568 0.9796426364852027 
0.12635821976134617 0.9817834600513765 
0.1271238520087859 0.9822463136560143 
0.7061239251430139 0.7055898630988364 
0.708777894181902 0.7136077564696989 
0.7025819243869574 0.7106964786425821 
0.7064582452121779 0.7111438846976156 
0.7029038800928673 0.7041810441842126 
0.708083362469642 0.7063978858770091 
0.710816297795261 0.71315511351233 
0.7068212411144665 0.7047443040737671 
0.710455610358752 0.7054307398103025 
0.707132798509395 0.7076916852363819 
0.6151641200204524 0.6131747554295931 
0.61677078715908 0.6107052057316604 
0.614005666867996 0.6097048029920675 
0.6094879817735389 0.6110767101473664 
0.6148385414828844 0.6049946647036454 
0.6109322637244624 0.6097550725131431 
0.615119025776866 0.6057238147041794 
0.6181917361026708 0.6124826849915981 
0.6103667067705975 0.6079703897104237 
0.611390596180241 0.6114744475307327 
0.07125520778698996 0.7107307885781495 
0.07338024153340272 0.7146085778141654 
0.0650677762211028 0.7135589859099577 
0.06961750699962671 0.7096392801696072 
0.06842954524596342 0.7179072051641066 
0.07164662840022122 0.7139839408764698 
0.06713704719238973 0.7161972449497169 
0.06919790311276247 0.7143271377766732 
0.07099061387012134 0.7147846034043565 
0.06593045595623456 0.7191051303783996 
0.32742012167880064 0.5270633358339429 
0.3212695824080365 0.5303776319666796 
0.327369209616543 0.5309695648417114 
0.32696149814125586 0.5284462324280776 
0.32751706332823166 0.5269273275507856 
0.3272411627531192 0.5275044188955448 
0.3228679117311952 0.5277165539026175 
0.32179100136097205 0.5265818479642004 
0.32907931018033215 0.5262651826799755 
0.3226806968791194 0.5327493312476443 
0.5565911504326988 0.03553716055333238 
0.5600182013911372 0.03466753953238233 
0.5611924001598648 0.032767943455879085 
0.5595702818474255 0.0324111238677404 
0.5587800728758231 0.039995553526947954 
0.5620060491240059 0.03360286846391813 
0.5564554699764486 0.03712881914144431 
0.5612190948563762 0.03449435395512875 
0.560885189556726 0.03349542687345217 
0.5618806541611536 0.03620755546910834 
0.9045102843825166 0.9525632270406363 
0.9119275096321735 0.9517818370141531 
0.9079256506594136 0.950986436529839 
0.9033978652879606 0.9568722725980877 
0.9051547900856388 0.9584887442055544 
0.9091503099242632 0.9562030705761531 
0.9050360962969238 0.9526888676913887 
0.9085732801689296 0.9522653575694126 
0.9036128599025488 0.9545869450993016 
0.9080318983235206 0.9577515057095403 
0.5580523957760348 0.4611982929001817 
0.5672678812276074 0.4635958617157328 
0.5633079543743206 0.45575606198768953 
0.5602597464784059 0.46538276202989803 
0.5589392177326827 0.4612073092526425 
0.5590493701374198 0.4622369368924601 
0.562118740526086 0.4565640695158955 
0.5610230087131568 0.45781690370028927 
0.5662469089959811 0.45693888358288826 
0.565967490085545 0.464044159708741 
0.673800836973928 0.9070371133458381 
0.6752826621310836 0.912078620646879 
0.6730697103788051 0.9101127645801868 
0.6746975451102778 0.9118049274548513 
0.666717029129465 0.9051948995837752 
0.667546994309636 0.9124020454523031 
0.6671967513719845 0.9073768656558026 
0.6747274643976405 0.9131442870915057 
0.6742461741096817 0.9109052839995377 
0.6682229182708093 0.9083661771252634 
0.8583889054085863 0.5683986158606645 
0.8592670404499329 0.5691282517090411 
0.8586504332437404 0.5769849441860713 
0.861008925846143 0.5716254903705027 
0.8544053918510941 0.5762890974915085 
0.8541981025424824 0.5730833349681077 
0.8611357657244989 0.5694071737317867 
0.8589106043969068 0.5707032739840862 
0.8582218172693126 0.5678706445921003 
0.8562523365952068 0.5688160189364199 
0.5431222687754227 0.2492228711651361 
0.5407460195545293 0.2528055198232652 
0.5430835586784538 0.2543198813444944 
0.5410700186163804 0.24816970728090956 
0.5368553000083672 0.24813301709516247 
0.5372816958670545 0.2480189591618241 
0.5450947165658641 0.25011985237210993 
0.5367827674228618 0.25152634442096344 
0.5372038355020383 0.25720174893419784 
0.5423385219130764 0.25295360851934817 
0.02582552282730173 0.22454702873009125 
0.023374159204470977 0.22609226849206412 
0.019412421478228973 0.22163076820605937 
0.02440074480672675 0.22204382585517535 
0.020569093607430162 0.2224979667959329 
0.02557856877647295 0.2185148755261527 
0.02314901108017509 0.22625528303252612 
0.023223761209120675 0.22478731422558415 
0.02043395803646404 0.22720977275718157 
0.02762773664633716 0.22635624300798218 
0.7537225627838089 0.04587416087761564 
0.7555363188213027 0.043123302942992874 
0.7534680989153816 0.05244143818062572 
0.7569605807103117 0.047646979958774184 
0.756748175774725 0.04436412129182363 
0.755361626145128 0.05247354493820129 
0.7558553347342267 0.04627572782669531 
0.7595304201932507 0.04672449542654308 
0.7596997172999892 0.04435878991363787 
0.756731025875257 0.04643498571931193 
0.30339869749226905 0.022726017395225555 
0.29584867689418404 0.021764134339185826 
0.2993192930524412 0.019651498036555703 
0.3011030565831411 0.02291614298993941 
0.3016059766308901 0.018917540549600875 
0.2971260255050738 0.02141337360525196 
0.29960292339094174 0.01808858696328412 
0.29638764315564703 0.02185502041819249 
0.29536024809978756 0.021518867989337474 
0.3029238826692187 0.019249131289916562 
0.13340322808898497 0.35773149534784426 
0.13450289037287919 0.36200633690515727 
0.1274514265970336 0.3633598279957293 
0.13221554512037678 0.3544864564261948 
0.13013475798507917 0.3566802779962543 
0.12973485064917223 0.36118078571683937 
0.12775620060441434 0.35914683237056794 
0.13193423104043037 0.3542212480537709 
0.12636601656728022 0.3629127118796148 
0.12807366339134313 0.36263838431709267 
0.8111350200227212 0.28688117286606457 
0.8047254864358648 0.28479731185772683 
0.8095347039208957 0.2884736033800592 
0.8110307934795641 0.2870485388837352 
0.8073883786516843 0.28886108275178557 
0.8117709497515726 0.28621463553632503 
0.809450179976151 0.29298161226214176 
0.811185470686648 0.2913182995387592 
0.8037072388063998 0.2865585640329988 
0.809692892579916 0.2882432456544189 
0.3079767555729954 0.6710941888977413 
0.29984200201327155 0.6683021985287476 
0.30131617779634423 0.6752085534262968 
0.3054722017812261 0.6751200980211833 
0.3013390218172059 0.66635678715613 
0.30113373013195804 0.670103147161831 
0.30865235702615906 0.6704765274170553 
0.3021187950583053 0.6672450183498577 
0.30582446846489314 0.6755488349767171 
0.3054376644202487 0.6712171548258331 
0.9695681535435489 0.23522385670002943 
0.9663490841277794 0.23035932976758905 
0.968809349142457 0.23410369363918782 
0.967411907476416 0.23315420487869726 
0.9632984540768297 0.22977554297421202 
0.9680340024233309 0.23740765195728453 
0.9652797424598458 0.23101133818700945 
0.9647893103135001 0.23827924687767182 
0.9684779720011656 0.23840370313498865 
0.9687046282432914 0.23571238291796062 
0.07520746218463546 0.8513079462793204 
0.07576850603235422 0.8513108459112697 
0.0745002039758192 0.8494945326212202 
0.07592176619910528 0.859233316864986 
0.07499901175991568 0.8514854371917087 
0.07587224302617612 0.8587587176985473 
0.07393960803232076 0.8561840493020718 
0.0720016553920286 0.8552072869956346 
0.07548108585655167 0.8506068485633017 
0.07641179668169384 0.8516605954364237 
0.45559793663251813 0.7458130534575591 
0.4539668675932122 0.7473085436393624 
0.45533630747721415 0.7465569215028944 
0.462146552643655 0.749909134097715 
0.4597707122639514 0.7477592533514145 
0.46216623429373993 0.7537890135025924 
0.4554115363274258 0.7486774564992595 
0.45620030126481814 0.7470032737186932 
0.45772588531699493 0.7535565424555445 
0.457417433058158 0.750939270637351 
0.94733924280084 0.7598395502860873 
0.9516308494058008 0.7528114430099269 
0.9522827098534534 0.7613041945489545 
0.9558252989240181 0.7585375743242088 
0.9499332671949436 0.7529339544997393 
0.9553065613562643 0.7573634005120317 
0.9481553444498656 0.75348835848768 
0.9567867529577632 0.7611282091632083 
0.9532921916771716 0.7596600312359759 
0.9568113341288174 0.7623151316786053 
0.300933515983439 0.2932684491727968 
0.2961627410220513 0.289619069028838 
0.30071188353115963 0.2936552860742667 
0.296089015301778 0.28991882304127575 
0.3001460321031926 0.2916311956951151 
0.2969382055796811 0.2889916570081222 
0.2939191984877594 0.29297284575177684 
0.29804509258399203 0.2898339728935494 
0.2979746987964853 0.2955958867821457 
0.29398193687688784 0.29736467759267826 
0.19344281399628213 0.44328941634002833 
0.19252715046042734 0.44191375127595306 
0.19159293125143625 0.44045032157841574 
0.18880449496613363 0.4350772657773927 
0.19150175495073915 0.44093353232986005 
0.18803282161531504 0.4405294541021132 
0.18792725617256936 0.4397727869878585 
0.18978867809431632 0.43844007654091005 
0.1880984163561218 0.4399597860239372 
0.19320441186783896 0.4411982409535706 
0.7876671829218905 0.44007299697078667 
0.7865998448329922 0.4402238959088968 
0.790062935679737 0.4430427626553396 
0.7889311513808335 0.44063189910389283 
0.7884214992200441 0.4446065182702691 
0.7883082274946759 0.4382473335811858 
0.7866985412069833 0.439971712852551 
0.7931768944965054 0.44645474851011774 
0.7864413809336593 0.44301796311930247 
0.7949051264561791 0.4431219676758306 
0.49812198239191274 0.9778910060781902 
0.49809451192988985 0.970626819129978 
0.49783889426525396 0.9722199394685713 
0.4943176973197673 0.9742765738866287 
0.48861105439327124 0.9778016902242255 
0.4936643155724729 0.9754246630181523 
0.4976863582297514 0.9800636672003836 
0.492394048697755 0.9776302897758173 
0.49834878679904715 0.9751337261766865 
0.49840913472611875 0.9742654697094764 
0.5870926644255989 0.8305567051839283 
0.5896129161346358 0.8262887868646803 
0.5916952125480682 0.8264831856071402 
0.5843619864749772 0.8262182581168424 
0.584737760948084 0.8302337916884477 
0.5897100005534874 0.8306387395851634 
0.5900701500492858 0.8252245466041429 
0.5839524859534965 0.8252507003041207 
0.5876079739363453 0.8302368402263449 
0.5911945935265843 0.8329507941276363 
0.7455624199416594 0.5709990120031128 
0.7536413291699033 0.5685925595641365 
0.7506680871220001 0.572831466043163 
0.7498873142271716 0.57136691969959 
0.7514600396584433 0.5697422869615103 
0.7524234153540853 0.5702496394609925 
0.7493537776851982 0.5737933400390696 
0.745999457502791 0.5719009625912186 
0.7496701231114311 0.572689811717258 
0.7494499822217616 0.5726809198999547 
0.08856199473174074 0.6189212031581008 
0.09598861121813339 0.6226946916815365 
0.09465708412559659 0.6235847877706421 
0.09474513265891751 0.623499436176713 
0.09587398463191653 0.6253406927591747 
0.09288144942229658 0.6273593082924046 
0.09519251535984623 0.6212522396484976 
0.0895232215476452 0.6234174935657056 
0.09677285665822609 0.6215661705700174 
0.09622625533792181 0.6236137736559975 
0.43606652604940344 0.4853581515875192 
0.4364962201423793 0.48004601169338185 
0.43662497994966654 0.47765129883753293 
0.44180681515315456 0.4780521175435883 
0.435667456250454 0.4857111714432756 
0.441369631341697 0.48125881262068 
0.43821624151537786 0.48246856505172697 
0.44392953242400157 0.4802625162354309 
0.4423274617347849 0.4862577275936042 
0.43895673785493583 0.483827464446696 
0.99 0.5656639363621543 
0.99 0.5687696504875484 
0.9889645350937222 0.5631031385679345 
0.9872332877467224 0.5617141185102896 
0.9896861835517359 0.5692648335494775 
0.9879602061044328 0.5650085526526852 
0.986982471853143 0.5621864814671637 
0.99 0.5639836321700811 
0.99 0.5699775078337167 
0.99 0.5643332516187857 
0.23935588365335203 0.8863726349190882 
0.23994046092090135 0.8865167142024172 
0.24244973080170723 0.8884456117463245 
0.24076188995809497 0.8871172632644361 
0.2422502745446986 0.8959665561376405 
0.23811468937193933 0.8870955945499274 
0.23773746393747233 0.8873114899324218 
0.24097177838841044 0.8959439247208583 
0.23908608952708715 0.8891582723947061 
0.23491216790744304 0.8898425619185643 
0.9366236198451161 0.3626525254643767 
0.9282135370299628 0.3725136723864431 
0.9354343957861134 0.36407179771081705 
0.9336588462561412 0.36337209623567385 
0.9323119187543748 0.3716696024493614 
0.9307002853481272 0.3700552636445701 
0.929978813421615 0.3665820771902094 
0.9304248331003832 0.3658745535475739 
0.9305018546041935 0.37228642657789873 
0.9283699178711088 0.3640510697487045 
0.4650991163234597 0.31019875494121435 
0.46773358008687893 0.3131261795290928 
0.47129638722737355 0.30613469256648895 
0.468635953058532 0.31501928077158986 
0.46744395652699566 0.31217594776355506 
0.46796360259117864 0.3126084891099016 
0.47027207141969024 0.30654301185248156 
0.4681799444611148 0.3053417235456367 
0.46358522818431047 0.3141057182781194 
0.473126134200422 0.3056514165026365 
0.5098589292853815 0.08215848816281004 
0.5045578637779589 0.08399246582384419 
0.5097555111692841 0.07553304715048932 
0.5096243624884704 0.07644197467263099 
0.5098425284864297 0.07829882036713634 
0.5032928574772423 0.07726114036392027 
0.5103457068142853 0.08455531302193611 
0.501325237253524 0.08271971736722893 
0.5085536182939078 0.0773135524174547 
0.5060513845971798 0.07558522359857049 
0.31156366682141146 0.8524289736484609 
0.30756490809861664 0.848480545340624 
0.3099715798254359 0.8515749629747503 
0.3102526210218694 0.8442509502234162 
0.31321984679246434 0.8451571529895302 
0.3086967158322085 0.8434954013946921 
0.3134388345702708 0.8504986845383653 
0.30747414293139186 0.8474704150956857 
0.3084105986725561 0.8492976044683106 
0.315899690722062 0.8429247671598972 
0.8827719105791658 0.19250041162468312 
0.8808073238796152 0.19957942299975268 
0.8759288243088287 0.19370977176805174 
0.8804448854705653 0.19521233323244222 
0.8759004219557662 0.19547284865597678 
0.8835206281082681 0.19584409471851383 
0.8852183086027894 0.20135828820161492 
0.8833568795215423 0.1936152382380496 
0.8814619980942187 0.19499605741442746 
0.8845277098458029 0.19771723619775644 
0.38444789120759654 0.29849145425520596 
0.38449625994465775 0.30567304074933827 
0.3816130406972131 0.3005245305850509 
0.37751296949897156 0.30139378884107904 
0.37640702987749575 0.3058711702907072 
0.37612359393432615 0.30168480996980895 
0.38017608129190983 0.29985226698013523 
0.3792737647178585 0.3059977498368449 
0.3815729109245941 0.3077127380067318 
0.37625064436188027 0.30038424995056534 
0.0994267943342746 0.22925323331965025 
0.093769432618055 0.23285185901518266 
0.09662703204887318 0.23218987111007175 
0.09462275011240168 0.2302550664167954 
0.0991971259642707 0.23483056854505246 
0.09383315771864698 0.23480685837042117 
0.09783822277781128 0.22840381940374083 
0.09185212602336153 0.2288097715615626 
0.08976320899053084 0.23255079757234978 
0.09522748769485258 0.2283752350292239 
0.8020515080810812 0.9745563415867589 
0.8003524331955285 0.9689454481339181 
0.8008200849177113 0.9686086497780124 
0.7996704526148155 0.9690623387061541 
0.8001127093604078 0.9758302532066055 
0.7975295585329233 0.9736885325650542 
0.7927909331903114 0.9695784042385875 
0.7981512166584757 0.9744927977391492 
0.7938407347901725 0.9705992702864868 
0.7997528610685221 0.9769582037047176 
0.917496873207662 0.664975048069304 
0.9213184848980402 0.6680470483417449 
0.9158343888979513 0.6695756807974587 
0.9199848793723323 0.6685551249988486 
0.9159428524123101 0.6690742215387215 
0.9139261883623718 0.6659484428044419 
0.9146062636597805 0.6673527845212224 
0.9188053532584303 0.665013746644433 
0.9173106479721448 0.666545458867862 
0.9201192974800056 0.6664981345129085 
0.4410120081949309 0.9147964898553065 
0.443190157503258 0.9105287138955791 
0.4450707736464736 0.910581673069889 
0.439790906403442 0.9139036554137269 
0.44124314767563855 0.9148859376823939 
0.443398828740234 0.910733667558039 
0.4386527359773986 0.9140583074820592 
0.43850043542868444 0.914799719361868 
0.43987177679647915 0.9109372974741319 
0.44477781394089394 0.9144973407095635 
0.3653673636048326 0.030147657915313743 
0.36909429140916744 0.02249810952584967 
0.3623881612057734 0.030794097063332887 
0.36971968146037226 0.03144647365408579 
0.3621852443656959 0.02695261386199045 
0.37101395390159114 0.029064916874088322 
0.3646524565855157 0.03171344933229124 
0.36902050404830494 0.028989751286692938 
0.37121834997748304 0.02537783267513751 
0.3711648570994147 0.024091755721362695 
0.44900463871109575 0.6700331453308184 
0.45212781939419244 0.6686510325538668 
0.44746671595906967 0.668003278036169 
0.4472204236182778 0.6725474432923435 
0.4466799785866835 0.673187831949518 
0.44775352376687866 0.6685669339164103 
0.44633023406288813 0.6691359542929386 
0.4492123272727028 0.6690359826344131 
0.4454736886431765 0.6673606242560834 
0.44825242076675137 0.6710621353473047 
0.6253711655223231 0.49122404406395404 
0.6228535575472707 0.49816186399381074 
0.6217733332510847 0.49495144199736363 
0.6171614887858006 0.4912023292606663 
0.6264099845761613 0.49476501110066934 
0.6222807773642648 0.49881847065566814 
0.6267091961189111 0.49469260441951457 
0.6246853447798782 0.4977052918871002 
0.622904502341896 0.5000810829014405 
0.6221254467369011 0.4907225827315028 
0.9585451105604754 0.10128102570294356 
0.9657189087772677 0.10858591831578626 
0.9581446997414045 0.10840030541541214 
0.9635370628493405 0.10074975922471414 
0.9578581961812459 0.10722722320349747 
0.9657154520354613 0.10545333198000133 
0.9580129824403323 0.10722206428430771 
0.9576940843029295 0.10574268858715177 
0.9635220044348719 0.10775252752316972 
0.958479895510513 0.10484051066585112 
0.17727695523208484 0.09599540661788879 
0.17487645992312043 0.09671693295050028 
0.17667260742957633 0.09638189445091092 
0.18014269664252078 0.08968315126646655 
0.17206118248529179 0.09530492563943761 
0.1767638102496982 0.09241154158692541 
0.1782415855137488 0.09622818407487672 
0.17937636817594196 0.09217802919605049 
0.17163771722124777 0.09366337378481489 
0.17616276727721714 0.09397366787183835 
0.7315231678133944 0.7941440869046835 
0.7346884022918814 0.7884321553952067 
0.731729401016798 0.7864654478327076 
0.7352173051136741 0.7857983343149184 
0.7283717557384276 0.7888301175674124 
0.728931645772305 0.7931783067316288 
0.7315415002330926 0.7914422812444785 
0.7319234255127658 0.7938887766632308 
0.7294947699973459 0.7875396142981812 
0.7298483342024032 0.7917547446538579 
0.6343312241525265 0.09356133001856069 
0.6430671793058048 0.09481472760450738 
0.6399676692020422 0.08972283388384952 
0.6381168915508383 0.08759124989257257 
0.6378175352455434 0.09266886003889357 
0.6349780462188619 0.09132506042014915 
0.6396674571178218 0.08938214550010254 
0.6396731807386009 0.08922406055928273 
0.642136345253504 0.08706874981960837 
0.6427031506676647 0.09116794859567223 
0.021845740436637503 0.4044283774271799 
0.015652047078785928 0.4070531771655793 
0.02401320844464569 0.4062288590129191 
0.018454860462568088 0.406073085803095 
0.024484271800483525 0.40884961299068484 
0.01902201267801789 0.40405297060598305 
0.016664926405662334 0.4017184692945844 
0.021863867155696652 0.4009474690914642 
0.022007504111304053 0.4034850958489163 
0.017705730107505455 0.40155341805310174 
0.30556370964283797 0.07100757304667937 
0.298900065417049 0.07482776471231346 
0.30163381528624433 0.0748201574997651 
0.29587422155301024 0.07130082468258672 
0.29770333563053 0.06995786028134002 
0.2966803299385836 0.07409994381680464 
0.2961972740330228 0.06749086885165552 
0.3047452717626612 0.07246340752605405 
0.2999091447351038 0.06792764964567476 
0.30448843596332337 0.07389856546143898 
0.3228897747299623 0.21254186096976427 
0.3273823279504449 0.20816665614357396 
0.32744161856871284 0.2099236364849849 
0.3247233626240165 0.21439731618118732 
0.3275807233906581 0.21576157601351995 
0.32463360413922304 0.21220851173256347 
0.3235964745574455 0.20679799433659032 
0.32985045347195757 0.20826544731421046 
0.3285603570106912 0.21258092937408624 
0.3320021916033303 0.21445367209667465 
0.1820576435897661 0.9370285871621554 
0.17351718075065542 0.9381978913721241 
0.176959293041179 0.9375268138458447 
0.17493024451228356 0.9319467175573347 
0.18205081251151015 0.9394570391442385 
0.18200236036289835 0.9347686926693645 
0.17997058000064584 0.9355246935721446 
0.17667353899032756 0.9345062685769217 
0.17330372575912983 0.9313475925706921 
0.1808661764794789 0.9323563131754647 
0.9781863760239319 0.03744990201944392 
0.9759104141132852 0.03384223322285801 
0.9713844014040346 0.0321989181919045 
0.9778817804940976 0.03901571123098017 
0.9766183959062318 0.04066864311175417 
0.9739280619005752 0.03303537635197683 
0.9728840130164648 0.03328967082910256 
0.9726147784622564 0.03462577152464243 
0.9792759636637878 0.03458535744912727 
0.9720800689433284 0.03991532261721495 
0.5556477056448292 0.12936742875552512 
0.54770825997862 0.1238044861621046 
0.5561878407006077 0.12986577877709682 
0.5529395291122913 0.13111984505667493 
0.5518570892252146 0.12331050775197076 
0.5545243817513648 0.1264535491605966 
0.5491175084499367 0.12874123043733365 
0.5568816055370801 0.12589351362143883 
0.5573554500796072 0.12764060437367838 
0.5503508487013796 0.13037671833068704 
0.9716510587628799 0.8654610054317098 
0.9686139124165263 0.8720138774223333 
0.9693845775840546 0.8625441369506534 
0.9726936941237453 0.8639175530658685 
0.971626993234804 0.8659684276498302 
0.9671216915291798 0.8678063592102544 
0.9721161024488876 0.8663393503248952 
0.966605790786214 0.8712052949254943 
0.9653632076987347 0.8649278812567792 
0.9692628447875328 0.8656626743970736 
0.8150858372170876 0.08059707112789317 
0.815149444613194 0.07377310061398791 
0.8194200889325343 0.08079096908924191 
0.8133137898583661 0.07767667359712561 
0.8154322936331487 0.0746394828314105 
0.8200743927565654 0.07964941681690836 
0.8150286895364829 0.07242282201277817 
0.8180740984051147 0.08020190770519325 
0.8138260005006133 0.07795448804896973 
0.8191885584269583 0.07563111024709337 
0.6248582838219519 0.9624195929275335 
0.6296932215635012 0.9630869513260677 
0.6211287899734008 0.9648867479024053 
0.6293909553345717 0.9660305427015818 
0.6266740065709467 0.9710417465753173 
0.6225180862825813 0.9665509398264918 
0.6284867208964399 0.9623239708103233 
0.6246707329768493 0.9664366295073707 
0.6200834846933055 0.9626768379339665 
0.6261432352341685 0.9655815409953058 
0.38364881636891746 0.9249685023319699 
0.3839694974067889 0.9323784196884208 
0.38004801330925797 0.9244503149805319 
0.3882270865669124 0.9312095298224893 
0.3832808671035624 0.9263752307785275 
0.3819648931880232 0.9255240196647082 
0.3860636541345724 0.9263368582053387 
0.38340396027831763 0.9281693509337045 
0.3835365453308776 0.9284996924949189 
0.3814076093907599 0.9263025717247859 
0.2055779501416787 0.3592318670491477 
0.21303881158314467 0.35811977393347255 
0.2088034649095694 0.36164763822717183 
0.20945996886428608 0.36174001005302125 
0.20499156899120144 0.3566888823385914 
0.21214426667130498 0.359762811418259 
0.2100956711843881 0.35859432588055046 
0.20868598866227572 0.3630906225341702 
0.20950148207177122 0.35822340288066434 
0.21096914482853465 0.3583595524135099 
0.033836870611810066 0.9352490155239939 
0.02477457893481056 0.9269432828080387 
0.02693066376343457 0.9302548870923378 
0.029220781196033004 0.931798980264907 
0.03309762141829327 0.9340709229506158 
0.03108476873659983 0.9271338690826493 
0.030131765458493755 0.9278737475042032 
0.025171088660887166 0.9321540485499265 
0.025737709437464 0.9341602910536103 
0.02964588285746682 0.9306994511443673 
0.14097228881379154 0.8077928865687414 
0.14049843629491834 0.8107656737942264 
0.14135433750862297 0.8165838132769659 
0.1349165918913766 0.8104005146483108 
0.13843507797720353 0.8157879842316512 
0.13709513093204742 0.8155854288195113 
0.13621400696533192 0.8124371974064164 
0.14118004280080193 0.8134284082960782 
0.1384821352110636 0.8110115257429027 
0.14121647385159425 0.8080625528947408 
0.48345871016683667 0.5940272466978618 
0.4925697990580164 0.586290887051131 
0.49069201262409806 0.5929371895550799 
0.49235035617119427 0.5853621852754001 
0.490105370428567 0.5913623436783206 
0.4903492243092334 0.5873162214654609 
0.48306035783291973 0.5908051432025434 
0.4902434367253239 0.5903753340904261 
0.4906322770139427 0.59140546657192 
0.48814600408249714 0.5908472307657701 
0.5515991709249876 0.5367045105808664 
0.5556989548328608 0.538142943053657 
0.5508611630923131 0.53519291899006 
0.5496586301745365 0.5391666712943239 
0.5471637998836609 0.5346191190777131 
0.5531420289947042 0.5386460459057943 
0.5543623229092421 0.5373119782742841 
0.5514578898897997 0.5305214891596716 
0.547780637394798 0.5383912369036357 
0.5558961596164246 0.5381070888736873 
0.6051615225789478 0.37860500189585783 
0.6078699819201195 0.37855483753842256 
0.6084066313246375 0.3762001346073422 
0.605548468412821 0.3786339324399838 
0.6085031946906442 0.37387959941329413 
0.6033624483965421 0.3766341300513304 
0.6033697931952603 0.3761403485380305 
0.6102512637254076 0.3795165356723816 
0.6033002606842183 0.3796927224475287 
0.6103441400687963 0.37335695102324573 
0.8399583572298917 0.9240959306159582 
0.8393727175588808 0.9318417385246506 
0.8380157841225134 0.9244767667274425 
0.8447251332687331 0.9248081508340854 
0.8404764909644872 0.9231960513720857 
0.8400859025727357 0.9325010152780874 
0.8433083574340512 0.9322283905442305 
0.837742071832959 0.9315407020955088 
0.8475076607990284 0.9272506033019412 
0.83815488074208 0.9263331958832257 
0.744458148814751 0.19244779493627656 
0.749710061231537 0.19578303950680737 
0.7424071500176366 0.19731274139591798 
0.7424472512157482 0.19606431590800893 
0.7519612878284245 0.193285047251685 
0.7522281026057936 0.19053693583446923 
0.7482472500810573 0.1951427515747155 
0.7464463091776697 0.19561630087380963 
0.7517849258509491 0.19624600655155938 
0.7432661536893765 0.1976936904859451 
0.80916742709888 0.3726655869370809 
0.8105915085315853 0.3660843266881544 
0.8182151791401111 0.373859861435328 
0.8111393778990432 0.37295344178131723 
0.8154652066341765 0.3752018246892631 
0.8132077865604257 0.3702163006406512 
0.8155011497929275 0.36869967517210617 
0.8134614117155811 0.37201530110516695 
0.8179879118682872 0.37216386915906935 
0.8135064933383384 0.3738366598974071 
0.038106227934543935 0.03181642597987186 
0.02911065296666289 0.0334523673399729 
0.02948393555375975 0.03661273421553758 
0.029810578428443427 0.031124806648598527 
0.03233788144492059 0.03651172157556525 
0.03834448676993631 0.034215015638853805 
0.031889178317191125 0.03311949833484987 
0.02959774793042958 0.031936384018752983 
0.02918427543885658 0.034017988007538996 
0.0354458475671468 0.038974689704916354 
0.5498150430084292 0.7510511680109705 
0.5470531072008125 0.7521785037363 
0.5493229953625309 0.7490933636426501 
0.5499711461262775 0.754095046674575 
0.5470073410651717 0.7467712389156813 
0.5461253490576505 0.7537642956955208 
0.5519860684187022 0.7558608854168478 
0.5534329900462165 0.7530347047657903 
0.5485005468510701 0.748129735152887 
0.5522205045761575 0.7546191774656044 
0.02889647996607162 0.7102140077752762 
0.032960116732386684 0.7128196246643371 
0.02561022578143732 0.7099803410135354 
0.026475681838194036 0.7163516572512271 
0.03206914195838198 0.7102022587014513 
0.026936314631768966 0.7116196779703583 
0.02740935887617112 0.711422943530746 
0.031248018955435854 0.711593531325606 
0.03379395372620848 0.7161127264334891 
0.03213071383417392 0.7152592400153572 
0.841620092244777 0.6736509110501481 
0.8387119476015149 0.6824836275587985 
0.8423703793111887 0.6793370858227433 
0.8446079808199295 0.673435754157117 
0.8377401779177462 0.6809853903615746 
0.8442300509691086 0.6725221946788825 
0.8403681641056999 0.6767245450589647 
0.8417251845348223 0.6774682888502005 
0.8381188337520349 0.6804971603760789 
0.8461409942836878 0.6787364925957503 
0.049404987364994817 0.5555659975779594 
0.04937066595333139 0.5531297651754548 
0.05380853145942581 0.5552368666709532 
0.05423583385012226 0.5564688416951544 
0.052940055244530326 0.5517674363865603 
0.051547652235501076 0.5505257596692585 
0.055265546005391054 0.5524886348038461 
0.04581794492411656 0.5487332195972094 
0.047567052981432906 0.5553980903695332 
0.04705736709260802 0.5562941745203788 
0.22072821482256016 0.5407637254363463 
0.22512304957008497 0.5439270238902686 
0.21956477705670405 0.5423427252812364 
0.21914977693089185 0.5430703720686597 
0.22512743746926733 0.5472108240026095 
0.22494928054081623 0.5449186679774588 
0.22856790259404416 0.5464298110970626 
0.22567858017703188 0.5380197017823953 
0.21991533017292153 0.5373722743427772 
0.2254907485597682 0.5419395914038483 
0.3693191870746132 0.6528668627323129 
0.37270749854225843 0.6513886743787947 
0.3642367763105076 0.652159268686409 
0.36933666187373615 0.6488291840734914 
0.36842951583372596 0.6464752903441793 
0.3649998622458356 0.6435064611025049 
0.37015869798271706 0.6460817085648047 
0.36423767921528305 0.6500096508434047 
0.3650738172283554 0.6481866088504763 
0.37221618022182085 0.6523184228651536 
0.17184386292431117 0.16375704126414953 
0.17753301194064405 0.16149825604567736 
0.17026729051746695 0.16334906209427996 
0.17502434018728139 0.1657869933163655 
0.1773432438100215 0.16147743525018338 
0.17223027759319512 0.1577455618273824 
0.1791171177775244 0.15959279284308875 
0.16958774273510988 0.1586762518670544 
0.17731138600211035 0.1657071295614751 
0.17614675941799982 0.16072351548189276 
0.6749578988920228 0.7547859803197057 
0.675067875076524 0.7541217324375514 
0.6757508944826631 0.7554991957295976 
0.6738514106379306 0.7625179686121676 
0.6710877318957479 0.7602789465670633 
0.6690194865842258 0.7561278762432887 
0.6748319855966785 0.754526517046638 
0.6755104866006882 0.7532413825190266 
0.6751332125543841 0.7561177895313235 
0.6730680603082069 0.7541317353928348 
0.9711339523095419 0.4560621259570397 
0.9666673990391755 0.4605884416035397 
0.9701867441672108 0.46059645559394635 
0.967380323520858 0.45989782396530005 
0.9705310682481864 0.4565385475444399 
0.9730339810504196 0.4602588018715393 
0.9687265814188459 0.4624872280968424 
0.9739710818492733 0.4650330860653615 
0.9733078831713069 0.4584573264351784 
0.9729388352396069 0.46244506146938996 
0.19916102544042996 0.7049243674766527 
0.20002801049447752 0.69823589257268 
0.20137756844544732 0.7007219418038675 
0.1979885066351251 0.6963276948739319 
0.1965806513530324 0.7010207436384835 
0.19947220431328416 0.699406571499829 
0.19550112444714465 0.70050524901513 
0.19853220942568808 0.702073191696273 
0.2008154043948864 0.6973203081714412 
0.19474073220445745 0.6971578758595691 
0.5962202657902819 0.1805414743384828 
0.5981744344683753 0.17412236702456618 
0.5973952195103476 0.17707007975683028 
0.5984340185613747 0.18103533030160787 
0.5951202935347261 0.17677659363076814 
0.5992464145755004 0.17795763629080244 
0.596642569114215 0.17529132928208832 
0.5917390488952343 0.1744845429389115 
0.5953630077373313 0.17950040076235743 
0.591942327018726 0.1791985858066344 
0.46762551198863245 0.22657347128281516 
0.46861682416076267 0.22846434855335349 
0.4709007000731891 0.22927441515278565 
0.47292266541023276 0.22451494221062207 
0.466006394299098 0.224544372212935 
0.4678276462686182 0.22978317155538142 
0.4660254097412974 0.22558910636026736 
0.47198060665770564 0.23241336546697358 
0.47321927308674167 0.22966179612652432 
0.4711836999032239 0.23040134424426928 
0.46257198210530315 0.011102325336440604 
0.46393652810143465 0.01692935054715511 
0.4661703783969291 0.014936547526778409 
0.46818876752665445 0.02098760376635062 
0.4710086090131062 0.012442767618825689 
0.4708236636147069 0.011716299591963537 
0.4666005087552965 0.012556715660326827 
0.4691368612554354 0.012562271535017579 
0.4638409561701217 0.019223907712314747 
0.46443051250636525 0.014579933919958115 
0.28778823939499565 0.35746926746001784 
0.28767476088359323 0.36179793912629155 
0.2925293994292204 0.35939546848519555 
0.2891728913263732 0.3615624589153337 
0.28844157027134576 0.3542467492834064 
0.2855330387540308 0.3593306043022557 
0.289497489287902 0.3570181132425144 
0.2833174371727426 0.3544438745164723 
0.29039488340958536 0.36267544893063985 
0.28776191998891965 0.3543101137200522 
0.7299345016726834 0.12203048547815361 
0.7260559857038307 0.12249096999484164 
0.7247231233682985 0.11941741336161935 
0.7209965514324173 0.12512470535985823 
0.7301903402241401 0.12008092525813022 
0.7252016313202759 0.12206123650001668 
0.7253541042071643 0.11938301284259618 
0.7241806230181942 0.12245941590587006 
0.72979458892466 0.1265331382286148 
0.7283517953383849 0.12683041825167182 
0.7956074113285642 0.831157495866752 
0.7950135106760178 0.82708309882667 
0.8021950633534177 0.8266831939301252 
0.8023774186765963 0.822219448692424 
0.8030607958811417 0.831431860829731 
0.7935608385781185 0.8262378734859868 
0.7993162840165225 0.8313401047433296 
0.7944926332523655 0.8272406479727482 
0.7955588524436217 0.8311439916954267 
0.7947702498243558 0.8236348666464985 
0.24389526857389046 0.13679821871510905 
0.24305337558618476 0.14194972406284484 
0.24231908088505025 0.14346999458803833 
0.24288971386090438 0.13695992744705193 
0.24120845076288414 0.14040858970793682 
0.23824556019053514 0.14171753986013264 
0.24527215101884325 0.14044070838264905 
0.24467447115585475 0.14396559415303034 
0.24550598045509106 0.13508582575263878 
0.2434715740179468 0.13690406502148889 
0.10785134284609117 0.437458512981679 
0.10937810137009413 0.43603352180212107 
0.10916368077133586 0.43127649341537144 
0.10861126317733108 0.4369903436318333 
0.1014086911712932 0.43027024645203216 
0.10029594864592097 0.43336560348080116 
0.10669090197262782 0.43448697330608627 
0.10961638444003548 0.42878008225164105 
0.10788575677516885 0.4367312171945192 
0.0997692711487672 0.4325787834880468 
0.9684038118596551 0.6283408215680178 
0.9702267366392492 0.6296761194146596 
0.9756940595903801 0.6253186088768906 
0.9718334999521621 0.6252061651608521 
0.9756355920049358 0.6279119550549774 
0.9749234177077566 0.6234461147742362 
0.9703618657929063 0.6280622025230486 
0.976312854162326 0.6248526857241528 
0.9689558378364845 0.6228628036127345 
0.970863827728794 0.628030932897974 
0.8504430279044827 0.46206249961026935 
0.8486546704105791 0.46975620773325366 
0.8471125181273224 0.46099101558117794 
0.8558009531318969 0.4673647487872131 
0.8552695226491958 0.467912987044807 
0.847670356850675 0.461668408441094 
0.852540088754031 0.4671169674549322 
0.851037826168422 0.46417400807590914 
0.8481702744662344 0.4623707140835554 
0.8523550390374898 0.46882282216063603 
0.2697172160170006 0.22140682254804017 
0.2743930086745796 0.21545617941016454 
0.2723479326968382 0.2215004760720089 
0.2780962259844903 0.21660630375753626 
0.2760517647085644 0.2193698445686375 
0.27203375978226485 0.22139931125810386 
0.2767122285668799 0.21620070557911142 
0.27849866622474073 0.21513690511362288 
0.2696245970600648 0.21592383170074106 
0.26963257623423786 0.21537740026058907 
0.3448049812046215 0.5900287502100059 
0.3451406835150264 0.5909881489835996 
0.3473904772439042 0.5894909655775458 
0.34163100855161915 0.5872810476295256 
0.3406325824225817 0.5889815361641053 
0.34880684255721867 0.5925217639293646 
0.34192274768444497 0.587962488947443 
0.3451889998499138 0.5868843853052792 
0.3397921303187824 0.5867500842093267 
0.3430752670523125 0.5938890797698718 
0.39181821721952903 0.8430248179122606 
0.39590247517869787 0.8455413177673758 
0.3886688059883366 0.8412269428452148 
0.3934261986192342 0.8425257089165288 
0.388460515533956 0.8486251788819644 
0.39007227939106737 0.8474392930760958 
0.3974378769750792 0.8429426193596945 
0.3905493599380116 0.8408972458572591 
0.3967782330181741 0.8418858107284787 
0.3912680779574043 0.8456305697582206 
0.5186248286768329 0.37964225474937724 
0.5224699627453687 0.3868901502079453 
0.5234682916317883 0.3851665195407964 
0.5238916728429748 0.3863307642948253 
0.5221466615292126 0.3806491876208626 
0.5170974239419358 0.3828184849384216 
0.5226560263534081 0.38305781587083965 
0.5192557851646556 0.38388700035341305 
0.5158104527498651 0.38173576633433065 
0.5186539722905109 0.3835349358377595 
0.3866856044670009 0.4230159161971445 
0.3879164230367431 0.42310629425740753 
0.3842574270451662 0.41715807675876626 
0.3889011822485195 0.42258826813958117 
0.3838655369364563 0.4200758089966347 
0.3891133269830923 0.42004099151622754 
0.3878156650907971 0.4226187719704986 
0.38678643987341166 0.414818972982405 
0.3830170634381083 0.41820445208230433 
0.3900712302985913 0.41903571023589387 
0.29453448696748635 0.7214489795100624 
0.29418582904909085 0.7224961742142699 
0.2950368157848664 0.7241262530956747 
0.28960328605838254 0.7276951140315957 
0.2930386764532995 0.7233486993586408 
0.2873863994318496 0.7257246062561626 
0.293328720102107 0.7249936517066842 
0.2907802739105674 0.7218596075792307 
0.28784810758525625 0.7206602630068322 
0.2935009718549826 0.72984974235943 
0.07656291491823054 0.3418717459431584 
0.07076928148205915 0.3492556249166993 
0.0754633732313643 0.3456046747566014 
0.07426429605183998 0.3430341039880024 
0.07034296747422386 0.34213712056458073 
0.07256383483987522 0.34965350247608906 
0.07349225818062324 0.343002576127928 
0.07246639885345688 0.3475748644621312 
0.07275046151767064 0.34253935118666584 
0.0726127822845157 0.3478892447303445 
0.7954359014600082 0.7298882157547586 
0.7880851123703919 0.7244670846669228 
0.7951280023660655 0.7279168826826161 
0.7951137187724608 0.7324305080197376 
0.7961364820023988 0.7320552673280143 
0.7924061446320821 0.7287018490864894 
0.7913974188811931 0.7315098918672709 
0.7952312498250539 0.7321555028270522 
0.7884095803892777 0.7250379877070402 
0.7944035824651541 0.7302420108861762 
0.6734848597205148 0.5634825087118099 
0.6742994648812486 0.5632382022594277 
0.6768138383156267 0.560855784243059 
0.6743181412256178 0.5682456509568569 
0.6749740095301163 0.5658014210198727 
0.6751177049723758 0.562951212700626 
0.670434109630474 0.5598009009119482 
0.6685950287331875 0.5637681931824486 
0.6771634906402432 0.5666778050250305 
0.669213682402384 0.5616905238263333 
0.036515340334701316 0.4604424608324639 
0.029051403614561516 0.4632957257633759 
0.03548492581951433 0.4625411439337309 
0.03165934984465383 0.46664263857171895 
0.03414577263760616 0.4597553509168257 
0.030295432904332356 0.46076789321457284 
0.03302687716959685 0.46628279216265284 
0.037455885899420824 0.4653766684720989 
0.03320645012255768 0.46480925540384943 
0.031191037773033024 0.45826483970711307 
0.1773368952295197 0.2984167424071666 
0.17664229742609258 0.29692907606901947 
0.1731580212405431 0.299544751084338 
0.17549215910785437 0.29789525166870445 
0.17702351884871292 0.2963249584982395 
0.16926606977152633 0.2957221013581303 
0.17214339925901226 0.3025358021554453 
0.17783115806441263 0.293499963582087 
0.17239093961514212 0.3016895000060295 
0.17187391853961298 0.3020896745858539 
0.6641980459736211 0.6541896513263579 
0.6644611765842237 0.6526067501826449 
0.6626575265818845 0.6550082258482887 
0.6621538574528616 0.6547677332967288 
0.6570166719058277 0.6556059743004302 
0.655834796362673 0.655231409747009 
0.6567677291169232 0.652442880873784 
0.6568266011391942 0.6563756338389699 
0.6557279643770574 0.6469191928134987 
0.6594783795840251 0.6490158995074216 
0.7235620686610639 0.9479129392200994 
0.729958246152485 0.9533622577056465 
0.7237894121611391 0.9513210904007322 
0.7295960388171623 0.951251797870644 
0.7256040344192565 0.9545421590501257 
0.7298314299850963 0.9513769324620921 
0.7252771417638688 0.9544095754822656 
0.7217943198760267 0.9504235371776286 
0.7242725116511373 0.9472869655783137 
0.7300558700386982 0.9463902436218489 
0.168742065028686 0.8598998280590678 
0.1737934400956813 0.8586037769715353 
0.17494933814143313 0.8597875042785377 
0.1694677448028892 0.8677430500781509 
0.16690528097133356 0.8634330770202837 
0.1738893266235087 0.8598985187117848 
0.16693256806463186 0.8639416648987266 
0.17584792795786855 0.8610761073881997 
0.16949932538056178 0.8629100579774176 
0.17194410662219162 0.8625790522249115 
0.1583940595267674 0.023607807952584194 
0.1561423173693483 0.01995196391089652 
0.16074523881319003 0.02213824566255337 
0.1546898498275956 0.025096966516040833 
0.1573590090403594 0.022355014345498535 
0.15435978228363942 0.0193605467552135 
0.16017081113343035 0.024891133314246448 
0.15813967793655115 0.019301948067546034 
0.15901858182424386 0.020436381936802042 
0.15953556209942393 0.02749690992494354 
0.9703976998669148 0.9626901187304259 
0.9681782932056804 0.9619033779851766 
0.9657534685096931 0.957718522649936 
0.9648982071710709 0.9553225385823345 
0.9607802693516992 0.9541895254497103 
0.9687287069256432 0.9574996178886165 
0.9605950889391476 0.9588050450707865 
0.9613912071611703 0.9542540820709355 
0.9620577362508328 0.9580302957314343 
0.9656723632779398 0.9614496399663696 
0.8092494214871281 0.5259061543640948 
0.8036647419276021 0.5290722153018861 
0.8054895403208359 0.5192891502487389 
0.8085001443056551 0.5283930181389488 
0.8044462462038058 0.5202633651761264 
0.8113907406805737 0.5288995881875912 
0.8102865008166902 0.5202686380891463 
0.8115545699850197 0.5271433518395412 
0.8042684303364466 0.5253178082523818 
0.8099190827700439 0.526516229473826 
0.4714520034162382 0.13981222067131832 
0.4710128062930895 0.14332183724582834 
0.4711595868358139 0.1369579650909361 
0.4650794661611022 0.14268833213505422 
0.46789138653006596 0.1414287216287499 
0.4683793712616242 0.1391928119693855 
0.46738411103758376 0.13836927827553536 
0.4660722735253049 0.13660975241936543 
0.4698627214637706 0.1452434513207092 
0.46997311435538436 0.13918340001118396 
0.8783194671936835 0.06370010054376074 
0.8801745906125543 0.05780090756417682 
0.8734046686917031 0.05563850876462335 
0.8758708041785669 0.05885200502650274 
0.8780373190246211 0.05677024847959403 
0.8752914231179596 0.05724627008327218 
0.8723240822802544 0.057646212389273616 
0.8777391872945981 0.05963832146562423 
0.8731598829773662 0.05457852543780123 
0.8730700646751133 0.06277020668663028 
0.9819092102112792 0.7122193521954191 
0.9813604245265771 0.7062681259683156 
0.9879562260182266 0.7124108249371778 
0.9895432771076249 0.7095208716863929 
0.9885590086163366 0.7084562070771113 
0.9849347553179819 0.7071762485333196 
0.9835555627307994 0.7037314609146211 
0.9816374441149496 0.709299125775481 
0.9809813326308477 0.7128425471615386 
0.9898209766475374 0.7117321425031172 
0.5879421105101168 0.2832373268094678 
0.5882881268010058 0.2887002765944981 
0.5834694768363983 0.280651816491158 
0.58551378221728 0.2874540492115483 
0.5824760176044288 0.28889720534866925 
0.5880764074506313 0.28683834170023476 
0.5878494841820842 0.28353281405101727 
0.5904749725467237 0.2818783504460447 
0.5868625298528628 0.2870494860911015 
0.5908911757821981 0.28990180982192676 
0.8168021441143488 0.020299038713114406 
0.8210342978708645 0.025637019450675768 
0.8148395212505833 0.0278913634191948 
0.8173197244568671 0.023843460198836246 
0.8189853478394322 0.023834183330399217 
0.8189602585094925 0.02826218648375283 
0.821732712283712 0.021275348860363034 
0.8158083945327951 0.025710410928195676 
0.8204449547796229 0.025094613720508127 
0.8235181042084594 0.024818851775499765 
0.034597609631201724 0.6484408092359596 
0.04187219351728204 0.6414276970124659 
0.034393042333360074 0.6457547347821171 
0.03854341403668341 0.6438898181813858 
0.03607790829826414 0.6501132346926968 
0.04355660817969092 0.6480378828544151 
0.04013409034455454 0.6412941974290979 
0.037334358135348904 0.6420631157358846 
0.03987533354715466 0.6487026471839501 
0.041303771153593946 0.6424870678220758 
0.6490494998668149 0.8301503134890371 
0.6422945769691591 0.8356685491822338 
0.6497523401195258 0.8345654213060931 
0.6472506009631313 0.8340448680349467 
0.6422653176222748 0.8353470902809523 
0.6435864569781546 0.8352502981020314 
0.6436821421765186 0.8270732596018849 
0.6510310775541358 0.8349147668829079 
0.6488384852944588 0.8349525888971303 
0.6424905845630005 0.8344958354398148 
0.06432713138161127 0.15624085371776023 
0.06446743524958773 0.15173946066502284 
0.06780402760459095 0.1549001257966179 
0.07304163191847267 0.15071734139593207 
0.06800999598240623 0.15697038178871803 
0.07296460190684498 0.1574139812498775 
0.0665207884369813 0.15682942873869832 
0.07235768027420383 0.15103747957705968 
0.06368793733937782 0.14975206365121502 
0.0690889016652456 0.15293230331867141 
0.24014370905024998 0.8326657536611759 
0.2493448457706616 0.8277293542821091 
0.24504065020041424 0.8325223437728002 
0.24898080399070815 0.8249736474968401 
0.2481846924139222 0.8315606294572235 
0.24493088750628458 0.832420645634357 
0.24274907617633573 0.8321623574655747 
0.24674758145029627 0.8323529280566252 
0.24169487935176076 0.8272405963146514 
0.243495302336396 0.8314675373212878 
0.28645450211559925 0.4207899071187978 
0.2871636402652946 0.4260965332913736 
0.28455959480382803 0.4287170972492636 
0.28104389355104425 0.4256867006310146 
0.2799330907037282 0.4254615207492445 
0.28470715295069127 0.4291345940128957 
0.2829249078369813 0.4258598466103375 
0.2895706837259955 0.4273838299086536 
0.2871869078496778 0.427175387922565 
0.28117310793359757 0.4220655100663975 
0.04464031953049953 0.7800036941689465 
0.044228938603550066 0.77965152992441 
0.053209255127114434 0.7871756437862539 
0.04849208559879444 0.7852191342750352 
0.04555986320468219 0.7808008034436685 
0.04535073154504124 0.7807729858370398 
0.048726435362732544 0.7809792751505746 
0.046295820077192365 0.7859056090587464 
0.048206763058621364 0.7832377519311324 
0.051736468222094295 0.781894189001412 
0.10249193427519976 0.923937265929097 
0.09611797091473216 0.9251298323880789 
0.09844806226371423 0.9260826047299202 
0.09721199322403676 0.9195887315882877 
0.10222777269283825 0.9254229932422855 
0.09883877523590452 0.9176681320364859 
0.10022144949021956 0.9231459301223301 
0.09714486867937475 0.9221437329698128 
0.09938057750688767 0.9186485920439282 
0.09730580348201179 0.9187098672407187 
0.4327304171325182 0.5827656357680687 
0.4363225318461347 0.5811190546975511 
0.42983165202596346 0.5827317649897138 
0.434381085717349 0.5835594551620851 
0.43082843108892904 0.576198653317933 
0.4330163921414507 0.5804261177281369 
0.42924460127831565 0.5806979759164479 
0.43414335615486743 0.5850102078028027 
0.43063919890075597 0.5775233311230202 
0.4381198956456108 0.5836307292436983 
0.7150152397237154 0.018251955847242665 
0.7161692118308941 0.013061799343394867 
0.7236653513182842 0.01778636870415236 
0.7209362252166402 0.01821478482403528 
0.7153378368027665 0.01 
0.7186184459341171 0.011983915666557647 
0.7178602030266352 0.017124665200899628 
0.7167945064483764 0.015154491771750841 
0.7242857620446482 0.010074125963834241 
0.7207099468270319 0.012837046803661694 
0.315695744295293 0.9730269331787844 
0.3139151102654273 0.9805750267422291 
0.30931933611433315 0.9744880947615011 
0.30858553368241104 0.981046363753768 
0.3158014111039878 0.9730299922259324 
0.30861495729207294 0.980312850285257 
0.315352161193895 0.9794423342542979 
0.3130337415364615 0.9771842095113263 
0.3100017189192742 0.9741214443131714 
0.3130723660693846 0.9820405280242831 
0.7077391304880691 0.47444308474932984 
0.7073221389490209 0.47588508382724326 
0.7072022783596142 0.46950601361805744 
0.7034900054388655 0.4720405142765145 
0.7064437597187924 0.4727102762212312 
0.7040897326302578 0.4687137490696085 
0.7072192048904261 0.4673482630129459 
0.7075186389841982 0.47412230701352925 
0.703093117823695 0.47662448665167645 
0.7003092039698975 0.47674914464731444 
0.22533461760553622 0.9622534315258985 
0.22173811774223348 0.960250683853799 
0.22154390637358223 0.9639978221675213 
0.23003740545216772 0.9609546367071943 
0.22536146268002902 0.959266792850507 
0.23038744698062047 0.9648861397395252 
0.23043550895790346 0.960035595882962 
0.22638377416913785 0.9657886782678081 
0.22823896601361993 0.9672019363815045 
0.22860095659629398 0.9643301553802149 
0.7277800505685614 0.2424353754926573 
0.727124727528624 0.24440050667780652 
0.7258383341807519 0.24814763200467682 
0.73076929662517 0.2503321079812989 
0.725617008653897 0.24625754364472166 
0.7328798108104737 0.24431291408127254 
0.7305171473687966 0.24756827983075214 
0.7341757843179365 0.24579196056190833 
0.7326337138659037 0.2416254750356172 
0.7254840961202089 0.24951437585307912 
0.8172269584996732 0.6181038600384379 
0.8190331409361024 0.6107118990208953 
0.8157696402651631 0.6135773219052071 
0.8168476430262981 0.6142473057127925 
0.8131407671003877 0.614247378552541 
0.8173871964261133 0.6147521107945677 
0.8134884767843887 0.6174469629714139 
0.8165278634244655 0.611370334916722 
0.809428278056495 0.6110973695784351 
0.8120225183983165 0.6135735694554989 
0.22758000831841094 0.5965712490519469 
0.22150703714385106 0.5987387015646638 
0.2241203122923639 0.6035681014870775 
0.22652525761680864 0.5958083347777842 
0.22286029464519716 0.5992774898830309 
0.22767498116284685 0.5959690750103861 
0.21995754031010525 0.5938616126490611 
0.22678295865019432 0.5951586149674875 
0.22696871813912645 0.6006590658503747 
0.22009701037928875 0.5988431898401091 
0.2464616769895804 0.6619744818799258 
0.2419756879130049 0.6661060274268343 
0.24208323410998353 0.6596983353116057 
0.24357942962019197 0.66150431887477 
0.24093341110599364 0.6601634513909054 
0.2431813098700843 0.6619680058055991 
0.2450885215257417 0.6576595652992225 
0.24887002990744106 0.6658591154396692 
0.24533082160790537 0.6589282973070953 
0.24133202174253848 0.6644839872138384 
0.5077370314190846 0.8387187442175028 
0.5073382146137231 0.8356488429590986 
0.5072309785380066 0.8335521050510687 
0.5053793306192883 0.8314969413145502 
0.5106488728706863 0.8349501054157171 
0.5107835518978158 0.8312326296452696 
0.5032108626881674 0.8303201442485503 
0.508381685157173 0.8359912502685223 
0.5099215532609891 0.8339855562521578 
0.5038091857554386 0.8376392098370402 
0.7724056309480172 0.3302677681513025 
0.7737629639336462 0.33067001331159396 
0.7728296528477172 0.32625111606724877 
0.7755340100615515 0.33424779107653346 
0.7766187896502545 0.33057171964250653 
0.7728708046597038 0.32683346976426303 
0.778437713837468 0.33307336103898566 
0.7697340004590666 0.33394407274734794 
0.773566278150159 0.32874306614997345 
0.7725536111226362 0.32880217207413914 
0.38061741602582777 0.6979713374891335 
0.3769846885750349 0.7012893207953083 
0.3809999143156099 0.6952416594932467 
0.3761647162693669 0.7010791261279814 
0.3796620028745939 0.6925962053882202 
0.37408449438530084 0.6934270848117302 
0.3791841467247599 0.6939896118532293 
0.37895578290412374 0.6987829411192535 
0.38014340266466873 0.6968501943868287 
0.3793635197910271 0.6933121516805599 
0.8459812373470782 0.847268321800264 
0.8491467593301291 0.8407293037863551 
0.8546074785452817 0.8416961437530637 
0.8537795616771345 0.847824540137104 
0.8474882887138915 0.8404234103354324 
0.8516937485893654 0.8418931346509341 
0.8474809865405416 0.8393085230320917 
0.8505319242386395 0.8474163582557641 
0.8462332700154838 0.8391745922255964 
0.8535125676345335 0.8454635861421244 
0.8806713239224965 0.7244267234126907 
0.8788516978941148 0.7238397170892406 
0.8863291091284369 0.7261164073636496 
0.8821866179179042 0.7222744147223752 
0.8781836327139632 0.7258243175491244 
0.8829346400336998 0.7215544739694404 
0.8803907463493752 0.719768013265944 
0.8837962296774331 0.7211633450825871 
0.8860195593147314 0.720409619315219 
0.8776457161154462 0.7234097098477117 
0.6288278092722619 0.030986456475497904 
0.6290553176739871 0.026621600501444215 
0.6285003921418567 0.02233818524215571 
0.6271498189636274 0.02193869172401405 
0.6300409765297504 0.024023454062798624 
0.6333129608748786 0.025203515561485458 
0.6336681676499065 0.021679448427445756 
0.6356790703336644 0.02342472228662642 
0.631740548503904 0.023101068274071143 
0.625941313048361 0.025616042461815355 
0.6655223581940306 0.984290908893895 
0.6649007482133644 0.9799528143456686 
0.6733563132844621 0.9811048483920463 
0.666608857678291 0.9836771542403353 
0.6728546010382735 0.9867092756122952 
0.6697165637504675 0.9851215222365945 
0.6733933718621167 0.9834711823541494 
0.6729699083686408 0.9847812219653124 
0.6697817541406578 0.9797623037309257 
0.6661525675409542 0.9844469008904034 
0.30106333692998677 0.49276947056695763 
0.3036386734295535 0.4888300453093197 
0.3064004527650164 0.4890187403143959 
0.307233210189747 0.4861666092282318 
0.3014359184063621 0.49137195331237316 
0.30821053070661547 0.4901244025865552 
0.30830103180449353 0.4931592625898835 
0.30579936012063225 0.4934334601130395 
0.3066700985216393 0.4924240583217034 
0.30141110981352887 0.4859748285447898 
0.14105945569705655 0.5749927416745799 
0.1443688556846394 0.5758793854234072 
0.14011979038562303 0.5718076548341539 
0.1414507665794605 0.5760242215017151 
0.13728176077776222 0.5682612197431869 
0.13787162641778528 0.5689942376675617 
0.14315172834335316 0.5768087634866137 
0.14105577002097602 0.5758606823256694 
0.1403883418845991 0.5724199901514465 
0.1378931612179465 0.5738588247888113 
0.48885409517522044 0.5087625939029837 
0.48045367752672674 0.5087698259291921 
0.4837318874706506 0.5048698973096618 
0.48324742847220703 0.5115837324685577 
0.48799162670703894 0.5131303793166244 
0.48321408489267714 0.5099811723516059 
0.4884679286043292 0.5085056022941739 
0.4883792560800188 0.5136225098658772 
0.4823617210810564 0.5093240083357646 
0.48759587089453466 0.5078358608040886 
0.9518433627631123 0.16239142358554776 
0.9571381813919153 0.1606977229285083 
0.9590598201001483 0.16060032697653467 
0.956830352545293 0.16094220913933607 
0.9510963888374858 0.1609993521680808 
0.9535905582703352 0.16530403501762428 
0.9582642382396361 0.1604948329419277 
0.9522712894218901 0.16369909601034716 
0.955223586513374 0.15817307361431804 
0.9555920720956189 0.16639155249815368 
0.32374286742822717 0.13453224656497223 
0.3252429981207817 0.14038795393279066 
0.3217843642038559 0.13242325089111423 
0.31735068335903344 0.13249862985176813 
0.32566527183451116 0.13213663466304754 
0.31859827108788846 0.13971091427320942 
0.3182973815675314 0.13257233611031535 
0.32499769004772083 0.1326528897747873 
0.32173090062909804 0.14061821014163148 
0.31974889737906603 0.13385832453649724 
0.39089174695434237 0.23811413928492756 
0.38794355193352736 0.23135006854018747 
0.3878776157915299 0.23246045812522487 
0.38960766500375704 0.232927318095964 
0.3914312310788759 0.22932741270401927 
0.3898805585879544 0.23096622986496973 
0.38868425386081995 0.2357837606497595 
0.3939520889913767 0.2372641588125463 
0.39361189614622555 0.23175556834177297 
0.3851267543321553 0.23849788840161662 
0.45855278120740445 0.4393724027121944 
0.45944562085739543 0.4399298038382286 
0.4554301588902997 0.43668075618289276 
0.46229497795635976 0.4382147945363067 
0.45768658594345424 0.4392097911802685 
0.4571169751768581 0.43813373527281835 
0.4616641711159492 0.4382578891572167 
0.4620813319851321 0.4428769500441184 
0.45935116355791655 0.4438680738865153 
0.46395803752958364 0.44222871800094826 
0.08418238666194913 0.03654939939388768 
0.0913477900872692 0.033167574418971106 
0.08886386318440319 0.03729055457507281 
0.08558602969769152 0.03304900440016654 
0.08388199476831557 0.03531939712594912 
0.08553720635014711 0.032439977360024526 
0.08731640177794331 0.029633045911209174 
0.09019318597925241 0.036240045985530774 
0.08660066995882906 0.030667166313336394 
0.09084303238755195 0.03734409167713388 
0.9489283348151932 0.3072110822213584 
0.9512716311838022 0.30039471492498515 
0.951209517604405 0.3025684802133015 
0.9540187757202077 0.3013253270493453 
0.9525975528082915 0.3010892290969238 
0.9541068209769543 0.30334882785105 
0.9544109713347643 0.3049103115706604 
0.9523495082109412 0.30419478454304233 
0.9501832462046818 0.3015459533346371 
0.9539864506780452 0.3045517907698309 
0.33630281969373704 0.796719245452715 
0.3321949774820319 0.7938913493966226 
0.33596480406061785 0.7986485376419232 
0.3347165220244982 0.8024228206353908 
0.3284914368399797 0.8033066370874106 
0.33749246664282767 0.7984727741601739 
0.33686989869547274 0.7950578760702389 
0.3371883269656627 0.800208676712673 
0.330394889611134 0.7988298070997579 
0.3283022888354197 0.7960487439886117 
0.9271511392525488 0.6006947720815735 
0.9247855259561486 0.6093919585735018 
0.9293533850871225 0.6075110218099244 
0.9285488337623452 0.609010409471043 
0.9253646526813498 0.607233353807265 
0.9254238030132667 0.6021157895949908 
0.9261253709783958 0.6059632522539607 
0.9287718924809314 0.6071043036545976 
0.9271209985864994 0.6026460398292875 
0.9228391487885363 0.5998916454075623 
0.9208981259318034 0.42132834136788017 
0.91952588554484 0.4151851034485899 
0.9163305149107025 0.4161082582402472 
0.9205271548552725 0.4209411874191984 
0.9218351214915533 0.42167746924720967 
0.9210085480607803 0.4203922516501808 
0.9255633000708684 0.41992916765744825 
0.9168442197506833 0.41793159346972936 
0.9165595936118547 0.4242199192539278 
0.9189784725471775 0.4186771736776273 
0.13086628189722146 0.1764252333973805 
0.1326797198913999 0.18436199835826594 
0.13033108594985635 0.17853251755043126 
0.1304080294370859 0.18450785823321195 
0.13438403716841116 0.18393920524495816 
0.13397166527376012 0.18431253034765668 
0.12488929682713432 0.17856167662541686 
0.1271810059124488 0.18135378431548854 
0.12969472323718337 0.18170718768516525 
0.13122347948696192 0.1845219775946545 
0.9128928463851952 0.8263403592673535 
0.9133437325184324 0.8197770021739651 
0.9124897940798512 0.8197176374177503 
0.9087933651836554 0.8270538350656563 
0.9094250954689276 0.8248202243954184 
0.9061122763063484 0.8217604300255711 
0.9064696207566553 0.8189636676669018 
0.9144014144391727 0.82173824619484 
0.9145305282559234 0.8242058222738725 
0.9125100287025026 0.8188217678861911 
0.4792559888996718 0.8998296275587687 
0.483644624805976 0.8998805273596253 
0.4774103025614168 0.8963412592948847 
0.48637589112315743 0.8968634220689148 
0.486016649771119 0.9012404593748568 
0.4825646975298629 0.8942866666324757 
0.4829115388104065 0.8952930878764547 
0.48095532200699126 0.8982538275932641 
0.4857261100137628 0.8953788577233784 
0.48210782026490767 0.8996293614190097 
0.5105478249968327 0.18665239541586362 
0.5098232379210796 0.19182143280279726 
0.510316862001125 0.19560587460980522 
0.5055599458350145 0.19419982155557328 
0.5039282312596691 0.19065629853288832 
0.5065219363033625 0.19539369798153158 
0.5037390466902888 0.19407590113704176 
0.5030846645418041 0.19155343516145631 
0.5055970952476937 0.1913789870395892 
0.5106533513045867 0.19593360699606924 
0.4147640229258163 0.9857320190826772 
0.40742229586274814 0.9832261490641464 
0.4090182154236293 0.9879404051382058 
0.4069482544750953 0.9842263960255279 
0.4060918295892201 0.983328034719055 
0.40846393931104485 0.981110403483656 
0.4117962364441013 0.9884478521126387 
0.41304507454230444 0.9867663429793309 
0.4121133853833827 0.9811147042812955 
0.41176337230800003 0.9890218111771243 
0.5858127975582029 0.6989000417042945 
0.5888872156339796 0.6980108405468624 
0.5900302901352825 0.6972632371608035 
0.5921281517583192 0.6962877721290308 
0.5915352560508699 0.6921739410248894 
0.5880827631472679 0.6964319329434158 
0.5856411020473162 0.6972133785655867 
0.5908036775827019 0.7000980585837797 
0.5928659833958886 0.6960344233826892 
0.5926461029148702 0.6922402519757443 
0.4266052957100506 0.07155358055581351 
0.4213463684556976 0.07583307478865954 
0.4174785801443998 0.07467753575645843 
0.4181643924269743 0.0737359898321382 
0.4190314904275866 0.08018199510863917 
0.42039141353625403 0.07082825723058864 
0.4250550788710851 0.0737603160612937 
0.4181401043675198 0.07651678215053181 
0.42298076083326847 0.07128543958407649 
0.4168038523581738 0.08000598867169531 
0.8751557418081911 0.2837952634257919 
0.8750539238132372 0.28360595917379144 
0.8782960189645087 0.2824182971798348 
0.883288143581775 0.28099967576410356 
0.8818126161092326 0.28891910672408405 
0.8745233072618822 0.28005271701424134 
0.8760770094528704 0.2819111317698124 
0.8832033116292461 0.2852245393911899 
0.8795665726651501 0.2846300015128987 
0.8788593728027151 0.28270808111189855 
0.5366650684396802 0.34127794102210895 
0.5301088117341056 0.3395098758351205 
0.5298874875916539 0.33800230801383985 
0.5359857883663638 0.33918475066033366 
0.5378505407284475 0.3465213732863141 
0.5390974126584221 0.33814512699271393 
0.5344113872974208 0.33859811188990896 
0.5293045448467575 0.3404367772911937 
0.5297109337349244 0.34628139538129765 
0.5315356596613408 0.3437479344469261 
0.9776221515684244 0.36730381213347335 
0.9818684274015784 0.3681013949527312 
0.9786458208666124 0.3661058412218881 
0.9853553724439269 0.3665700003603944 
0.9765833536014051 0.370310043282919 
0.9848502497933593 0.3743429046290718 
0.9809970610673353 0.36974052274896724 
0.9845277019238773 0.37417318849760456 
0.9839011586378206 0.37334664229298364 
0.9818207570990382 0.37388680184654 
0.8975532724382308 0.8920197595940588 
0.8986861457731137 0.8900001882061392 
0.9005013317515019 0.8895092169427381 
0.8938850034903562 0.8918207762111677 
0.893452641044077 0.8954677576113466 
0.8958789595198539 0.893075969738245 
0.9018176762207971 0.8928871370600112 
0.894177791037689 0.8856968680651209 
0.8990812552597042 0.8881118528651122 
0.8943922815502526 0.8942943551923452 
0.43736472567523 0.37743094529519156 
0.4409138477966821 0.3812314258504717 
0.43932239562706854 0.38002703037727775 
0.43795897582574306 0.37172288682045895 
0.43220080217456047 0.3761672884383088 
0.43738428763801174 0.3723157801466154 
0.44027614176595786 0.3732661414279656 
0.4387333316948096 0.3780276718105647 
0.43418179020456804 0.37528804485614636 
0.4316161710182456 0.3798194172281763 
0.5577936636283015 0.5966581955309029 
0.560241251707721 0.5938463224371752 
0.566779637112166 0.5882368471489647 
0.5645566965535704 0.5944039567565884 
0.5594265412615748 0.5902440350513728 
0.563158150271988 0.5956928272768889 
0.5604098506976186 0.5965068070500221 
0.5592994340290317 0.5970855824263192 
0.5658292001803695 0.5896858227848815 
0.5650797484845463 0.5893691532691807 
0.39215637616167487 0.756036921145856 
0.39817981953684217 0.7512479714498768 
0.3973592896945199 0.7555649556465495 
0.3890078087560638 0.7579273304648557 
0.3960833653851182 0.754358815954843 
0.3912707677578913 0.7564487376584317 
0.39035577863054743 0.7556397308621623 
0.3929995848256951 0.7587336801812274 
0.3945849130279293 0.7517124509252988 
0.39620343213317816 0.7517652447221663 
0.011342407197289373 0.8315938276671873 
0.018088177611332776 0.8321992623915665 
0.017223879582539316 0.8329238016965161 
0.011755318198235828 0.8357781076134888 
0.017784898168335346 0.8307256174566914 
0.014642352395916509 0.8357608331207135 
0.012779104723633623 0.8272842612913895 
0.014817263237147143 0.8279304779100105 
0.01851630742757169 0.8312490624617511 
0.011624313724085355 0.8297692290602814 
0.10536052533721284 0.28180804093848993 
0.10205636336828804 0.2760539930821113 
0.10477592028629823 0.28462435592455865 
0.10835697233418787 0.2813047694342411 
0.10440526679446634 0.27759924403659264 
0.10136277919925868 0.278373757074273 
0.10767379666521229 0.27731904947682934 
0.10433068765860168 0.278060962715464 
0.10812354298941096 0.279720611720322 
0.10281171582651408 0.27977607599028426 
0.7386313994965658 0.6535067195443273 
0.7332942386803283 0.6568332100987251 
0.7361628778041189 0.648875261739269 
0.7399237317126378 0.6505226288055428 
0.7345730596303558 0.6524701433544089 
0.73223663186532 0.656061833940923 
0.7382917062707666 0.6500701395934472 
0.7342765379737556 0.6515688500026285 
0.7393416183497743 0.6495469355403425 
0.7326163078967878 0.6486295919486084 
0.6606664903505736 0.36393369328298125 
0.661126379749504 0.3706833523784823 
0.6598628301747141 0.37092200760958827 
0.6635213430486231 0.36855810079838686 
0.6541454624789639 0.37314270855123893 
0.660455634553682 0.3714464088626002 
0.6603254078123467 0.3655117766145314 
0.6624904398446672 0.36879690297329126 
0.6639175645615206 0.37325423921110135 
0.6623496351994184 0.36424845843754095 
0.2125825604590604 0.2533582288663952 
0.21737808528070796 0.2553719788693648 
0.2137349900005558 0.25507772737731116 
0.21519423396127652 0.2533096624991159 
0.21516693197932826 0.25293506083620754 
0.2108873852265435 0.2476504775413559 
0.2096730747752407 0.24812283692059287 
0.21411762247140587 0.2549713899594863 
0.21690489521147613 0.2514888016958793 
0.21637090848112187 0.250372387891768 
0.6215216377877163 0.7426883787277698 
0.6257662573396882 0.741934138640918 
0.6281310813360598 0.7436793327720466 
0.6267537270230011 0.7374834390437727 
0.6287836067061533 0.739740008540537 
0.624201864453114 0.7428436338153647 
0.6189065412282481 0.7393519011703075 
0.6251729710763264 0.7364467652330033 
0.6262542120135354 0.7432103948674618 
0.625511066025597 0.7423135113565135 
0.051309279513529225 0.9887642364705719 
0.043747054493805386 0.99 
0.04926436704035701 0.9871916760680736 
0.049114989951885 0.99 
0.050786381241907916 0.988692171075821 
0.05109425532371918 0.99 
0.05160059546918579 0.9879165288807565 
0.05244030654780959 0.9854002197781295 
0.050381876915413196 0.9897365908594192 
0.0520946404950216 0.9882001832775694 
0.8328260491683614 0.12718883478986748 
0.8325253302566724 0.12429845710305436 
0.8262114044167836 0.12223535154786566 
0.8267265673628561 0.12220659930423984 
0.8325507452839233 0.11967947080834433 
0.8248742318448421 0.1184493639844178 
0.8316981988971228 0.119143197548153 
0.8247736591347067 0.12367375669918437 
0.830680239634306 0.11847093735142313 
0.8334615794112339 0.12523224281405218 
0.8066415966814057 0.22024706832901653 
0.8080196342691722 0.2259297722336235 
0.8085914418615116 0.22392474691128525 
0.8129752875299726 0.22077914896854478 
0.8132029327465078 0.22559911681438316 
0.8081843854051289 0.22414761340940262 
0.8141570115390044 0.22172833440645515 
0.8122378413685244 0.2178131010387619 
0.8103825085658415 0.22634002672918765 
0.8081404543695463 0.2233308910409906 
0.389515174087614 0.5342223496990204 
0.3883799222988408 0.5432700529101829 
0.38572914559327837 0.5362853929203727 
0.39134838084157303 0.5351306577542962 
0.38900130730455756 0.5373245894852833 
0.38874204108667315 0.5404859171960834 
0.3837240499778004 0.5353541516200108 
0.38321205671201497 0.5423765285402337 
0.38885135992634656 0.5412768878029446 
0.3848777689567022 0.5424136795124426 
0.021781971144668753 0.12094688286598577 
0.021123213854138873 0.12269100170067072 
0.02532329270107122 0.12225346163714085 
0.018966582992629415 0.12132999034310345 
0.026116744701542797 0.12265928552586206 
0.025711078269670555 0.12386239527378448 
0.02681594978779915 0.12072352928753126 
0.0249228858003249 0.1187200921042976 
0.01905429242136266 0.12190696336963497 
0.019523790659930682 0.12517408794983062 
0.7191939853237684 0.4034247361846006 
0.7196012063918548 0.39557497931763885 
0.7141054015358149 0.39885970025476325 
0.7139543746663599 0.4032419393273411 
0.7193503606570119 0.4038418627334607 
0.7208314466237756 0.3990704416347978 
0.7167144901647926 0.3993532140743638 
0.718038357332181 0.3982123331883904 
0.7232971676063487 0.4011537199483276 
0.7232201975093219 0.39536784415134624 
0.7594513441290827 0.8997477091436104 
0.7597364938470748 0.9009462067214997 
0.762629405332714 0.9002006405778158 
0.7627366597096873 0.9061826474446716 
0.7606024125702364 0.907662991863664 
0.7661522160974461 0.908786216160468 
0.7613445656853333 0.9004823597928848 
0.7654801690371805 0.908445813414446 
0.7687286100643945 0.9011418644857212 
0.7623518213387775 0.9081808055087125 
0.15472375164302102 0.5096052296295532 
0.1593337432461158 0.5031062396168192 
0.1520985744936466 0.5101845632626854 
0.1601532879048595 0.5096702658666389 
0.15482878263429087 0.5056771760393285 
0.1572433480126364 0.5071259639367992 
0.16001651409211246 0.502464079018126 
0.1566304492736826 0.5042306834192973 
0.1590334232400241 0.5030168208406064 
0.15418438769951395 0.5092153573998035 
0.24764978256019807 0.4843270681850272 
0.24606748471368692 0.4865958101788305 
0.2536445044091027 0.48600645395453895 
0.2481035415730505 0.48632088399889506 
0.25489702175493106 0.48851361073720184 
0.2530172178690973 0.4864882972938504 
0.25283775511555745 0.48810765764994224 
0.25002768315170015 0.4828075158477559 
0.245686709513982 0.48201491272050634 
0.25046952236826703 0.4822300191342857 
0.9560560058203237 0.5144298395163174 
0.9593063281639066 0.518855710850438 
0.9603226165419554 0.5173106933588667 
0.9526528929558443 0.5204144780575127 
0.9511094527978207 0.519640427789732 
0.9596966865038056 0.521616019281743 
0.9572094932042913 0.5149027226840304 
0.9519263221934251 0.5141757340199926 
0.9593247796138566 0.5154133523407024 
0.952366264730682 0.5184495966496999 
0.030854026489195663 0.29937945562638657 
0.03676916028960691 0.2940568438519766 
0.03271525911152153 0.2955362994715638 
0.028981116345557674 0.2952514233924454 
0.03823553040771796 0.29219691088753136 
0.028746591219511584 0.29325599365803967 
0.033129240575480466 0.2930830897658693 
0.03404722614950688 0.3014438490393788 
0.0347822343059214 0.29847038780905377 
0.03255010030113093 0.3000976670094946 
0.6539172329435102 0.30194915240185705 
0.6547582332820965 0.29376674047188295 
0.6494151549120432 0.30150198443621296 
0.6586869213102748 0.29949403832231447 
0.6513279763734693 0.3030698905352484 
0.6577099615325438 0.3024499512645071 
0.6551606165666739 0.3004198874187684 
0.6563347740667825 0.30284022216105755 
0.65023570305884 0.2948116471157346 
0.6533123887542779 0.2955135465114341 
0.2767867103313451 0.5922573993996301 
0.2838829685604342 0.5898734922362695 
0.2830385620905453 0.5900427939361298 
0.2780371742985989 0.5917547071404069 
0.2762604393224683 0.5922757516015281 
0.27818853951338546 0.5944421038494457 
0.28247102330381274 0.5957515943299254 
0.27725956886441316 0.5921214693843697 
0.27828805547875535 0.5962835623450143 
0.2824502153586797 0.5970533674597663 
0.153235791089696 0.6794729394114268 
0.15436325244240756 0.6784808171312322 
0.1475207869950708 0.6711941730865247 
0.15163257753190798 0.6776116778863394 
0.15310004637886293 0.6756467490813567 
0.1499430227115585 0.6741174822955511 
0.1507264197609439 0.6720784525424455 
0.15017454725973486 0.6736671826481263 
0.14867314228029177 0.6788059611419165 
0.15283090944557662 0.6750776759085243 
0.7091033765471104 0.8638304637425019 
0.701984010478176 0.8649325591321111 
0.7033100715573564 0.8570574713291311 
0.7012127301603653 0.8607914292647977 
0.7033583610067616 0.8586054315314898 
0.7005880183055384 0.8592057253280516 
0.7052050798697665 0.8574674521438714 
0.7055312788048557 0.8573429316105468 
0.706546967079619 0.8593116957345942 
0.7070132877070261 0.8649098782378021 
0.1750916115657744 0.7817926405858109 
0.17162054240302815 0.781709774818853 
0.1736559367928111 0.7828225596355054 
0.17886827472698588 0.7783579050789262 
0.1706049586769378 0.7766330270269836 
0.1718594666809882 0.7779628843561504 
0.17116490353087865 0.7764598862729477 
0.17432827489277086 0.7766069218651077 
0.1698540949955866 0.7773770274083158 
0.17787385557963942 0.7776337898085547 
0.23598538087517607 0.026785970992600515 
0.22721611478490197 0.025141761844093898 
0.22964641448252474 0.031724768653528385 
0.22999305571755677 0.02536082396548975 
0.23012204934870412 0.03282517541221066 
0.23585651763264384 0.02686009763865544 
0.23631534816618768 0.0298003203046548 
0.23117929102294932 0.032450434678712295 
0.23525381287905897 0.02646566921622352 
0.23483170331078923 0.0346386400382083 
0.5823790206227247 0.9685863157928584 
0.5879994517242214 0.9611321516397456 
0.5830981764245164 0.9687627039571786 
0.5892527847975219 0.969630603482506 
0.5800921652500063 0.9691721801717343 
0.5885560012249059 0.9692165586941495 
0.5824483244800962 0.9671936002972843 
0.5814052699587001 0.9674117840862877 
0.582815562605302 0.9661015944540318 
0.5869508921091995 0.9662328932188351 
0.8742480173832428 0.3881209047633998 
0.8724869485662688 0.3854586217247755 
0.8709356505985753 0.3867153425693556 
0.8680454587701466 0.3808956899059163 
0.8749019527628344 0.386341597995846 
0.8697844383500544 0.38688408128840396 
0.8688877142840161 0.3851535869135066 
0.8720924887005824 0.38888492407306935 
0.8741160872078223 0.38651880206455447 
0.8698877958822008 0.38485637614616375 
0.11353546025094036 0.7533955799555071 
0.11826348864837824 0.7565306696639641 
0.11910432078542812 0.7472410989416166 
0.11577988743099539 0.7536053154550687 
0.1149828136128803 0.7568712409879693 
0.11354639941060649 0.748546437077418 
0.11821279846923621 0.7548190342591063 
0.11572880419722678 0.7535544960954643 
0.12263287105210971 0.749993723774614 
0.1135373431494765 0.7555521950194833 
0.9172250364498463 0.03674085474210332 
0.9164172741369706 0.031828033047603024 
0.9168291350047463 0.03659952515334462 
0.9180387712515701 0.03061429996621018 
0.9175048984012535 0.035446510246069075 
0.916900767401944 0.03510693189999993 
0.9197973703302371 0.03179686828137874 
0.9215681980766894 0.033154263925061836 
0.9211104757267169 0.03460284786732417 
0.9179233477268871 0.032847585077062334 
