0.8556277609160547 0.7797624549067517 
0.8556277609160547 0.7797624549067517 
0.8556277609160547 0.7797624549067517 
0.8556277609160547 0.7797624549067517 
0.8556277609160547 0.7797624549067517 
0.8556277609160547 0.7797624549067517 
0.8556277609160547 0.7797624549067517 
0.8556277609160547 0.7797624549067517 
0.8556277609160547 0.7797624549067517 
0.8556277609160547 0.7797624549067517 
0.360918508652883 0.36076393342429636 
0.360918508652883 0.36076393342429636 
0.360918508652883 0.36076393342429636 
0.360918508652883 0.36076393342429636 
0.360918508652883 0.36076393342429636 
0.360918508652883 0.36076393342429636 
0.360918508652883 0.36076393342429636 
0.360918508652883 0.36076393342429636 
0.360918508652883 0.36076393342429636 
0.360918508652883 0.36076393342429636 
0.2363235791559785 0.7546829158185304 
0.2363235791559785 0.7546829158185304 
0.2363235791559785 0.7546829158185304 
0.2363235791559785 0.7546829158185304 
0.2363235791559785 0.7546829158185304 
0.2363235791559785 0.7546829158185304 
0.2363235791559785 0.7546829158185304 
0.2363235791559785 0.7546829158185304 
0.2363235791559785 0.7546829158185304 
0.2363235791559785 0.7546829158185304 
0.717225957936665 0.3164563559784538 
0.717225957936665 0.3164563559784538 
0.717225957936665 0.3164563559784538 
0.717225957936665 0.3164563559784538 
0.717225957936665 0.3164563559784538 
0.717225957936665 0.3164563559784538 
0.717225957936665 0.3164563559784538 
0.717225957936665 0.3164563559784538 
0.717225957936665 0.3164563559784538 
0.717225957936665 0.3164563559784538 
0.07432556643050842 0.08435594718588901 
0.07432556643050842 0.08435594718588901 
0.07432556643050842 0.08435594718588901 
0.07432556643050842 0.08435594718588901 
0.07432556643050842 0.08435594718588901 
0.07432556643050842 0.08435594718588901 
0.07432556643050842 0.08435594718588901 
0.07432556643050842 0.08435594718588901 
0.07432556643050842 0.08435594718588901 
0.07432556643050842 0.08435594718588901 
0.6684971911944343 0.19547224404466595 
0.6684971911944343 0.19547224404466595 
0.6684971911944343 0.19547224404466595 
0.6684971911944343 0.19547224404466595 
0.6684971911944343 0.19547224404466595 
0.6684971911944343 0.19547224404466595 
0.6684971911944343 0.19547224404466595 
0.6684971911944343 0.19547224404466595 
0.6684971911944343 0.19547224404466595 
0.6684971911944343 0.19547224404466595 
0.5156338470828257 0.6546475710755788 
0.5156338470828257 0.6546475710755788 
0.5156338470828257 0.6546475710755788 
0.5156338470828257 0.6546475710755788 
0.5156338470828257 0.6546475710755788 
0.5156338470828257 0.6546475710755788 
0.5156338470828257 0.6546475710755788 
0.5156338470828257 0.6546475710755788 
0.5156338470828257 0.6546475710755788 
0.5156338470828257 0.6546475710755788 
0.900199673162252 0.4921270209775599 
0.900199673162252 0.4921270209775599 
0.900199673162252 0.4921270209775599 
0.900199673162252 0.4921270209775599 
0.900199673162252 0.4921270209775599 
0.900199673162252 0.4921270209775599 
0.900199673162252 0.4921270209775599 
0.900199673162252 0.4921270209775599 
0.900199673162252 0.4921270209775599 
0.900199673162252 0.4921270209775599 
0.5446991268313859 0.9048768819198602 
0.5446991268313859 0.9048768819198602 
0.5446991268313859 0.9048768819198602 
0.5446991268313859 0.9048768819198602 
0.5446991268313859 0.9048768819198602 
0.5446991268313859 0.9048768819198602 
0.5446991268313859 0.9048768819198602 
0.5446991268313859 0.9048768819198602 
0.5446991268313859 0.9048768819198602 
0.5446991268313859 0.9048768819198602 
0.08881873295286785 0.49948892487331326 
0.08881873295286785 0.49948892487331326 
0.08881873295286785 0.49948892487331326 
0.08881873295286785 0.49948892487331326 
0.08881873295286785 0.49948892487331326 
0.08881873295286785 0.49948892487331326 
0.08881873295286785 0.49948892487331326 
0.08881873295286785 0.49948892487331326 
0.08881873295286785 0.49948892487331326 
0.08881873295286785 0.49948892487331326 
0.8937608059439571 0.1220379216149875 
0.8937608059439571 0.1220379216149875 
0.8937608059439571 0.1220379216149875 
0.8937608059439571 0.1220379216149875 
0.8937608059439571 0.1220379216149875 
0.8937608059439571 0.1220379216149875 
0.8937608059439571 0.1220379216149875 
0.8937608059439571 0.1220379216149875 
0.8937608059439571 0.1220379216149875 
0.8937608059439571 0.1220379216149875 
0.39116705927999473 0.13040133229810819 
0.39116705927999473 0.13040133229810819 
0.39116705927999473 0.13040133229810819 
0.39116705927999473 0.13040133229810819 
0.39116705927999473 0.13040133229810819 
0.39116705927999473 0.13040133229810819 
0.39116705927999473 0.13040133229810819 
0.39116705927999473 0.13040133229810819 
0.39116705927999473 0.13040133229810819 
0.39116705927999473 0.13040133229810819 
0.32526486981510705 0.9044107441541673 
0.32526486981510705 0.9044107441541673 
0.32526486981510705 0.9044107441541673 
0.32526486981510705 0.9044107441541673 
0.32526486981510705 0.9044107441541673 
0.32526486981510705 0.9044107441541673 
0.32526486981510705 0.9044107441541673 
0.32526486981510705 0.9044107441541673 
0.32526486981510705 0.9044107441541673 
0.32526486981510705 0.9044107441541673 
0.20944302299565043 0.2056784669022519 
0.20944302299565043 0.2056784669022519 
0.20944302299565043 0.2056784669022519 
0.20944302299565043 0.2056784669022519 
0.20944302299565043 0.2056784669022519 
0.20944302299565043 0.2056784669022519 
0.20944302299565043 0.2056784669022519 
0.20944302299565043 0.2056784669022519 
0.20944302299565043 0.2056784669022519 
0.20944302299565043 0.2056784669022519 
0.12716610717264998 0.9783988952568137 
0.12716610717264998 0.9783988952568137 
0.12716610717264998 0.9783988952568137 
0.12716610717264998 0.9783988952568137 
0.12716610717264998 0.9783988952568137 
0.12716610717264998 0.9783988952568137 
0.12716610717264998 0.9783988952568137 
0.12716610717264998 0.9783988952568137 
0.12716610717264998 0.9783988952568137 
0.12716610717264998 0.9783988952568137 
0.7058720969057699 0.7091424492180385 
0.7058720969057699 0.7091424492180385 
0.7058720969057699 0.7091424492180385 
0.7058720969057699 0.7091424492180385 
0.7058720969057699 0.7091424492180385 
0.7058720969057699 0.7091424492180385 
0.7058720969057699 0.7091424492180385 
0.7058720969057699 0.7091424492180385 
0.7058720969057699 0.7091424492180385 
0.7058720969057699 0.7091424492180385 
0.6139305767072835 0.6096204005392885 
0.6139305767072835 0.6096204005392885 
0.6139305767072835 0.6096204005392885 
0.6139305767072835 0.6096204005392885 
0.6139305767072835 0.6096204005392885 
0.6139305767072835 0.6096204005392885 
0.6139305767072835 0.6096204005392885 
0.6139305767072835 0.6096204005392885 
0.6139305767072835 0.6096204005392885 
0.6139305767072835 0.6096204005392885 
0.06991354206191225 0.7143941665747501 
0.06991354206191225 0.7143941665747501 
0.06991354206191225 0.7143941665747501 
0.06991354206191225 0.7143941665747501 
0.06991354206191225 0.7143941665747501 
0.06991354206191225 0.7143941665747501 
0.06991354206191225 0.7143941665747501 
0.06991354206191225 0.7143941665747501 
0.06991354206191225 0.7143941665747501 
0.06991354206191225 0.7143941665747501 
0.3252212349541984 0.5297231440165774 
0.3252212349541984 0.5297231440165774 
0.3252212349541984 0.5297231440165774 
0.3252212349541984 0.5297231440165774 
0.3252212349541984 0.5297231440165774 
0.3252212349541984 0.5297231440165774 
0.3252212349541984 0.5297231440165774 
0.3252212349541984 0.5297231440165774 
0.3252212349541984 0.5297231440165774 
0.3252212349541984 0.5297231440165774 
0.5573050153784386 0.03636451210682473 
0.5573050153784386 0.03636451210682473 
0.5573050153784386 0.03636451210682473 
0.5573050153784386 0.03636451210682473 
0.5573050153784386 0.03636451210682473 
0.5573050153784386 0.03636451210682473 
0.5573050153784386 0.03636451210682473 
0.5573050153784386 0.03636451210682473 
0.5573050153784386 0.03636451210682473 
0.5573050153784386 0.03636451210682473 
0.9069362816700148 0.954553353464103 
0.9069362816700148 0.954553353464103 
0.9069362816700148 0.954553353464103 
0.9069362816700148 0.954553353464103 
0.9069362816700148 0.954553353464103 
0.9069362816700148 0.954553353464103 
0.9069362816700148 0.954553353464103 
0.9069362816700148 0.954553353464103 
0.9069362816700148 0.954553353464103 
0.9069362816700148 0.954553353464103 
0.5626842214680973 0.46064442757080204 
0.5626842214680973 0.46064442757080204 
0.5626842214680973 0.46064442757080204 
0.5626842214680973 0.46064442757080204 
0.5626842214680973 0.46064442757080204 
0.5626842214680973 0.46064442757080204 
0.5626842214680973 0.46064442757080204 
0.5626842214680973 0.46064442757080204 
0.5626842214680973 0.46064442757080204 
0.5626842214680973 0.46064442757080204 
0.6710505826435254 0.908298558230898 
0.6710505826435254 0.908298558230898 
0.6710505826435254 0.908298558230898 
0.6710505826435254 0.908298558230898 
0.6710505826435254 0.908298558230898 
0.6710505826435254 0.908298558230898 
0.6710505826435254 0.908298558230898 
0.6710505826435254 0.908298558230898 
0.6710505826435254 0.908298558230898 
0.6710505826435254 0.908298558230898 
0.8586134172452745 0.5719917769998238 
0.8586134172452745 0.5719917769998238 
0.8586134172452745 0.5719917769998238 
0.8586134172452745 0.5719917769998238 
0.8586134172452745 0.5719917769998238 
0.8586134172452745 0.5719917769998238 
0.8586134172452745 0.5719917769998238 
0.8586134172452745 0.5719917769998238 
0.8586134172452745 0.5719917769998238 
0.8586134172452745 0.5719917769998238 
0.5410033786481441 0.2524850732812931 
0.5410033786481441 0.2524850732812931 
0.5410033786481441 0.2524850732812931 
0.5410033786481441 0.2524850732812931 
0.5410033786481441 0.2524850732812931 
0.5410033786481441 0.2524850732812931 
0.5410033786481441 0.2524850732812931 
0.5410033786481441 0.2524850732812931 
0.5410033786481441 0.2524850732812931 
0.5410033786481441 0.2524850732812931 
0.023594508954471016 0.22264569314309385 
0.023594508954471016 0.22264569314309385 
0.023594508954471016 0.22264569314309385 
0.023594508954471016 0.22264569314309385 
0.023594508954471016 0.22264569314309385 
0.023594508954471016 0.22264569314309385 
0.023594508954471016 0.22264569314309385 
0.023594508954471016 0.22264569314309385 
0.023594508954471016 0.22264569314309385 
0.023594508954471016 0.22264569314309385 
0.758325879905076 0.047999065011334774 
0.758325879905076 0.047999065011334774 
0.758325879905076 0.047999065011334774 
0.758325879905076 0.047999065011334774 
0.758325879905076 0.047999065011334774 
0.758325879905076 0.047999065011334774 
0.758325879905076 0.047999065011334774 
0.758325879905076 0.047999065011334774 
0.758325879905076 0.047999065011334774 
0.758325879905076 0.047999065011334774 
0.2990706328101087 0.019456510239253877 
0.2990706328101087 0.019456510239253877 
0.2990706328101087 0.019456510239253877 
0.2990706328101087 0.019456510239253877 
0.2990706328101087 0.019456510239253877 
0.2990706328101087 0.019456510239253877 
0.2990706328101087 0.019456510239253877 
0.2990706328101087 0.019456510239253877 
0.2990706328101087 0.019456510239253877 
0.2990706328101087 0.019456510239253877 
0.12997431813408 0.3590158368987539 
0.12997431813408 0.3590158368987539 
0.12997431813408 0.3590158368987539 
0.12997431813408 0.3590158368987539 
0.12997431813408 0.3590158368987539 
0.12997431813408 0.3590158368987539 
0.12997431813408 0.3590158368987539 
0.12997431813408 0.3590158368987539 
0.12997431813408 0.3590158368987539 
0.12997431813408 0.3590158368987539 
0.8076211095844613 0.2890572083083173 
0.8076211095844613 0.2890572083083173 
0.8076211095844613 0.2890572083083173 
0.8076211095844613 0.2890572083083173 
0.8076211095844613 0.2890572083083173 
0.8076211095844613 0.2890572083083173 
0.8076211095844613 0.2890572083083173 
0.8076211095844613 0.2890572083083173 
0.8076211095844613 0.2890572083083173 
0.8076211095844613 0.2890572083083173 
0.304384083283017 0.6711176511379863 
0.304384083283017 0.6711176511379863 
0.304384083283017 0.6711176511379863 
0.304384083283017 0.6711176511379863 
0.304384083283017 0.6711176511379863 
0.304384083283017 0.6711176511379863 
0.304384083283017 0.6711176511379863 
0.304384083283017 0.6711176511379863 
0.304384083283017 0.6711176511379863 
0.304384083283017 0.6711176511379863 
0.9666344270608258 0.23350660023816788 
0.9666344270608258 0.23350660023816788 
0.9666344270608258 0.23350660023816788 
0.9666344270608258 0.23350660023816788 
0.9666344270608258 0.23350660023816788 
0.9666344270608258 0.23350660023816788 
0.9666344270608258 0.23350660023816788 
0.9666344270608258 0.23350660023816788 
0.9666344270608258 0.23350660023816788 
0.9666344270608258 0.23350660023816788 
0.07455504853372746 0.8543064716282747 
0.07455504853372746 0.8543064716282747 
0.07455504853372746 0.8543064716282747 
0.07455504853372746 0.8543064716282747 
0.07455504853372746 0.8543064716282747 
0.07455504853372746 0.8543064716282747 
0.07455504853372746 0.8543064716282747 
0.07455504853372746 0.8543064716282747 
0.07455504853372746 0.8543064716282747 
0.07455504853372746 0.8543064716282747 
0.4574020973714105 0.750086804648125 
0.4574020973714105 0.750086804648125 
0.4574020973714105 0.750086804648125 
0.4574020973714105 0.750086804648125 
0.4574020973714105 0.750086804648125 
0.4574020973714105 0.750086804648125 
0.4574020973714105 0.750086804648125 
0.4574020973714105 0.750086804648125 
0.4574020973714105 0.750086804648125 
0.4574020973714105 0.750086804648125 
0.9520553888958125 0.7576734889090735 
0.9520553888958125 0.7576734889090735 
0.9520553888958125 0.7576734889090735 
0.9520553888958125 0.7576734889090735 
0.9520553888958125 0.7576734889090735 
0.9520553888958125 0.7576734889090735 
0.9520553888958125 0.7576734889090735 
0.9520553888958125 0.7576734889090735 
0.9520553888958125 0.7576734889090735 
0.9520553888958125 0.7576734889090735 
0.29786091892224054 0.2935746663165591 
0.29786091892224054 0.2935746663165591 
0.29786091892224054 0.2935746663165591 
0.29786091892224054 0.2935746663165591 
0.29786091892224054 0.2935746663165591 
0.29786091892224054 0.2935746663165591 
0.29786091892224054 0.2935746663165591 
0.29786091892224054 0.2935746663165591 
0.29786091892224054 0.2935746663165591 
0.29786091892224054 0.2935746663165591 
0.19004851424087094 0.4389961195422932 
0.19004851424087094 0.4389961195422932 
0.19004851424087094 0.4389961195422932 
0.19004851424087094 0.4389961195422932 
0.19004851424087094 0.4389961195422932 
0.19004851424087094 0.4389961195422932 
0.19004851424087094 0.4389961195422932 
0.19004851424087094 0.4389961195422932 
0.19004851424087094 0.4389961195422932 
0.19004851424087094 0.4389961195422932 
0.790426439983689 0.44251684717145795 
0.790426439983689 0.44251684717145795 
0.790426439983689 0.44251684717145795 
0.790426439983689 0.44251684717145795 
0.790426439983689 0.44251684717145795 
0.790426439983689 0.44251684717145795 
0.790426439983689 0.44251684717145795 
0.790426439983689 0.44251684717145795 
0.790426439983689 0.44251684717145795 
0.790426439983689 0.44251684717145795 
0.4935092523274529 0.9756216084684338 
0.4935092523274529 0.9756216084684338 
0.4935092523274529 0.9756216084684338 
0.4935092523274529 0.9756216084684338 
0.4935092523274529 0.9756216084684338 
0.4935092523274529 0.9756216084684338 
0.4935092523274529 0.9756216084684338 
0.4935092523274529 0.9756216084684338 
0.4935092523274529 0.9756216084684338 
0.4935092523274529 0.9756216084684338 
0.5885067893745591 0.8300538559693028 
0.5885067893745591 0.8300538559693028 
0.5885067893745591 0.8300538559693028 
0.5885067893745591 0.8300538559693028 
0.5885067893745591 0.8300538559693028 
0.5885067893745591 0.8300538559693028 
0.5885067893745591 0.8300538559693028 
0.5885067893745591 0.8300538559693028 
0.5885067893745591 0.8300538559693028 
0.5885067893745591 0.8300538559693028 
0.7501143724689636 0.5691038906981128 
0.7501143724689636 0.5691038906981128 
0.7501143724689636 0.5691038906981128 
0.7501143724689636 0.5691038906981128 
0.7501143724689636 0.5691038906981128 
0.7501143724689636 0.5691038906981128 
0.7501143724689636 0.5691038906981128 
0.7501143724689636 0.5691038906981128 
0.7501143724689636 0.5691038906981128 
0.7501143724689636 0.5691038906981128 
0.09219924814054253 0.6232142287149213 
0.09219924814054253 0.6232142287149213 
0.09219924814054253 0.6232142287149213 
0.09219924814054253 0.6232142287149213 
0.09219924814054253 0.6232142287149213 
0.09219924814054253 0.6232142287149213 
0.09219924814054253 0.6232142287149213 
0.09219924814054253 0.6232142287149213 
0.09219924814054253 0.6232142287149213 
0.09219924814054253 0.6232142287149213 
0.439009901772832 0.48231596135669225 
0.439009901772832 0.48231596135669225 
0.439009901772832 0.48231596135669225 
0.439009901772832 0.48231596135669225 
0.439009901772832 0.48231596135669225 
0.439009901772832 0.48231596135669225 
0.439009901772832 0.48231596135669225 
0.439009901772832 0.48231596135669225 
0.439009901772832 0.48231596135669225 
0.439009901772832 0.48231596135669225 
0.99 0.5663274311269945 
0.99 0.5663274311269945 
0.99 0.5663274311269945 
0.99 0.5663274311269945 
0.99 0.5663274311269945 
0.99 0.5663274311269945 
0.99 0.5663274311269945 
0.99 0.5663274311269945 
0.99 0.5663274311269945 
0.99 0.5663274311269945 
0.23925657839269743 0.8912803601069361 
0.23925657839269743 0.8912803601069361 
0.23925657839269743 0.8912803601069361 
0.23925657839269743 0.8912803601069361 
0.23925657839269743 0.8912803601069361 
0.23925657839269743 0.8912803601069361 
0.23925657839269743 0.8912803601069361 
0.23925657839269743 0.8912803601069361 
0.23925657839269743 0.8912803601069361 
0.23925657839269743 0.8912803601069361 
0.9316933631223132 0.36756517552008705 
0.9316933631223132 0.36756517552008705 
0.9316933631223132 0.36756517552008705 
0.9316933631223132 0.36756517552008705 
0.9316933631223132 0.36756517552008705 
0.9316933631223132 0.36756517552008705 
0.9316933631223132 0.36756517552008705 
0.9316933631223132 0.36756517552008705 
0.9316933631223132 0.36756517552008705 
0.9316933631223132 0.36756517552008705 
0.4685616759380417 0.31019114078832677 
0.4685616759380417 0.31019114078832677 
0.4685616759380417 0.31019114078832677 
0.4685616759380417 0.31019114078832677 
0.4685616759380417 0.31019114078832677 
0.4685616759380417 0.31019114078832677 
0.4685616759380417 0.31019114078832677 
0.4685616759380417 0.31019114078832677 
0.4685616759380417 0.31019114078832677 
0.4685616759380417 0.31019114078832677 
0.5059524891178747 0.07961755108940988 
0.5059524891178747 0.07961755108940988 
0.5059524891178747 0.07961755108940988 
0.5059524891178747 0.07961755108940988 
0.5059524891178747 0.07961755108940988 
0.5059524891178747 0.07961755108940988 
0.5059524891178747 0.07961755108940988 
0.5059524891178747 0.07961755108940988 
0.5059524891178747 0.07961755108940988 
0.5059524891178747 0.07961755108940988 
0.31176141223895903 0.8477307166581511 
0.31176141223895903 0.8477307166581511 
0.31176141223895903 0.8477307166581511 
0.31176141223895903 0.8477307166581511 
0.31176141223895903 0.8477307166581511 
0.31176141223895903 0.8477307166581511 
0.31176141223895903 0.8477307166581511 
0.31176141223895903 0.8477307166581511 
0.31176141223895903 0.8477307166581511 
0.31176141223895903 0.8477307166581511 
0.8806268403906902 0.19672713012543186 
0.8806268403906902 0.19672713012543186 
0.8806268403906902 0.19672713012543186 
0.8806268403906902 0.19672713012543186 
0.8806268403906902 0.19672713012543186 
0.8806268403906902 0.19672713012543186 
0.8806268403906902 0.19672713012543186 
0.8806268403906902 0.19672713012543186 
0.8806268403906902 0.19672713012543186 
0.8806268403906902 0.19672713012543186 
0.381000927430469 0.303087981707035 
0.381000927430469 0.303087981707035 
0.381000927430469 0.303087981707035 
0.381000927430469 0.303087981707035 
0.381000927430469 0.303087981707035 
0.381000927430469 0.303087981707035 
0.381000927430469 0.303087981707035 
0.381000927430469 0.303087981707035 
0.381000927430469 0.303087981707035 
0.381000927430469 0.303087981707035 
0.09470635950825113 0.23334918627374013 
0.09470635950825113 0.23334918627374013 
0.09470635950825113 0.23334918627374013 
0.09470635950825113 0.23334918627374013 
0.09470635950825113 0.23334918627374013 
0.09470635950825113 0.23334918627374013 
0.09470635950825113 0.23334918627374013 
0.09470635950825113 0.23334918627374013 
0.09470635950825113 0.23334918627374013 
0.09470635950825113 0.23334918627374013 
0.7975547764492578 0.9723056633968429 
0.7975547764492578 0.9723056633968429 
0.7975547764492578 0.9723056633968429 
0.7975547764492578 0.9723056633968429 
0.7975547764492578 0.9723056633968429 
0.7975547764492578 0.9723056633968429 
0.7975547764492578 0.9723056633968429 
0.7975547764492578 0.9723056633968429 
0.7975547764492578 0.9723056633968429 
0.7975547764492578 0.9723056633968429 
0.9178871185928151 0.6653197878853997 
0.9178871185928151 0.6653197878853997 
0.9178871185928151 0.6653197878853997 
0.9178871185928151 0.6653197878853997 
0.9178871185928151 0.6653197878853997 
0.9178871185928151 0.6653197878853997 
0.9178871185928151 0.6653197878853997 
0.9178871185928151 0.6653197878853997 
0.9178871185928151 0.6653197878853997 
0.9178871185928151 0.6653197878853997 
0.4417749169920488 0.9118658151563117 
0.4417749169920488 0.9118658151563117 
0.4417749169920488 0.9118658151563117 
0.4417749169920488 0.9118658151563117 
0.4417749169920488 0.9118658151563117 
0.4417749169920488 0.9118658151563117 
0.4417749169920488 0.9118658151563117 
0.4417749169920488 0.9118658151563117 
0.4417749169920488 0.9118658151563117 
0.4417749169920488 0.9118658151563117 
0.36650094567678104 0.02723734806363609 
0.36650094567678104 0.02723734806363609 
0.36650094567678104 0.02723734806363609 
0.36650094567678104 0.02723734806363609 
0.36650094567678104 0.02723734806363609 
0.36650094567678104 0.02723734806363609 
0.36650094567678104 0.02723734806363609 
0.36650094567678104 0.02723734806363609 
0.36650094567678104 0.02723734806363609 
0.36650094567678104 0.02723734806363609 
0.44900224173148773 0.6716425340222699 
0.44900224173148773 0.6716425340222699 
0.44900224173148773 0.6716425340222699 
0.44900224173148773 0.6716425340222699 
0.44900224173148773 0.6716425340222699 
0.44900224173148773 0.6716425340222699 
0.44900224173148773 0.6716425340222699 
0.44900224173148773 0.6716425340222699 
0.44900224173148773 0.6716425340222699 
0.44900224173148773 0.6716425340222699 
0.6218617808468823 0.49524975682448 
0.6218617808468823 0.49524975682448 
0.6218617808468823 0.49524975682448 
0.6218617808468823 0.49524975682448 
0.6218617808468823 0.49524975682448 
0.6218617808468823 0.49524975682448 
0.6218617808468823 0.49524975682448 
0.6218617808468823 0.49524975682448 
0.6218617808468823 0.49524975682448 
0.6218617808468823 0.49524975682448 
0.9620459191990034 0.1036983755934181 
0.9620459191990034 0.1036983755934181 
0.9620459191990034 0.1036983755934181 
0.9620459191990034 0.1036983755934181 
0.9620459191990034 0.1036983755934181 
0.9620459191990034 0.1036983755934181 
0.9620459191990034 0.1036983755934181 
0.9620459191990034 0.1036983755934181 
0.9620459191990034 0.1036983755934181 
0.9620459191990034 0.1036983755934181 
0.1751811227953851 0.09411462740172305 
0.1751811227953851 0.09411462740172305 
0.1751811227953851 0.09411462740172305 
0.1751811227953851 0.09411462740172305 
0.1751811227953851 0.09411462740172305 
0.1751811227953851 0.09411462740172305 
0.1751811227953851 0.09411462740172305 
0.1751811227953851 0.09411462740172305 
0.1751811227953851 0.09411462740172305 
0.1751811227953851 0.09411462740172305 
0.732083827467278 0.7893926630860024 
0.732083827467278 0.7893926630860024 
0.732083827467278 0.7893926630860024 
0.732083827467278 0.7893926630860024 
0.732083827467278 0.7893926630860024 
0.732083827467278 0.7893926630860024 
0.732083827467278 0.7893926630860024 
0.732083827467278 0.7893926630860024 
0.732083827467278 0.7893926630860024 
0.732083827467278 0.7893926630860024 
0.6381557595749779 0.0920539937079875 
0.6381557595749779 0.0920539937079875 
0.6381557595749779 0.0920539937079875 
0.6381557595749779 0.0920539937079875 
0.6381557595749779 0.0920539937079875 
0.6381557595749779 0.0920539937079875 
0.6381557595749779 0.0920539937079875 
0.6381557595749779 0.0920539937079875 
0.6381557595749779 0.0920539937079875 
0.6381557595749779 0.0920539937079875 
0.019675506728863756 0.4052645264193911 
0.019675506728863756 0.4052645264193911 
0.019675506728863756 0.4052645264193911 
0.019675506728863756 0.4052645264193911 
0.019675506728863756 0.4052645264193911 
0.019675506728863756 0.4052645264193911 
0.019675506728863756 0.4052645264193911 
0.019675506728863756 0.4052645264193911 
0.019675506728863756 0.4052645264193911 
0.019675506728863756 0.4052645264193911 
0.3007727745074956 0.07078051165784349 
0.3007727745074956 0.07078051165784349 
0.3007727745074956 0.07078051165784349 
0.3007727745074956 0.07078051165784349 
0.3007727745074956 0.07078051165784349 
0.3007727745074956 0.07078051165784349 
0.3007727745074956 0.07078051165784349 
0.3007727745074956 0.07078051165784349 
0.3007727745074956 0.07078051165784349 
0.3007727745074956 0.07078051165784349 
0.3278488950653925 0.2116215899266306 
0.3278488950653925 0.2116215899266306 
0.3278488950653925 0.2116215899266306 
0.3278488950653925 0.2116215899266306 
0.3278488950653925 0.2116215899266306 
0.3278488950653925 0.2116215899266306 
0.3278488950653925 0.2116215899266306 
0.3278488950653925 0.2116215899266306 
0.3278488950653925 0.2116215899266306 
0.3278488950653925 0.2116215899266306 
0.17805782413505145 0.935805282444369 
0.17805782413505145 0.935805282444369 
0.17805782413505145 0.935805282444369 
0.17805782413505145 0.935805282444369 
0.17805782413505145 0.935805282444369 
0.17805782413505145 0.935805282444369 
0.17805782413505145 0.935805282444369 
0.17805782413505145 0.935805282444369 
0.17805782413505145 0.935805282444369 
0.17805782413505145 0.935805282444369 
0.9750960160347661 0.03626412446752736 
0.9750960160347661 0.03626412446752736 
0.9750960160347661 0.03626412446752736 
0.9750960160347661 0.03626412446752736 
0.9750960160347661 0.03626412446752736 
0.9750960160347661 0.03626412446752736 
0.9750960160347661 0.03626412446752736 
0.9750960160347661 0.03626412446752736 
0.9750960160347661 0.03626412446752736 
0.9750960160347661 0.03626412446752736 
0.5523609089344037 0.12620199049837832 
0.5523609089344037 0.12620199049837832 
0.5523609089344037 0.12620199049837832 
0.5523609089344037 0.12620199049837832 
0.5523609089344037 0.12620199049837832 
0.5523609089344037 0.12620199049837832 
0.5523609089344037 0.12620199049837832 
0.5523609089344037 0.12620199049837832 
0.5523609089344037 0.12620199049837832 
0.5523609089344037 0.12620199049837832 
0.9696681393547009 0.8673155318733338 
0.9696681393547009 0.8673155318733338 
0.9696681393547009 0.8673155318733338 
0.9696681393547009 0.8673155318733338 
0.9696681393547009 0.8673155318733338 
0.9696681393547009 0.8673155318733338 
0.9696681393547009 0.8673155318733338 
0.9696681393547009 0.8673155318733338 
0.9696681393547009 0.8673155318733338 
0.9696681393547009 0.8673155318733338 
0.8167041513767768 0.07734372324662292 
0.8167041513767768 0.07734372324662292 
0.8167041513767768 0.07734372324662292 
0.8167041513767768 0.07734372324662292 
0.8167041513767768 0.07734372324662292 
0.8167041513767768 0.07734372324662292 
0.8167041513767768 0.07734372324662292 
0.8167041513767768 0.07734372324662292 
0.8167041513767768 0.07734372324662292 
0.8167041513767768 0.07734372324662292 
0.6250322272938769 0.9669707229616872 
0.6250322272938769 0.9669707229616872 
0.6250322272938769 0.9669707229616872 
0.6250322272938769 0.9669707229616872 
0.6250322272938769 0.9669707229616872 
0.6250322272938769 0.9669707229616872 
0.6250322272938769 0.9669707229616872 
0.6250322272938769 0.9669707229616872 
0.6250322272938769 0.9669707229616872 
0.6250322272938769 0.9669707229616872 
0.38483266813523886 0.928247626364642 
0.38483266813523886 0.928247626364642 
0.38483266813523886 0.928247626364642 
0.38483266813523886 0.928247626364642 
0.38483266813523886 0.928247626364642 
0.38483266813523886 0.928247626364642 
0.38483266813523886 0.928247626364642 
0.38483266813523886 0.928247626364642 
0.38483266813523886 0.928247626364642 
0.38483266813523886 0.928247626364642 
0.20862078627325348 0.3608083791451122 
0.20862078627325348 0.3608083791451122 
0.20862078627325348 0.3608083791451122 
0.20862078627325348 0.3608083791451122 
0.20862078627325348 0.3608083791451122 
0.20862078627325348 0.3608083791451122 
0.20862078627325348 0.3608083791451122 
0.20862078627325348 0.3608083791451122 
0.20862078627325348 0.3608083791451122 
0.20862078627325348 0.3608083791451122 
0.029200719406284603 0.9307546512077431 
0.029200719406284603 0.9307546512077431 
0.029200719406284603 0.9307546512077431 
0.029200719406284603 0.9307546512077431 
0.029200719406284603 0.9307546512077431 
0.029200719406284603 0.9307546512077431 
0.029200719406284603 0.9307546512077431 
0.029200719406284603 0.9307546512077431 
0.029200719406284603 0.9307546512077431 
0.029200719406284603 0.9307546512077431 
0.13976858735708003 0.8124979444418111 
0.13976858735708003 0.8124979444418111 
0.13976858735708003 0.8124979444418111 
0.13976858735708003 0.8124979444418111 
0.13976858735708003 0.8124979444418111 
0.13976858735708003 0.8124979444418111 
0.13976858735708003 0.8124979444418111 
0.13976858735708003 0.8124979444418111 
0.13976858735708003 0.8124979444418111 
0.13976858735708003 0.8124979444418111 
0.48760994250030515 0.589177063342037 
0.48760994250030515 0.589177063342037 
0.48760994250030515 0.589177063342037 
0.48760994250030515 0.589177063342037 
0.48760994250030515 0.589177063342037 
0.48760994250030515 0.589177063342037 
0.48760994250030515 0.589177063342037 
0.48760994250030515 0.589177063342037 
0.48760994250030515 0.589177063342037 
0.48760994250030515 0.589177063342037 
0.5521597163920156 0.5353723512288264 
0.5521597163920156 0.5353723512288264 
0.5521597163920156 0.5353723512288264 
0.5521597163920156 0.5353723512288264 
0.5521597163920156 0.5353723512288264 
0.5521597163920156 0.5353723512288264 
0.5521597163920156 0.5353723512288264 
0.5521597163920156 0.5353723512288264 
0.5521597163920156 0.5353723512288264 
0.5521597163920156 0.5353723512288264 
0.6069685137033678 0.3775083085413813 
0.6069685137033678 0.3775083085413813 
0.6069685137033678 0.3775083085413813 
0.6069685137033678 0.3775083085413813 
0.6069685137033678 0.3775083085413813 
0.6069685137033678 0.3775083085413813 
0.6069685137033678 0.3775083085413813 
0.6069685137033678 0.3775083085413813 
0.6069685137033678 0.3775083085413813 
0.6069685137033678 0.3775083085413813 
0.8425966117425856 0.9275901865353449 
0.8425966117425856 0.9275901865353449 
0.8425966117425856 0.9275901865353449 
0.8425966117425856 0.9275901865353449 
0.8425966117425856 0.9275901865353449 
0.8425966117425856 0.9275901865353449 
0.8425966117425856 0.9275901865353449 
0.8425966117425856 0.9275901865353449 
0.8425966117425856 0.9275901865353449 
0.8425966117425856 0.9275901865353449 
0.7473183101342068 0.19488986799999386 
0.7473183101342068 0.19488986799999386 
0.7473183101342068 0.19488986799999386 
0.7473183101342068 0.19488986799999386 
0.7473183101342068 0.19488986799999386 
0.7473183101342068 0.19488986799999386 
0.7473183101342068 0.19488986799999386 
0.7473183101342068 0.19488986799999386 
0.7473183101342068 0.19488986799999386 
0.7473183101342068 0.19488986799999386 
0.8139290429244979 0.37102197724675356 
0.8139290429244979 0.37102197724675356 
0.8139290429244979 0.37102197724675356 
0.8139290429244979 0.37102197724675356 
0.8139290429244979 0.37102197724675356 
0.8139290429244979 0.37102197724675356 
0.8139290429244979 0.37102197724675356 
0.8139290429244979 0.37102197724675356 
0.8139290429244979 0.37102197724675356 
0.8139290429244979 0.37102197724675356 
0.033481389212183466 0.03599481541400945 
0.033481389212183466 0.03599481541400945 
0.033481389212183466 0.03599481541400945 
0.033481389212183466 0.03599481541400945 
0.033481389212183466 0.03599481541400945 
0.033481389212183466 0.03599481541400945 
0.033481389212183466 0.03599481541400945 
0.033481389212183466 0.03599481541400945 
0.033481389212183466 0.03599481541400945 
0.033481389212183466 0.03599481541400945 
0.5488873048813384 0.7511471422858345 
0.5488873048813384 0.7511471422858345 
0.5488873048813384 0.7511471422858345 
0.5488873048813384 0.7511471422858345 
0.5488873048813384 0.7511471422858345 
0.5488873048813384 0.7511471422858345 
0.5488873048813384 0.7511471422858345 
0.5488873048813384 0.7511471422858345 
0.5488873048813384 0.7511471422858345 
0.5488873048813384 0.7511471422858345 
0.029996273506019466 0.7128157029475793 
0.029996273506019466 0.7128157029475793 
0.029996273506019466 0.7128157029475793 
0.029996273506019466 0.7128157029475793 
0.029996273506019466 0.7128157029475793 
0.029996273506019466 0.7128157029475793 
0.029996273506019466 0.7128157029475793 
0.029996273506019466 0.7128157029475793 
0.029996273506019466 0.7128157029475793 
0.029996273506019466 0.7128157029475793 
0.8423524329999859 0.6775066346654857 
0.8423524329999859 0.6775066346654857 
0.8423524329999859 0.6775066346654857 
0.8423524329999859 0.6775066346654857 
0.8423524329999859 0.6775066346654857 
0.8423524329999859 0.6775066346654857 
0.8423524329999859 0.6775066346654857 
0.8423524329999859 0.6775066346654857 
0.8423524329999859 0.6775066346654857 
0.8423524329999859 0.6775066346654857 
0.05054445855637896 0.5526192206334596 
0.05054445855637896 0.5526192206334596 
0.05054445855637896 0.5526192206334596 
0.05054445855637896 0.5526192206334596 
0.05054445855637896 0.5526192206334596 
0.05054445855637896 0.5526192206334596 
0.05054445855637896 0.5526192206334596 
0.05054445855637896 0.5526192206334596 
0.05054445855637896 0.5526192206334596 
0.05054445855637896 0.5526192206334596 
0.22391027817226572 0.5423135945985724 
0.22391027817226572 0.5423135945985724 
0.22391027817226572 0.5423135945985724 
0.22391027817226572 0.5423135945985724 
0.22391027817226572 0.5423135945985724 
0.22391027817226572 0.5423135945985724 
0.22391027817226572 0.5423135945985724 
0.22391027817226572 0.5423135945985724 
0.22391027817226572 0.5423135945985724 
0.22391027817226572 0.5423135945985724 
0.367778261517819 0.6481449434621711 
0.367778261517819 0.6481449434621711 
0.367778261517819 0.6481449434621711 
0.367778261517819 0.6481449434621711 
0.367778261517819 0.6481449434621711 
0.367778261517819 0.6481449434621711 
0.367778261517819 0.6481449434621711 
0.367778261517819 0.6481449434621711 
0.367778261517819 0.6481449434621711 
0.367778261517819 0.6481449434621711 
0.17428485740393107 0.16266061821720051 
0.17428485740393107 0.16266061821720051 
0.17428485740393107 0.16266061821720051 
0.17428485740393107 0.16266061821720051 
0.17428485740393107 0.16266061821720051 
0.17428485740393107 0.16266061821720051 
0.17428485740393107 0.16266061821720051 
0.17428485740393107 0.16266061821720051 
0.17428485740393107 0.16266061821720051 
0.17428485740393107 0.16266061821720051 
0.6718150962412905 0.7577922900208358 
0.6718150962412905 0.7577922900208358 
0.6718150962412905 0.7577922900208358 
0.6718150962412905 0.7577922900208358 
0.6718150962412905 0.7577922900208358 
0.6718150962412905 0.7577922900208358 
0.6718150962412905 0.7577922900208358 
0.6718150962412905 0.7577922900208358 
0.6718150962412905 0.7577922900208358 
0.6718150962412905 0.7577922900208358 
0.9692798971909227 0.46056573519962607 
0.9692798971909227 0.46056573519962607 
0.9692798971909227 0.46056573519962607 
0.9692798971909227 0.46056573519962607 
0.9692798971909227 0.46056573519962607 
0.9692798971909227 0.46056573519962607 
0.9692798971909227 0.46056573519962607 
0.9692798971909227 0.46056573519962607 
0.9692798971909227 0.46056573519962607 
0.9692798971909227 0.46056573519962607 
0.19747383781389738 0.7007144320433378 
0.19747383781389738 0.7007144320433378 
0.19747383781389738 0.7007144320433378 
0.19747383781389738 0.7007144320433378 
0.19747383781389738 0.7007144320433378 
0.19747383781389738 0.7007144320433378 
0.19747383781389738 0.7007144320433378 
0.19747383781389738 0.7007144320433378 
0.19747383781389738 0.7007144320433378 
0.19747383781389738 0.7007144320433378 
0.5966741900666761 0.17853823252510898 
0.5966741900666761 0.17853823252510898 
0.5966741900666761 0.17853823252510898 
0.5966741900666761 0.17853823252510898 
0.5966741900666761 0.17853823252510898 
0.5966741900666761 0.17853823252510898 
0.5966741900666761 0.17853823252510898 
0.5966741900666761 0.17853823252510898 
0.5966741900666761 0.17853823252510898 
0.5966741900666761 0.17853823252510898 
0.46988133647977476 0.22836583383728226 
0.46988133647977476 0.22836583383728226 
0.46988133647977476 0.22836583383728226 
0.46988133647977476 0.22836583383728226 
0.46988133647977476 0.22836583383728226 
0.46988133647977476 0.22836583383728226 
0.46988133647977476 0.22836583383728226 
0.46988133647977476 0.22836583383728226 
0.46988133647977476 0.22836583383728226 
0.46988133647977476 0.22836583383728226 
0.4661950516481981 0.01609411055933807 
0.4661950516481981 0.01609411055933807 
0.4661950516481981 0.01609411055933807 
0.4661950516481981 0.01609411055933807 
0.4661950516481981 0.01609411055933807 
0.4661950516481981 0.01609411055933807 
0.4661950516481981 0.01609411055933807 
0.4661950516481981 0.01609411055933807 
0.4661950516481981 0.01609411055933807 
0.4661950516481981 0.01609411055933807 
0.2882231287931043 0.3583543608779845 
0.2882231287931043 0.3583543608779845 
0.2882231287931043 0.3583543608779845 
0.2882231287931043 0.3583543608779845 
0.2882231287931043 0.3583543608779845 
0.2882231287931043 0.3583543608779845 
0.2882231287931043 0.3583543608779845 
0.2882231287931043 0.3583543608779845 
0.2882231287931043 0.3583543608779845 
0.2882231287931043 0.3583543608779845 
0.7255610588046614 0.12317060892572324 
0.7255610588046614 0.12317060892572324 
0.7255610588046614 0.12317060892572324 
0.7255610588046614 0.12317060892572324 
0.7255610588046614 0.12317060892572324 
0.7255610588046614 0.12317060892572324 
0.7255610588046614 0.12317060892572324 
0.7255610588046614 0.12317060892572324 
0.7255610588046614 0.12317060892572324 
0.7255610588046614 0.12317060892572324 
0.7982425739692312 0.8265383472902731 
0.7982425739692312 0.8265383472902731 
0.7982425739692312 0.8265383472902731 
0.7982425739692312 0.8265383472902731 
0.7982425739692312 0.8265383472902731 
0.7982425739692312 0.8265383472902731 
0.7982425739692312 0.8265383472902731 
0.7982425739692312 0.8265383472902731 
0.7982425739692312 0.8265383472902731 
0.7982425739692312 0.8265383472902731 
0.24312995934438936 0.13924806337633772 
0.24312995934438936 0.13924806337633772 
0.24312995934438936 0.13924806337633772 
0.24312995934438936 0.13924806337633772 
0.24312995934438936 0.13924806337633772 
0.24312995934438936 0.13924806337633772 
0.24312995934438936 0.13924806337633772 
0.24312995934438936 0.13924806337633772 
0.24312995934438936 0.13924806337633772 
0.24312995934438936 0.13924806337633772 
0.10469604825706186 0.4331153021138819 
0.10469604825706186 0.4331153021138819 
0.10469604825706186 0.4331153021138819 
0.10469604825706186 0.4331153021138819 
0.10469604825706186 0.4331153021138819 
0.10469604825706186 0.4331153021138819 
0.10469604825706186 0.4331153021138819 
0.10469604825706186 0.4331153021138819 
0.10469604825706186 0.4331153021138819 
0.10469604825706186 0.4331153021138819 
0.9733085351360237 0.6256414420081748 
0.9733085351360237 0.6256414420081748 
0.9733085351360237 0.6256414420081748 
0.9733085351360237 0.6256414420081748 
0.9733085351360237 0.6256414420081748 
0.9733085351360237 0.6256414420081748 
0.9733085351360237 0.6256414420081748 
0.9733085351360237 0.6256414420081748 
0.9733085351360237 0.6256414420081748 
0.9733085351360237 0.6256414420081748 
0.8517952454627977 0.46575499886014476 
0.8517952454627977 0.46575499886014476 
0.8517952454627977 0.46575499886014476 
0.8517952454627977 0.46575499886014476 
0.8517952454627977 0.46575499886014476 
0.8517952454627977 0.46575499886014476 
0.8517952454627977 0.46575499886014476 
0.8517952454627977 0.46575499886014476 
0.8517952454627977 0.46575499886014476 
0.8517952454627977 0.46575499886014476 
0.2741105678519413 0.21765114382521578 
0.2741105678519413 0.21765114382521578 
0.2741105678519413 0.21765114382521578 
0.2741105678519413 0.21765114382521578 
0.2741105678519413 0.21765114382521578 
0.2741105678519413 0.21765114382521578 
0.2741105678519413 0.21765114382521578 
0.2741105678519413 0.21765114382521578 
0.2741105678519413 0.21765114382521578 
0.2741105678519413 0.21765114382521578 
0.3441414021395308 0.5890324225375758 
0.3441414021395308 0.5890324225375758 
0.3441414021395308 0.5890324225375758 
0.3441414021395308 0.5890324225375758 
0.3441414021395308 0.5890324225375758 
0.3441414021395308 0.5890324225375758 
0.3441414021395308 0.5890324225375758 
0.3441414021395308 0.5890324225375758 
0.3441414021395308 0.5890324225375758 
0.3441414021395308 0.5890324225375758 
0.39319619797891897 0.8440853367200869 
0.39319619797891897 0.8440853367200869 
0.39319619797891897 0.8440853367200869 
0.39319619797891897 0.8440853367200869 
0.39319619797891897 0.8440853367200869 
0.39319619797891897 0.8440853367200869 
0.39319619797891897 0.8440853367200869 
0.39319619797891897 0.8440853367200869 
0.39319619797891897 0.8440853367200869 
0.39319619797891897 0.8440853367200869 
0.5191489752055621 0.3830394870260612 
0.5191489752055621 0.3830394870260612 
0.5191489752055621 0.3830394870260612 
0.5191489752055621 0.3830394870260612 
0.5191489752055621 0.3830394870260612 
0.5191489752055621 0.3830394870260612 
0.5191489752055621 0.3830394870260612 
0.5191489752055621 0.3830394870260612 
0.5191489752055621 0.3830394870260612 
0.5191489752055621 0.3830394870260612 
0.38591597999885696 0.4194672912459695 
0.38591597999885696 0.4194672912459695 
0.38591597999885696 0.4194672912459695 
0.38591597999885696 0.4194672912459695 
0.38591597999885696 0.4194672912459695 
0.38591597999885696 0.4194672912459695 
0.38591597999885696 0.4194672912459695 
0.38591597999885696 0.4194672912459695 
0.38591597999885696 0.4194672912459695 
0.38591597999885696 0.4194672912459695 
0.29007046911661977 0.725318146901383 
0.29007046911661977 0.725318146901383 
0.29007046911661977 0.725318146901383 
0.29007046911661977 0.725318146901383 
0.29007046911661977 0.725318146901383 
0.29007046911661977 0.725318146901383 
0.29007046911661977 0.725318146901383 
0.29007046911661977 0.725318146901383 
0.29007046911661977 0.725318146901383 
0.29007046911661977 0.725318146901383 
0.0718291290322044 0.3456174009687252 
0.0718291290322044 0.3456174009687252 
0.0718291290322044 0.3456174009687252 
0.0718291290322044 0.3456174009687252 
0.0718291290322044 0.3456174009687252 
0.0718291290322044 0.3456174009687252 
0.0718291290322044 0.3456174009687252 
0.0718291290322044 0.3456174009687252 
0.0718291290322044 0.3456174009687252 
0.0718291290322044 0.3456174009687252 
0.7928526057049337 0.728811104436858 
0.7928526057049337 0.728811104436858 
0.7928526057049337 0.728811104436858 
0.7928526057049337 0.728811104436858 
0.7928526057049337 0.728811104436858 
0.7928526057049337 0.728811104436858 
0.7928526057049337 0.728811104436858 
0.7928526057049337 0.728811104436858 
0.7928526057049337 0.728811104436858 
0.7928526057049337 0.728811104436858 
0.6722194522383478 0.564638966233653 
0.6722194522383478 0.564638966233653 
0.6722194522383478 0.564638966233653 
0.6722194522383478 0.564638966233653 
0.6722194522383478 0.564638966233653 
0.6722194522383478 0.564638966233653 
0.6722194522383478 0.564638966233653 
0.6722194522383478 0.564638966233653 
0.6722194522383478 0.564638966233653 
0.6722194522383478 0.564638966233653 
0.03308129412771016 0.46288640152691346 
0.03308129412771016 0.46288640152691346 
0.03308129412771016 0.46288640152691346 
0.03308129412771016 0.46288640152691346 
0.03308129412771016 0.46288640152691346 
0.03308129412771016 0.46288640152691346 
0.03308129412771016 0.46288640152691346 
0.03308129412771016 0.46288640152691346 
0.03308129412771016 0.46288640152691346 
0.03308129412771016 0.46288640152691346 
0.17296043592064148 0.2982143731720537 
0.17296043592064148 0.2982143731720537 
0.17296043592064148 0.2982143731720537 
0.17296043592064148 0.2982143731720537 
0.17296043592064148 0.2982143731720537 
0.17296043592064148 0.2982143731720537 
0.17296043592064148 0.2982143731720537 
0.17296043592064148 0.2982143731720537 
0.17296043592064148 0.2982143731720537 
0.17296043592064148 0.2982143731720537 
0.6606226967403451 0.6516135824856091 
0.6606226967403451 0.6516135824856091 
0.6606226967403451 0.6516135824856091 
0.6606226967403451 0.6516135824856091 
0.6606226967403451 0.6516135824856091 
0.6606226967403451 0.6516135824856091 
0.6606226967403451 0.6516135824856091 
0.6606226967403451 0.6516135824856091 
0.6606226967403451 0.6516135824856091 
0.6606226967403451 0.6516135824856091 
0.725407903616688 0.9500063771031702 
0.725407903616688 0.9500063771031702 
0.725407903616688 0.9500063771031702 
0.725407903616688 0.9500063771031702 
0.725407903616688 0.9500063771031702 
0.725407903616688 0.9500063771031702 
0.725407903616688 0.9500063771031702 
0.725407903616688 0.9500063771031702 
0.725407903616688 0.9500063771031702 
0.725407903616688 0.9500063771031702 
0.17163503870146107 0.8633025087205812 
0.17163503870146107 0.8633025087205812 
0.17163503870146107 0.8633025087205812 
0.17163503870146107 0.8633025087205812 
0.17163503870146107 0.8633025087205812 
0.17163503870146107 0.8633025087205812 
0.17163503870146107 0.8633025087205812 
0.17163503870146107 0.8633025087205812 
0.17163503870146107 0.8633025087205812 
0.17163503870146107 0.8633025087205812 
0.15864641061669976 0.023550746990979365 
0.15864641061669976 0.023550746990979365 
0.15864641061669976 0.023550746990979365 
0.15864641061669976 0.023550746990979365 
0.15864641061669976 0.023550746990979365 
0.15864641061669976 0.023550746990979365 
0.15864641061669976 0.023550746990979365 
0.15864641061669976 0.023550746990979365 
0.15864641061669976 0.023550746990979365 
0.15864641061669976 0.023550746990979365 
0.9654592848287539 0.9589603211227555 
0.9654592848287539 0.9589603211227555 
0.9654592848287539 0.9589603211227555 
0.9654592848287539 0.9589603211227555 
0.9654592848287539 0.9589603211227555 
0.9654592848287539 0.9589603211227555 
0.9654592848287539 0.9589603211227555 
0.9654592848287539 0.9589603211227555 
0.9654592848287539 0.9589603211227555 
0.9654592848287539 0.9589603211227555 
0.8071492470028349 0.5241236423464619 
0.8071492470028349 0.5241236423464619 
0.8071492470028349 0.5241236423464619 
0.8071492470028349 0.5241236423464619 
0.8071492470028349 0.5241236423464619 
0.8071492470028349 0.5241236423464619 
0.8071492470028349 0.5241236423464619 
0.8071492470028349 0.5241236423464619 
0.8071492470028349 0.5241236423464619 
0.8071492470028349 0.5241236423464619 
0.4674010993502628 0.14077010243384314 
0.4674010993502628 0.14077010243384314 
0.4674010993502628 0.14077010243384314 
0.4674010993502628 0.14077010243384314 
0.4674010993502628 0.14077010243384314 
0.4674010993502628 0.14077010243384314 
0.4674010993502628 0.14077010243384314 
0.4674010993502628 0.14077010243384314 
0.4674010993502628 0.14077010243384314 
0.4674010993502628 0.14077010243384314 
0.8767021603097165 0.058832700973309726 
0.8767021603097165 0.058832700973309726 
0.8767021603097165 0.058832700973309726 
0.8767021603097165 0.058832700973309726 
0.8767021603097165 0.058832700973309726 
0.8767021603097165 0.058832700973309726 
0.8767021603097165 0.058832700973309726 
0.8767021603097165 0.058832700973309726 
0.8767021603097165 0.058832700973309726 
0.8767021603097165 0.058832700973309726 
0.9848738383391274 0.7086460509811844 
0.9848738383391274 0.7086460509811844 
0.9848738383391274 0.7086460509811844 
0.9848738383391274 0.7086460509811844 
0.9848738383391274 0.7086460509811844 
0.9848738383391274 0.7086460509811844 
0.9848738383391274 0.7086460509811844 
0.9848738383391274 0.7086460509811844 
0.9848738383391274 0.7086460509811844 
0.9848738383391274 0.7086460509811844 
0.5871347720150925 0.28553253359984143 
0.5871347720150925 0.28553253359984143 
0.5871347720150925 0.28553253359984143 
0.5871347720150925 0.28553253359984143 
0.5871347720150925 0.28553253359984143 
0.5871347720150925 0.28553253359984143 
0.5871347720150925 0.28553253359984143 
0.5871347720150925 0.28553253359984143 
0.5871347720150925 0.28553253359984143 
0.5871347720150925 0.28553253359984143 
0.8197199430388649 0.024907472060710756 
0.8197199430388649 0.024907472060710756 
0.8197199430388649 0.024907472060710756 
0.8197199430388649 0.024907472060710756 
0.8197199430388649 0.024907472060710756 
0.8197199430388649 0.024907472060710756 
0.8197199430388649 0.024907472060710756 
0.8197199430388649 0.024907472060710756 
0.8197199430388649 0.024907472060710756 
0.8197199430388649 0.024907472060710756 
0.0392298040372151 0.6452861174726136 
0.0392298040372151 0.6452861174726136 
0.0392298040372151 0.6452861174726136 
0.0392298040372151 0.6452861174726136 
0.0392298040372151 0.6452861174726136 
0.0392298040372151 0.6452861174726136 
0.0392298040372151 0.6452861174726136 
0.0392298040372151 0.6452861174726136 
0.0392298040372151 0.6452861174726136 
0.0392298040372151 0.6452861174726136 
0.6466141390689839 0.831022974029389 
0.6466141390689839 0.831022974029389 
0.6466141390689839 0.831022974029389 
0.6466141390689839 0.831022974029389 
0.6466141390689839 0.831022974029389 
0.6466141390689839 0.831022974029389 
0.6466141390689839 0.831022974029389 
0.6466141390689839 0.831022974029389 
0.6466141390689839 0.831022974029389 
0.6466141390689839 0.831022974029389 
0.06817926400425733 0.15385700866909768 
0.06817926400425733 0.15385700866909768 
0.06817926400425733 0.15385700866909768 
0.06817926400425733 0.15385700866909768 
0.06817926400425733 0.15385700866909768 
0.06817926400425733 0.15385700866909768 
0.06817926400425733 0.15385700866909768 
0.06817926400425733 0.15385700866909768 
0.06817926400425733 0.15385700866909768 
0.06817926400425733 0.15385700866909768 
0.24499157289987872 0.8291139207418643 
0.24499157289987872 0.8291139207418643 
0.24499157289987872 0.8291139207418643 
0.24499157289987872 0.8291139207418643 
0.24499157289987872 0.8291139207418643 
0.24499157289987872 0.8291139207418643 
0.24499157289987872 0.8291139207418643 
0.24499157289987872 0.8291139207418643 
0.24499157289987872 0.8291139207418643 
0.24499157289987872 0.8291139207418643 
0.2849173408645813 0.42553014976080716 
0.2849173408645813 0.42553014976080716 
0.2849173408645813 0.42553014976080716 
0.2849173408645813 0.42553014976080716 
0.2849173408645813 0.42553014976080716 
0.2849173408645813 0.42553014976080716 
0.2849173408645813 0.42553014976080716 
0.2849173408645813 0.42553014976080716 
0.2849173408645813 0.42553014976080716 
0.2849173408645813 0.42553014976080716 
0.04912277257302078 0.7822149439817498 
0.04912277257302078 0.7822149439817498 
0.04912277257302078 0.7822149439817498 
0.04912277257302078 0.7822149439817498 
0.04912277257302078 0.7822149439817498 
0.04912277257302078 0.7822149439817498 
0.04912277257302078 0.7822149439817498 
0.04912277257302078 0.7822149439817498 
0.04912277257302078 0.7822149439817498 
0.04912277257302078 0.7822149439817498 
0.09987696365130605 0.922132799484684 
0.09987696365130605 0.922132799484684 
0.09987696365130605 0.922132799484684 
0.09987696365130605 0.922132799484684 
0.09987696365130605 0.922132799484684 
0.09987696365130605 0.922132799484684 
0.09987696365130605 0.922132799484684 
0.09987696365130605 0.922132799484684 
0.09987696365130605 0.922132799484684 
0.09987696365130605 0.922132799484684 
0.4342058388761473 0.5809306561666233 
0.4342058388761473 0.5809306561666233 
0.4342058388761473 0.5809306561666233 
0.4342058388761473 0.5809306561666233 
0.4342058388761473 0.5809306561666233 
0.4342058388761473 0.5809306561666233 
0.4342058388761473 0.5809306561666233 
0.4342058388761473 0.5809306561666233 
0.4342058388761473 0.5809306561666233 
0.4342058388761473 0.5809306561666233 
0.7198550218965247 0.014294054408257373 
0.7198550218965247 0.014294054408257373 
0.7198550218965247 0.014294054408257373 
0.7198550218965247 0.014294054408257373 
0.7198550218965247 0.014294054408257373 
0.7198550218965247 0.014294054408257373 
0.7198550218965247 0.014294054408257373 
0.7198550218965247 0.014294054408257373 
0.7198550218965247 0.014294054408257373 
0.7198550218965247 0.014294054408257373 
0.31282393470880876 0.9774200802996429 
0.31282393470880876 0.9774200802996429 
0.31282393470880876 0.9774200802996429 
0.31282393470880876 0.9774200802996429 
0.31282393470880876 0.9774200802996429 
0.31282393470880876 0.9774200802996429 
0.31282393470880876 0.9774200802996429 
0.31282393470880876 0.9774200802996429 
0.31282393470880876 0.9774200802996429 
0.31282393470880876 0.9774200802996429 
0.7034989141908292 0.4719213308166532 
0.7034989141908292 0.4719213308166532 
0.7034989141908292 0.4719213308166532 
0.7034989141908292 0.4719213308166532 
0.7034989141908292 0.4719213308166532 
0.7034989141908292 0.4719213308166532 
0.7034989141908292 0.4719213308166532 
0.7034989141908292 0.4719213308166532 
0.7034989141908292 0.4719213308166532 
0.7034989141908292 0.4719213308166532 
0.225851124633286 0.9628011463266974 
0.225851124633286 0.9628011463266974 
0.225851124633286 0.9628011463266974 
0.225851124633286 0.9628011463266974 
0.225851124633286 0.9628011463266974 
0.225851124633286 0.9628011463266974 
0.225851124633286 0.9628011463266974 
0.225851124633286 0.9628011463266974 
0.225851124633286 0.9628011463266974 
0.225851124633286 0.9628011463266974 
0.729223598442953 0.24574307692983932 
0.729223598442953 0.24574307692983932 
0.729223598442953 0.24574307692983932 
0.729223598442953 0.24574307692983932 
0.729223598442953 0.24574307692983932 
0.729223598442953 0.24574307692983932 
0.729223598442953 0.24574307692983932 
0.729223598442953 0.24574307692983932 
0.729223598442953 0.24574307692983932 
0.729223598442953 0.24574307692983932 
0.814034171633039 0.6152779118277809 
0.814034171633039 0.6152779118277809 
0.814034171633039 0.6152779118277809 
0.814034171633039 0.6152779118277809 
0.814034171633039 0.6152779118277809 
0.814034171633039 0.6152779118277809 
0.814034171633039 0.6152779118277809 
0.814034171633039 0.6152779118277809 
0.814034171633039 0.6152779118277809 
0.814034171633039 0.6152779118277809 
0.22294413366660726 0.5987137467026498 
0.22294413366660726 0.5987137467026498 
0.22294413366660726 0.5987137467026498 
0.22294413366660726 0.5987137467026498 
0.22294413366660726 0.5987137467026498 
0.22294413366660726 0.5987137467026498 
0.22294413366660726 0.5987137467026498 
0.22294413366660726 0.5987137467026498 
0.22294413366660726 0.5987137467026498 
0.22294413366660726 0.5987137467026498 
0.24433941598762365 0.6612119631927864 
0.24433941598762365 0.6612119631927864 
0.24433941598762365 0.6612119631927864 
0.24433941598762365 0.6612119631927864 
0.24433941598762365 0.6612119631927864 
0.24433941598762365 0.6612119631927864 
0.24433941598762365 0.6612119631927864 
0.24433941598762365 0.6612119631927864 
0.24433941598762365 0.6612119631927864 
0.24433941598762365 0.6612119631927864 
0.5066311003659184 0.8341525426489 
0.5066311003659184 0.8341525426489 
0.5066311003659184 0.8341525426489 
0.5066311003659184 0.8341525426489 
0.5066311003659184 0.8341525426489 
0.5066311003659184 0.8341525426489 
0.5066311003659184 0.8341525426489 
0.5066311003659184 0.8341525426489 
0.5066311003659184 0.8341525426489 
0.5066311003659184 0.8341525426489 
0.7742089458220123 0.330325582723075 
0.7742089458220123 0.330325582723075 
0.7742089458220123 0.330325582723075 
0.7742089458220123 0.330325582723075 
0.7742089458220123 0.330325582723075 
0.7742089458220123 0.330325582723075 
0.7742089458220123 0.330325582723075 
0.7742089458220123 0.330325582723075 
0.7742089458220123 0.330325582723075 
0.7742089458220123 0.330325582723075 
0.3787685776683732 0.6971834417893045 
0.3787685776683732 0.6971834417893045 
0.3787685776683732 0.6971834417893045 
0.3787685776683732 0.6971834417893045 
0.3787685776683732 0.6971834417893045 
0.3787685776683732 0.6971834417893045 
0.3787685776683732 0.6971834417893045 
0.3787685776683732 0.6971834417893045 
0.3787685776683732 0.6971834417893045 
0.3787685776683732 0.6971834417893045 
0.8503634488075468 0.8436136297213817 
0.8503634488075468 0.8436136297213817 
0.8503634488075468 0.8436136297213817 
0.8503634488075468 0.8436136297213817 
0.8503634488075468 0.8436136297213817 
0.8503634488075468 0.8436136297213817 
0.8503634488075468 0.8436136297213817 
0.8503634488075468 0.8436136297213817 
0.8503634488075468 0.8436136297213817 
0.8503634488075468 0.8436136297213817 
0.8817055020398972 0.7241848355480645 
0.8817055020398972 0.7241848355480645 
0.8817055020398972 0.7241848355480645 
0.8817055020398972 0.7241848355480645 
0.8817055020398972 0.7241848355480645 
0.8817055020398972 0.7241848355480645 
0.8817055020398972 0.7241848355480645 
0.8817055020398972 0.7241848355480645 
0.8817055020398972 0.7241848355480645 
0.8817055020398972 0.7241848355480645 
0.6306929124838555 0.0263715488874689 
0.6306929124838555 0.0263715488874689 
0.6306929124838555 0.0263715488874689 
0.6306929124838555 0.0263715488874689 
0.6306929124838555 0.0263715488874689 
0.6306929124838555 0.0263715488874689 
0.6306929124838555 0.0263715488874689 
0.6306929124838555 0.0263715488874689 
0.6306929124838555 0.0263715488874689 
0.6306929124838555 0.0263715488874689 
0.6685488315188544 0.983657349460113 
0.6685488315188544 0.983657349460113 
0.6685488315188544 0.983657349460113 
0.6685488315188544 0.983657349460113 
0.6685488315188544 0.983657349460113 
0.6685488315188544 0.983657349460113 
0.6685488315188544 0.983657349460113 
0.6685488315188544 0.983657349460113 
0.6685488315188544 0.983657349460113 
0.6685488315188544 0.983657349460113 
0.3057951052810113 0.49034107885073636 
0.3057951052810113 0.49034107885073636 
0.3057951052810113 0.49034107885073636 
0.3057951052810113 0.49034107885073636 
0.3057951052810113 0.49034107885073636 
0.3057951052810113 0.49034107885073636 
0.3057951052810113 0.49034107885073636 
0.3057951052810113 0.49034107885073636 
0.3057951052810113 0.49034107885073636 
0.3057951052810113 0.49034107885073636 
0.1412346656342397 0.5731999264645896 
0.1412346656342397 0.5731999264645896 
0.1412346656342397 0.5731999264645896 
0.1412346656342397 0.5731999264645896 
0.1412346656342397 0.5731999264645896 
0.1412346656342397 0.5731999264645896 
0.1412346656342397 0.5731999264645896 
0.1412346656342397 0.5731999264645896 
0.1412346656342397 0.5731999264645896 
0.1412346656342397 0.5731999264645896 
0.48507122324179797 0.5087274673792915 
0.48507122324179797 0.5087274673792915 
0.48507122324179797 0.5087274673792915 
0.48507122324179797 0.5087274673792915 
0.48507122324179797 0.5087274673792915 
0.48507122324179797 0.5087274673792915 
0.48507122324179797 0.5087274673792915 
0.48507122324179797 0.5087274673792915 
0.48507122324179797 0.5087274673792915 
0.48507122324179797 0.5087274673792915 
0.9547328303792614 0.16212740340843013 
0.9547328303792614 0.16212740340843013 
0.9547328303792614 0.16212740340843013 
0.9547328303792614 0.16212740340843013 
0.9547328303792614 0.16212740340843013 
0.9547328303792614 0.16212740340843013 
0.9547328303792614 0.16212740340843013 
0.9547328303792614 0.16212740340843013 
0.9547328303792614 0.16212740340843013 
0.9547328303792614 0.16212740340843013 
0.32164904613035405 0.13712946999503722 
0.32164904613035405 0.13712946999503722 
0.32164904613035405 0.13712946999503722 
0.32164904613035405 0.13712946999503722 
0.32164904613035405 0.13712946999503722 
0.32164904613035405 0.13712946999503722 
0.32164904613035405 0.13712946999503722 
0.32164904613035405 0.13712946999503722 
0.32164904613035405 0.13712946999503722 
0.32164904613035405 0.13712946999503722 
0.38985541696990755 0.2336623477696949 
0.38985541696990755 0.2336623477696949 
0.38985541696990755 0.2336623477696949 
0.38985541696990755 0.2336623477696949 
0.38985541696990755 0.2336623477696949 
0.38985541696990755 0.2336623477696949 
0.38985541696990755 0.2336623477696949 
0.38985541696990755 0.2336623477696949 
0.38985541696990755 0.2336623477696949 
0.38985541696990755 0.2336623477696949 
0.45993538659533423 0.43926644099614887 
0.45993538659533423 0.43926644099614887 
0.45993538659533423 0.43926644099614887 
0.45993538659533423 0.43926644099614887 
0.45993538659533423 0.43926644099614887 
0.45993538659533423 0.43926644099614887 
0.45993538659533423 0.43926644099614887 
0.45993538659533423 0.43926644099614887 
0.45993538659533423 0.43926644099614887 
0.45993538659533423 0.43926644099614887 
0.0876558295180101 0.03320692594076785 
0.0876558295180101 0.03320692594076785 
0.0876558295180101 0.03320692594076785 
0.0876558295180101 0.03320692594076785 
0.0876558295180101 0.03320692594076785 
0.0876558295180101 0.03320692594076785 
0.0876558295180101 0.03320692594076785 
0.0876558295180101 0.03320692594076785 
0.0876558295180101 0.03320692594076785 
0.0876558295180101 0.03320692594076785 
0.9512027575296322 0.3048881337967109 
0.9512027575296322 0.3048881337967109 
0.9512027575296322 0.3048881337967109 
0.9512027575296322 0.3048881337967109 
0.9512027575296322 0.3048881337967109 
0.9512027575296322 0.3048881337967109 
0.9512027575296322 0.3048881337967109 
0.9512027575296322 0.3048881337967109 
0.9512027575296322 0.3048881337967109 
0.9512027575296322 0.3048881337967109 
0.33274748842721474 0.7985846983091851 
0.33274748842721474 0.7985846983091851 
0.33274748842721474 0.7985846983091851 
0.33274748842721474 0.7985846983091851 
0.33274748842721474 0.7985846983091851 
0.33274748842721474 0.7985846983091851 
0.33274748842721474 0.7985846983091851 
0.33274748842721474 0.7985846983091851 
0.33274748842721474 0.7985846983091851 
0.33274748842721474 0.7985846983091851 
0.9258885310084362 0.6047221319188053 
0.9258885310084362 0.6047221319188053 
0.9258885310084362 0.6047221319188053 
0.9258885310084362 0.6047221319188053 
0.9258885310084362 0.6047221319188053 
0.9258885310084362 0.6047221319188053 
0.9258885310084362 0.6047221319188053 
0.9258885310084362 0.6047221319188053 
0.9258885310084362 0.6047221319188053 
0.9258885310084362 0.6047221319188053 
0.9209533985141851 0.4197280003732417 
0.9209533985141851 0.4197280003732417 
0.9209533985141851 0.4197280003732417 
0.9209533985141851 0.4197280003732417 
0.9209533985141851 0.4197280003732417 
0.9209533985141851 0.4197280003732417 
0.9209533985141851 0.4197280003732417 
0.9209533985141851 0.4197280003732417 
0.9209533985141851 0.4197280003732417 
0.9209533985141851 0.4197280003732417 
0.12987468247277373 0.1810478428776891 
0.12987468247277373 0.1810478428776891 
0.12987468247277373 0.1810478428776891 
0.12987468247277373 0.1810478428776891 
0.12987468247277373 0.1810478428776891 
0.12987468247277373 0.1810478428776891 
0.12987468247277373 0.1810478428776891 
0.12987468247277373 0.1810478428776891 
0.12987468247277373 0.1810478428776891 
0.12987468247277373 0.1810478428776891 
0.9103518957361756 0.8228117895194956 
0.9103518957361756 0.8228117895194956 
0.9103518957361756 0.8228117895194956 
0.9103518957361756 0.8228117895194956 
0.9103518957361756 0.8228117895194956 
0.9103518957361756 0.8228117895194956 
0.9103518957361756 0.8228117895194956 
0.9103518957361756 0.8228117895194956 
0.9103518957361756 0.8228117895194956 
0.9103518957361756 0.8228117895194956 
0.48183642010676603 0.8980480398353121 
0.48183642010676603 0.8980480398353121 
0.48183642010676603 0.8980480398353121 
0.48183642010676603 0.8980480398353121 
0.48183642010676603 0.8980480398353121 
0.48183642010676603 0.8980480398353121 
0.48183642010676603 0.8980480398353121 
0.48183642010676603 0.8980480398353121 
0.48183642010676603 0.8980480398353121 
0.48183642010676603 0.8980480398353121 
0.5059023865090657 0.19114645407732433 
0.5059023865090657 0.19114645407732433 
0.5059023865090657 0.19114645407732433 
0.5059023865090657 0.19114645407732433 
0.5059023865090657 0.19114645407732433 
0.5059023865090657 0.19114645407732433 
0.5059023865090657 0.19114645407732433 
0.5059023865090657 0.19114645407732433 
0.5059023865090657 0.19114645407732433 
0.5059023865090657 0.19114645407732433 
0.4100321864558105 0.9860322226269871 
0.4100321864558105 0.9860322226269871 
0.4100321864558105 0.9860322226269871 
0.4100321864558105 0.9860322226269871 
0.4100321864558105 0.9860322226269871 
0.4100321864558105 0.9860322226269871 
0.4100321864558105 0.9860322226269871 
0.4100321864558105 0.9860322226269871 
0.4100321864558105 0.9860322226269871 
0.4100321864558105 0.9860322226269871 
0.5887992319748228 0.6969709866018479 
0.5887992319748228 0.6969709866018479 
0.5887992319748228 0.6969709866018479 
0.5887992319748228 0.6969709866018479 
0.5887992319748228 0.6969709866018479 
0.5887992319748228 0.6969709866018479 
0.5887992319748228 0.6969709866018479 
0.5887992319748228 0.6969709866018479 
0.5887992319748228 0.6969709866018479 
0.5887992319748228 0.6969709866018479 
0.4216677179947391 0.07565333518606943 
0.4216677179947391 0.07565333518606943 
0.4216677179947391 0.07565333518606943 
0.4216677179947391 0.07565333518606943 
0.4216677179947391 0.07565333518606943 
0.4216677179947391 0.07565333518606943 
0.4216677179947391 0.07565333518606943 
0.4216677179947391 0.07565333518606943 
0.4216677179947391 0.07565333518606943 
0.4216677179947391 0.07565333518606943 
0.8786086032694159 0.2847037712269236 
0.8786086032694159 0.2847037712269236 
0.8786086032694159 0.2847037712269236 
0.8786086032694159 0.2847037712269236 
0.8786086032694159 0.2847037712269236 
0.8786086032694159 0.2847037712269236 
0.8786086032694159 0.2847037712269236 
0.8786086032694159 0.2847037712269236 
0.8786086032694159 0.2847037712269236 
0.8786086032694159 0.2847037712269236 
0.5342246795628205 0.3422442903103831 
0.5342246795628205 0.3422442903103831 
0.5342246795628205 0.3422442903103831 
0.5342246795628205 0.3422442903103831 
0.5342246795628205 0.3422442903103831 
0.5342246795628205 0.3422442903103831 
0.5342246795628205 0.3422442903103831 
0.5342246795628205 0.3422442903103831 
0.5342246795628205 0.3422442903103831 
0.5342246795628205 0.3422442903103831 
0.9811480853567803 0.3697990454364616 
0.9811480853567803 0.3697990454364616 
0.9811480853567803 0.3697990454364616 
0.9811480853567803 0.3697990454364616 
0.9811480853567803 0.3697990454364616 
0.9811480853567803 0.3697990454364616 
0.9811480853567803 0.3697990454364616 
0.9811480853567803 0.3697990454364616 
0.9811480853567803 0.3697990454364616 
0.9811480853567803 0.3697990454364616 
0.8980811547354649 0.8906605869043636 
0.8980811547354649 0.8906605869043636 
0.8980811547354649 0.8906605869043636 
0.8980811547354649 0.8906605869043636 
0.8980811547354649 0.8906605869043636 
0.8980811547354649 0.8906605869043636 
0.8980811547354649 0.8906605869043636 
0.8980811547354649 0.8906605869043636 
0.8980811547354649 0.8906605869043636 
0.8980811547354649 0.8906605869043636 
0.43640130240737307 0.37630703481279615 
0.43640130240737307 0.37630703481279615 
0.43640130240737307 0.37630703481279615 
0.43640130240737307 0.37630703481279615 
0.43640130240737307 0.37630703481279615 
0.43640130240737307 0.37630703481279615 
0.43640130240737307 0.37630703481279615 
0.43640130240737307 0.37630703481279615 
0.43640130240737307 0.37630703481279615 
0.43640130240737307 0.37630703481279615 
0.5626145876655729 0.5921642543809168 
0.5626145876655729 0.5921642543809168 
0.5626145876655729 0.5921642543809168 
0.5626145876655729 0.5921642543809168 
0.5626145876655729 0.5921642543809168 
0.5626145876655729 0.5921642543809168 
0.5626145876655729 0.5921642543809168 
0.5626145876655729 0.5921642543809168 
0.5626145876655729 0.5921642543809168 
0.5626145876655729 0.5921642543809168 
0.39367266796760714 0.7544766053406428 
0.39367266796760714 0.7544766053406428 
0.39367266796760714 0.7544766053406428 
0.39367266796760714 0.7544766053406428 
0.39367266796760714 0.7544766053406428 
0.39367266796760714 0.7544766053406428 
0.39367266796760714 0.7544766053406428 
0.39367266796760714 0.7544766053406428 
0.39367266796760714 0.7544766053406428 
0.39367266796760714 0.7544766053406428 
0.01582977439009764 0.8317894045574035 
0.01582977439009764 0.8317894045574035 
0.01582977439009764 0.8317894045574035 
0.01582977439009764 0.8317894045574035 
0.01582977439009764 0.8317894045574035 
0.01582977439009764 0.8317894045574035 
0.01582977439009764 0.8317894045574035 
0.01582977439009764 0.8317894045574035 
0.01582977439009764 0.8317894045574035 
0.01582977439009764 0.8317894045574035 
0.10545268437321831 0.28079215111178235 
0.10545268437321831 0.28079215111178235 
0.10545268437321831 0.28079215111178235 
0.10545268437321831 0.28079215111178235 
0.10545268437321831 0.28079215111178235 
0.10545268437321831 0.28079215111178235 
0.10545268437321831 0.28079215111178235 
0.10545268437321831 0.28079215111178235 
0.10545268437321831 0.28079215111178235 
0.10545268437321831 0.28079215111178235 
0.7360564635000668 0.6521349437227292 
0.7360564635000668 0.6521349437227292 
0.7360564635000668 0.6521349437227292 
0.7360564635000668 0.6521349437227292 
0.7360564635000668 0.6521349437227292 
0.7360564635000668 0.6521349437227292 
0.7360564635000668 0.6521349437227292 
0.7360564635000668 0.6521349437227292 
0.7360564635000668 0.6521349437227292 
0.7360564635000668 0.6521349437227292 
0.6591101057604778 0.3684140375642312 
0.6591101057604778 0.3684140375642312 
0.6591101057604778 0.3684140375642312 
0.6591101057604778 0.3684140375642312 
0.6591101057604778 0.3684140375642312 
0.6591101057604778 0.3684140375642312 
0.6591101057604778 0.3684140375642312 
0.6591101057604778 0.3684140375642312 
0.6591101057604778 0.3684140375642312 
0.6591101057604778 0.3684140375642312 
0.21296829071524093 0.2514403909752923 
0.21296829071524093 0.2514403909752923 
0.21296829071524093 0.2514403909752923 
0.21296829071524093 0.2514403909752923 
0.21296829071524093 0.2514403909752923 
0.21296829071524093 0.2514403909752923 
0.21296829071524093 0.2514403909752923 
0.21296829071524093 0.2514403909752923 
0.21296829071524093 0.2514403909752923 
0.21296829071524093 0.2514403909752923 
0.6238619334909944 0.7411050081022712 
0.6238619334909944 0.7411050081022712 
0.6238619334909944 0.7411050081022712 
0.6238619334909944 0.7411050081022712 
0.6238619334909944 0.7411050081022712 
0.6238619334909944 0.7411050081022712 
0.6238619334909944 0.7411050081022712 
0.6238619334909944 0.7411050081022712 
0.6238619334909944 0.7411050081022712 
0.6238619334909944 0.7411050081022712 
0.0483301412695486 0.9875296391385914 
0.0483301412695486 0.9875296391385914 
0.0483301412695486 0.9875296391385914 
0.0483301412695486 0.9875296391385914 
0.0483301412695486 0.9875296391385914 
0.0483301412695486 0.9875296391385914 
0.0483301412695486 0.9875296391385914 
0.0483301412695486 0.9875296391385914 
0.0483301412695486 0.9875296391385914 
0.0483301412695486 0.9875296391385914 
0.8291056632345128 0.12316086960013595 
0.8291056632345128 0.12316086960013595 
0.8291056632345128 0.12316086960013595 
0.8291056632345128 0.12316086960013595 
0.8291056632345128 0.12316086960013595 
0.8291056632345128 0.12316086960013595 
0.8291056632345128 0.12316086960013595 
0.8291056632345128 0.12316086960013595 
0.8291056632345128 0.12316086960013595 
0.8291056632345128 0.12316086960013595 
0.8109169822160379 0.22194605023890984 
0.8109169822160379 0.22194605023890984 
0.8109169822160379 0.22194605023890984 
0.8109169822160379 0.22194605023890984 
0.8109169822160379 0.22194605023890984 
0.8109169822160379 0.22194605023890984 
0.8109169822160379 0.22194605023890984 
0.8109169822160379 0.22194605023890984 
0.8109169822160379 0.22194605023890984 
0.8109169822160379 0.22194605023890984 
0.3870221311527201 0.5383705999178894 
0.3870221311527201 0.5383705999178894 
0.3870221311527201 0.5383705999178894 
0.3870221311527201 0.5383705999178894 
0.3870221311527201 0.5383705999178894 
0.3870221311527201 0.5383705999178894 
0.3870221311527201 0.5383705999178894 
0.3870221311527201 0.5383705999178894 
0.3870221311527201 0.5383705999178894 
0.3870221311527201 0.5383705999178894 
0.023385857857101067 0.12215959457286363 
0.023385857857101067 0.12215959457286363 
0.023385857857101067 0.12215959457286363 
0.023385857857101067 0.12215959457286363 
0.023385857857101067 0.12215959457286363 
0.023385857857101067 0.12215959457286363 
0.023385857857101067 0.12215959457286363 
0.023385857857101067 0.12215959457286363 
0.023385857857101067 0.12215959457286363 
0.023385857857101067 0.12215959457286363 
0.718796208613844 0.39947132362626214 
0.718796208613844 0.39947132362626214 
0.718796208613844 0.39947132362626214 
0.718796208613844 0.39947132362626214 
0.718796208613844 0.39947132362626214 
0.718796208613844 0.39947132362626214 
0.718796208613844 0.39947132362626214 
0.718796208613844 0.39947132362626214 
0.718796208613844 0.39947132362626214 
0.718796208613844 0.39947132362626214 
0.7639976827136318 0.904231760396105 
0.7639976827136318 0.904231760396105 
0.7639976827136318 0.904231760396105 
0.7639976827136318 0.904231760396105 
0.7639976827136318 0.904231760396105 
0.7639976827136318 0.904231760396105 
0.7639976827136318 0.904231760396105 
0.7639976827136318 0.904231760396105 
0.7639976827136318 0.904231760396105 
0.7639976827136318 0.904231760396105 
0.15653336904047205 0.5056544784220155 
0.15653336904047205 0.5056544784220155 
0.15653336904047205 0.5056544784220155 
0.15653336904047205 0.5056544784220155 
0.15653336904047205 0.5056544784220155 
0.15653336904047205 0.5056544784220155 
0.15653336904047205 0.5056544784220155 
0.15653336904047205 0.5056544784220155 
0.15653336904047205 0.5056544784220155 
0.15653336904047205 0.5056544784220155 
0.25056890681454036 0.4835489236102148 
0.25056890681454036 0.4835489236102148 
0.25056890681454036 0.4835489236102148 
0.25056890681454036 0.4835489236102148 
0.25056890681454036 0.4835489236102148 
0.25056890681454036 0.4835489236102148 
0.25056890681454036 0.4835489236102148 
0.25056890681454036 0.4835489236102148 
0.25056890681454036 0.4835489236102148 
0.25056890681454036 0.4835489236102148 
0.9560090715099727 0.5191037552339957 
0.9560090715099727 0.5191037552339957 
0.9560090715099727 0.5191037552339957 
0.9560090715099727 0.5191037552339957 
0.9560090715099727 0.5191037552339957 
0.9560090715099727 0.5191037552339957 
0.9560090715099727 0.5191037552339957 
0.9560090715099727 0.5191037552339957 
0.9560090715099727 0.5191037552339957 
0.9560090715099727 0.5191037552339957 
0.0335807636147164 0.2968302156560192 
0.0335807636147164 0.2968302156560192 
0.0335807636147164 0.2968302156560192 
0.0335807636147164 0.2968302156560192 
0.0335807636147164 0.2968302156560192 
0.0335807636147164 0.2968302156560192 
0.0335807636147164 0.2968302156560192 
0.0335807636147164 0.2968302156560192 
0.0335807636147164 0.2968302156560192 
0.0335807636147164 0.2968302156560192 
0.654267530272323 0.2987080940003762 
0.654267530272323 0.2987080940003762 
0.654267530272323 0.2987080940003762 
0.654267530272323 0.2987080940003762 
0.654267530272323 0.2987080940003762 
0.654267530272323 0.2987080940003762 
0.654267530272323 0.2987080940003762 
0.654267530272323 0.2987080940003762 
0.654267530272323 0.2987080940003762 
0.654267530272323 0.2987080940003762 
0.2805176788401227 0.5937358478912409 
0.2805176788401227 0.5937358478912409 
0.2805176788401227 0.5937358478912409 
0.2805176788401227 0.5937358478912409 
0.2805176788401227 0.5937358478912409 
0.2805176788401227 0.5937358478912409 
0.2805176788401227 0.5937358478912409 
0.2805176788401227 0.5937358478912409 
0.2805176788401227 0.5937358478912409 
0.2805176788401227 0.5937358478912409 
0.15132984857639076 0.6753871668815591 
0.15132984857639076 0.6753871668815591 
0.15132984857639076 0.6753871668815591 
0.15132984857639076 0.6753871668815591 
0.15132984857639076 0.6753871668815591 
0.15132984857639076 0.6753871668815591 
0.15132984857639076 0.6753871668815591 
0.15132984857639076 0.6753871668815591 
0.15132984857639076 0.6753871668815591 
0.15132984857639076 0.6753871668815591 
0.7047739906137886 0.8620082960616411 
0.7047739906137886 0.8620082960616411 
0.7047739906137886 0.8620082960616411 
0.7047739906137886 0.8620082960616411 
0.7047739906137886 0.8620082960616411 
0.7047739906137886 0.8620082960616411 
0.7047739906137886 0.8620082960616411 
0.7047739906137886 0.8620082960616411 
0.7047739906137886 0.8620082960616411 
0.7047739906137886 0.8620082960616411 
0.1742606582156917 0.7802352451966763 
0.1742606582156917 0.7802352451966763 
0.1742606582156917 0.7802352451966763 
0.1742606582156917 0.7802352451966763 
0.1742606582156917 0.7802352451966763 
0.1742606582156917 0.7802352451966763 
0.1742606582156917 0.7802352451966763 
0.1742606582156917 0.7802352451966763 
0.1742606582156917 0.7802352451966763 
0.1742606582156917 0.7802352451966763 
0.2316689967451061 0.03009779292993353 
0.2316689967451061 0.03009779292993353 
0.2316689967451061 0.03009779292993353 
0.2316689967451061 0.03009779292993353 
0.2316689967451061 0.03009779292993353 
0.2316689967451061 0.03009779292993353 
0.2316689967451061 0.03009779292993353 
0.2316689967451061 0.03009779292993353 
0.2316689967451061 0.03009779292993353 
0.2316689967451061 0.03009779292993353 
0.5847137716578736 0.9650889094006727 
0.5847137716578736 0.9650889094006727 
0.5847137716578736 0.9650889094006727 
0.5847137716578736 0.9650889094006727 
0.5847137716578736 0.9650889094006727 
0.5847137716578736 0.9650889094006727 
0.5847137716578736 0.9650889094006727 
0.5847137716578736 0.9650889094006727 
0.5847137716578736 0.9650889094006727 
0.5847137716578736 0.9650889094006727 
0.8702915051990596 0.38435296885075143 
0.8702915051990596 0.38435296885075143 
0.8702915051990596 0.38435296885075143 
0.8702915051990596 0.38435296885075143 
0.8702915051990596 0.38435296885075143 
0.8702915051990596 0.38435296885075143 
0.8702915051990596 0.38435296885075143 
0.8702915051990596 0.38435296885075143 
0.8702915051990596 0.38435296885075143 
0.8702915051990596 0.38435296885075143 
0.11817172525466368 0.7518872637947502 
0.11817172525466368 0.7518872637947502 
0.11817172525466368 0.7518872637947502 
0.11817172525466368 0.7518872637947502 
0.11817172525466368 0.7518872637947502 
0.11817172525466368 0.7518872637947502 
0.11817172525466368 0.7518872637947502 
0.11817172525466368 0.7518872637947502 
0.11817172525466368 0.7518872637947502 
0.11817172525466368 0.7518872637947502 
0.9205377554845474 0.03416800199558373 
0.9205377554845474 0.03416800199558373 
0.9205377554845474 0.03416800199558373 
0.9205377554845474 0.03416800199558373 
0.9205377554845474 0.03416800199558373 
0.9205377554845474 0.03416800199558373 
0.9205377554845474 0.03416800199558373 
0.9205377554845474 0.03416800199558373 
0.9205377554845474 0.03416800199558373 
0.9205377554845474 0.03416800199558373 
